h0,h1,h2,h3,h4,h5,h6,h7,h8,h9,h10,h11,h12
2.9025,1.7024999999999992,8.304999999999998,0.03280919468243204,0.0294091004961608,0.014100000000000001,0.034272844642561695,0.030590899503839253,0.01590000000000001,1.12,1.12,1.12,1.12
2.9011773881226564,1.7020855046701684,8.308850704200221,0.032842977976965226,0.02942414541330174,0.014223266924758157,0.03423906134802851,0.030575854586698314,0.015776733075241856,1.12,1.12,1.12,1.12
2.8998590625219083,1.7016682842380755,8.312668478995892,0.03287573567933516,0.029438889284835512,0.014345238788471881,0.034206303645658576,0.03056111071516454,0.01565476121152813,1.12,1.12,1.12,1.12
2.898544978891595,1.701248380724823,8.316453727245031,0.03290749062394921,0.029453338136067042,0.014465929028427388,0.03417454870104453,0.03054666186393301,0.015534070971572625,1.12,1.12,1.12,1.12
2.897235093424555,1.700825835425231,8.320206846194699,0.032938265169523584,0.029467497871576653,0.014585350945235748,0.03414377415547015,0.0305325021284234,0.015414649054764265,1.12,1.12,1.12,1.12
2.8959293628060383,1.7004006889228795,8.323928227577827,0.032968081209124145,0.029481374277642636,0.014703517704177063,0.03411395811586959,0.030518625722357418,0.01529648229582295,1.12,1.12,1.12,1.12
2.8946277442072588,1.6999729811047926,8.32761825770791,0.03299696017998416,0.029494973024619286,0.014820442336532458,0.03408507914500958,0.030505026975380767,0.015179557663467555,1.12,1.12,1.12,1.12
2.8933301952790575,1.6995427511757484,8.331277317571532,0.03302492307309851,0.029508299669263716,0.014936137740904215,0.034057116251895225,0.030491700330736338,0.015063862259095798,1.12,1.12,1.12,1.12
2.8920366741456833,1.6991100376722443,8.334905782918892,0.03305199044260193,0.029521359657014634,0.015050616684523746,0.034030048882391806,0.03047864034298542,0.014949383315476267,1.12,1.12,1.12,1.12
2.8907471393986883,1.698674878476119,8.338504024352291,0.03307818241494043,0.029534158324209026,0.01516389180454955,0.03400385691005331,0.030465841675791028,0.014836108195450462,1.12,1.12,1.12,1.12
2.8894615500909198,1.6982373108278361,8.342072407412708,0.03310351869785688,0.029546700900301148,0.015275975609379253,0.033978520627136855,0.030453299099698905,0.01472402439062076,1.12,1.12,1.12,1.12
2.8881798657306406,1.6977973713394556,8.34561129266446,0.03312801858914344,0.029558992509997883,0.015386880479907397,0.0339540207358503,0.03044100749000217,0.014613119520092616,1.12,1.12,1.12,1.12
2.8869020462757407,1.6973550960072943,8.349121035778063,0.03315170098521214,0.029571038175360165,0.015496618670787332,0.033930338339781596,0.03042896182463989,0.01450338132921268,1.12,1.12,1.12,1.12
2.8856280521280526,1.6969105202242762,8.352601987611278,0.033174584389474904,0.029582842817864663,0.015605202311680152,0.03390745493551883,0.03041715718213539,0.01439479768831986,1.12,1.12,1.12,1.12
2.8843578441277637,1.6964636787919916,8.356054494288458,0.03319668692053629,0.02959441126042056,0.015712643408491683,0.03388535240445745,0.030405588739579492,0.01428735659150833,1.12,1.12,1.12,1.12
2.883091383547935,1.6960146059324714,8.35947889727817,0.03321802632020815,0.02960574822934975,0.015818953844596972,0.03386401300478559,0.030394251770650305,0.01418104615540304,1.12,1.12,1.12,1.12
2.881828632089096,1.6955633352996806,8.362875533469225,0.03323861996134486,0.02961685835635436,0.01592414538205282,0.033843419363648874,0.030383141643645695,0.014075854617947192,1.12,1.12,1.12,1.12
2.8805695518739514,1.6951098999907495,8.366244735245079,0.03325848485547839,0.02962774618043995,0.01602822966276332,0.03382355446951535,0.030372253819560102,0.013971770337236691,1.12,1.12,1.12,1.12
2.8793141054421825,1.69465433255695,8.369586830556708,0.033277637660259596,0.02963841614965268,0.01613121820959773,0.03380440166473414,0.030361583850347373,0.013868781790402282,1.12,1.12,1.12,1.12
2.878062255745288,1.694196665014383,8.372902142993977,0.03329609468686079,0.029648872622971945,0.01623312242765798,0.03378594463813295,0.03035112737702811,0.013766877572342032,1.12,1.12,1.12,1.12
2.8768139661415377,1.6937369288544344,8.37619099185554,0.033313871907152015,0.02965911987209724,0.01633395360545002,0.03376816741784172,0.030340880127902814,0.013666046394549991,1.12,1.12,1.12,1.12
2.8755692003910003,1.6932751550539824,8.379453692217275,0.03333098496071757,0.029669162083197254,0.016433722916040894,0.03375105436427617,0.0303308379168028,0.013566277083959119,1.12,1.12,1.12,1.12
2.874327922650664,1.6928113740853825,8.382690554999359,0.03334744916172455,0.029679003358626943,0.016532441418205326,0.033734590163269185,0.03032099664137311,0.013467558581794686,1.12,1.12,1.12,1.12
2.873090097469628,1.692345615926212,8.385901887031961,0.03336327950563783,0.029688647718608074,0.016630120057561384,0.033718759819355903,0.03031135228139198,0.013369879942438628,1.12,1.12,1.12,1.12
2.8718556897843692,1.6918779100687957,8.38908799111962,0.03337849067579285,0.02969809910287513,0.016726769667691016,0.03370354864920089,0.030301900897124923,0.013273230332308997,1.12,1.12,1.12,1.12
2.870624664914084,1.691408285529516,8.39224916610434,0.033393097049827014,0.02970736137229013,0.0168224009712597,0.03368894227516672,0.030292638627709922,0.013177599028740314,1.12,1.12,1.12,1.12
2.8693969885561086,1.690936770857912,8.395385706927422,0.033407112705972575,0.02971643831042442,0.01691702458111971,0.03367492661902116,0.030283561689575633,0.013082975418880302,1.12,1.12,1.12,1.12
2.8681726267814005,1.6904633941455671,8.398497904690071,0.033420551429213574,0.029725333625107153,0.017010651001401866,0.03366148789578016,0.0302746663748929,0.012989348998598146,1.12,1.12,1.12,1.12
2.8669515460300965,1.6899881830348065,8.401586046712822,0.033433426717313586,0.029734050949944524,0.017103290628598278,0.03364861260768015,0.03026594905005553,0.012896709371401735,1.12,1.12,1.12,1.12
2.865733713107134,1.68951116472719,8.40465041659379,0.033445751786710554,0.02974259384580724,0.017194953752634384,0.03363628753828318,0.030257406154192812,0.012805046247365628,1.12,1.12,1.12,1.12
2.8645190951779433,1.6890323659918232,8.407691294265796,0.03345753957829156,0.029750965802289364,0.01728565055793127,0.033624499746702174,0.03024903419771069,0.012714349442068743,1.12,1.12,1.12,1.12
2.863307659764199,1.6885518131734774,8.410708956052378,0.033468802763039096,0.02975917023913588,0.01737539112445753,0.03361323656195464,0.030240829760864174,0.012624608875542481,1.12,1.12,1.12,1.12
2.8620993747396377,1.688069532200534,8.413703674722735,0.03347955374756134,0.029767210507643693,0.017464185428771234,0.033602485577432395,0.03023278949235636,0.012535814571228779,1.12,1.12,1.12,1.12
2.860894208325936,1.6875855485927518,8.416675719545609,0.03348980467950402,0.029775089892032758,0.017552043345051907,0.033592234645489716,0.030224910107967295,0.012447956654948106,1.12,1.12,1.12,1.12
2.8596921290886517,1.6870998874688639,8.419625356342157,0.03349956745284749,0.029782811610790383,0.017638974646122962,0.03358247187214625,0.03021718838920967,0.01236102535387705,1.12,1.12,1.12,1.12
2.8584931059332144,1.6866125735540096,8.422552847537808,0.033508853713093256,0.02979037881798907,0.01772498900446466,0.03357318561190048,0.03020962118201098,0.012275010995535351,1.12,1.12,1.12,1.12
2.8572971081009704,1.6861236311870014,8.425458452213253,0.03351767486234064,0.029797794604574213,0.017810095993220254,0.033564364462653096,0.03020220539542584,0.012189904006779759,1.12,1.12,1.12,1.12
2.8561041051653344,1.685633084327434,8.428342426154128,0.0335260420642538,0.02980506199963523,0.017894305087179874,0.033555997260739934,0.030194938000364824,0.012105694912820139,1.12,1.12,1.12,1.12
2.8549140670279365,1.6851409565626427,8.431205021900151,0.03353396624892757,0.029812183971641038,0.017977625663769245,0.033548073076066165,0.030187816028359016,0.012022374336230768,1.12,1.12,1.12,1.12
2.8537269639148413,1.6846472711145077,8.434046488793205,0.0335414581176513,0.029819163429655127,0.018060067004024086,0.033540581207342435,0.030180836570344927,0.011939932995975927,1.12,1.12,1.12,1.12
2.8525427663728253,1.6841520508461163,8.436867073024548,0.03354852814757214,0.029826003224525666,0.018141638293554793,0.03353351117742159,0.030173996775474388,0.01185836170644522,1.12,1.12,1.12,1.12
2.8513614452657046,1.68365531826828,8.439667017681135,0.03355518659626122,0.029832706150052568,0.018222348623502166,0.033526852728732515,0.030167293849947485,0.011777651376497847,1.12,1.12,1.12,1.12
2.8501829717707103,1.6831570955459085,8.442446562791107,0.033561443506183175,0.029839274944128802,0.018302206991484007,0.03352059581881056,0.03016072505587125,0.011697793008516005,1.12,1.12,1.12,1.12
2.849007317374918,1.68265740450426,8.445205945368475,0.03356730870907554,0.029845712289862214,0.01838122230253246,0.0335147306159182,0.03015428771013784,0.011618777697467553,1.12,1.12,1.12,1.12
2.847834453871726,1.6821562666350438,8.447945399456954,0.03357279183023354,0.029852020816670932,0.018459403370022553,0.0335092474947602,0.03014797918332912,0.01154059662997746,1.12,1.12,1.12,1.12
2.8466643533573794,1.6816537031024081,8.45066515617304,0.033577902292708794,0.029858203101360836,0.018536758916591553,0.03350413703228494,0.030141796898639217,0.01146324108340846,1.12,1.12,1.12,1.12
2.8454969882275387,1.6811497347487887,8.453365443748295,0.0335826493214178,0.029864261669177772,0.018613297575049856,0.033499390003575935,0.03013573833082228,0.011386702424950157,1.12,1.12,1.12,1.12
2.8443323311739035,1.6806443821006463,8.456046487570896,0.03358704194716883,0.029870198994840558,0.018689027889282797,0.03349499737782491,0.030129801005159496,0.011310972110717216,1.12,1.12,1.12,1.12
2.84317035518087,1.680137665374077,8.45870851022645,0.03359108901060209,0.029876017503553176,0.018763958315144103,0.03349095031439164,0.030123982496446877,0.01123604168485591,1.12,1.12,1.12,1.12
2.842011033522244,1.6796296044803105,8.461351731538045,0.033594799166052514,0.029881719571997534,0.018838097221340222,0.03348724015894122,0.03011828042800252,0.01116190277865979,1.12,1.12,1.12,1.12
2.840854339757988,1.6791202190310885,8.46397636860567,0.0335981808853279,0.029887307529302576,0.01891145289030649,0.03348385843966584,0.030112692470697477,0.011088547109693522,1.12,1.12,1.12,1.12
2.8397002477310167,1.678609528343937,8.466582635844887,0.033601242461412884,0.029892783657998856,0.018984033519075058,0.03348079686358085,0.030107216342001197,0.011015966480924955,1.12,1.12,1.12,1.12
2.8385487315640328,1.6780975514473297,8.469170745024844,0.03360399201209591,0.029898150194950734,0.019055847220134065,0.03347804731289783,0.03010184980504932,0.010944152779865948,1.12,1.12,1.12,1.12
2.8373997656564023,1.6775843070857412,8.471740905305653,0.03360643748352071,0.029903409332270703,0.019126902022278777,0.033475601841473024,0.03009659066772935,0.010873097977721236,1.12,1.12,1.12,1.12
2.836253324681075,1.6770698137245992,8.47429332327509,0.03360858665366567,0.029908563218216222,0.01919720587145421,0.03347345267132806,0.03009143678178383,0.010802794128545803,1.12,1.12,1.12,1.12
2.8351093835815373,1.6765540895551354,8.476828202984699,0.033610447135750565,0.02991361395806641,0.01926676663158998,0.03347159218924317,0.030086386041933644,0.010733233368410033,1.12,1.12,1.12,1.12
2.8339679175688106,1.6760371524991418,8.479345745985237,0.0336120263815759,0.02991856361498385,0.0193355920854269,0.03347001294341784,0.030081436385016203,0.010664407914573112,1.12,1.12,1.12,1.12
2.8328289021184876,1.6755190202136216,8.48184615136157,0.03361333168479197,0.0299234142108577,0.019403689935335464,0.03346870764020177,0.03007658578914235,0.01059631006466455,1.12,1.12,1.12,1.12
2.8316923129677996,1.6749997100953555,8.484329615766924,0.03361437018410157,0.029928167727129418,0.019471067804126607,0.033467669140892164,0.030071832272870636,0.010528932195873406,1.12,1.12,1.12,1.12
2.830558126112728,1.6744792392853665,8.486796333456603,0.03361514886639655,0.02993282610560266,0.01953773323585449,0.03346689045859719,0.030067173894397392,0.010462266764145522,1.12,1.12,1.12,1.12
2.8294263178051504,1.6739576246733057,8.489246496321103,0.03361567456983244,0.029937391249236667,0.01960369369661169,0.03346636475516129,0.030062608750763387,0.010396306303388322,1.12,1.12,1.12,1.12
2.8282968645500173,1.6734348829017422,8.491680293918717,0.0336159539868382,0.02994186502292462,0.019668956575316338,0.03346608533815554,0.030058134977075435,0.010331043424683675,1.12,1.12,1.12,1.12
2.8271697431025737,1.6729110303703694,8.494097913507542,0.03361599366706641,0.029946249254254986,0.01973352918449192,0.033466045657927324,0.030053750745745067,0.010266470815508091,1.12,1.12,1.12,1.12
2.8260449304656055,1.6723860832401316,8.496499540077014,0.03361580002028203,0.029950545734258316,0.019797418761039368,0.03346623930471171,0.030049454265741737,0.010202581238960645,1.12,1.12,1.12,1.12
2.8249224038867253,1.6718600574372608,8.498885356378874,0.03361537931919317,0.02995475621813931,0.019860632467001718,0.033466660005800564,0.030045243781860742,0.010139367532998295,1.12,1.12,1.12,1.12
2.8238021408556886,1.671332968657241,8.50125554295766,0.03361473770222406,0.02995888242599304,0.019923177390321234,0.033467301622769674,0.030041117574007015,0.010076822609678779,1.12,1.12,1.12,1.12
2.8226841191017495,1.6708048323686935,8.503610278180679,0.03361388117623293,0.02996292604350942,0.01998506054558924,0.03346815814876081,0.030037073956490634,0.010014939454410773,1.12,1.12,1.12,1.12
2.821568316591037,1.6702756638171825,8.505949738267502,0.033612815619173564,0.0299668887226604,0.020046288874788723,0.03346922370582017,0.030033111277339652,0.00995371112521129,1.12,1.12,1.12,1.12
2.8204547115239738,1.6697454780289434,8.508274097318973,0.03361154678270145,0.029970772082374753,0.020106869248029485,0.033470492542292285,0.0300292279176253,0.009893130751970527,1.12,1.12,1.12,1.12
2.8193432823327207,1.6692142898145528,8.510583527345759,0.03361008029473195,0.0299745777092002,0.020166808464276306,0.03347195903026179,0.030025422290799852,0.009833191535723707,1.12,1.12,1.12,1.12
2.818234007678657,1.668682113772508,8.512878198296427,0.033608421661941945,0.029978307157951467,0.020226113252069966,0.03347361766305179,0.030021692842048586,0.009773886747930047,1.12,1.12,1.12,1.12
2.817126866449879,1.6681489642927496,8.515158278085092,0.03360657627222274,0.029981961952343705,0.0202847902702413,0.03347546305277099,0.030018038047656348,0.009715209729758714,1.12,1.12,1.12,1.12
2.8160218377587487,1.6676148555601147,8.517423932618586,0.03360454939708474,0.02998554358561789,0.020342846108618057,0.033477489927909,0.030014456414382162,0.009657153891381956,1.12,1.12,1.12,1.12
2.8149189009394497,1.667079801557716,8.519675325823252,0.0336023461940107,0.029989053521147557,0.020400287288725005,0.033479693130983035,0.030010946478852496,0.009599712711275007,1.12,1.12,1.12,1.12
2.813818035545588,1.6665438160702664,8.521912619671255,0.033599971708764664,0.02999249319303815,0.020457120264477366,0.03348206761622907,0.030007506806961903,0.009542879735522647,1.12,1.12,1.12,1.12
2.812719221347814,1.6660069126873307,8.524135974206514,0.033597430877651824,0.02999586400671239,0.02051335142286706,0.03348460844734191,0.03000413599328766,0.009486648577132953,1.12,1.12,1.12,1.12
2.8116224383314754,1.6654691048065242,8.526345547570214,0.03359472852973511,0.029999167339484933,0.02056898708464247,0.03348731079525863,0.03000083266051512,0.009431012915357542,1.12,1.12,1.12,1.12
2.810527666694295,1.6649304056366383,8.528541496025927,0.0335918693890051,0.030002404541123018,0.020624033504981695,0.033490169935988634,0.029997595458877035,0.009375966495018317,1.12,1.12,1.12,1.12
2.809434886844078,1.6643908282007196,8.530723973984323,0.033588858076507744,0.03000557693439948,0.020678496874158847,0.03349318124848599,0.029994423065600573,0.009321503125841166,1.12,1.12,1.12,1.12
2.808344079396445,1.663850385339082,8.532893134027526,0.0335856991124282,0.03000868581563143,0.020732383318204137,0.033496340212565534,0.029991314184368623,0.009267616681795876,1.12,1.12,1.12,1.12
2.807255225172595,1.663309089712267,8.535049126933067,0.03358239691813536,0.03001173245521177,0.02078569889955721,0.033499642406858376,0.029988267544788283,0.009214301100442801,1.12,1.12,1.12,1.12
2.806168305197083,1.662766953803942,8.537192101697462,0.033578955818180656,0.030014718098124726,0.02083844961771429,0.03350308350681308,0.029985281901875327,0.009161550382285721,1.12,1.12,1.12,1.12
2.805083300695642,1.6622239899237528,8.539322205559479,0.03357538004226196,0.030017643964456997,0.020890641409868835,0.03350665928273178,0.029982356035543056,0.009109358590131178,1.12,1.12,1.12,1.12
2.804000193093011,1.661680210210113,8.541439584022974,0.03357167372714431,0.030020511249893855,0.020942280151545936,0.03351036559784942,0.029979488750106198,0.009057719848454077,1.12,1.12,1.12,1.12
2.802918964010803,1.6611356266329516,8.543544380879437,0.033567840918544645,0.030023321126209312,0.020993371657230503,0.03351419840644909,0.02997667887379074,0.00900662834276951,1.12,1.12,1.12,1.12
2.801839595265388,1.6605902509964012,8.545636738230177,0.033563885572976904,0.030026074741743125,0.021043921680989175,0.03351815375201683,0.029973925258256928,0.008956078319010838,1.12,1.12,1.12,1.12
2.800762068865803,1.6600440949414392,8.547716796508155,0.033559811559561836,0.030028773221870142,0.021093935917086262,0.0335222277654319,0.02997122677812991,0.00890606408291375,1.12,1.12,1.12,1.12
2.799686367011689,1.6594971699484813,8.549784694499516,0.0335556226617984,0.030031417669458937,0.021143420000650906,0.033526416663195335,0.029968582330541116,0.008856579999349107,1.12,1.12,1.12,1.12
2.7986124720912464,1.6589494873399233,8.551840569364755,0.03355132257930166,0.030034009165322895,0.021192379508178608,0.03353071674569208,0.02996599083467716,0.008807620491821405,1.12,1.12,1.12,1.12
2.7975403666792227,1.6584010582826423,8.553884556659616,0.03354691492950629,0.030036548768661686,0.021240819958161294,0.03353512439548745,0.029963451231338367,0.008759180041838718,1.12,1.12,1.12,1.12
2.796470033534908,1.657851893790448,8.555916790355655,0.03354240324933433,0.030039037517492928,0.021288746811691683,0.03353963607565941,0.029960962482507125,0.00871125318830833,1.12,1.12,1.12,1.12
2.795401455600164,1.657302004726487,8.557937402860484,0.03353779099683041,0.030041476429075675,0.021336165473049423,0.03354424832816333,0.029958523570924378,0.00866383452695059,1.12,1.12,1.12,1.12
2.794334615997479,1.6567514018056053,8.559946525037729,0.03353308155276358,0.030043866500325977,0.021383081290280145,0.03354895777223016,0.029956133499674076,0.008616918709719867,1.12,1.12,1.12,1.12
2.7932694980280286,1.656200095596676,8.561944286226714,0.03352827822220078,0.03004620870822472,0.021429499555771878,0.033553761102792956,0.029953791291775334,0.008570500444228135,1.12,1.12,1.12,1.12
2.792206085169776,1.6556480965248692,8.563930814261836,0.03352338423604423,0.030048504010215193,0.02147542550682338,0.03355865508894951,0.02995149598978486,0.008524574493176632,1.12,1.12,1.12,1.12
2.791144361075582,1.6550954148738954,8.565906235491633,0.033518402752541254,0.03005075334459495,0.02152086432620713,0.03356363657245248,0.029949246655405104,0.008479135673792881,1.12,1.12,1.12,1.12
2.7900843095713466,1.6545420607881944,8.567870674797563,0.03351333685876107,0.030052957630898047,0.0215658211427254,0.03356870246623267,0.029947042369102006,0.008434178857274613,1.12,1.12,1.12,1.12
2.7890259146541676,1.653988044275101,8.569824255612572,0.03350818957204549,0.0300551177702722,0.02161030103176355,0.03357384975294825,0.029944882229727854,0.008389698968236464,1.12,1.12,1.12,1.12
2.7879691604904964,1.6534333752069543,8.571767099939391,0.03350296384142848,0.030057234645842756,0.021654309015838466,0.03357907548356526,0.029942765354157297,0.008345690984161547,1.12,1.12,1.12,1.12
2.786914031414347,1.6528780633231812,8.573699328368496,0.033497662549027085,0.03005930912307453,0.021697850065138316,0.03358437677596665,0.029940690876925524,0.008302149934861697,1.12,1.12,1.12,1.12
2.7858605119255166,1.6523221182323404,8.575621060095857,0.033492288511407564,0.03006134205012667,0.021740929098058165,0.03358975081358617,0.029938657949873382,0.008259070901941848,1.12,1.12,1.12,1.12
2.784808586687821,1.6517655494141306,8.577532412940412,0.033486844480921485,0.03006333425819757,0.021783550981730584,0.03359519484407225,0.029936665741802482,0.008216449018269428,1.12,1.12,1.12,1.12
2.7837582405273458,1.6512083662213557,8.5794335033613,0.03348133314701601,0.030065286561863802,0.02182572053255076,0.033600706177977724,0.02993471343813625,0.008174279467449252,1.12,1.12,1.12,1.12
2.7827094584307273,1.6506505778818679,8.581324446474838,0.03347575713751855,0.030067199759413465,0.0218674425166967,0.03360628218747519,0.029932800240586588,0.008132557483303313,1.12,1.12,1.12,1.12
2.7816622255434473,1.6500921935004644,8.583205356071282,0.03347011901989616,0.03006907463317171,0.021908721650643878,0.033611920305097576,0.029930925366828343,0.008091278349356135,1.12,1.12,1.12,1.12
2.780616527168143,1.6495332220607595,8.585076344631315,0.03346442130248817,0.030070911949819368,0.021949562601674896,0.03361761802250557,0.029929088050180686,0.008050437398325117,1.12,1.12,1.12,1.12
2.779572348762961,1.6489736724270192,8.586937523342225,0.03345866643571693,0.030072712460710083,0.021989969988380514,0.033623372889276804,0.02992728753928997,0.008010030011619498,1.12,1.12,1.12,1.12
2.778529675939902,1.6484135533459683,8.588789002114,0.03345285681327298,0.03007447690217563,0.022029948381161304,0.03362918251172076,0.029925523097824425,0.007970051618838708,1.12,1.12,1.12,1.12
2.777488494463136,1.6478528734485511,8.590630889595305,0.033446994773274674,0.03007620599581734,0.022069502302729194,0.03363504455171906,0.029923794004182713,0.007930497697270819,1.12,1.12,1.12,1.12
2.776448790247431,1.6472916412516818,8.592463293188947,0.03344108259940842,0.030077900448807482,0.02210863622859191,0.033640956725585314,0.02992209955119257,0.007891363771408103,1.12,1.12,1.12,1.12
2.7754105493565513,1.6467298651599518,8.594286319067237,0.033435122522045446,0.030079560954177798,0.02214735458753765,0.03364691680294829,0.029920439045822256,0.007852645412462361,1.12,1.12,1.12,1.12
2.774373758001681,1.6461675534673128,8.596100072187147,0.03342911671933407,0.030081188191101782,0.022185661762115103,0.03365292260565966,0.02991881180889827,0.00781433823788491,1.12,1.12,1.12,1.12
2.77333840253986,1.645604714358729,8.597904656305268,0.03342306731827277,0.03008278282517246,0.022223562089108584,0.033658972006720966,0.029917217174827593,0.007776437910891429,1.12,1.12,1.12,1.12
2.77230446947244,1.645041355911798,8.599700173992522,0.033416976395760245,0.030084345508672505,0.022261059860008203,0.03366506292923349,0.029915654491327548,0.0077389401399918095,1.12,1.12,1.12,1.12
2.7712719454435604,1.6444774860983484,8.601486726648714,0.0334108459796259,0.030085876880841578,0.022298159321475733,0.033671193345367834,0.029914123119158476,0.00770184067852428,1.12,1.12,1.12,1.12
2.770240817238631,1.6439131127860092,8.603264414516847,0.03340467804963981,0.030087377568137785,0.022334864675805866,0.03367736127535392,0.029912622431862268,0.007665135324194147,1.12,1.12,1.12,1.12
2.7692110717828435,1.6433482437397502,8.605033336697268,0.03339847453850159,0.0300888481844917,0.022371180081382586,0.03368356478649215,0.029911151815508352,0.007628819918617427,1.12,1.12,1.12,1.12
2.76818269613969,1.6427828866233967,8.606793591161596,0.033392237332810326,0.030090289331558273,0.022407109653130933,0.03368980199218341,0.02990971066844178,0.00759289034686908,1.12,1.12,1.12,1.12
2.7671556775094994,1.6422170490011192,8.608545274766465,0.03338596827401524,0.03009170159896135,0.022442657462964186,0.03369607105097849,0.029908298401038702,0.007557342537035827,1.12,1.12,1.12,1.12
2.76613000322799,1.6416507383388954,8.610288483267093,0.0333796691593467,0.030093085564533884,0.022477827540226897,0.03370237016564703,0.02990691443546617,0.007522172459773116,1.12,1.12,1.12,1.12
2.765105660764845,1.6410839620059559,8.612023311330645,0.033373341742731155,0.03009444179455556,0.022512623872133264,0.03370869758226258,0.029905558205444494,0.007487376127866749,1.12,1.12,1.12,1.12
2.764082637722289,1.6405167272761916,8.613749852549429,0.03336698773568486,0.030095770843982128,0.022547050404200908,0.033715051589308875,0.029904229156017925,0.007452949595799105,1.12,1.12,1.12,1.12
2.7630609218336883,1.6399490413295474,8.615468199453908,0.033360608808190584,0.030097073256671547,0.02258111104068075,0.03372143051680315,0.029902926743328506,0.007418888959319261,1.12,1.12,1.12,1.12
2.7620405009621734,1.6393809112533937,8.617178443525523,0.033354206589560176,0.030098349565608196,0.022614809644982248,0.03372783273543356,0.029901650434391858,0.007385190355017765,1.12,1.12,1.12,1.12
2.761021363099259,1.6388123440438662,8.618880675209372,0.03334778266927446,0.030099600293117756,0.02264815004009446,0.033734256655719275,0.029900399706882297,0.0073518499599055515,1.12,1.12,1.12,1.12
2.760003496363493,1.63824334660719,8.620574983926684,0.03334133859781113,0.030100825951081545,0.022681136009002928,0.033740700727182604,0.02989917404891851,0.007318863990997085,1.12,1.12,1.12,1.12
2.7589868889991163,1.6376739257609807,8.622261458087152,0.033334875887453985,0.030102027041145507,0.022713771295102103,0.03374716343753975,0.029897972958854546,0.00728622870489791,1.12,1.12,1.12,1.12
2.757971529374732,1.6371040882355214,8.623940185101088,0.03332839601308679,0.030103204054924004,0.022746059602604007,0.033753643311906945,0.02989679594507605,0.007253940397396005,1.12,1.12,1.12,1.12
2.7569574059819963,1.6365338406750227,8.625611251391405,0.03332190041297067,0.030104357474201482,0.022778004596942472,0.03376013891202306,0.02989564252579857,0.007221995403057541,1.12,1.12,1.12,1.12
2.755944507434321,1.635963189638856,8.627274742405477,0.0333153904895071,0.030105487771128092,0.022809609905173597,0.033766648835486635,0.02989451222887196,0.0071903900948264154,1.12,1.12,1.12,1.12
2.7549328224655834,1.6353921416027726,8.628930742626782,0.03330886760998536,0.030106595408412984,0.022840879116371754,0.03377317171500838,0.02989340459158707,0.007159120883628259,1.12,1.12,1.12,1.12
2.753922339928858,1.6348207029600972,8.63057933558645,0.03330233310731395,0.030107680839511985,0.022871815782022117,0.033779706217679784,0.029892319160488068,0.007128184217977895,1.12,1.12,1.12,1.12
2.7529130487951665,1.6342488800229078,8.632220603874622,0.03329578828074037,0.030108744508814567,0.022902423416408704,0.03378625104425337,0.029891255491185487,0.0070975765835913085,1.12,1.12,1.12,1.12
2.7519049381522187,1.6336766790231885,8.633854629151653,0.03328923439655279,0.030109786851822695,0.022932705496998926,0.033792804928440945,0.029890213148177358,0.007067294503001087,1.12,1.12,1.12,1.12
2.7508979972031975,1.633104106113973,8.63548149215921,0.03328267268877211,0.030110808295331304,0.022962665464824075,0.03379936663622163,0.02988919170466875,0.0070373345351759375,1.12,1.12,1.12,1.12
2.7498922152655307,1.6325311673704588,8.637101272731167,0.033276104359824865,0.030111809257599265,0.022992306724855915,0.03380593496516887,0.02988819074240079,0.007007693275144097,1.12,1.12,1.12,1.12
2.7488875817696923,1.6319578687911134,8.63871404980441,0.03326953058120924,0.030112790148522528,0.02302163264637963,0.0338125087437845,0.029887209851477525,0.006978367353620382,1.12,1.12,1.12,1.12
2.7478840862580074,1.631384216298756,8.640319901429452,0.03326295249414252,0.0301137513698006,0.02305064656336281,0.03381908683085122,0.029886248630199452,0.006949353436637204,1.12,1.12,1.12,1.12
2.7468817183834746,1.6308102157416222,8.641918904780951,0.033256371210197366,0.03011469331509986,0.023079351774820872,0.03382566811479637,0.029885306684900192,0.006920648225179141,1.12,1.12,1.12,1.12
2.7458804679086004,1.6302358728944153,8.643511136168062,0.03324978781192672,0.030115616370214038,0.023107751545178773,0.03383225151306701,0.029884383629786015,0.00689224845482124,1.12,1.12,1.12,1.12
2.7448803247042424,1.629661193459337,8.645096671044662,0.03324320335347514,0.030116520913223477,0.02313584910462886,0.0338388359715186,0.029883479086776576,0.006864150895371152,1.12,1.12,1.12,1.12
2.7438812787484697,1.6290861830671035,8.64667558401946,0.033236618861177514,0.030117407314646905,0.02316364764948535,0.03384542046381622,0.02988259268535315,0.006836352350514663,1.12,1.12,1.12,1.12
2.7428833201254346,1.6285108472779428,8.648247948865944,0.03323003533414709,0.030118275937594308,0.023191150342535202,0.033852003990846646,0.029881724062405746,0.0068088496574648105,1.12,1.12,1.12,1.12
2.7418864390242494,1.6279351915825817,8.649813838532214,0.033223453744850806,0.030119127137914425,0.02321836031338516,0.03385858558014293,0.029880872862085628,0.006781639686614854,1.12,1.12,1.12,1.12
2.7408906257378867,1.627359221403208,8.651373325150708,0.03321687503967413,0.030119961264339468,0.023245280658805587,0.033865164285319604,0.029880038735660586,0.006754719341194426,1.12,1.12,1.12,1.12
2.7398958706620813,1.6267829420944269,8.652926480047759,0.03321030013947318,0.0301207786586285,0.023271914443070627,0.033871739185520555,0.029879221341371553,0.006728085556929386,1.12,1.12,1.12,1.12
2.738902164294247,1.6262063589441955,8.654473373753074,0.033203729940117666,0.030121579655705943,0.023298264698295088,0.03387830938487607,0.02987842034429411,0.006701735301704925,1.12,1.12,1.12,1.12
2.7379094972324105,1.6256294771747457,8.656014076009061,0.03319716531302169,0.03012236458379819,0.023324334424767626,0.033884874011972044,0.029877635416201864,0.006675665575232387,1.12,1.12,1.12,1.12
2.7369178601741453,1.625052301943493,8.65754865578005,0.03319060710566485,0.030123133764568655,0.023350126591280954,0.03389143221932889,0.0298768662354314,0.006649873408719059,1.12,1.12,1.12,1.12
2.735927243915527,1.6244748383439251,8.659077181261383,0.03318405614210124,0.030123887513247072,0.0233756441354583,0.0338979831828925,0.02987611248675298,0.0066243558645417144,1.12,1.12,1.12,1.12
2.7349376393500964,1.623897091406489,8.66059971988842,0.03317751322346202,0.03012462613876049,0.02340088996407673,0.03390452610153172,0.029875373861239563,0.0065991100359232835,1.12,1.12,1.12,1.12
2.733949037467829,1.623319066099448,8.662116338345385,0.03317097912844319,0.030125349943856794,0.023425866953387234,0.033911060196550546,0.02987465005614326,0.006574133046612779,1.12,1.12,1.12,1.12
2.7329614293541207,1.6227407673297378,8.663627102574123,0.03316445461378681,0.03012605922522993,0.023450577949431395,0.03391758471120693,0.029873940774770125,0.006549422050568618,1.12,1.12,1.12,1.12
2.7319748061887887,1.6221621999438058,8.66513207778277,0.03315794041475306,0.030126754273640755,0.023475025768355084,0.033924098910240674,0.0298732457263593,0.006524974231644928,1.12,1.12,1.12,1.12
2.7309891592450657,1.621583368728433,8.666631328454258,0.03315143724557956,0.030127435374034894,0.023499213196718688,0.033930602079414174,0.02987256462596516,0.006500786803281325,1.12,1.12,1.12,1.12
2.7300044798886276,1.6210042784115506,8.668124918354756,0.03314494579993521,0.03012810280565975,0.0235231429918044,0.033937093525058526,0.029871897194340302,0.006476857008195613,1.12,1.12,1.12,1.12
2.729020759576613,1.620424933663037,8.669612910542002,0.03313846675136295,0.030128756842178084,0.023546817881920118,0.03394357257363079,0.02987124315782197,0.006453182118079895,1.12,1.12,1.12,1.12
2.7280379898566594,1.619845339095506,8.671095367373487,0.03313200075371331,0.030129397751778864,0.02357024056670065,0.03395003857128043,0.02987060224822119,0.006429759433299362,1.12,1.12,1.12,1.12
2.7270561623659555,1.6192654992650841,8.672572350514612,0.033125548441571784,0.030130025797288684,0.02359341371740542,0.03395649088342195,0.02986997420271137,0.006406586282594592,1.12,1.12,1.12,1.12
2.7260752688302947,1.6186854186721717,8.674043920946657,0.03311911043067445,0.03013064123627751,0.02361633997721356,0.03396292889431929,0.029869358763722542,0.006383660022786453,1.12,1.12,1.12,1.12
2.7250953010631402,1.6181051017621961,8.675510138974722,0.033112687318317235,0.030131244321163264,0.023639021961515475,0.0339693520066765,0.02986875567883679,0.006360978038484538,1.12,1.12,1.12,1.12
2.7241162509647054,1.6175245529263507,8.676971064235522,0.033106279683757345,0.030131835299316678,0.023661462258201996,0.03397575964123639,0.029868164700683375,0.006338537741798017,1.12,1.12,1.12,1.12
2.7231381105210404,1.6169437765023265,8.678426755705107,0.033099888088605145,0.03013241441316078,0.02368366342795014,0.03398215123638859,0.029867585586839274,0.0063163365720498715,1.12,1.12,1.12,1.12
2.7221608718031236,1.6163627767750268,8.67987727170648,0.03309351307720915,0.030132981900269806,0.02370562800450632,0.03398852624778459,0.029867018099730247,0.006294371995493694,1.12,1.12,1.12,1.12
2.721184526965969,1.6157815579772745,8.681322669917119,0.03308715517703231,0.030133537993466686,0.023727358494966294,0.033994884147961424,0.029866462006533367,0.006272641505033719,1.12,1.12,1.12,1.12
2.720209068247747,1.615200124290511,8.682763007376408,0.033080814899023814,0.03013408292091818,0.02374885738005242,0.03400122442596992,0.029865917079081872,0.0062511426199475945,1.12,1.12,1.12,1.12
2.7192344879688983,1.6146184798454783,8.684198340492971,0.03307449273797869,0.030134616906226985,0.02377012711438832,0.03400754658701505,0.029865383093773068,0.0062298728856116925,1.12,1.12,1.12,1.12
2.7182607785312767,1.6140366287228964,8.685628725051926,0.033068189172893836,0.030135140168524033,0.02379117012677033,0.0340138501520999,0.02986485983147602,0.006208829873229682,1.12,1.12,1.12,1.12
2.717287932417287,1.6134545749541276,8.687054216222029,0.03306190466731623,0.030135652922557432,0.02381198882043628,0.0340201346576775,0.02986434707744262,0.006188011179563732,1.12,1.12,1.12,1.12
2.7163159421890355,1.6128723225218309,8.688474868562766,0.03305563966968278,0.030136155378780116,0.02383258557333183,0.03402639965531096,0.029863844621219937,0.006167414426668183,1.12,1.12,1.12,1.12
2.715344800487493,1.6122898753606099,8.6898907360313,0.033049394613655025,0.03013664774343544,0.02385296273837363,0.03403264471133871,0.029863352256564613,0.006147037261626381,1.12,1.12,1.12,1.12
2.7143745000316675,1.6117072373576429,8.691301871989406,0.03304316991844575,0.030137130218641894,0.02387312264371025,0.03403886940654799,0.02986286978135816,0.006126877356289764,1.12,1.12,1.12,1.12
2.7134050336177715,1.6111244123533155,8.692708329210246,0.0330369659891398,0.030137603002474866,0.023893067592980016,0.03404507333585394,0.029862396997525187,0.0061069324070199965,1.12,1.12,1.12,1.12
2.7124363941184204,1.6105414041418304,8.694110159885122,0.03303078321700864,0.030138066289048304,0.023912799865566367,0.034051256107985095,0.02986193371095175,0.006087200134433646,1.12,1.12,1.12,1.12
2.711468574481821,1.6099582164718225,8.695507415630113,0.03302462197981815,0.03013852026859354,0.02393232171685064,0.03405741734517559,0.029861479731406515,0.006067678283149372,1.12,1.12,1.12,1.12
2.7105015677309776,1.6093748530469503,8.696900147492634,0.033018482642129754,0.030138965127536388,0.023951635378462413,0.03406355668286398,0.029861034872463665,0.0060483646215376,1.12,1.12,1.12,1.12
2.709535366962901,1.6087913175264885,8.698288405957925,0.03301236555559722,0.03013940104857399,0.023970743058526964,0.034069673769396513,0.029860598951426065,0.006029256941473049,1.12,1.12,1.12,1.12
2.7085699653478343,1.6082076135259102,8.699672240955456,0.033006271059254966,0.030139828210748953,0.02398964694191029,0.03407576826573877,0.0298601717892511,0.0060103530580897235,1.12,1.12,1.12,1.12
2.707605356128476,1.6076237446174568,8.701051701865246,0.03300019947980248,0.030140246789522374,0.024008349190461728,0.03408183984519125,0.02985975321047768,0.005991650809538285,1.12,1.12,1.12,1.12
2.706641532619221,1.6070397143307014,8.702426837524124,0.03299415113188303,0.03014065695684598,0.0240268519432541,0.034087888193110705,0.029859343043154074,0.005973148056745911,1.12,1.12,1.12,1.12
2.7056784882054004,1.6064555261531077,8.703797696231899,0.03298812631835513,0.03014105888123153,0.02404515731682111,0.03409391300663861,0.029858941118768523,0.005954842683178904,1.12,1.12,1.12,1.12
2.704716216342536,1.6058711835305755,8.705164325757455,0.03298212533056005,0.03014145272781993,0.024063267405392746,0.034099913994433684,0.029858547272180125,0.005936732594607266,1.12,1.12,1.12,1.12
2.7037547105555975,1.6052866898679732,8.706526773344784,0.03297614844858171,0.03014183865844655,0.02408118428112832,0.034105890876412026,0.029858161341553502,0.005918815718871692,1.12,1.12,1.12,1.12
2.70279396443827,1.604702048529677,8.707885085718944,0.0329701959415038,0.030142216831708812,0.024098909994346523,0.03411184338348994,0.02985778316829124,0.005901090005653489,1.12,1.12,1.12,1.12
2.7018339716522437,1.6041172628400977,8.709239309091915,0.032964268067664004,0.03014258740303427,0.024116446573752767,0.03411777125732973,0.029857412596965782,0.0058835534262472455,1.12,1.12,1.12,1.12
2.7008747259264876,1.6035323360841958,8.71058948916842,0.0329583650748983,0.03014295052474092,0.02413379602666535,0.03412367425009544,0.029857049475259134,0.005866203973334663,1.12,1.12,1.12,1.12
2.6999162210565397,1.6029472715079836,8.71193567115167,0.03295248720078059,0.03014330634610013,0.024150960339238955,0.03412955212421315,0.029856693653899924,0.005849039660761057,1.12,1.12,1.12,1.12
2.698958450903808,1.6023620723190313,8.713277899749032,0.032946634672860686,0.030143655013396886,0.024167941476685398,0.03413540465213305,0.029856344986603167,0.005832058523314615,1.12,1.12,1.12,1.12
2.6980014093948705,1.6017767416869622,8.71461621917763,0.03294080770889363,0.030143996669989348,0.02418474138349269,0.03414123161610011,0.029856003330010705,0.005815258616507321,1.12,1.12,1.12,1.12
2.697045090520797,1.6011912827439325,8.715950673169893,0.03293500651706793,0.030144331456367968,0.024201361983641298,0.0341470328079258,0.029855668543632086,0.005798638016358715,1.12,1.12,1.12,1.12
2.696089488336458,1.6006056985851218,8.717281304978995,0.03292923129622716,0.030144659510212612,0.02421780518081862,0.03415280802876658,0.02985534048978744,0.005782194819181394,1.12,1.12,1.12,1.12
2.695134596959864,1.6000199922691942,8.718608157384303,0.0329234822360871,0.030144980966448354,0.02423407285863087,0.03415855708890664,0.0298550190335517,0.005765927141369143,1.12,1.12,1.12,1.12
2.6941804105714886,1.599434166818776,8.719931272696673,0.032917759517449574,0.030145295957301033,0.024250166880813148,0.03416427980754416,0.02985470404269902,0.005749833119186865,1.12,1.12,1.12,1.12
2.6932269234136195,1.5988482252209053,8.72125069276375,0.032912063312410644,0.03014560461235144,0.02426608909143707,0.03416997601258309,0.029854395387648613,0.005733910908562942,1.12,1.12,1.12,1.12
2.6922741297896993,1.5982621704274942,8.722566458975184,0.03290639378456489,0.03014590705858705,0.02428184131511643,0.034175645540428845,0.029854092941413002,0.005718158684883581,1.12,1.12,1.12,1.12
2.6913220240636835,1.5976760053557673,8.723878612267756,0.032900751089206925,0.030146203420454876,0.024297425357210634,0.03418128823578681,0.029853796579545178,0.005702574642789379,1.12,1.12,1.12,1.12
2.6903706006594046,1.597089732888706,8.725187193130498,0.03289513537352606,0.0301464938199123,0.024312843004025975,0.03418690395146767,0.029853506180087752,0.005687156995974038,1.12,1.12,1.12,1.12
2.6894198540599366,1.5965033558754826,8.726492241609703,0.032889546776800394,0.03014677837647639,0.024328096023015167,0.03419249254819334,0.029853221623523662,0.005671903976984846,1.12,1.12,1.12,1.12
2.688469778806972,1.595916877131888,8.727793797313902,0.032883985430583074,0.03014705720727273,0.024343186162974234,0.03419805389441066,0.02985294279272732,0.005656813837025779,1.12,1.12,1.12,1.12
2.687520369500202,1.5953302994407528,8.729091899418773,0.03287845145888879,0.030147330427083507,0.02435811515423819,0.034203587866104945,0.029852669572916546,0.0056418848457618215,1.12,1.12,1.12,1.12
2.686571620796711,1.5947436255523604,8.73038658667199,0.03287294497837284,0.030147598148394184,0.02437288470887372,0.034209094346620894,0.02985240185160587,0.005627115291126292,1.12,1.12,1.12,1.12
2.6856235274103604,1.5941568581848646,8.73167789739803,0.032867466098509046,0.030147860481439304,0.024387496520870813,0.03421457322648469,0.02985213951856075,0.0056125034791291994,1.12,1.12,1.12,1.12
2.6846760841111963,1.5935700000246862,8.732965869502895,0.032862014921762606,0.03014811753424773,0.024401952266331697,0.03422002440323113,0.029851882465752322,0.005598047733668315,1.12,1.12,1.12,1.12
2.683729285724858,1.5929830537269127,8.734250540478813,0.032856591543759917,0.03014836941268645,0.02441625360365833,0.03422544778123382,0.029851630587313605,0.005583746396341682,1.12,1.12,1.12,1.12
2.682783127131986,1.5923960219156983,8.735531947408852,0.03285119605345538,0.030148616220504465,0.024430402173737487,0.03423084327153836,0.02985138377949559,0.005569597826262526,1.12,1.12,1.12,1.12
2.681837603267647,1.5918089071846415,8.736810126971505,0.03284582853329526,0.03014885805937434,0.024444399600124386,0.034236210791698474,0.029851141940625714,0.0055556003998756265,1.12,1.12,1.12,1.12
2.6808927091207546,1.5912217120971741,8.738085115445193,0.03284048905937542,0.03014909502893376,0.024458247489224136,0.034241550265618315,0.029850904971066294,0.005541752510775877,1.12,1.12,1.12,1.12
2.6799484397335043,1.5906344391869358,8.739356948712754,0.03283517770159655,0.03014932722682695,0.024471947430471472,0.034246861623397185,0.029850672773173104,0.005528052569528541,1.12,1.12,1.12,1.12
2.6790047902008123,1.5900470909581434,8.740625662265842,0.032829894523819236,0.03014955474874398,0.02448550099650837,0.0342521448011745,0.029850445251256075,0.005514499003491644,1.12,1.12,1.12,1.12
2.6780617556697517,1.5894596698859633,8.741891291209292,0.032824639584012716,0.030149777688459556,0.02449890974336022,0.03425739974098102,0.029850222311540497,0.005501090256639793,1.12,1.12,1.12,1.12
2.6771193313390116,1.5888721784168653,8.743153870265434,0.03281941293440238,0.03014999613787195,0.02451217521060982,0.034262626390591355,0.029850003862128105,0.005487824789390194,1.12,1.12,1.12,1.12
2.676177512458345,1.5882846189689865,8.744413433778359,0.03281421462161305,0.030150210187040616,0.02452529892156978,0.03426782470338069,0.029849789812959437,0.005474701078430233,1.12,1.12,1.12,1.12
2.675236294328032,1.5876969939324774,8.745670015718119,0.03280904468680951,0.03015041992422185,0.024538282383452917,0.03427299463818423,0.029849580075778204,0.005461717616547096,1.12,1.12,1.12,1.12
2.674295672298348,1.5871093056698489,8.74692364968491,0.03280390316583515,0.03015062543590613,0.02455112708754137,0.03427813615915859,0.029849374564093922,0.005448872912458644,1.12,1.12,1.12,1.12
2.6733556417690334,1.5865215565163167,8.74817436891315,0.03279879008934611,0.03015082680685277,0.024563834509353247,0.03428324923564763,0.029849173193147283,0.005436165490646766,1.12,1.12,1.12,1.12
2.672416198188769,1.5859337487801388,8.74942220627559,0.032793705482943414,0.030151024120124215,0.02457640610880822,0.03428833384205032,0.02984897587987584,0.005423593891191791,1.12,1.12,1.12,1.12
2.6714773370546676,1.5853458847429434,8.7506671942873,0.032788649367303135,0.03015121745712096,0.024588843330390964,0.0342933899576906,0.029848782542879093,0.005411156669609049,1.12,1.12,1.12,1.12
2.670539053911751,1.5847579666600637,8.75190936510966,0.03278362175830246,0.030151406897614086,0.024601147603313167,0.034298417566691275,0.029848593102385967,0.005398852396686846,1.12,1.12,1.12,1.12
2.6696013443524524,1.5841699967608545,8.753148750554269,0.03277862266714332,0.030151592519777615,0.024613320341673725,0.034303416657850416,0.02984840748022244,0.005386679658326288,1.12,1.12,1.12,1.12
2.6686642040161126,1.5835819772490174,8.754385382086843,0.03277365210047506,0.030151774400221265,0.02462536294461648,0.03430838722451868,0.029848225599778788,0.005374637055383533,1.12,1.12,1.12,1.12
2.6677276285884832,1.582993910302912,8.755619290831046,0.03276871006051196,0.03015195261402115,0.024637276796486696,0.03431332926448177,0.029848047385978904,0.005362723203513317,1.12,1.12,1.12,1.12
2.666791613801241,1.5824057980758661,8.756850507572267,0.0327637965451511,0.03015212723475008,0.02464906326698968,0.034318242779842634,0.029847872765249972,0.005350936733010334,1.12,1.12,1.12,1.12
2.6658561554314923,1.581817642696488,8.7580790627614,0.03275891154808491,0.030152298334508665,0.024660723711342272,0.034323127776908824,0.02984770166549139,0.0053392762886577405,1.12,1.12,1.12,1.12
2.6649212493013077,1.5812294462689593,8.75930498651851,0.03275405505891377,0.030152465983953824,0.02467225947042516,0.03432798426607997,0.02984753401604623,0.005327740529574854,1.12,1.12,1.12,1.12
2.663986891277233,1.5806412108733405,8.760528308636523,0.03274922706325495,0.030152630252328005,0.024683671870933135,0.03433281226173879,0.029847369747672048,0.005316328129066877,1.12,1.12,1.12,1.12
2.663053077269827,1.5800529385658646,8.761749058584835,0.032744427542849286,0.03015279120748804,0.02469496222552435,0.03433761178214445,0.029847208792512014,0.005305037774475663,1.12,1.12,1.12,1.12
2.6621198032331956,1.5794646313792207,8.762967265512886,0.032739656475666123,0.030152948915931288,0.024706131832967465,0.03434238284932761,0.029847051084068765,0.005293868167032548,1.12,1.12,1.12,1.12
2.6611870651645257,1.5788762913228507,8.764182958253711,0.03273491383600585,0.03015310344282457,0.024717181978287622,0.034347125488987884,0.029846896557175484,0.0052828180217123905,1.12,1.12,1.12,1.12
2.6602548591036395,1.5782879203832216,8.765396165327417,0.032730199594599996,0.03015325485202991,0.024728113932910745,0.03435183973039374,0.029846745147970144,0.005271886067089268,1.12,1.12,1.12,1.12
2.6593231811325335,1.5776995205241122,8.766606914944651,0.03272551371870941,0.030153403206130303,0.024738928954806505,0.03435652560628433,0.02984659679386975,0.005261071045193508,1.12,1.12,1.12,1.12
2.6583920273749406,1.5771110936868848,8.767815235010023,0.03272085617222059,0.03015354856645619,0.02474962828862956,0.034361183152773145,0.029846451433543864,0.005250371711370452,1.12,1.12,1.12,1.12
2.657461393995883,1.5765226417907539,8.769021153125456,0.0327162269157395,0.030153690993109994,0.02476021316585962,0.03436581240925424,0.02984630900689006,0.005239786834140392,1.12,1.12,1.12,1.12
2.65653127720124,1.5759341667330595,8.770224696593562,0.03271162590668392,0.030153830544990545,0.02477068480493977,0.03437041341830982,0.029846169455009508,0.005229315195060244,1.12,1.12,1.12,1.12
2.6556016732373124,1.5753456703895274,8.771425892420917,0.03270705309937305,0.030153967279817395,0.02478104441141349,0.034374986225620685,0.029846032720182658,0.005218955588586524,1.12,1.12,1.12,1.12
2.6546725783903953,1.574757154614532,8.772624767321316,0.032702508445116296,0.030154101254154186,0.024791293178060295,0.03437953087987744,0.029845898745845867,0.005208706821939718,1.12,1.12,1.12,1.12
2.6537439889863594,1.5741686212413513,8.773821347719037,0.032697991892299105,0.03015423252343219,0.024801432285029956,0.03438404743269463,0.029845767476567864,0.0051985677149700565,1.12,1.12,1.12,1.12
2.652815901390224,1.5735800720824242,8.77501565975198,0.032693503386467426,0.030154361141972452,0.024811462899975087,0.03438853593852631,0.0298456388580276,0.005188537100024926,1.12,1.12,1.12,1.12
2.6518883120057506,1.5729915089295976,8.776207729274862,0.03268904287041052,0.03015448716300817,0.024821386178182775,0.03439299645458321,0.029845512836991883,0.005178613821817238,1.12,1.12,1.12,1.12
2.650961217275031,1.5724029335543745,8.777397581862303,0.03268461028424208,0.030154610638706725,0.024831203262704507,0.03439742904075166,0.02984538936129333,0.005168796737295506,1.12,1.12,1.12,1.12
2.650034613678077,1.5718143477081612,8.778585242811925,0.032680205565478626,0.03015473162019061,0.02484091528448487,0.03440183375951511,0.029845268379809442,0.0051590847155151415,1.12,1.12,1.12,1.12
2.649108497732427,1.5712257531225031,8.779770737147391,0.03267582864911783,0.030154850157558644,0.02485052336248883,0.0344062106758759,0.02984514984244141,0.005149476637511183,1.12,1.12,1.12,1.12
2.6481828659927418,1.570637151509326,8.780954089621412,0.032671479467713316,0.03015496629990616,0.024860028603827883,0.03441055985728042,0.029845033700093893,0.00513997139617213,1.12,1.12,1.12,1.12
2.647257715050414,1.5700485445611692,8.782135324718732,0.03266715795144931,0.030155080095344844,0.02486943210388466,0.034414881373544426,0.02984491990465521,0.005130567896115351,1.12,1.12,1.12,1.12
2.6463330415331807,1.5694599339514177,8.783314466659066,0.03266286402821322,0.030155191591023256,0.024878734946436318,0.03441917529678051,0.029844808408976797,0.005121265053563695,1.12,1.12,1.12,1.12
2.645408842104737,1.5688713213345307,8.784491539400012,0.03265859762366646,0.03015530083314555,0.024887938203776716,0.03442344170132727,0.029844699166854505,0.005112061796223297,1.12,1.12,1.12,1.12
2.644485113464357,1.568282708346265,8.785666566639922,0.03265435866131339,0.030155407866990114,0.02489704293683731,0.03442768066368035,0.02984459213300994,0.0051029570631627025,1.12,1.12,1.12,1.12
2.643561852346514,1.567694096603901,8.786839571820762,0.03265014706256991,0.030155512736928625,0.02490605019530659,0.034431892262423824,0.02984448726307143,0.005093949804693423,1.12,1.12,1.12,1.12
2.6426390555205117,1.5671054877064596,8.7880105781309,0.03264596274682935,0.030155615486443965,0.02491496101774858,0.03443607657816439,0.029844384513556088,0.005085038982251433,1.12,1.12,1.12,1.12
2.6417167197901095,1.5665168832349232,8.789179608507903,0.03264180563152802,0.03015571615814777,0.02492377643171978,0.034440233693465716,0.02984428384185228,0.005076223568280233,1.12,1.12,1.12,1.12
2.6407948419931655,1.5659282847524425,8.790346685641284,0.0326376756322076,0.03015581479379814,0.024932497453885274,0.03444436369278614,0.029844185206201912,0.005067502546114738,1.12,1.12,1.12,1.12
2.6398734190012707,1.5653396938045554,8.791511831975216,0.03263357266257849,0.030155911434316784,0.024941125090133215,0.034448466662415245,0.02984408856568327,0.005058874909866798,1.12,1.12,1.12,1.12
2.6389524477193884,1.564751111919392,8.792675069711215,0.032629496634580146,0.03015600611980529,0.02494966033568846,0.03445254269041359,0.029843993880194764,0.005050339664311551,1.12,1.12,1.12,1.12
2.6380319250855067,1.5641625406078807,8.793836420810814,0.03262544745843993,0.03015609888956222,0.024958104175224663,0.03445659186655381,0.02984390111043783,0.00504189582477535,1.12,1.12,1.12,1.12
2.637111848070287,1.56357398136395,8.79499590699816,0.0326214250427318,0.030156189782098386,0.02496645758297568,0.03446061428226194,0.029843810217901667,0.005033542417024334,1.12,1.12,1.12,1.12
2.636192213676716,1.5629854356647332,8.796153549762648,0.032617429294433176,0.03015627883515304,0.024974721522845397,0.03446461003056056,0.029843721164847015,0.0050252784771546155,1.12,1.12,1.12,1.12
2.6352730189397646,1.5623969049707633,8.797309370361452,0.032613460118980364,0.030156366085709596,0.02498289694851641,0.03446857920601337,0.029843633914290457,0.005017103051483604,1.12,1.12,1.12,1.12
2.6343542609260453,1.561808390726171,8.79846338982209,0.03260951742032259,0.030156451570010123,0.02499098480355806,0.03447252190467115,0.02984354842998993,0.005009015196441952,1.12,1.12,1.12,1.12
2.633435936733486,1.5612198943588727,8.799615628944927,0.03260560110097582,0.030156535323570655,0.024998986021532596,0.034476438224017913,0.0298434646764294,0.005001013978467417,1.12,1.12,1.12,1.12
2.6325180434909856,1.56063141728077,8.800766108305652,0.032601711062073824,0.03015661738119535,0.025006901526101036,0.03448032826291991,0.029843382618804704,0.004993098473898977,1.12,1.12,1.12,1.12
2.631600578358097,1.5600429608879283,8.80191484825774,0.03259784720341968,0.03015669777699126,0.0250147322311271,0.03448419212157405,0.029843302223008794,0.004985267768872911,1.12,1.12,1.12,1.12
2.630683538524696,1.559454526560768,8.803061868934867,0.03259400942353513,0.030156776544381647,0.025022479040780796,0.034488029901458606,0.029843223455618406,0.004977520959219217,1.12,1.12,1.12,1.12
2.6297669212106585,1.5588661156642496,8.804207190253333,0.03259019761970883,0.03015685371612009,0.025030142849640474,0.03449184170528491,0.029843146283879962,0.0049698571503595385,1.12,1.12,1.12,1.12
2.628850723665548,1.5582777295480499,8.805350831914405,0.03258641168804399,0.030156929324303472,0.025037724542793877,0.034495627636949744,0.02984307067569658,0.004962275457206136,1.12,1.12,1.12,1.12
2.6279349431682957,1.5576893695467424,8.806492813406683,0.03258265152350487,0.03015700340038574,0.025045224995938378,0.03449938780148887,0.029842996599614313,0.0049547750040616345,1.12,1.12,1.12,1.12
2.6270195770268927,1.5571010369799763,8.80763315400842,0.03257891701996163,0.030157075975189962,0.025052645075479857,0.03450312230503211,0.02984292402481009,0.004947354924520156,1.12,1.12,1.12,1.12
2.626104622578079,1.5565127331526498,8.808771872789801,0.03257520807023523,0.030157147078921975,0.025059985638630627,0.03450683125475851,0.029842852921078078,0.004940014361369385,1.12,1.12,1.12,1.12
2.6251900771870402,1.5559244593550812,8.80990898861523,0.03257152456614015,0.03015721674118166,0.02506724753350653,0.03451051475885358,0.029842783258818395,0.004932752466493481,1.12,1.12,1.12,1.12
2.6242759382471053,1.5553362168631786,8.811044520145556,0.03256786639852677,0.03015728499097603,0.025074431599222763,0.03451417292646697,0.029842715009024023,0.00492556840077725,1.12,1.12,1.12,1.12
2.6233622031794464,1.5547480069386106,8.812178485840304,0.03256423345732279,0.030157351856730075,0.02508153866598896,0.03451780586767095,0.02984264814326998,0.004918461334011054,1.12,1.12,1.12,1.12
2.6224488694327883,1.5541598308289686,8.81331090395986,0.032560625631573636,0.030157417366299344,0.025088569555202944,0.0345214136934201,0.02984258263370071,0.004911430444797069,1.12,1.12,1.12,1.12
2.621535934483111,1.5535716897679326,8.81444179256764,0.03255704280948163,0.030157481546981002,0.02509552507954385,0.03452499651551211,0.02984251845301905,0.004904474920456162,1.12,1.12,1.12,1.12
2.62062339583336,1.5529835849754337,8.815571169532245,0.03255348487844478,0.030157544425524596,0.025102406043063963,0.034528554446548954,0.029842455574475457,0.00489759395693605,1.12,1.12,1.12,1.12
2.6197112510131664,1.552395517657811,8.816699052529566,0.03254995172509384,0.03015760602814349,0.02510921324127996,0.0345320875998999,0.029842393971856562,0.004890786758720053,1.12,1.12,1.12,1.12
2.618799497578558,1.5518074890079707,8.817825459044892,0.0325464432353299,0.030157666380525805,0.025115947461262708,0.034535596089663834,0.02984233361947425,0.004884052538737305,1.12,1.12,1.12,1.12
2.617888133111681,1.551219500205543,8.818950406374979,0.03254295929435974,0.03015772550784407,0.025122609481726746,0.034539080030633995,0.029842274492155985,0.004877390518273267,1.12,1.12,1.12,1.12
2.6169771552205217,1.550631552417034,8.8200739116301,0.03253949978673093,0.030157783434766716,0.025129200073118016,0.034542539538262806,0.029842216565233337,0.004870799926881997,1.12,1.12,1.12,1.12
2.616066561538635,1.5500436467959782,8.821195991736081,0.032536064596365655,0.030157840185466744,0.025135719997701603,0.03454597472862808,0.02984215981453331,0.00486428000229841,1.12,1.12,1.12,1.12
2.6151563497248684,1.54945578448309,8.82231666343629,0.03253265360659524,0.030157895783632982,0.025142170009647802,0.034549385718398495,0.02984210421636707,0.004857829990352211,1.12,1.12,1.12,1.12
2.6142465174630978,1.5488679666064087,8.823435943293635,0.03252926670019163,0.030157950252478916,0.025148550855117677,0.03455277262480211,0.029842049747521138,0.004851449144882336,1.12,1.12,1.12,1.12
2.6133370624619605,1.548280194281448,8.824553847692517,0.0325259037593999,0.03015800361475246,0.025154863272347686,0.03455613556559384,0.029841996385247593,0.004845136727652327,1.12,1.12,1.12,1.12
2.6124279824545895,1.5476924686113376,8.825670392840777,0.03252256466596881,0.030158055892745672,0.025161107991733142,0.034559474659024925,0.02984194410725438,0.004838892008266871,1.12,1.12,1.12,1.12
2.6115192751983574,1.5471047906869686,8.826785594771602,0.032519249301181885,0.030158107108303023,0.025167285735911427,0.03456279002381185,0.02984189289169703,0.004832714264088586,1.12,1.12,1.12,1.12
2.6106109384746183,1.5465171615871325,8.827899469345432,0.032515957545886376,0.030158157282831055,0.025173397219843352,0.03456608177910736,0.029841842717168998,0.004826602780156661,1.12,1.12,1.12,1.12
2.609702970088449,1.545929582378661,8.829012032251827,0.032512689280522866,0.030158206437307156,0.025179443150894668,0.03456935004447087,0.029841793562692898,0.004820556849105345,1.12,1.12,1.12,1.12
2.6087953678684013,1.5453420541165657,8.83012329901133,0.03250944438515252,0.030158254592287215,0.025185424228916217,0.03457259493984122,0.02984174540771284,0.0048145757710837955,1.12,1.12,1.12,1.12
2.607888129666251,1.544754577844168,8.831233284977289,0.032506222739485446,0.030158301767915452,0.025191341146323154,0.03457581658550829,0.0298416982320846,0.004808658853676859,1.12,1.12,1.12,1.12
2.6069812533567522,1.544167154593242,8.83234200533769,0.032503024222907184,0.0301583479839318,0.025197194588173696,0.03457901510208655,0.029841652016068254,0.004802805411826316,1.12,1.12,1.12,1.12
2.6060747368373907,1.543579785384138,8.833449475116929,0.0324998487145049,0.03015839325967984,0.025202985232246705,0.03458219061048884,0.029841606740320215,0.004797014767753308,1.12,1.12,1.12,1.12
2.605168578028145,1.5429924712259204,8.834555709177602,0.03249669609309319,0.030158437614115463,0.025208713749118677,0.034585343231900545,0.02984156238588459,0.004791286250881335,1.12,1.12,1.12,1.12
2.6042627748712457,1.5424052131164925,8.835660722222253,0.03249356623723859,0.030158481065813758,0.025214380802239825,0.034588473087755145,0.029841518934186295,0.004785619197760188,1.12,1.12,1.12,1.12
2.603357325330942,1.5418180120427267,8.8367645287951,0.03249045902528502,0.030158523632977885,0.025219987048009332,0.03459158029970871,0.02984147636702217,0.004780012951990681,1.12,1.12,1.12,1.12
2.602452227393261,1.5412308689805903,8.83786714328378,0.03248737433537535,0.030158565333444798,0.02522553313585002,0.034594664989618384,0.029841434666555255,0.004774466864149993,1.12,1.12,1.12,1.12
2.6015474790657844,1.5406437848952697,8.838968579921003,0.032484312045476915,0.03015860618469418,0.025231019708281927,0.03459772727951682,0.029841393815305872,0.004768980291718086,1.12,1.12,1.12,1.12
2.6006430783774124,1.5400567607412938,8.840068852786265,0.03248127203340234,0.030158646203854556,0.025236447400995385,0.034600767291591394,0.029841353796145498,0.004763552599004628,1.12,1.12,1.12,1.12
2.599739023378142,1.5394697974626539,8.841167975807497,0.03247825417683242,0.03015868540771066,0.025241816842923148,0.034603785148161315,0.029841314592289392,0.004758183157076865,1.12,1.12,1.12,1.12
2.598835312138842,1.538882895992928,8.8422659627627,0.03247525835333709,0.030158723812710786,0.02524712865631193,0.03460678097165665,0.029841276187289267,0.004752871343688084,1.12,1.12,1.12,1.12
2.5979319427510257,1.5382960572553952,8.843362827281572,0.032472284440396904,0.030158761434972703,0.0252523834567929,0.03460975488459683,0.02984123856502735,0.004747616543207114,1.12,1.12,1.12,1.12
2.597028913326639,1.5377092821631562,8.844458582847123,0.03246933231542237,0.030158798290290667,0.025257581853451838,0.034612707009571364,0.029841201709709386,0.004742418146548175,1.12,1.12,1.12,1.12
2.5961262219978387,1.537122571619246,8.845553242797244,0.032466401855774596,0.03015883439414213,0.025262724448898252,0.03461563746921914,0.029841165605857922,0.004737275551101761,1.12,1.12,1.12,1.12
2.5952238669167773,1.5365359265167513,8.84664682032629,0.03246349293878431,0.030158869761693463,0.02526781183933395,0.034618546386209426,0.02984113023830659,0.004732188160666062,1.12,1.12,1.12,1.12
2.5943218462553923,1.5359493477389217,8.847739328486634,0.03246060544177104,0.03015890440780683,0.025272844614620565,0.034621433883222696,0.029841095592193223,0.004727155385379447,1.12,1.12,1.12,1.12
2.593420158205195,1.5353628361592848,8.848830780190196,0.0324577392420608,0.030158938347046194,0.025277823358346954,0.034624300082932935,0.02984106165295386,0.004722176641653059,1.12,1.12,1.12,1.12
2.592518800977063,1.5347763926417493,8.849921188209965,0.03245489421700415,0.03015897159368247,0.025282748647895315,0.03462714510798959,0.029841028406317582,0.004717251352104698,1.12,1.12,1.12,1.12
2.591617772801031,1.534190018040723,8.8510105651815,0.032452070243993936,0.030159004161700587,0.025287621054506937,0.0346299690809998,0.029840995838299467,0.004712378945493076,1.12,1.12,1.12,1.12
2.5907170719260906,1.5336037132012146,8.852098923604423,0.03244926720048219,0.030159036064804412,0.025292441143347152,0.034632772124511546,0.02984096393519564,0.00470755885665286,1.12,1.12,1.12,1.12
2.5898166966199883,1.5330174789589404,8.853186275843873,0.03244648496399577,0.03015906731642265,0.025297209473569574,0.03463555436099797,0.029840932683577404,0.004702790526430439,1.12,1.12,1.12,1.12
2.5889166451690238,1.5324313161404337,8.854272634131979,0.032443723412153125,0.03015909792971433,0.025301926598379737,0.03463831591284061,0.029840902070285724,0.004698073401620276,1.12,1.12,1.12,1.12
2.5880169158778514,1.5318452255631456,8.85535801056928,0.03244098242268001,0.030159127917574524,0.02530659306509815,0.03464105690231373,0.02984087208242553,0.0046934069349018614,1.12,1.12,1.12,1.12
2.5871175070692924,1.5312592080355452,8.85644241712616,0.03243826187342441,0.030159157292638572,0.025311209415222302,0.034643777451569324,0.02984084270736148,0.004688790584777711,1.12,1.12,1.12,1.12
2.5862184170841314,1.5306732643572278,8.85752586564424,0.03243556164237055,0.03015918606728879,0.02531577618448863,0.03464647768262319,0.029840813932711263,0.004684223815511382,1.12,1.12,1.12,1.12
2.585319644280929,1.5300873953190095,8.858608367837784,0.03243288160765495,0.030159214253657862,0.025320293902933153,0.034649157717338785,0.02984078574634219,0.00467970609706686,1.12,1.12,1.12,1.12
2.5844211870358396,1.5295016017030272,8.859689935295064,0.03243022164757842,0.030159241863635722,0.02532476309495206,0.03465181767741532,0.02984075813636433,0.0046752369050479525,1.12,1.12,1.12,1.12
2.5835230437424124,1.528915884282839,8.860770579479723,0.03242758164062154,0.030159268908872938,0.025329184279361316,0.0346544576843722,0.029840731091127115,0.004670815720638696,1.12,1.12,1.12,1.12
2.582625212811413,1.52833024382352,8.861850311732118,0.03242496146545626,0.030159295400786046,0.025333557969455786,0.03465707785953748,0.029840704599214007,0.004666442030544227,1.12,1.12,1.12,1.12
2.5817276926706394,1.5277446810817557,8.862929143270666,0.032422361000959354,0.03015932135056204,0.02533788467306755,0.03465967832403438,0.029840678649438013,0.004662115326932462,1.12,1.12,1.12,1.12
2.58083048176474,1.527159196805938,8.864007085193133,0.032419780126225206,0.030159346769163375,0.02534216489262392,0.03466225919876853,0.029840653230836678,0.004657835107376093,1.12,1.12,1.12,1.12
2.579933578555033,1.5265737917362596,8.865084148477955,0.032417218720577345,0.030159371667332124,0.02534639912520449,0.03466482060441639,0.02984062833266793,0.0046536008747955215,1.12,1.12,1.12,1.12
2.579036981519331,1.5259884666048054,8.866160343985529,0.03241467666358039,0.030159396055594423,0.025350587862597973,0.03466736266141335,0.02984060394440563,0.00464941213740204,1.12,1.12,1.12,1.12
2.5781406891517658,1.5254032221356413,8.867235682459468,0.03241215383505164,0.030159419944264854,0.025354731591358093,0.0346698854899421,0.0298405800557352,0.00464526840864192,1.12,1.12,1.12,1.12
2.57724469996261,1.5248180590449096,8.868310174527874,0.032409650115190314,0.030159443343451164,0.0253588307556271,0.03467238920980342,0.02984055665654889,0.004641169244372911,1.12,1.12,1.12,1.12
2.5763490124768467,1.5242329780414903,8.869383830713575,0.03240716538467159,0.03015946626305749,0.025362885869392462,0.03467487394032215,0.029840533736942565,0.00463711413060755,1.12,1.12,1.12,1.12
2.57545362523654,1.5236479798259284,8.870456661417244,0.032404699524126,0.030159488712788785,0.025366897403821684,0.034677339800867735,0.02984051128721127,0.004633102596178329,1.12,1.12,1.12,1.12
2.5745585367993886,1.5230630650911072,8.871528676927745,0.032402252414478805,0.030159510702155,0.02537086582506584,0.03467978691051493,0.029840489297845052,0.004629134174934171,1.12,1.12,1.12,1.12
2.573663745738557,1.5224782345223329,8.872599887423341,0.03239982393696045,0.030159532240475073,0.02537479159431273,0.03468221538803329,0.02984046775952498,0.004625208405687281,1.12,1.12,1.12,1.12
2.572769250642511,1.5218934887974205,8.873670302972865,0.03239741397311541,0.030159553336880307,0.025378675167839343,0.03468462535187833,0.029840446663119746,0.00462132483216067,1.12,1.12,1.12,1.12
2.571875050114855,1.5213088285867749,8.87473993353692,0.032395022404812124,0.0301595740003186,0.02538251699706405,0.03468701692018161,0.029840425999681452,0.004617483002935963,1.12,1.12,1.12,1.12
2.570981142774173,1.5207242545534783,8.875808788969048,0.03239264911425166,0.030159594239557608,0.02538631752859795,0.03468939021074208,0.029840405760442446,0.004613682471402064,1.12,1.12,1.12,1.12
2.570087527253861,1.5201397673533699,8.87687687901685,0.032390293983976026,0.030159614063189233,0.02539007720429594,0.03469174534101771,0.02984038593681082,0.0046099227957040745,1.12,1.12,1.12,1.12
2.5691942022019805,1.5195553676351237,8.87794421332317,0.0323879568968764,0.030159633479631576,0.02539379646130692,0.034694082428117334,0.029840366520368478,0.004606203538693093,1.12,1.12,1.12,1.12
2.568301166281093,1.5189710560403342,8.879010801427196,0.03238563773620251,0.030159652497134648,0.025397475732123836,0.034696401588791226,0.029840347502865405,0.004602524267876176,1.12,1.12,1.12,1.12
2.5674084181681085,1.5183868332035944,8.880076652765593,0.03238333638556917,0.030159671123781706,0.02540111544463297,0.034698702939424564,0.029840328876218347,0.0045988845553670415,1.12,1.12,1.12,1.12
2.5665159565541344,1.517802699752567,8.881141776673589,0.03238105272896402,0.030159689367493248,0.02540471602216271,0.034700986596029715,0.029840310632506806,0.004595283977837303,1.12,1.12,1.12,1.12
2.565623780144323,1.5172186563080743,8.882206182386083,0.032378786650755664,0.030159707236031175,0.02540827788353199,0.03470325267423807,0.02984029276396888,0.004591722116468022,1.12,1.12,1.12,1.12
2.564731887657718,1.516634703484163,8.883269879038723,0.03237653803569979,0.030159724737000793,0.025411801443097917,0.03470550128929395,0.02984027526299926,0.0045881985569020955,1.12,1.12,1.12,1.12
2.5638402778271137,1.5160508418881844,8.884332875668965,0.032374306768946814,0.030159741877854696,0.02541528711080325,0.03470773255604692,0.029840258122145358,0.0045847128891967626,1.12,1.12,1.12,1.12
2.5629489493989013,1.5154670721208696,8.885395181217135,0.03237209273604752,0.03015975866589482,0.025418735292223077,0.03470994658894622,0.029840241334105233,0.004581264707776936,1.12,1.12,1.12,1.12
2.5620579011329276,1.5148833947764027,8.886456804527485,0.03236989582296068,0.030159775108276776,0.025422146388611247,0.034712143502033055,0.029840224891723277,0.004577853611388766,1.12,1.12,1.12,1.12
2.5611671318023506,1.5142998104424927,8.887517754349206,0.03236771591605786,0.030159791212011844,0.025425520796945947,0.03471432340893588,0.02984020878798821,0.004574479203054066,1.12,1.12,1.12,1.12
2.5602766401934995,1.5137163197004462,8.888578039337474,0.03236555290213089,0.03015980698397064,0.025428858909975358,0.03471648642286285,0.029840193016029415,0.004571141090024655,1.12,1.12,1.12,1.12
2.559386425105727,1.5131329231252406,8.889637668054446,0.03236340666839593,0.030159822430884775,0.025432161116262203,0.0347186326565978,0.029840177569115278,0.00456783888373781,1.12,1.12,1.12,1.12
2.558496485351283,1.5125496212855887,8.890696648970264,0.0323612771025002,0.030159837559350755,0.025435427800228394,0.03472076222249354,0.029840162440649298,0.004564572199771619,1.12,1.12,1.12,1.12
2.557606819755163,1.5119664147440155,8.891754990464046,0.03235916409252687,0.03015985237583252,0.02543865934219877,0.034722875232466865,0.029840147624167535,0.004561340657801241,1.12,1.12,1.12,1.12
2.5567174271549833,1.511383304056922,8.892812700824862,0.032357067526999905,0.030159866886663167,0.0254418561184446,0.03472497179799383,0.029840133113336886,0.004558143881555413,1.12,1.12,1.12,1.12
2.555828306400839,1.5108002897746564,8.893869788252719,0.032354987294889725,0.03015988109804907,0.02544501850122667,0.03472705203010401,0.029840118901950985,0.004554981498773342,1.12,1.12,1.12,1.12
2.554939456355177,1.5102173724415762,8.894926260859489,0.032352923285617285,0.030159895016071026,0.025448146858837728,0.03472911603937645,0.029840104983929028,0.004551853141162285,1.12,1.12,1.12,1.12
2.554050875892655,1.509634552596122,8.895982126669884,0.03235087538905823,0.03015990864668766,0.025451241555644516,0.034731163935935505,0.029840091353312392,0.004548758444355497,1.12,1.12,1.12,1.12
2.553162563900023,1.5090518307708756,8.897037393622382,0.03234884349554851,0.03015992199573747,0.025454302952129595,0.03473319582944523,0.029840078004262582,0.004545697047870417,1.12,1.12,1.12,1.12
2.5522745192759864,1.5084692074926318,8.89809206957015,0.032346827495887465,0.030159935068941546,0.025457331404932476,0.03473521182910627,0.029840064931058508,0.004542668595067537,1.12,1.12,1.12,1.12
2.551386740931077,1.5078866832824571,8.899146162281973,0.032344827281341915,0.0301599478719054,0.025460327266890292,0.03473721204365182,0.029840052128094652,0.00453967273310972,1.12,1.12,1.12,1.12
2.550499227787533,1.5073042586557557,8.900199679443148,0.0323428427436504,0.030159960410121867,0.025463290887078327,0.034739196581343335,0.029840039589878187,0.004536709112921686,1.12,1.12,1.12,1.12
2.5496119787791707,1.5067219341223321,8.901252628656392,0.03234087377502676,0.030159972688973025,0.025466222610849784,0.03474116554996698,0.02984002731102703,0.004533777389150229,1.12,1.12,1.12,1.12
2.5487249928512625,1.5061397101864515,8.902305017442725,0.032338920268163485,0.030159984713732435,0.02546912277987537,0.03474311905683025,0.029840015286267618,0.004530877220124643,1.12,1.12,1.12,1.12
2.547838268960408,1.5055575873469043,8.903356853242341,0.03233698211623509,0.030159996489567353,0.02547199173218237,0.034745057208758645,0.0298400035104327,0.004528008267817643,1.12,1.12,1.12,1.12
2.546951806074421,1.5049755660970594,8.904408143415493,0.03233505921289953,0.030160008021539675,0.025474829802193205,0.034746980112094206,0.02983999197846038,0.004525170197806808,1.12,1.12,1.12,1.12
2.5460656031722024,1.5043936469249293,8.90545889524334,0.03233315145230281,0.030160019314608988,0.025477637320763802,0.034748887872690926,0.029839980685391065,0.004522362679236211,1.12,1.12,1.12,1.12
2.545179659243631,1.5038118303132333,8.906509115928797,0.032331258729083545,0.03016003037363607,0.025480414615221603,0.03475078059591019,0.029839969626363982,0.00451958538477841,1.12,1.12,1.12,1.12
2.5442939732894416,1.503230116739452,8.907558812597381,0.0323293809383744,0.030160041203384003,0.025483162009402635,0.03475265838661934,0.02983995879661605,0.004516837990597378,1.12,1.12,1.12,1.12
2.543408544321112,1.502648506675884,8.908607992298043,0.032327517975804465,0.03016005180852016,0.02548587982368894,0.03475452134918927,0.029839948191479893,0.004514120176311073,1.12,1.12,1.12,1.12
2.5425233713607422,1.5020670005897043,8.90965666200398,0.032325669737501506,0.030160062193617554,0.02548856837504504,0.03475636958749223,0.0298399378063825,0.004511431624954973,1.12,1.12,1.12,1.12
2.5416384534409433,1.5014855989430231,8.910704828613461,0.03232383612009454,0.030160072363157153,0.025491227977054304,0.034758203204899196,0.0298399276368429,0.004508772022945709,1.12,1.12,1.12,1.12
2.540753789604729,1.5009043021929367,8.911752498950628,0.032322017020674,0.030160082321529114,0.025493858939954858,0.03476002230431974,0.02983991767847094,0.004506141060045155,1.12,1.12,1.12,1.12
2.5398693789054008,1.5003231107915846,8.912799679766287,0.03232021233686583,0.030160092073035494,0.025496461570674575,0.03476182698812791,0.02983990792696456,0.004503538429325438,1.12,1.12,1.12,1.12
2.538985220406437,1.4997420251862073,8.913846377738702,0.032318421966816724,0.030160101621891533,0.02549903617286671,0.03476361735817701,0.02983989837810852,0.004500963827133303,1.12,1.12,1.12,1.12
2.538101313181386,1.4991610458191957,8.914892599474369,0.032316645809182254,0.03016011097222704,0.025501583046944734,0.03476539351581148,0.029839889027773014,0.004498416953055279,1.12,1.12,1.12,1.12
2.537217656313759,1.498580173128148,8.91593835150879,0.03231488376312902,0.030160120128089107,0.025504102490116684,0.034767155561864715,0.029839879871910946,0.004495897509883329,1.12,1.12,1.12,1.12
2.5363342488969227,1.49799940754592,8.916983640307244,0.03231313572833566,0.030160129093442456,0.025506594796419216,0.034768903596658074,0.029839870906557597,0.004493405203580797,1.12,1.12,1.12,1.12
2.5354510900339955,1.4974187495006774,8.918028472265515,0.032311401604994405,0.030160137872172477,0.025509060256751384,0.03477063771999933,0.029839862127827577,0.004490939743248629,1.12,1.12,1.12,1.12
2.534568178837739,1.4968381994159494,8.919072853710666,0.03230968129381273,0.030160146468085625,0.025511499158907894,0.034772358031181005,0.02983985353191443,0.004488500841092119,1.12,1.12,1.12,1.12
2.5336855144304593,1.4962577577106793,8.920116790901758,0.0323079746960141,0.03016015488491186,0.025513911787612073,0.03477406462897964,0.029839845115088193,0.00448608821238794,1.12,1.12,1.12,1.12
2.5328030959439047,1.4956774247992728,8.921160290030596,0.032306281713339935,0.03016016312630576,0.025516298424548514,0.0347757576116538,0.029839836873694292,0.004483701575451499,1.12,1.12,1.12,1.12
2.531920922519161,1.4950972010916486,8.92220335722243,0.032304602248049596,0.03016017119584785,0.025518659348395353,0.03477743707694414,0.029839828804152202,0.0044813406516046594,1.12,1.12,1.12,1.12
2.531038993306556,1.4945170869932913,8.923245998536695,0.03230293620292207,0.030160179097047213,0.02552099483485623,0.034779103122071664,0.02983982090295284,0.004479005165143782,1.12,1.12,1.12,1.12
2.5301573074655597,1.493937082905292,8.924288219967693,0.03230128348125638,0.03016018683334082,0.02552330515669196,0.034780755843737354,0.029839813166659235,0.004476694843308052,1.12,1.12,1.12,1.12
2.5292758641646818,1.4933571892244062,8.9253300274453,0.03229964398687224,0.03016019440809703,0.025525590583751548,0.0347823953381215,0.029839805591903024,0.004474409416248465,1.12,1.12,1.12,1.12
2.5283946625813827,1.492777406343095,8.926371426835674,0.03229801762411122,0.030160201824615818,0.02552785138300337,0.03478402170088252,0.029839798175384236,0.0044721486169966435,1.12,1.12,1.12,1.12
2.5275137019019738,1.4921977346495732,8.927412423941915,0.03229640429783659,0.03016020908613093,0.025530087818565805,0.03478563502715715,0.029839790913869124,0.004469912181434207,1.12,1.12,1.12,1.12
2.526632981321523,1.4916181745278572,8.92845302450475,0.03229480391343448,0.030160216195810496,0.02553230015173734,0.03478723541155926,0.029839783804189557,0.004467699848262674,1.12,1.12,1.12,1.12
2.525752500043758,1.4910387263578109,8.929493234203205,0.03229321637681343,0.03016022315675826,0.0255344886410266,0.03478882294818031,0.029839776843241794,0.004465511358973412,1.12,1.12,1.12,1.12
2.5248722572809816,1.49045939051519,8.930533058655266,0.03229164159440562,0.03016022997201606,0.025536653542182194,0.03479039773058812,0.02983977002798399,0.004463346457817818,1.12,1.12,1.12,1.12
2.523992252253971,1.489880167371689,8.931572503418533,0.032290079473166255,0.03016023664456352,0.025538795108221712,0.03479195985182748,0.029839763355436533,0.0044612048917783,1.12,1.12,1.12,1.12
2.5231124841918944,1.4893010572949832,8.932611573990869,0.03228852992057396,0.03016024317732069,0.02554091358946095,0.034793509404419776,0.029839756822679364,0.004459086410539062,1.12,1.12,1.12,1.12
2.5222329523322164,1.4887220606487723,8.933650275811042,0.032286992844630547,0.030160249573148057,0.025543009233542746,0.03479504648036319,0.029839750426851996,0.004456990766457267,1.12,1.12,1.12,1.12
2.521353655920612,1.4881431777928307,8.934688614259347,0.03228546815386196,0.030160255834848493,0.025545082285465176,0.034796571171131774,0.02983974416515156,0.004454917714534837,1.12,1.12,1.12,1.12
2.5204745942108753,1.487564409083041,8.935726594658254,0.03228395575731685,0.030160261965167967,0.0255471329876098,0.034798083567676885,0.029839738034832086,0.004452867012390213,1.12,1.12,1.12,1.12
2.51959576646484,1.4869857548714405,8.936764222273005,0.032282455564567214,0.03016026796679716,0.025549161579769344,0.03479958376042652,0.029839732033202893,0.004450838420230668,1.12,1.12,1.12,1.12
2.518717171952284,1.4864072155062669,8.937801502312256,0.0322809674857078,0.030160273842372354,0.025551168299175378,0.034801071839285935,0.0298397261576277,0.004448831700824635,1.12,1.12,1.12,1.12
2.517838809950849,1.485828791331995,8.938838439928649,0.03227949143135628,0.03016027959447637,0.02555315338052544,0.03480254789363746,0.029839720405523684,0.004446846619474573,1.12,1.12,1.12,1.12
2.516960679745961,1.4852504826893789,8.939875040219444,0.03227802731265195,0.03016028522563996,0.025555117056010226,0.03480401201234179,0.029839714774360093,0.004444882943989786,1.12,1.12,1.12,1.12
2.5160827806307355,1.4846722899154934,8.9409113082271,0.03227657504125597,0.030160290738342477,0.02555705955533974,0.034805464283737764,0.029839709261657577,0.004442940444660273,1.12,1.12,1.12,1.12
2.5152051119059067,1.4840942133437751,8.941947248939853,0.03227513452935088,0.03016029613501303,0.025558981105770262,0.03480690479564286,0.02983970386498702,0.004441018894229751,1.12,1.12,1.12,1.12
2.5143276728797384,1.4835162533040585,8.942982867292313,0.032273705689639054,0.03016030141803161,0.02556088193213002,0.03480833363535468,0.029839698581968443,0.004439118067869993,1.12,1.12,1.12,1.12
2.5134504628679473,1.4829384101226208,8.944018168166037,0.03227228843534369,0.03016030658973029,0.02556276225684523,0.03480975088965005,0.029839693410269763,0.004437237743154784,1.12,1.12,1.12,1.12
2.512573481193623,1.4823606841222157,8.945053156390092,0.03227088268020678,0.03016031165239358,0.02556462229996556,0.034811156644786956,0.029839688347606474,0.004435377700034451,1.12,1.12,1.12,1.12
2.511696727187145,1.4817830756221158,8.94608783674161,0.03226948833848858,0.030160316608260018,0.025566462279189503,0.03481255098650515,0.029839683391740035,0.00443353772081051,1.12,1.12,1.12,1.12
2.5108202001861097,1.4812055849381474,8.947122213946367,0.03226810532496743,0.030160321459522577,0.025568282409889134,0.0348139340000263,0.029839678540477477,0.0044317175901108785,1.12,1.12,1.12,1.12
2.5099438995352523,1.4806282123827295,8.948156292679315,0.03226673355493809,0.03016032620833009,0.025570082905135197,0.03481530577005565,0.029839673791669963,0.004429917094864816,1.12,1.12,1.12,1.12
2.509067824586367,1.4800509582649106,8.949190077565133,0.032265372944211335,0.030160330856787654,0.025571863975721393,0.0348166663807824,0.0298396691432124,0.00442813602427862,1.12,1.12,1.12,1.12
2.5081919746982346,1.4794738228904063,8.950223573178768,0.03226402340911244,0.030160335406957617,0.025573625830188643,0.034818015915881295,0.029839664593042436,0.00442637416981137,1.12,1.12,1.12,1.12
2.5073163492365462,1.4788968065616352,8.951256784045963,0.03226268486648104,0.03016033986086064,0.025575368674849053,0.0348193544585127,0.029839660139139412,0.00442463132515096,1.12,1.12,1.12,1.12
2.5064409475738305,1.4783199095777544,8.952289714643792,0.03226135723366952,0.03016034422047681,0.02557709271380959,0.03482068209132422,0.029839655779523244,0.004422907286190422,1.12,1.12,1.12,1.12
2.5055657690893782,1.4777431322346957,8.953322369401166,0.03226004042854158,0.030160348487745237,0.025578798148995704,0.034821998896452155,0.029839651512254817,0.004421201851004308,1.12,1.12,1.12,1.12
2.504690813169173,1.4771664748251994,8.954354752699379,0.03225873436947163,0.030160352664566514,0.02558048518017428,0.034823304955522105,0.02983964733543354,0.0044195148198257345,1.12,1.12,1.12,1.12
2.5038160792058157,1.4765899376388512,8.955386868872575,0.03225743897534339,0.030160356752802375,0.025582154004976876,0.03482460034965035,0.029839643247197678,0.004417845995023137,1.12,1.12,1.12,1.12
2.5029415665984573,1.4760135209621144,8.956418722208305,0.03225615416554839,0.030160360754276527,0.02558380481892232,0.03482588515944535,0.029839639245723526,0.004416195181077692,1.12,1.12,1.12,1.12
2.502067274752728,1.475437225078364,8.957450316947972,0.03225487985998521,0.03016036467077643,0.025585437815439163,0.03482715946500853,0.029839635329223624,0.00441456218456085,1.12,1.12,1.12,1.12
2.5011932030806636,1.474861050267925,8.958481657287374,0.03225361597905785,0.030160368504052515,0.025587053185887998,0.03482842334593589,0.02983963149594754,0.004412946814112015,1.12,1.12,1.12,1.12
2.5003193510006443,1.4742849968080958,8.959512747377163,0.03225236244367441,0.030160372255820245,0.025588651119583375,0.03482967688131933,0.02983962774417981,0.004411348880416638,1.12,1.12,1.12,1.12
2.4994457179373177,1.4737090649731934,8.960543591323335,0.03225111917524548,0.03016037592775983,0.02559023180381574,0.03483092014974826,0.029839624072240223,0.004409768196184272,1.12,1.12,1.12,1.12
2.4985723033215415,1.4731332550345735,8.961574193187708,0.03224988609568297,0.030160379521517955,0.025591795423872868,0.03483215322931077,0.0298396204784821,0.004408204576127145,1.12,1.12,1.12,1.12
2.497699106590309,1.4725575672606739,8.962604556988415,0.032248663127398436,0.030160383038707272,0.02559334216306125,0.0348333761975953,0.02983961696129278,0.004406657836938763,1.12,1.12,1.12,1.12
2.496826127186686,1.471982001917037,8.963634686700335,0.03224745019330172,0.030160386480907853,0.02559487220272702,0.03483458913169202,0.0298396135190922,0.004405127797272992,1.12,1.12,1.12,1.12
2.495953364559746,1.4714065592663481,8.964664586255592,0.032246247216799584,0.0301603898496679,0.025596385722277085,0.03483579210819415,0.029839610150332152,0.004403614277722928,1.12,1.12,1.12,1.12
2.49508081816451,1.4708312395684606,8.965694259543989,0.03224505412179368,0.03016039314650404,0.02559788289919958,0.034836985203200055,0.029839606853496015,0.0044021171008004345,1.12,1.12,1.12,1.12
2.494208487461872,1.4702560430804335,8.96672371041347,0.032243870832679156,0.030160396372902187,0.025599363909084363,0.03483816849231458,0.029839603627097866,0.0044006360909156494,1.12,1.12,1.12,1.12
2.493336371918547,1.4696809700565538,8.967752942670574,0.032242697274343146,0.03016039953031785,0.025600828925643207,0.03483934205065059,0.029839600469682204,0.004399171074356806,1.12,1.12,1.12,1.12
2.4924644710070036,1.4691060207483742,8.968781960080873,0.03224153337216312,0.030160402620176996,0.02560227812072982,0.034840505952830614,0.029839597379823057,0.004397721879270192,1.12,1.12,1.12,1.12
2.4915927842054004,1.468531195404739,8.969810766369408,0.032240379052004886,0.03016040564387701,0.02560371166435961,0.03484166027298885,0.029839594356123045,0.0043962883356404026,1.12,1.12,1.12,1.12
2.4907213109975315,1.4679564942718124,8.970839365221128,0.032239234240220904,0.030160408602786404,0.02560512972472935,0.03484280508477283,0.02983959139721365,0.0043948702752706625,1.12,1.12,1.12,1.12
2.489850050872758,1.4673819175931087,8.971867760281322,0.03223809886364909,0.030160411498245943,0.02560653246823645,0.03484394046134465,0.02983958850175411,0.004393467531763562,1.12,1.12,1.12,1.12
2.488979003325955,1.4668074656095245,8.972895955156037,0.03223697284961047,0.030160414331569352,0.02560792005949812,0.03484506647538327,0.0298395856684307,0.004392079940501892,1.12,1.12,1.12,1.12
2.4881081678574493,1.4662331385593608,8.973923953412495,0.03223585612590746,0.030160417104043324,0.02560929266137031,0.03484618319908628,0.02983958289595673,0.004390707338629701,1.12,1.12,1.12,1.12
2.4872375439729617,1.4656589366783557,8.97495175857953,0.032234748620822484,0.030160419816928963,0.025610650434966714,0.03484729070417125,0.02983958018307109,0.004389349565033299,1.12,1.12,1.12,1.12
2.4863671311835454,1.4650848601997124,8.975979374147974,0.032233650263115476,0.030160422471461057,0.02561199353967697,0.03484838906187826,0.029839577528538996,0.004388006460323043,1.12,1.12,1.12,1.12
2.4854969290055395,1.4645109093541215,8.977006803571074,0.03223256098202271,0.030160425068849583,0.02561332213318522,0.03484947834297103,0.02983957493115047,0.004386677866814792,1.12,1.12,1.12,1.12
2.4846269369604976,1.4639370843697959,8.978034050264904,0.03223148070725396,0.030160427610279594,0.02561463637148831,0.03485055861773978,0.02983957238972046,0.004385363628511704,1.12,1.12,1.12,1.12
2.483757154575143,1.463363385472491,8.979061117608753,0.03223040936899174,0.030160430096912272,0.025615936408913714,0.034851629956001995,0.02983956990308778,0.0043840635910862985,1.12,1.12,1.12,1.12
2.48288758138131,1.4627898128855348,8.980088008945506,0.032229346897888644,0.030160432529885317,0.025617222398137254,0.03485269242710509,0.029839567470114736,0.0043827776018627584,1.12,1.12,1.12,1.12
2.482018216915887,1.4622163668298533,8.981114727582069,0.03222829322506543,0.03016043491031306,0.025618494490200844,0.03485374609992831,0.029839565089686992,0.004381505509799169,1.12,1.12,1.12,1.12
2.4811490607207656,1.4616430475239974,8.982141276789728,0.032227248282109766,0.030160437239287186,0.025619752834529802,0.03485479104288397,0.029839562760712868,0.004380247165470211,1.12,1.12,1.12,1.12
2.4802801123427827,1.4610698551841672,8.983167659804526,0.03222621200107356,0.030160439517877058,0.02562099757895002,0.034855827323920174,0.029839560482122995,0.004379002421049993,1.12,1.12,1.12,1.12
2.4794113713336743,1.460496790024238,8.984193879827668,0.032225184314470634,0.030160441747130395,0.02562222886970518,0.0348568550105231,0.029839558252869658,0.004377771130294833,1.12,1.12,1.12,1.12
2.478542837250014,1.4599238522557858,8.985219940025864,0.032224165155275764,0.030160443928073433,0.02562344685147351,0.03485787416971797,0.02983955607192662,0.004376553148526502,1.12,1.12,1.12,1.12
2.4776745096531667,1.4593510420881122,8.986245843531721,0.0322231544569217,0.030160446061711088,0.02562465166738445,0.03485888486807204,0.029839553938288965,0.004375348332615561,1.12,1.12,1.12,1.12
2.4768063881092397,1.4587783597282677,8.987271593444092,0.03222215215329799,0.030160448149028685,0.025625843459035166,0.03485988717169575,0.02983955185097137,0.004374156540964846,1.12,1.12,1.12,1.12
2.4759384721890236,1.4582058053810787,8.98829719282845,0.032221158178748044,0.030160450190990673,0.02562702236650695,0.03486088114624569,0.02983954980900938,0.004372977633493064,1.12,1.12,1.12,1.12
2.47507076146795,1.4576333792491694,8.98932264471724,0.03222017246806824,0.030160452188542297,0.02562818852838135,0.034861866856925494,0.029839547811457756,0.004371811471618664,1.12,1.12,1.12,1.12
2.474203255526036,1.4570610815329859,8.990347952110229,0.03221919495650438,0.030160454142609483,0.0256293420817561,0.034862844368489354,0.02983954585739057,0.0043706579182439115,1.12,1.12,1.12,1.12
2.4733359539478386,1.45648891243082,8.991373117974863,0.03221822557975046,0.030160456054098783,0.02563048316226106,0.03486381374524328,0.02983954394590127,0.0043695168377389515,1.12,1.12,1.12,1.12
2.472468856322405,1.4559168721388334,8.992398145246616,0.03221726427394683,0.03016045792389871,0.025631611904073648,0.0348647750510469,0.029839542076101344,0.004368388095926365,1.12,1.12,1.12,1.12
2.4716019622432235,1.4553449608510804,8.993423036829311,0.032216310975677565,0.030160459752879787,0.02563272843993454,0.03486572834931617,0.029839540247120266,0.004367271560065472,1.12,1.12,1.12,1.12
2.4707352713081763,1.454773178759528,8.994447795595494,0.03221536562196847,0.030160461541894168,0.02563383290116289,0.034866673703025264,0.029839538458105885,0.004366167098837123,1.12,1.12,1.12,1.12
2.4698687831194928,1.4542015260540837,8.995472424386742,0.03221442815028491,0.03016046329177674,0.02563492541767158,0.034867611174708824,0.029839536708223313,0.004365074582328432,1.12,1.12,1.12,1.12
2.469002497283701,1.453630002922612,8.996496926013993,0.03221349849852995,0.030160465003345793,0.02563600611798207,0.03486854082646379,0.02983953499665426,0.004363993882017941,1.12,1.12,1.12,1.12
2.4681364134115853,1.453058609550962,8.9975213032579,0.032212576605042065,0.030160466677402575,0.025637075129239323,0.03486946271995167,0.029839533322597478,0.00436292487076069,1.12,1.12,1.12,1.12
2.467270531118139,1.4524873461229821,8.998545558869127,0.032211662408592634,0.030160468314731737,0.02563813257722647,0.0348703769164011,0.029839531685268317,0.004361867422773544,1.12,1.12,1.12,1.12
2.4664048500225135,1.4519162128205527,8.99956969556869,0.03221075584838462,0.030160469916102495,0.025639178586379333,0.034871283476609116,0.02983953008389756,0.00436082141362068,1.12,1.12,1.12,1.12
2.465539369747985,1.4513452098235935,9.000593716048265,0.03220985686404909,0.030160471482267637,0.02564021327980083,0.034872182460944645,0.029839528517732417,0.0043597867201991825,1.12,1.12,1.12,1.12
2.4646740899218993,1.4507743373100965,9.001617622970498,0.03220896539564466,0.03016047301396524,0.025641236779275073,0.034873073929349074,0.029839526986034814,0.00435876322072494,1.12,1.12,1.12,1.12
2.4638090101756323,1.4502035954561419,9.002641418969331,0.03220808138365411,0.030160474511917557,0.02564224920528156,0.03487395794133963,0.029839525488082497,0.004357750794718451,1.12,1.12,1.12,1.12
2.4629441301445523,1.4496329844359161,9.003665106650299,0.0322072047689827,0.03016047597683269,0.025643250677009066,0.034874834556011036,0.029839524023167363,0.0043567493229909465,1.12,1.12,1.12,1.12
2.4620794494679643,1.449062504421739,9.00468868859083,0.03220633549295543,0.030160477409403696,0.02564424131236942,0.03487570383203831,0.029839522590596357,0.004355758687630593,1.12,1.12,1.12,1.12
2.461214967789082,1.448492155584077,9.005712167340556,0.032205473497316006,0.0301604788103097,0.025645221228010967,0.03487656582767773,0.029839521189690354,0.004354778771989046,1.12,1.12,1.12,1.12
2.4603506847549736,1.4479219380915695,9.00673554542161,0.03220461872422348,0.03016048018021622,0.02564619053933237,0.03487742060077026,0.029839519819783833,0.004353809460667643,1.12,1.12,1.12,1.12
2.45948660001653,1.4473518521110418,9.007758825328912,0.03220377111625072,0.030160481519774907,0.025647149360495558,0.03487826820874301,0.029839518480225147,0.004352850639504455,1.12,1.12,1.12,1.12
2.4586227132284186,1.4467818978075304,9.008782009530465,0.032202930616381964,0.030160482829623803,0.02564809780443922,0.03487910870861177,0.02983951717037625,0.0043519021955607945,1.12,1.12,1.12,1.12
2.4577590240490403,1.4462120753443017,9.00980510046765,0.03220209716801037,0.030160484110388075,0.025649035982891755,0.03487994215698337,0.02983951588961198,0.004350964017108258,1.12,1.12,1.12,1.12
2.4568955321404964,1.4456423848828654,9.010828100555498,0.03220127071493617,0.030160485362679845,0.025649964006384182,0.034880768610057566,0.029839514637320208,0.004350035993615831,1.12,1.12,1.12,1.12
2.456032237168543,1.445072826583002,9.011851012182985,0.03220045120136478,0.0301604865870993,0.025650881984262894,0.03488158812362896,0.029839513412900753,0.004349118015737119,1.12,1.12,1.12,1.12
2.4551691388025567,1.444503400602773,9.012873837713306,0.03219963857190333,0.03016048778423336,0.025651790024702234,0.0348824007530904,0.029839512215766695,0.004348209975297779,1.12,1.12,1.12,1.12
2.4543062367154884,1.4439341070985479,9.013896579484147,0.03219883277156038,0.030160488954657894,0.025652688234717308,0.034883206553433355,0.02983951104534216,0.004347311765282705,1.12,1.12,1.12,1.12
2.453443530583833,1.4433649462250142,9.01491923980796,0.03219803374574187,0.030160490098936454,0.025653576720175902,0.034884005579251864,0.0298395099010636,0.00434642327982411,1.12,1.12,1.12,1.12
2.452581020087586,1.4427959181352028,9.01594182097224,0.032197241440249935,0.030160491217621044,0.0256544555858111,0.0348847978847438,0.02983950878237901,0.004345544414188912,1.12,1.12,1.12,1.12
2.4517187049102085,1.4422270229804994,9.016964325239787,0.03219645580128028,0.030160492311252285,0.02565532493523323,0.03488558352371346,0.02983950768874777,0.0043446750647667814,1.12,1.12,1.12,1.12
2.4508565847385877,1.4416582609106676,9.017986754848971,0.03219567677542018,0.030160493380359865,0.025656184870941803,0.03488636254957356,0.029839506619640188,0.0043438151290582094,1.12,1.12,1.12,1.12
2.4499946592630013,1.4410896320738633,9.019009112013988,0.032194904309646166,0.03016049442546226,0.02565703549433755,0.03488713501534757,0.029839505574537795,0.004342964505662461,1.12,1.12,1.12,1.12
2.4491329281770824,1.440521136616652,9.020031398925134,0.032194138351322066,0.030160495447067726,0.02565787690573397,0.03488790097367167,0.029839504552932328,0.004342123094266043,1.12,1.12,1.12,1.12
2.448271391177781,1.4399527746840282,9.021053617749043,0.03219337884819623,0.030160496445673868,0.02565870920436912,0.034888660476797506,0.029839503554326186,0.004341290795630892,1.12,1.12,1.12,1.12
2.4474100479653296,1.439384546419431,9.022075770628959,0.03219262574839993,0.030160497421768184,0.02565953248841682,0.03488941357659381,0.02983950257823187,0.004340467511583193,1.12,1.12,1.12,1.12
2.4465488982432064,1.4388164519647593,9.023097859684967,0.032191879000444346,0.030160498375827516,0.025660346854998253,0.03489016032454939,0.029839501624172537,0.0043396531450017595,1.12,1.12,1.12,1.12
2.4456879417181043,1.438248491460392,9.024119887014255,0.03219113855321942,0.030160499308319766,0.025661152400193205,0.034890900771774314,0.029839500691680287,0.004338847599806808,1.12,1.12,1.12,1.12
2.4448271780998923,1.437680665045199,9.025141854691354,0.03219040435599119,0.03016050021970279,0.02566194921905099,0.03489163496900255,0.029839499780297263,0.004338050780949024,1.12,1.12,1.12,1.12
2.443966607101582,1.437112972856565,9.026163764768384,0.03218967635839903,0.03016050111042473,0.025662737405601627,0.0348923629665947,0.029839498889575322,0.004337262594398386,1.12,1.12,1.12,1.12
2.4431062284392953,1.4365454150303976,9.027185619275292,0.03218895451045417,0.030160501980925236,0.02566351705286668,0.034893084814539566,0.029839498019074817,0.004336482947133333,1.12,1.12,1.12,1.12
2.442246041832229,1.4359779917011484,9.028207420220085,0.032188238762537125,0.03016050283163413,0.025664288252869996,0.03489380056245661,0.029839497168365925,0.004335711747130017,1.12,1.12,1.12,1.12
2.4413860470026254,1.4354107030018284,9.029229169589078,0.03218752906539596,0.03016050366297285,0.025665051096648378,0.03489451025959778,0.029839496337027205,0.004334948903351635,1.12,1.12,1.12,1.12
2.440526243675734,1.4348435490640192,9.030250869347109,0.03218682537014356,0.030160504475353955,0.02566580567426216,0.03489521395485018,0.029839495524646098,0.004334194325737853,1.12,1.12,1.12,1.12
2.439666631579786,1.4342765300178941,9.031272521437781,0.032186127628255456,0.030160505269181626,0.02566655207480556,0.03489591169673828,0.029839494730818428,0.004333447925194453,1.12,1.12,1.12,1.12
2.438807210445954,1.4337096459922283,9.032294127783686,0.03218543579156824,0.03016050604485132,0.02566729038641706,0.034896603533425496,0.029839493955148733,0.004332709613582952,1.12,1.12,1.12,1.12
2.4379479800083277,1.4331428971144184,9.033315690286633,0.032184749812276425,0.030160506802750953,0.025668020696289498,0.03489728951271731,0.0298394931972491,0.004331979303710515,1.12,1.12,1.12,1.12
2.437088940003878,1.4325762835104936,9.034337210827868,0.032184069642931246,0.030160507543259718,0.02566874309068043,0.03489796968206249,0.029839492456740335,0.0043312569093195835,1.12,1.12,1.12,1.12
2.436230090172427,1.432009805305134,9.035358691268295,0.03218339523643815,0.030160508266749486,0.025669457654921915,0.034898644088555586,0.029839491733250567,0.004330542345078098,1.12,1.12,1.12,1.12
2.4353714302566214,1.4314434626216794,9.036380133448686,0.03218272654605403,0.030160508973584355,0.025670164473430415,0.034899312778939706,0.0298394910264157,0.004329835526569598,1.12,1.12,1.12,1.12
2.434512960001893,1.4308772555821516,9.037401539189911,0.032182063525385884,0.03016050966412087,0.025670863629716517,0.03489997579960785,0.029839490335879182,0.004329136370283496,1.12,1.12,1.12,1.12
2.43365467915644,1.4303111843072611,9.038422910293148,0.032181406128388546,0.030160510338708202,0.02567155520640052,0.03490063319660519,0.02983948966129185,0.004328444793599492,1.12,1.12,1.12,1.12
2.4327965874711897,1.4297452489164255,9.039444248540082,0.032180754309362014,0.030160510997688517,0.025672239285211215,0.03490128501563172,0.029839489002311537,0.0043277607147887975,1.12,1.12,1.12,1.12
2.431938684699767,1.4291794495277828,9.040465555693123,0.032180108022949516,0.030160511641396215,0.02567291594699944,0.03490193130204422,0.02983948835860384,0.004327084053000571,1.12,1.12,1.12,1.12
2.4310809705984724,1.4286137862582042,9.041486833495613,0.03217946722413556,0.030160512270159312,0.025673585271748456,0.034902572100858176,0.02983948772984074,0.004326414728251557,1.12,1.12,1.12,1.12
2.430223444926254,1.4280482592233086,9.042508083672033,0.03217883186824405,0.030160512884299218,0.025674247338582992,0.034903207456749685,0.029839487115700836,0.0043257526614170205,1.12,1.12,1.12,1.12
2.4293661074446677,1.4274828685374752,9.043529307928193,0.0321782019109354,0.030160513484130236,0.025674902225778562,0.034903837414058336,0.029839486515869817,0.004325097774221451,1.12,1.12,1.12,1.12
2.4285089579178605,1.426917614313858,9.044550507951449,0.03217757730820514,0.03016051406996023,0.025675550010770418,0.034904462016788596,0.029839485930039822,0.004324449989229595,1.12,1.12,1.12,1.12
2.427651996112539,1.4263524966643981,9.04557168541088,0.03217695801638104,0.030160514642090908,0.025676190770162727,0.034905081308612695,0.029839485357909146,0.004323809229837286,1.12,1.12,1.12,1.12
2.4267952217979403,1.4257875156998374,9.046592841957516,0.032176343992121936,0.030160515200817528,0.0256768245797373,0.0349056953328718,0.029839484799182525,0.004323175420262712,1.12,1.12,1.12,1.12
2.4259386347458047,1.4252226715297298,9.047613979224488,0.032175735192414345,0.030160515746429195,0.025677451514462435,0.03490630413257939,0.029839484253570858,0.004322548485537578,1.12,1.12,1.12,1.12
2.425082234730352,1.4246579642624573,9.04863509882726,0.03217513157457158,0.030160516279209237,0.025678071648501596,0.034906907750422156,0.029839483720790816,0.004321928351498416,1.12,1.12,1.12,1.12
2.4242260215282516,1.4240933940052387,9.049656202363792,0.03217453309623153,0.030160516799434822,0.025678685055222014,0.03490750622876221,0.02983948320056523,0.004321314944777999,1.12,1.12,1.12,1.12
2.4233699949185974,1.4235289608641442,9.050677291414745,0.03217393971535354,0.030160517307377455,0.025679291807203214,0.0349080996096402,0.0298394826926226,0.004320708192796799,1.12,1.12,1.12,1.12
2.4225141546828803,1.4229646649441101,9.05169836754365,0.032173351390217375,0.030160517803303033,0.025679891976245386,0.03490868793477636,0.02983948219669702,0.004320108023754626,1.12,1.12,1.12,1.12
2.421658500604967,1.4224005063489455,9.052719432297106,0.03217276807942121,0.030160518287472293,0.025680485633377853,0.034909271245572526,0.02983948171252776,0.00431951436662216,1.12,1.12,1.12,1.12
2.4208030324710683,1.4218364851813483,9.053740487204953,0.03217218974187891,0.03016051876014003,0.0256810728488671,0.03490984958311483,0.029839481239860022,0.004318927151132912,1.12,1.12,1.12,1.12
2.4199477500697157,1.4212726015429156,9.054761533780454,0.0321716163368177,0.030160519221555382,0.025681653692225234,0.03491042298817604,0.02983948077844467,0.004318346307774779,1.12,1.12,1.12,1.12
2.4190926531917385,1.420708855534159,9.055782573520474,0.03217104782377739,0.030160519671963315,0.025682228232217594,0.03491099150121635,0.029839480328036738,0.004317771767782419,1.12,1.12,1.12,1.12
2.4182377416302394,1.4201452472545086,9.056803607905648,0.032170484162607205,0.030160520111603084,0.025682796536871264,0.03491155516238653,0.02983947988839697,0.004317203463128749,1.12,1.12,1.12,1.12
2.417383015180565,1.4195817768023344,9.057824638400577,0.03216992531346424,0.030160520540709,0.025683358673482537,0.034912114011529494,0.02983947945929105,0.004316641326517476,1.12,1.12,1.12,1.12
2.416528473640287,1.4190184442749485,9.05884566645397,0.032169371236811184,0.030160520959510606,0.025683914708625008,0.03491266808818255,0.029839479040489447,0.004316085291375005,1.12,1.12,1.12,1.12
2.415674116809177,1.4184552497686231,9.059866693498826,0.03216882189341452,0.030160521368232496,0.02568446470815708,0.03491321743157921,0.029839478631767558,0.004315535291842934,1.12,1.12,1.12,1.12
2.4148199444891794,1.4178921933786004,9.060887720952623,0.032168277244342736,0.030160521767094772,0.0256850087372298,0.034913762080651,0.02983947823290528,0.0043149912627702125,1.12,1.12,1.12,1.12
2.413965956484393,1.4173292751990987,9.061908750217448,0.03216773725096328,0.030160522156312597,0.02568554686029434,0.03491430207403046,0.029839477843687456,0.0043144531397056735,1.12,1.12,1.12,1.12
2.413112152601043,1.4167664953233314,9.062929782680195,0.032167201874941986,0.030160522536097245,0.025686079141109527,0.03491483745005175,0.029839477463902808,0.004313920858890485,1.12,1.12,1.12,1.12
2.4122585326474635,1.4162038538435109,9.063950819712698,0.032166671078240394,0.030160522906655107,0.02568660564274909,0.03491536824675334,0.029839477093344946,0.0043133943572509215,1.12,1.12,1.12,1.12
2.41140509643407,1.415641350850863,9.064971862671921,0.03216614482311314,0.030160523268188244,0.0256871264276093,0.034915894501880596,0.02983947673181181,0.004312873572390713,1.12,1.12,1.12,1.12
2.4105518437733373,1.4150789864356363,9.065992912900098,0.03216562307210713,0.03016052362089472,0.02568764155741579,0.034916416252886606,0.029839476379105334,0.0043123584425842215,1.12,1.12,1.12,1.12
2.409698774479782,1.4145167606871134,9.067013971724897,0.03216510578805848,0.030160523964968267,0.025688151093231165,0.03491693353693526,0.029839476035031787,0.004311848906768848,1.12,1.12,1.12,1.12
2.4088458883699335,1.4139546736936222,9.068035040459579,0.03216459293409196,0.0301605243005989,0.02568865509546185,0.034917446390901774,0.029839475699401152,0.004311344904538161,1.12,1.12,1.12,1.12
2.4079931852623178,1.4133927255425425,9.069056120403145,0.03216408447361757,0.030160524627972196,0.025689153623865063,0.034917954851376165,0.029839475372027857,0.00431084637613495,1.12,1.12,1.12,1.12
2.4071406649774363,1.4128309163203188,9.070077212840502,0.03216358037032957,0.03016052494726984,0.025689646737555916,0.03491845895466417,0.029839475052730213,0.004310353262444097,1.12,1.12,1.12,1.12
2.4062883273377373,1.4122692461124708,9.071098319042592,0.032163080588203996,0.03016052525867019,0.025690134495014297,0.03491895873678974,0.029839474741329863,0.004309865504985716,1.12,1.12,1.12,1.12
2.4054361721676036,1.411707715003604,9.072119440266567,0.03216258509149711,0.030160525562347495,0.02569061695409143,0.03491945423349663,0.029839474437652558,0.0043093830459085825,1.12,1.12,1.12,1.12
2.4045841992933283,1.4111463230774153,9.073140577755924,0.03216209384474328,0.030160525858472564,0.025691094172016885,0.03491994548025046,0.02983947414152749,0.004308905827983128,1.12,1.12,1.12,1.12
2.403732408543092,1.4105850704167069,9.07416173274065,0.03216160681275304,0.030160526147211986,0.025691566205405095,0.034920432512240696,0.029839473852788068,0.004308433794594918,1.12,1.12,1.12,1.12
2.4028807997469444,1.4100239571033963,9.075182906437368,0.03216112396061155,0.03016052642872974,0.025692033110261914,0.03492091536438219,0.029839473571270314,0.004307966889738099,1.12,1.12,1.12,1.12
2.4020293727367874,1.4094629832185206,9.076204100049482,0.03216064525367629,0.030160526703185975,0.025692494941991134,0.034921394071317446,0.02983947329681408,0.004307505058008879,1.12,1.12,1.12,1.12
2.401178127346347,1.4089021488422533,9.077225314767325,0.03216017065757515,0.030160526970737456,0.025692951755401025,0.03492186866741859,0.029839473029262598,0.004307048244598988,1.12,1.12,1.12,1.12
2.4003270634111633,1.4083414540539072,9.078246551768279,0.03215970013820524,0.03016052723153778,0.025693403604710632,0.0349223391867885,0.029839472768462272,0.00430659639528938,1.12,1.12,1.12,1.12
2.399476180768562,1.4077808989319458,9.079267812216948,0.0321592336617299,0.03016052748573672,0.025693850543556038,0.034922805663263834,0.029839472514263332,0.004306149456443975,1.12,1.12,1.12,1.12
2.3986254792576434,1.4072204835539943,9.080289097265256,0.03215877119457822,0.030160527733481934,0.025694292624996742,0.03492326813041552,0.02983947226651812,0.00430570737500327,1.12,1.12,1.12,1.12
2.397774958719254,1.406660207996848,9.08131040805261,0.03215831270344155,0.03016052797491703,0.025694729901521704,0.03492372662155219,0.029839472025083025,0.004305270098478309,1.12,1.12,1.12,1.12
2.396924618995978,1.4061000723364776,9.082331745706027,0.03215785815527333,0.03016052821018317,0.025695162425055457,0.0349241811697204,0.029839471789816885,0.004304837574944556,1.12,1.12,1.12,1.12
2.396074459932109,1.4055400766480415,9.083353111340262,0.03215740751728613,0.030160528439417855,0.025695590246964287,0.03492463180770761,0.029839471560582198,0.004304409753035726,1.12,1.12,1.12,1.12
2.39522448137364,1.4049802210058961,9.084374506057946,0.0321569607569504,0.030160528662756758,0.025696013418062005,0.03492507856804333,0.029839471337243295,0.004303986581938007,1.12,1.12,1.12,1.12
2.394374683168237,1.4044205054835992,9.085395930949712,0.03215651784199225,0.030160528880331605,0.025696431988616056,0.03492552148300149,0.029839471119668448,0.004303568011383957,1.12,1.12,1.12,1.12
2.393525065165228,1.4038609301539233,9.086417387094324,0.03215607874039195,0.03016052909227196,0.02569684600835316,0.03492596058460179,0.029839470907728094,0.004303153991646852,1.12,1.12,1.12,1.12
2.3926756272155787,1.4033014950888614,9.087438875558805,0.03215564342038224,0.03016052929870472,0.025697255526465318,0.034926395904611496,0.029839470701295334,0.004302744473534695,1.12,1.12,1.12,1.12
2.3918263691718815,1.4027422003596361,9.088460397398572,0.032155211850446175,0.03016052949975334,0.025697660591615434,0.03492682747454756,0.029839470500246712,0.004302339408384578,1.12,1.12,1.12,1.12
2.390977290888332,1.4021830460367095,9.089481953657536,0.03215478399931576,0.030160529695539617,0.02569806125194296,0.034927255325677975,0.029839470304460436,0.004301938748057052,1.12,1.12,1.12,1.12
2.3901283922207166,1.4016240321897877,9.090503545368255,0.03215435983596976,0.030160529886182175,0.025698457555069484,0.03492767948902398,0.02983947011381788,0.004301542444930528,1.12,1.12,1.12,1.12
2.38927967302639,1.4010651588878311,9.091525173552041,0.03215393932963212,0.030160530071797143,0.025698849548104363,0.03492809999536162,0.02983946992820291,0.0043011504518956495,1.12,1.12,1.12,1.12
2.388431133164264,1.400506426199064,9.09254683921907,0.03215352244977038,0.030160530252498374,0.02569923727765025,0.03492851687522336,0.02983946974750168,0.004300762722349763,1.12,1.12,1.12,1.12
2.3875827724947847,1.3999478341909803,9.093568543368525,0.03215310916609421,0.03016053042839717,0.025699620789808295,0.03492893015889953,0.029839469571602883,0.004300379210191718,1.12,1.12,1.12,1.12
2.386734590879924,1.3993893829303508,9.094590286988696,0.03215269944855276,0.03016053059960272,0.025700000130183656,0.03492933987644098,0.029839469400397334,0.004299999869816357,1.12,1.12,1.12,1.12
2.385886588183152,1.3988310724832331,9.095612071057104,0.03215229326733349,0.030160530766221605,0.025700375343890927,0.03492974605766025,0.02983946923377845,0.004299624656109086,1.12,1.12,1.12,1.12
2.3850387642694315,1.3982729029149785,9.09663389654062,0.03215189059286078,0.03016053092835813,0.025700746475559186,0.03493014873213296,0.029839469071641922,0.004299253524440827,1.12,1.12,1.12,1.12
2.384191119005198,1.3977148742902383,9.097655764395574,0.03215149139579371,0.030160531086114717,0.02570111356933731,0.03493054792920003,0.029839468913885336,0.004298886430662702,1.12,1.12,1.12,1.12
2.3833436522583398,1.3971569866729725,9.09867767556786,0.03215109564702473,0.030160531239591393,0.02570147666889909,0.034930943677969006,0.02983946876040866,0.004298523331100923,1.12,1.12,1.12,1.12
2.382496363898189,1.3965992401264573,9.099699630993063,0.03215070331767811,0.03016053138888597,0.025701835817448324,0.03493133600731563,0.029839468611114084,0.004298164182551689,1.12,1.12,1.12,1.12
2.381649253795499,1.3960416347132927,9.100721631596567,0.032150314379107314,0.03016053153409426,0.02570219105772388,0.03493172494588642,0.029839468465905794,0.004297808942276132,1.12,1.12,1.12,1.12
2.3808023218224377,1.3954841704954069,9.101743678293657,0.032149928802894134,0.030160531675309854,0.025702542432004663,0.0349321105220996,0.0298394683246902,0.00429745756799535,1.12,1.12,1.12,1.12
2.379955567852563,1.3949268475340695,9.102765771989635,0.0321495465608474,0.030160531812624514,0.025702889982114382,0.03493249276414634,0.02983946818737554,0.00429711001788563,1.12,1.12,1.12,1.12
2.379108991760812,1.3943696658898923,9.103787913579911,0.03214916762500064,0.030160531946127944,0.025703233749426763,0.034932871699993095,0.02983946805387211,0.00429676625057325,1.12,1.12,1.12,1.12
2.3782625934234916,1.393812625622839,9.104810103950141,0.03214879196761039,0.030160532075908297,0.025703573774870078,0.034933247357383346,0.029839467924091756,0.0042964262251299346,1.12,1.12,1.12,1.12
2.3774163727182533,1.3932557267922332,9.1058323439763,0.03214841956115516,0.03016053220205145,0.025703910098932053,0.034933619763838575,0.029839467797948604,0.004296089901067959,1.12,1.12,1.12,1.12
2.376570329524084,1.392698969456763,9.1068546345248,0.032148050378333626,0.030160532324641276,0.025704242761664553,0.03493398894666011,0.029839467675358777,0.00429575723833546,1.12,1.12,1.12,1.12
2.3757244637212946,1.39214235367449,9.10787697645259,0.03214768439206256,0.03016053244376027,0.025704571802688314,0.03493435493293118,0.029839467556239785,0.004295428197311699,1.12,1.12,1.12,1.12
2.374878775191498,1.3915858795028555,9.108899370607261,0.03214732157547573,0.030160532559488973,0.02570489726119736,0.03493471774951801,0.02983946744051108,0.004295102738802653,1.12,1.12,1.12,1.12
2.3740332638176027,1.3910295469986842,9.109921817827148,0.03214696190192218,0.03016053267190627,0.025705219175963898,0.03493507742307156,0.029839467328093783,0.004294780824036115,1.12,1.12,1.12,1.12
2.373187929483794,1.3904733562181968,9.110944318941415,0.032146605344964774,0.030160532781089322,0.025705537585342525,0.03493543398002896,0.02983946721891073,0.004294462414657488,1.12,1.12,1.12,1.12
2.372342772075522,1.3899173072170097,9.111966874770172,0.03214625187837811,0.030160532887113345,0.025705852527274975,0.03493578744661563,0.02983946711288671,0.004294147472725038,1.12,1.12,1.12,1.12
2.371497791479489,1.3893614000501462,9.11298948612456,0.03214590147614782,0.030160532990052225,0.025706164039294307,0.034936137848845916,0.02983946700994783,0.004293835960705705,1.12,1.12,1.12,1.12
2.370652987583631,1.3888056347720434,9.114012153806854,0.032145554112468555,0.030160533089978625,0.025706472158529392,0.03493648521252518,0.029839466910021428,0.004293527841470621,1.12,1.12,1.12,1.12
2.369808360277112,1.3882500114365524,9.115034878610555,0.03214520976174201,0.03016053318696288,0.025706776921709334,0.034936829563251726,0.029839466813037174,0.004293223078290678,1.12,1.12,1.12,1.12
2.368963909450304,1.3876945300969514,9.11605766132048,0.03214486839857594,0.030160533281074153,0.025707078365167557,0.03493717092641779,0.0298394667189259,0.004292921634832456,1.12,1.12,1.12,1.12
2.368119634994777,1.3871391908059494,9.117080502712867,0.03214452999778267,0.03016053337237995,0.025707376524846254,0.03493750932721107,0.029839466627620104,0.004292623475153759,1.12,1.12,1.12,1.12
2.3672755368032883,1.38658399361569,9.11810340355546,0.0321441945343775,0.03016053346094677,0.025707671436300414,0.034937844790616235,0.029839466539053283,0.004292328563699599,1.12,1.12,1.12,1.12
2.366431614769762,1.3860289385777624,9.119126364607586,0.03214386198357699,0.030160533546839507,0.02570796313470211,0.03493817734141674,0.029839466453160546,0.004292036865297902,1.12,1.12,1.12,1.12
2.3655878687892873,1.385474025743202,9.120149386620284,0.03214353232079781,0.030160533630121222,0.02570825165484447,0.03493850700419593,0.02983946636987883,0.004291748345155541,1.12,1.12,1.12,1.12
2.364744298758096,1.3849192551625,9.121172470336349,0.03214320552165478,0.030160533710854254,0.025708537031145853,0.03493883380333895,0.0298394662891458,0.0042914629688541595,1.12,1.12,1.12,1.12
2.363900904573555,1.3843646268856071,9.122195616490448,0.032142881561959824,0.03016053378909883,0.025708819297653826,0.03493915776303391,0.029839466210901222,0.004291180702346187,1.12,1.12,1.12,1.12
2.363057686134153,1.383810140961942,9.1232188258092,0.032142560417720234,0.03016053386491424,0.025709098488049087,0.0349394789072735,0.029839466135085813,0.004290901511950926,1.12,1.12,1.12,1.12
2.3622146433394895,1.3832557974403938,9.124242099011271,0.03214224206513766,0.030160533938358935,0.025709374635649568,0.034939797259856076,0.029839466061641118,0.004290625364350445,1.12,1.12,1.12,1.12
2.361371776090261,1.3827015963693305,9.125265436807435,0.03214192648060604,0.03016053400948948,0.025709647773414057,0.034940112844387694,0.029839465990510572,0.004290352226585956,1.12,1.12,1.12,1.12
2.3605290842882507,1.3821475377966017,9.12628883990069,0.032141613640710276,0.03016053407836139,0.025709917933946308,0.03494042568428346,0.029839465921638664,0.004290082066053705,1.12,1.12,1.12,1.12
2.3596865678363166,1.3815936217695475,9.12731230898632,0.032141303522225606,0.03016053414502884,0.02571018514949873,0.03494073580276813,0.029839465854971214,0.004289814850501283,1.12,1.12,1.12,1.12
2.3588442266383765,1.3810398483350008,9.128335844751986,0.032140996102114905,0.03016053420954512,0.025710449451976078,0.03494104322287883,0.029839465790454933,0.004289550548023935,1.12,1.12,1.12,1.12
2.3580020605994023,1.3804862175392958,9.129359447877805,0.032140691357528284,0.03016053427196219,0.02571071087293944,0.03494134796746545,0.02983946572803786,0.004289289127060572,1.12,1.12,1.12,1.12
2.3571600696254054,1.37993272942827,9.130383119036429,0.03214038926580126,0.03016053433233079,0.025710969443609594,0.034941650059192475,0.029839465667669263,0.004289030556390419,1.12,1.12,1.12,1.12
2.356318253623422,1.379379384047274,9.131406858893138,0.03214008980445321,0.030160534390700988,0.02571122519487093,0.03494194952054053,0.029839465609299065,0.004288774805129084,1.12,1.12,1.12,1.12
2.3554766125015116,1.3788261814411706,9.132430668105904,0.03213979295118652,0.03016053444712108,0.025711478157274828,0.03494224637380722,0.029839465552878974,0.004288521842725185,1.12,1.12,1.12,1.12
2.3546351461687354,1.3782731216543458,9.133454547325474,0.032139498683884715,0.03016053450163847,0.02571172836104345,0.03494254064110902,0.029839465498361584,0.0042882716389565645,1.12,1.12,1.12,1.12
2.3537938545351524,1.377720204730711,9.134478497195456,0.03213920698061157,0.030160534554300178,0.025711975836073167,0.03494283234438217,0.029839465445699875,0.004288024163926846,1.12,1.12,1.12,1.12
2.3529527375118056,1.377167430713709,9.135502518352371,0.032138917819608814,0.030160534605151335,0.025712220611938064,0.03494312150538492,0.02983946539484872,0.004287779388061949,1.12,1.12,1.12,1.12
2.3521117950107118,1.3766147996463172,9.136526611425774,0.03213863117929611,0.03016053465423668,0.025712462717893333,0.03494340814569763,0.029839465345763372,0.004287537282106679,1.12,1.12,1.12,1.12
2.3512710269448514,1.3760623115710566,9.137550777038278,0.03213834703826829,0.030160534701599517,0.025712702182878827,0.03494369228672545,0.029839465298400536,0.004287297817121186,1.12,1.12,1.12,1.12
2.350430433228157,1.3755099665299921,9.138575015805666,0.03213806537529518,0.030160534747282475,0.025712939035522353,0.03494397394969856,0.02983946525271758,0.00428706096447766,1.12,1.12,1.12,1.12
2.3495900137755066,1.3749577645647402,9.13959932833694,0.03213778616932006,0.03016053479132702,0.02571317330414305,0.03494425315567368,0.029839465208673033,0.004286826695856963,1.12,1.12,1.12,1.12
2.3487497685027083,1.3744057057164731,9.140623715234417,0.03213750939945753,0.03016053483377401,0.025713405016754703,0.034944529925536205,0.029839465166226042,0.004286594983245309,1.12,1.12,1.12,1.12
2.3479096973264943,1.373853790025924,9.14164817709378,0.032137235044993495,0.030160534874663247,0.02571363420106891,0.03494480428000024,0.029839465125336806,0.004286365798931102,1.12,1.12,1.12,1.12
2.347069800164507,1.373302017533391,9.142672714504158,0.032136963085382386,0.03016053491403342,0.02571386088449859,0.03494507623961135,0.029839465085966632,0.004286139115501422,1.12,1.12,1.12,1.12
2.3462300769352944,1.3727503882787406,9.143697328048201,0.03213669350024717,0.03016053495192267,0.0257140850941609,0.034945345824746565,0.029839465048077385,0.004285914905839114,1.12,1.12,1.12,1.12
2.3453905275582954,1.3721989023014158,9.144722018302142,0.03213642626937757,0.030160534988368237,0.02571430685688067,0.034945613055616165,0.029839465011631816,0.004285693143119343,1.12,1.12,1.12,1.12
2.3445511519538322,1.3716475596404376,9.14574678583586,0.0321361613727284,0.030160535023406376,0.025714526199193358,0.034945877952265336,0.029839464976593677,0.004285473800806655,1.12,1.12,1.12,1.12
2.3437119500431005,1.3710963603344108,9.146771631212975,0.03213589879041889,0.03016053505707278,0.025714743147348187,0.03494614053457484,0.029839464942927274,0.004285256852651825,1.12,1.12,1.12,1.12
2.342872921748161,1.3705453044215286,9.147796554990883,0.03213563850273138,0.030160535089402196,0.025714957727311208,0.03494640082226236,0.029839464910597857,0.004285042272688805,1.12,1.12,1.12,1.12
2.3420340669919293,1.369994391939575,9.148821557720844,0.03213538049010978,0.030160535120428433,0.025715169964768442,0.03494665883488396,0.02983946487957162,0.004284830035231571,1.12,1.12,1.12,1.12
2.341195385698164,1.3694436229259341,9.149846639948041,0.032135124733158715,0.030160535150184742,0.025715379885128772,0.03494691459183502,0.02983946484981531,0.00428462011487124,1.12,1.12,1.12,1.12
2.340356877791464,1.3688929974175867,9.15087180221164,0.03213487121264158,0.03016053517870365,0.025715587513526886,0.034947168112352156,0.029839464821296402,0.004284412486473127,1.12,1.12,1.12,1.12
2.3395185431972516,1.3683425154511237,9.15189704504487,0.032134619909479856,0.030160535206017025,0.025715792874826393,0.03494741941551388,0.029839464793983028,0.00428420712517362,1.12,1.12,1.12,1.12
2.3386803818417703,1.367792177062742,9.152922368975064,0.03213437080475173,0.030160535232155727,0.025715995993622676,0.034947668520242,0.029839464767844326,0.004284004006377337,1.12,1.12,1.12,1.12
2.3378423936520725,1.3672419822882542,9.153947774523747,0.03213412387969106,0.0301605352571504,0.025716196894245605,0.03494791544530268,0.029839464742849653,0.004283803105754408,1.12,1.12,1.12,1.12
2.33700457855601,1.3666919311630912,9.154973262206685,0.03213387911568594,0.03016053528103041,0.025716395600762554,0.0349481602093078,0.029839464718969644,0.004283604399237459,1.12,1.12,1.12,1.12
2.336166936482228,1.366142023722304,9.155998832533943,0.03213363649427775,0.030160535303824787,0.02571659213698116,0.034948402830715986,0.029839464696175266,0.004283407863018854,1.12,1.12,1.12,1.12
2.3353294673601552,1.3655922600005712,9.15702448600996,0.0321333959971597,0.03016053532556201,0.02571678652645218,0.03494864332783404,0.029839464674438043,0.004283213473547834,1.12,1.12,1.12,1.12
2.334492171119995,1.3650426400322018,9.158050223133591,0.03213315760617613,0.030160535346269834,0.025716978792472284,0.034948881718817604,0.02983946465373022,0.004283021207527729,1.12,1.12,1.12,1.12
2.3336550476927167,1.3644931638511375,9.159076044398194,0.03213292130332063,0.030160535365975072,0.02571716895808654,0.03494911802167311,0.02983946463402498,0.0042828310419134735,1.12,1.12,1.12,1.12
2.3328180970100476,1.3639438314909604,9.160101950291656,0.03213268707073541,0.030160535384704312,0.025717357046091335,0.034949352254258326,0.02983946461529574,0.0042826429539086774,1.12,1.12,1.12,1.12
2.331981319004466,1.3633946429848922,9.16112794129648,0.03213245489070998,0.030160535402483146,0.025717543079037092,0.034949584434283754,0.029839464597516907,0.004282456920962921,1.12,1.12,1.12,1.12
2.331144713609191,1.3628455983658023,9.162154017889828,0.03213222474568028,0.03016053541933711,0.025717727079230673,0.034949814579313454,0.029839464580662944,0.004282272920769339,1.12,1.12,1.12,1.12
2.330308280758179,1.3622966976662074,9.163180180543584,0.03213199661822713,0.030160535435290958,0.025717909068738137,0.034950042706766604,0.029839464564709095,0.0042820909312618755,1.12,1.12,1.12,1.12
2.3294720203861075,1.36174794091828,9.164206429724404,0.03213177049107524,0.03016053545036851,0.02571808906938751,0.034950268833918496,0.029839464549631545,0.004281910930612504,1.12,1.12,1.12,1.12
2.328635932428376,1.361199328153848,9.16523276589378,0.032131546347091866,0.030160535464593574,0.025718267102770906,0.03495049297790187,0.02983946453540648,0.004281732897229107,1.12,1.12,1.12,1.12
2.3278000168210924,1.3606508594044002,9.166259189508095,0.03213132416928666,0.03016053547798936,0.025718443190247506,0.03495071515570708,0.029839464522010695,0.004281556809752507,1.12,1.12,1.12,1.12
2.326964273501066,1.360102534701092,9.167285701018672,0.0321311039408092,0.030160535490577955,0.025718617352945783,0.034950935384184534,0.029839464509422098,0.00428138264705423,1.12,1.12,1.12,1.12
2.326128702405803,1.3595543540747432,9.168312300871836,0.03213088564494865,0.03016053550238157,0.025718789611766088,0.03495115368004509,0.029839464497618484,0.004281210388233925,1.12,1.12,1.12,1.12
2.325293303473498,1.3590063175558478,9.169338989508963,0.032130669265132916,0.030160535513421627,0.02571895998738312,0.03495137005986082,0.029839464486578426,0.0042810400126168935,1.12,1.12,1.12,1.12
2.324458076643022,1.3584584251745733,9.170365767366532,0.03213045478492671,0.03016053552371889,0.025719128500248198,0.03495158454006703,0.029839464476281163,0.004280871499751815,1.12,1.12,1.12,1.12
2.3236230218539213,1.357910676960767,9.171392634876183,0.032130242188031455,0.030160535533294397,0.025719295170591863,0.03495179713696228,0.029839464466705656,0.0042807048294081496,1.12,1.12,1.12,1.12
2.322788139046408,1.3573630729439572,9.172419592464756,0.032130031458283304,0.030160535542167577,0.025719460018426135,0.03495200786671043,0.029839464457832476,0.004280539981573878,1.12,1.12,1.12,1.12
2.321953428161349,1.3568156131533593,9.173446640554372,0.03212982257965308,0.03016053555035847,0.025719623063546942,0.03495221674534066,0.029839464449641584,0.00428037693645307,1.12,1.12,1.12,1.12
2.3211188891402657,1.3562682976178755,9.174473779562444,0.032129615536244216,0.030160535557885892,0.025719784325536288,0.03495242378874952,0.02983946444211416,0.004280215674463725,1.12,1.12,1.12,1.12
2.320284521925321,1.3557211263661022,9.175501009901767,0.032129410312292495,0.030160535564768554,0.025719943823764746,0.03495262901270124,0.0298394644352315,0.004280056176235267,1.12,1.12,1.12,1.12
2.3194503264593176,1.3551740994263284,9.176528331980528,0.032129206892164086,0.030160535571024827,0.025720101577393614,0.03495283243282965,0.029839464428975226,0.0042798984226063985,1.12,1.12,1.12,1.12
2.3186163026856845,1.3546272168265443,9.177555746202398,0.03212900526035589,0.030160535576663705,0.025720257605377134,0.034953034064637845,0.029839464423336348,0.004279742394622879,1.12,1.12,1.12,1.12
2.3177824505484774,1.3540804785944411,9.178583252966542,0.0321288054014931,0.03016053558170073,0.025720411926464876,0.03495323392350064,0.029839464418299322,0.004279588073535137,1.12,1.12,1.12,1.12
2.3169487699923645,1.3535338847574168,9.179610852667693,0.032128607300329015,0.03016053558615306,0.025720564559203782,0.03495343202466472,0.029839464413846994,0.004279435440796231,1.12,1.12,1.12,1.12
2.316115260962628,1.3529874353425748,9.180638545696189,0.03212841094174412,0.030160535590037674,0.025720715521940385,0.03495362838324961,0.02983946440996238,0.004279284478059628,1.12,1.12,1.12,1.12
2.31528192340515,1.352441130376733,9.181666332438024,0.03212821631074425,0.030160535593370952,0.025720864832823057,0.034953823014249485,0.0298394644066291,0.004279135167176956,1.12,1.12,1.12,1.12
2.314448757266412,1.3518949698864215,9.182694213274893,0.032128023392460736,0.03016053559616927,0.025721012509803978,0.034954015932533,0.029839464403830784,0.0042789874901960345,1.12,1.12,1.12,1.12
2.313615762493484,1.351348953897889,9.183722188584234,0.03212783217214826,0.030160535598448168,0.02572115857064136,0.03495420715284547,0.029839464401551885,0.004278841429358651,1.12,1.12,1.12,1.12
2.312782939034017,1.3508030824371062,9.184750258739292,0.03212764263518508,0.030160535600223193,0.025721303032901488,0.03495439668980865,0.02983946439977686,0.004278696967098525,1.12,1.12,1.12,1.12
2.3119502868362463,1.3502573555297648,9.185778424109133,0.032127454767070907,0.030160535601509608,0.025721445913960833,0.03495458455792283,0.029839464398490445,0.00427855408603918,1.12,1.12,1.12,1.12
2.311117805848971,1.3497117732012847,9.186806685058714,0.03212726855342657,0.030160535602321847,0.025721587231008022,0.03495477077156717,0.029839464397678206,0.00427841276899199,1.12,1.12,1.12,1.12
2.3102854960215597,1.3491663354768155,9.18783504194893,0.032127083979992865,0.030160535602674066,0.025721727001045885,0.03495495534500087,0.029839464397325988,0.004278272998954127,1.12,1.12,1.12,1.12
2.3094533573039357,1.348621042381238,9.188863495136628,0.032126901032629884,0.030160535602580363,0.02572186524089358,0.03495513829236385,0.02983946439741969,0.004278134759106433,1.12,1.12,1.12,1.12
2.30862138964658,1.3480758939391702,9.189892044974687,0.03212671969731584,0.030160535602054228,0.02572200196718835,0.034955319627677894,0.029839464397945825,0.004277998032811661,1.12,1.12,1.12,1.12
2.3077895930005172,1.3475308901749659,9.190920691812037,0.032126539960146194,0.030160535601109373,0.02572213719638776,0.03495549936484754,0.02983946439889068,0.0042778628036122535,1.12,1.12,1.12,1.12
2.306957967317312,1.3469860311127229,9.19194943599371,0.03212636180733269,0.030160535599758453,0.025722270944771336,0.034955677517661043,0.0298394644002416,0.004277729055228677,1.12,1.12,1.12,1.12
2.3061265125490675,1.3464413167762792,9.19297827786088,0.032126185225202164,0.03016053559801446,0.025722403228442575,0.03495585409979157,0.029839464401985594,0.0042775967715574376,1.12,1.12,1.12,1.12
2.305295228648411,1.345896747189222,9.194007217750904,0.03212601020019584,0.030160535595889437,0.025722534063330943,0.034956029124797894,0.029839464404110616,0.00427746593666907,1.12,1.12,1.12,1.12
2.3044641155684964,1.3453523223748876,9.195036255997362,0.03212583671886898,0.03016053559339582,0.025722663465193613,0.03495620260612475,0.029839464406604232,0.0042773365348064,1.12,1.12,1.12,1.12
2.303633173262996,1.3448080423563624,9.19606539293011,0.03212566476788903,0.030160535590545545,0.02572279144961731,0.03495637455710471,0.029839464409454508,0.004277208550382702,1.12,1.12,1.12,1.12
2.3028024016860904,1.3442639071564892,9.197094628875295,0.032125494334035276,0.030160535587349768,0.025722918032020314,0.03495654499095846,0.029839464412650285,0.004277081967979698,1.12,1.12,1.12,1.12
2.301971800792471,1.3437199167978666,9.198123964155426,0.03212532540419777,0.03016053558381998,0.02572304322765402,0.03495671392079597,0.029839464416180073,0.004276956772345991,1.12,1.12,1.12,1.12
2.3011413705373265,1.3431760713028555,9.199153399089388,0.03212515796537646,0.03016053557996723,0.025723167051605017,0.034956881359617276,0.029839464420032824,0.004276832948394996,1.12,1.12,1.12,1.12
2.3003111108763434,1.342632370693576,9.200182933992489,0.03212499200468044,0.03016053557580206,0.025723289518796585,0.034957047320313295,0.029839464424197992,0.004276710481203427,1.12,1.12,1.12,1.12
2.2994810217656982,1.3420888149919152,9.201212569176503,0.03212482750932705,0.030160535571335023,0.025723410643990655,0.03495721181566669,0.02983946442866503,0.004276589356009358,1.12,1.12,1.12,1.12
2.2986511031620513,1.3415454042195263,9.202242304949706,0.032124664466640473,0.030160535566576385,0.025723530441789558,0.03495737485835326,0.029839464433423668,0.004276469558210455,1.12,1.12,1.12,1.12
2.297821355022542,1.3410021383978354,9.203272141616912,0.03212450286405216,0.030160535561536028,0.025723648926637477,0.034957536460941574,0.029839464438464025,0.004276351073362536,1.12,1.12,1.12,1.12
2.296991777304786,1.3404590175480375,9.204302079479508,0.03212434268909847,0.030160535556223556,0.025723766112822496,0.03495769663589526,0.029839464443776498,0.004276233887177516,1.12,1.12,1.12,1.12
2.296162369966868,1.3399160416911038,9.205332118835495,0.032124183929420735,0.030160535550648515,0.025723882014477964,0.034957855395573,0.029839464449351538,0.004276117985522049,1.12,1.12,1.12,1.12
2.295333132967333,1.3393732108477847,9.206362259979532,0.03212402657276442,0.030160535544819955,0.025723996645584488,0.03495801275222932,0.029839464455180098,0.004276003354415525,1.12,1.12,1.12,1.12
2.2945040662651905,1.338830525038607,9.207392503202943,0.03212387060697758,0.030160535538747257,0.02572411001997127,0.03495816871801616,0.029839464461252796,0.004275889980028744,1.12,1.12,1.12,1.12
2.2936751698199016,1.3382879842838815,9.208422848793797,0.03212371602001102,0.03016053553243908,0.02572422215131795,0.03495832330498272,0.029839464467560972,0.0042757778486820636,1.12,1.12,1.12,1.12
2.2928464435913756,1.337745588603705,9.209453297036903,0.03212356279991668,0.030160535525903975,0.02572433305315608,0.034958476525077053,0.029839464474096078,0.004275666946843934,1.12,1.12,1.12,1.12
2.2920178875399664,1.3372033380179573,9.210483848213872,0.03212341093484733,0.0301605355191501,0.025724442738870826,0.03495862839014641,0.029839464480849953,0.004275557261129187,1.12,1.12,1.12,1.12
2.291189501626469,1.3366612325463099,9.211514502603132,0.03212326041305541,0.030160535512185838,0.025724551221702516,0.034958778911938326,0.029839464487814216,0.004275448778297497,1.12,1.12,1.12,1.12
2.290361285812112,1.3361192722082254,9.21254526047998,0.03212311122289219,0.03016053550501918,0.025724658514748103,0.03495892810210155,0.029839464494980872,0.00427534148525191,1.12,1.12,1.12,1.12
2.2895332400585526,1.3355774570229586,9.213576122116596,0.032122963352807454,0.030160535497657792,0.025724764630962807,0.03495907597218628,0.02983946450234226,0.004275235369037206,1.12,1.12,1.12,1.12
2.288705364327876,1.3350357870095606,9.214607087782104,0.0321228167913481,0.030160535490108997,0.025724869583161614,0.03495922253364564,0.029839464509891056,0.004275130416838399,1.12,1.12,1.12,1.12
2.287877658582585,1.334494262186883,9.215638157742575,0.03212267152715814,0.030160535482380513,0.02572497338402084,0.034959367797835594,0.02983946451761954,0.004275026615979172,1.12,1.12,1.12,1.12
2.2870501227856006,1.3339528825735727,9.216669332261077,0.03212252754897682,0.030160535474479333,0.025725076046079515,0.034959511776016916,0.02983946452552072,0.004274923953920498,1.12,1.12,1.12,1.12
2.286222756900255,1.3334116481880824,9.217700611597708,0.03212238484563884,0.030160535466412286,0.025725177581741032,0.034959654479354896,0.029839464533587767,0.004274822418258981,1.12,1.12,1.12,1.12
2.285395560890286,1.3328705590486687,9.218731996009621,0.03212224340607289,0.030160535458186255,0.025725278003274316,0.034959795918920844,0.029839464541813798,0.004274721996725697,1.12,1.12,1.12,1.12
2.2845685347198357,1.3323296151733945,9.219763485751061,0.03212210321930148,0.030160535449808068,0.02572537732281563,0.03495993610569226,0.029839464550191985,0.004274622677184384,1.12,1.12,1.12,1.12
2.2837416783534445,1.3317888165801302,9.22079508107339,0.03212196427443986,0.030160535441284053,0.02572547555236973,0.034960075050553874,0.029839464558716,0.004274524447630282,1.12,1.12,1.12,1.12
2.2829149917560456,1.3312481632865572,9.221826782225126,0.03212182656069523,0.030160535432620594,0.0257255727038114,0.034960212764298504,0.02983946456737946,0.004274427296188613,1.12,1.12,1.12,1.12
2.2820884748929617,1.330707655310172,9.222858589451972,0.03212169006736593,0.030160535423823742,0.025725668788886852,0.03496034925762781,0.02983946457617631,0.004274331211113161,1.12,1.12,1.12,1.12
2.2812621277299026,1.3301672926682826,9.223890502996838,0.03212155478384132,0.030160535414899325,0.02572576381921511,0.034960484541152415,0.029839464585100728,0.004274236180784902,1.12,1.12,1.12,1.12
2.280435950232957,1.329627075378015,9.224922523099885,0.03212142069960011,0.03016053540585356,0.025725857806289318,0.034960618625393625,0.029839464594146492,0.004274142193710695,1.12,1.12,1.12,1.12
2.279609942368594,1.3290870034563138,9.22595464999854,0.032121287804210086,0.03016053539669178,0.025725950761478128,0.03496075152078365,0.029839464603308274,0.004274049238521885,1.12,1.12,1.12,1.12
2.27878410410365,1.3285470769199446,9.22698688392754,0.03212115608732752,0.030160535387419585,0.025726042696027143,0.03496088323766622,0.02983946461258047,0.0042739573039728695,1.12,1.12,1.12,1.12
2.277958435405338,1.3280072957854943,9.228019225118944,0.0321210255386965,0.030160535378042364,0.025726133621060104,0.034961013786297235,0.02983946462195769,0.004273866378939908,1.12,1.12,1.12,1.12
2.2771329362412285,1.3274676600693764,9.229051673802187,0.03212089614814789,0.0301605353685655,0.025726223547580265,0.034961143176845844,0.029839464631434554,0.0042737764524197475,1.12,1.12,1.12,1.12
2.2763076065792576,1.3269281697878286,9.230084230204078,0.03212076790559859,0.030160535358993712,0.025726312486471628,0.034961271419395146,0.02983946464100634,0.004273687513528385,1.12,1.12,1.12,1.12
2.275482446387716,1.3263888249569173,9.231116894548851,0.0321206408010512,0.030160535349332107,0.02572640044850033,0.03496139852394253,0.029839464650667946,0.004273599551499682,1.12,1.12,1.12,1.12
2.274657455635248,1.3258496255925403,9.232149667058186,0.032120514824593105,0.030160535339585737,0.025726487444315924,0.03496152450040063,0.029839464660414317,0.004273512555684089,1.12,1.12,1.12,1.12
2.27383263429085,1.3253105717104248,9.233182547951227,0.03212038996639571,0.030160535329759153,0.025726573484452453,0.034961649358598024,0.0298394646702409,0.00427342651554756,1.12,1.12,1.12,1.12
2.273007982323859,1.3247716633261344,9.234215537444628,0.03212026621671388,0.030160535319856796,0.025726658579329875,0.03496177310827986,0.029839464680143257,0.0042733414206701376,1.12,1.12,1.12,1.12
2.2721834997039574,1.3242329004550657,9.235248635752566,0.03212014356588572,0.03016053530988333,0.02572674273925528,0.03496189575910802,0.029839464690116724,0.004273257260744734,1.12,1.12,1.12,1.12
2.271359186401164,1.3236942831124539,9.236281843086772,0.03212002200433056,0.03016053529984275,0.02572682597442398,0.034962017320663175,0.029839464700157303,0.004273174025576032,1.12,1.12,1.12,1.12
2.2705350423858315,1.3231558113133741,9.237315159656559,0.032119901522550065,0.03016053528973972,0.025726908294920914,0.03496213780244367,0.029839464710260333,0.004273091705079099,1.12,1.12,1.12,1.12
2.269711067628645,1.3226174850727395,9.238348585668845,0.03211978211112054,0.03016053527957807,0.025726989710721612,0.034962257213873194,0.029839464720421982,0.0042730102892784005,1.12,1.12,1.12,1.12
2.2688872621006158,1.3220793044053076,9.239382121328177,0.03211966376069858,0.030160535269361854,0.025727070231693572,0.034962375564295156,0.0298394647306382,0.004272929768306441,1.12,1.12,1.12,1.12
2.268063625773077,1.3215412693256805,9.240415766836762,0.03211954646202542,0.030160535259094623,0.02572714986759725,0.03496249286296832,0.02983946474090543,0.004272850132402764,1.12,1.12,1.12,1.12
2.267240158617683,1.321003379848304,9.24144952239449,0.03211943020592134,0.03016053524878043,0.025727228628087323,0.034962609119072396,0.029839464751219624,0.00427277137191269,1.12,1.12,1.12,1.12
2.266416860606409,1.320465635987473,9.242483388198965,0.03211931498328485,0.030160535238423047,0.02572730652271378,0.034962724341708884,0.029839464761577006,0.004272693477286232,1.12,1.12,1.12,1.12
2.2655937317115344,1.3199280377573313,9.243517364445513,0.032119200785091895,0.030160535228025753,0.02572738356092319,0.03496283853990184,0.0298394647719743,0.004272616439076823,1.12,1.12,1.12,1.12
2.2647707719056553,1.3193905851718732,9.244551451327224,0.03211908760239501,0.030160535217592266,0.02572745975205956,0.03496295172259872,0.029839464782407787,0.004272540247940451,1.12,1.12,1.12,1.12
2.263947981161671,1.3188532782449454,9.24558564903497,0.032118975426323304,0.030160535207125805,0.025727535105365767,0.03496306389867043,0.02983946479287425,0.004272464894634245,1.12,1.12,1.12,1.12
2.263125359452784,1.3183161169902484,9.246619957757423,0.03211886424808125,0.030160535196629645,0.02572760962998427,0.03496317507691249,0.029839464803370408,0.004272390370015741,1.12,1.12,1.12,1.12
2.2623029067524985,1.3177791014213374,9.247654377681094,0.03211875405894854,0.030160535186106896,0.025727683334958548,0.034963285266045196,0.029839464813893157,0.004272316665041465,1.12,1.12,1.12,1.12
2.2614806230346125,1.3172422315516255,9.248688908990333,0.03211864485027921,0.030160535175560665,0.0257277562292339,0.034963394474714526,0.029839464824439388,0.004272243770766113,1.12,1.12,1.12,1.12
2.260658508273218,1.3167055073943859,9.249723551867378,0.03211853661350067,0.030160535164993896,0.025727828321658736,0.034963502711493066,0.029839464835006158,0.004272171678341277,1.12,1.12,1.12,1.12
2.259836562442697,1.3161689289627492,9.250758306492362,0.03211842934011394,0.03016053515440953,0.02572789962098536,0.034963609984879795,0.029839464845590524,0.004272100379014654,1.12,1.12,1.12,1.12
2.2590147855177185,1.3156324962697086,9.251793173043335,0.03211832302169243,0.030160535143810396,0.02572797013587129,0.03496371630330131,0.029839464856189657,0.0042720298641287235,1.12,1.12,1.12,1.12
2.2581931774732356,1.3150962093281202,9.252828151696297,0.032118217649881264,0.030160535133199107,0.02572803987488001,0.03496382167511247,0.029839464866800947,0.004271960125120003,1.12,1.12,1.12,1.12
2.257371738284481,1.3145600681507061,9.253863242625211,0.032118113216397404,0.030160535122578658,0.02572810884648226,0.03496392610859633,0.029839464877421396,0.004271891153517754,1.12,1.12,1.12,1.12
2.2565504679269655,1.3140240727500523,9.254898446002032,0.032118009713028306,0.030160535111951214,0.025728177059056764,0.03496402961196543,0.02983946488804884,0.0042718229409432484,1.12,1.12,1.12,1.12
2.2557293663764724,1.3134882231386165,9.255933761996735,0.03211790713163282,0.030160535101320163,0.02572824452089216,0.03496413219336092,0.02983946489867989,0.004271755479107853,1.12,1.12,1.12,1.12
2.2549084336090597,1.3129525193287221,9.256969190777319,0.032117805464138505,0.030160535090687834,0.025728311240186708,0.03496423386085523,0.02983946490931222,0.004271688759813305,1.12,1.12,1.12,1.12
2.25408766960105,1.3124169613325645,9.258004732509837,0.03211770470254188,0.03016053508005706,0.02572837722504938,0.034964334622451854,0.029839464919942993,0.004271622774950634,1.12,1.12,1.12,1.12
2.2532670743290377,1.3118815491622065,9.259040387358402,0.03211760483890769,0.030160535069429728,0.025728442483501215,0.03496443448608605,0.029839464930570325,0.004271557516498797,1.12,1.12,1.12,1.12
2.2524466477698724,1.311346282829588,9.260076155485233,0.032117505865368434,0.030160535058808113,0.025728507023476233,0.0349645334596253,0.02983946494119194,0.00427149297652378,1.12,1.12,1.12,1.12
2.2516263899006703,1.310811162346522,9.261112037050655,0.03211740777412403,0.03016053504819438,0.02572857085282236,0.03496463155086971,0.029839464951805672,0.004271429147177652,1.12,1.12,1.12,1.12
2.2508063006988004,1.310276187724697,9.262148032213137,0.03211731055744166,0.030160535037590475,0.025728633979302265,0.03496472876755208,0.02983946496240958,0.004271366020697748,1.12,1.12,1.12,1.12
2.249986380141887,1.3097413589756783,9.2631841411293,0.0321172142076539,0.030160535026998447,0.025728696410594512,0.03496482511733984,0.029839464973001606,0.004271303589405501,1.12,1.12,1.12,1.12
2.2491666282078078,1.30920667611091,9.264220363953939,0.032117118717159665,0.030160535016420353,0.025728758154294207,0.03496492060783407,0.0298394649835797,0.004271241845705806,1.12,1.12,1.12,1.12
2.2483470448746865,1.3086721391417173,9.265256700840045,0.03211702407842254,0.03016053500585797,0.02572881921791409,0.034965015246571196,0.029839464994142084,0.004271180782085923,1.12,1.12,1.12,1.12
2.2475276301208935,1.3081377480793042,9.266293151938829,0.03211693028397117,0.030160534995313126,0.025728879608885327,0.03496510904102257,0.029839465004686927,0.0042711203911146856,1.12,1.12,1.12,1.12
2.246708383925043,1.307603502934759,9.267329717399729,0.03211683732639781,0.03016053498478738,0.025728939334558415,0.03496520199859593,0.029839465015212674,0.004271060665441598,1.12,1.12,1.12,1.12
2.2458893062659913,1.307069403719051,9.26836639737044,0.03211674519835861,0.030160534974282727,0.025728998402204037,0.03496529412663513,0.029839465025717327,0.004271001597795976,1.12,1.12,1.12,1.12
2.2450703971228285,1.3065354504430375,9.269403191996933,0.0321166538925724,0.03016053496380061,0.025729056819014023,0.034965385432421336,0.029839465036199442,0.004270943180985989,1.12,1.12,1.12,1.12
2.244251656474885,1.30600164311746,9.27044010142346,0.032116563401820675,0.030160534953342533,0.025729114592102073,0.03496547592317306,0.02983946504665752,0.00427088540789794,1.12,1.12,1.12,1.12
2.2434330843017194,1.3054679817529484,9.27147712579259,0.03211647371894727,0.030160534942910266,0.025729171728504627,0.03496556560604647,0.029839465057089787,0.004270828271495386,1.12,1.12,1.12,1.12
2.2426146805831255,1.3049344663600193,9.27251426524522,0.03211638483685658,0.030160534932504923,0.02572922823518177,0.034965654488137154,0.02983946506749513,0.004270771764818243,1.12,1.12,1.12,1.12
2.241796445299123,1.3044010969490807,9.273551519920588,0.03211629674851468,0.030160534922128224,0.025729284119017953,0.03496574257647905,0.02983946507787183,0.0042707158809820595,1.12,1.12,1.12,1.12
2.2409783784299533,1.3038678735304319,9.274588889956302,0.03211620944694776,0.0301605349117815,0.02572933938682287,0.03496582987804597,0.029839465088218553,0.0042706606131771435,1.12,1.12,1.12,1.12
2.240160479956087,1.3033347961142623,9.275626375488349,0.03211612292524235,0.030160534901466196,0.02572939404533235,0.034965916399751384,0.029839465098533857,0.004270605954667661,1.12,1.12,1.12,1.12
2.23934274985821,1.3028018647106565,9.276663976651111,0.03211603717654388,0.030160534891183477,0.025729448101208988,0.03496600214844986,0.029839465108816576,0.004270551898791025,1.12,1.12,1.12,1.12
2.238525188117228,1.3022690793295923,9.277701693577388,0.03211595219405655,0.030160534880934398,0.02572950156104302,0.034966087130937185,0.029839465119065656,0.004270498438956993,1.12,1.12,1.12,1.12
2.2377077947142645,1.301736439980944,9.278739526398418,0.03211586797104393,0.03016053487072301,0.025729554431353052,0.034966171353949804,0.029839465129277043,0.0042704455686469606,1.12,1.12,1.12,1.12
2.2368905696306527,1.3012039466744816,9.279777475243886,0.032115784500826416,0.030160534860552146,0.025729606718586664,0.03496625482416732,0.029839465139447907,0.004270393281413348,1.12,1.12,1.12,1.12
2.2360735128479376,1.3006715994198736,9.280815540241942,0.03211570177678186,0.030160534850422693,0.025729658429120977,0.03496633754821188,0.02983946514957736,0.004270341570879035,1.12,1.12,1.12,1.12
2.2352566243478758,1.3001393982266858,9.281853721519226,0.032115619792345396,0.030160534840335818,0.02572970956926396,0.03496641953264834,0.029839465159664236,0.004270290430736054,1.12,1.12,1.12,1.12
2.234439904112427,1.2996073431043875,9.282892019200872,0.03211553854100874,0.030160534830292574,0.025729760145255076,0.034966500783985,0.02983946516970748,0.004270239854744937,1.12,1.12,1.12,1.12
2.233623352123755,1.2990754340623447,9.283930433410534,0.0321154580163191,0.030160534820293516,0.02572981016326603,0.03496658130867464,0.029839465179706537,0.004270189836733981,1.12,1.12,1.12,1.12
2.232806968364229,1.2985436711098288,9.2849689642704,0.0321153782118801,0.030160534810339812,0.0257298596294014,0.03496666111311364,0.02983946518966024,0.004270140370598613,1.12,1.12,1.12,1.12
2.231990752816414,1.2980120542560125,9.286007611901201,0.03211529912134986,0.030160534800432404,0.025729908549699643,0.034966740203643876,0.02983946519956765,0.00427009145030037,1.12,1.12,1.12,1.12
2.231174705463073,1.2974805835099745,9.287046376422236,0.032115220738441586,0.03016053479057218,0.02572995693013347,0.03496681858655215,0.029839465209427873,0.004270043069866544,1.12,1.12,1.12,1.12
2.230358826287167,1.2969492588806966,9.288085257951384,0.03211514305692237,0.030160534780759585,0.02573000477661075,0.03496689626807137,0.02983946521924047,0.004269995223389264,1.12,1.12,1.12,1.12
2.229543115271848,1.2964180803770686,9.28912425660512,0.03211506607061343,0.030160534770995617,0.02573005209497521,0.03496697325438031,0.029839465229004436,0.004269947905024801,1.12,1.12,1.12,1.12
2.228727572400459,1.2958870480078866,9.290163372498528,0.03211498977338917,0.030160534761280944,0.025730098891007025,0.03496704955160457,0.02983946523871911,0.004269901108992988,1.12,1.12,1.12,1.12
2.227912197656534,1.2953561617818563,9.291202605745312,0.03211491415917689,0.03016053475161634,0.025730145170423643,0.03496712516581685,0.029839465248383712,0.004269854829576369,1.12,1.12,1.12,1.12
2.2270969910237923,1.2948254217075903,9.29224195645783,0.03211483922195607,0.03016053474200253,0.025730190938880362,0.034967200103037666,0.02983946525799752,0.00426980906111965,1.12,1.12,1.12,1.12
2.2262819524861386,1.294294827793614,9.293281424747073,0.03211476495575877,0.03016053473243996,0.02573023620197104,0.03496727436923497,0.029839465267560095,0.004269763798028972,1.12,1.12,1.12,1.12
2.22546708202766,1.2937643800483611,9.294321010722731,0.03211469135466777,0.030160534722929122,0.02573028096522871,0.03496734797032597,0.02983946527707093,0.004269719034771302,1.12,1.12,1.12,1.12
2.224652379632624,1.2932340784801815,9.29536071449315,0.032114618412817875,0.030160534713470855,0.025730325234126217,0.03496742091217586,0.0298394652865292,0.004269674765873796,1.12,1.12,1.12,1.12
2.2238378452854795,1.2927039230973334,9.296400536165393,0.03211454612439374,0.03016053470406571,0.02573036901407709,0.0349674932006,0.029839465295934342,0.004269630985922923,1.12,1.12,1.12,1.12
2.22302347897085,1.2921739139079937,9.297440475845224,0.032114474483631084,0.03016053469471397,0.025730412310435907,0.03496756484136265,0.029839465305286084,0.0042695876895641055,1.12,1.12,1.12,1.12
2.222209280673535,1.291644050920252,9.298480533637141,0.03211440348481498,0.030160534685416573,0.025730455128499058,0.03496763584017876,0.02983946531458348,0.004269544871500955,1.12,1.12,1.12,1.12
2.2213952503785075,1.291114334142112,9.299520709644378,0.03211433312228007,0.030160534676173467,0.02573049747350535,0.034967706202713666,0.029839465323826586,0.004269502526494662,1.12,1.12,1.12,1.12
2.22058138807091,1.2905847635814987,9.30056100396892,0.0321142633904099,0.030160534666985428,0.02573053935063664,0.034967775934583833,0.029839465333014625,0.004269460649363371,1.12,1.12,1.12,1.12
2.219767693736057,1.2900553392462504,9.301601416711527,0.032114194283636766,0.030160534657852844,0.025730580765018524,0.03496784504135697,0.02983946534214721,0.004269419234981489,1.12,1.12,1.12,1.12
2.218954167359428,1.289526061144126,9.302641947971736,0.03211412579644102,0.030160534648775827,0.02573062172172072,0.03496791352855272,0.029839465351224226,0.004269378278279293,1.12,1.12,1.12,1.12
2.2181408089266705,1.2889969292828036,9.303682597847871,0.032114057923351036,0.030160534639754766,0.025730662225757955,0.0349679814016427,0.029839465360245288,0.004269337774242057,1.12,1.12,1.12,1.12
2.2173276184235933,1.2884679436698827,9.304723366437077,0.03211399065894238,0.030160534630790214,0.02573070228209036,0.034968048666051355,0.02983946536920984,0.004269297717909654,1.12,1.12,1.12,1.12
2.2165145958361694,1.2879391043128827,9.305764253835305,0.032113923997837635,0.030160534621882562,0.025730741895624173,0.0349681153271561,0.02983946537811749,0.004269258104375839,1.12,1.12,1.12,1.12
2.2157017411505318,1.287410411219244,9.306805260137347,0.03211385793470595,0.030160534613031975,0.025730781071212183,0.03496818139028779,0.029839465386968078,0.00426921892878783,1.12,1.12,1.12,1.12
2.214889054352971,1.2868818643963322,9.307846385436836,0.03211379246426299,0.030160534604238676,0.025730819813654465,0.034968246860730745,0.029839465395761378,0.0042691801863455475,1.12,1.12,1.12,1.12
2.214076535429934,1.2863534638514353,9.308887629826266,0.03211372758126979,0.030160534595502997,0.025730858127698916,0.034968311743723945,0.029839465404497056,0.0042691418723010965,1.12,1.12,1.12,1.12
2.2132641843680263,1.2858252095917666,9.309928993397,0.03211366328053328,0.030160534586825105,0.025730896018041682,0.03496837604446046,0.029839465413174948,0.00426910398195833,1.12,1.12,1.12,1.12
2.2124520011540016,1.2852971016244634,9.310970476239278,0.03211359955690474,0.030160534578205278,0.025730933489327937,0.034968439768089,0.029839465421794775,0.004269066510672076,1.12,1.12,1.12,1.12
2.21163998577477,1.284769139956591,9.312012078442248,0.03211353640528086,0.03016053456964385,0.025730970546152213,0.034968502919712874,0.029839465430356205,0.0042690294538478,1.12,1.12,1.12,1.12
2.21082813821739,1.2842413245951396,9.313053800093952,0.03211347382060209,0.030160534561140873,0.025731007193059097,0.03496856550439165,0.02983946543885918,0.004268992806940916,1.12,1.12,1.12,1.12
2.210016458469068,1.2837136555470285,9.31409564128135,0.03211341179785271,0.030160534552696405,0.025731043434543743,0.03496862752714103,0.029839465447303648,0.0042689565654562694,1.12,1.12,1.12,1.12
2.2092049465171573,1.2831861328191054,9.315137602090346,0.032113350332060975,0.030160534544310835,0.02573107927505236,0.03496868899293276,0.029839465455689218,0.004268920724947653,1.12,1.12,1.12,1.12
2.2083936023491564,1.2826587564181464,9.316179682605767,0.032113289418297886,0.030160534535983996,0.02573111471898283,0.03496874990669585,0.029839465464016057,0.004268885281017182,1.12,1.12,1.12,1.12
2.2075824259527086,1.2821315263508588,9.317221882911408,0.03211322905167768,0.030160534527716276,0.025731149770685066,0.03496881027331605,0.029839465472283777,0.004268850229314947,1.12,1.12,1.12,1.12
2.2067714173155974,1.28160444262388,9.31826420309002,0.032113169227356464,0.030160534519507343,0.02573118443446172,0.03496887009763727,0.02983946548049271,0.004268815565538292,1.12,1.12,1.12,1.12
2.205960576425749,1.2810775052437788,9.319306643223339,0.032113109940533124,0.030160534511357695,0.0257312187145686,0.03496892938446061,0.029839465488642358,0.004268781285431414,1.12,1.12,1.12,1.12
2.2051499032712263,1.2805507142170574,9.320349203392073,0.03211305118644764,0.03016053450326739,0.025731252615215125,0.0349689881385461,0.029839465496732664,0.004268747384784888,1.12,1.12,1.12,1.12
2.2043393978402306,1.2800240695501495,9.321391883675943,0.03211299296038156,0.030160534495236313,0.025731286140565024,0.03496904636461218,0.02983946550476374,0.004268713859434989,1.12,1.12,1.12,1.12
2.203529060121099,1.2794975712494236,9.322434684153666,0.03211293525765785,0.030160534487264468,0.0257313192947365,0.03496910406733589,0.029839465512735586,0.004268680705263511,1.12,1.12,1.12,1.12
2.202718890102305,1.2789712193211813,9.323477604902994,0.03211287807363944,0.03016053447935202,0.02573135208180309,0.0349691612513543,0.029839465520648034,0.004268647918196922,1.12,1.12,1.12,1.12
2.201908887772452,1.2784450137716616,9.324520646000693,0.032112821403730285,0.030160534471497413,0.025731384505793944,0.03496921792126345,0.02983946552850264,0.004268615494206068,1.12,1.12,1.12,1.12
2.2010990531202763,1.2779189546070373,9.325563807522578,0.03211276524337364,0.03016053446369804,0.02573141657069415,0.034969274081620094,0.029839465536302012,0.004268583429305861,1.12,1.12,1.12,1.12
2.2002893861346444,1.2773930418334187,9.326607089543515,0.03211270958805279,0.03016053445595418,0.02573144828044556,0.034969329736940946,0.029839465544045873,0.004268551719554453,1.12,1.12,1.12,1.12
2.199479886804551,1.276867275456854,9.327650492137433,0.0321126544332907,0.030160534448265996,0.025731479638947008,0.03496938489170304,0.029839465551734057,0.004268520361053005,1.12,1.12,1.12,1.12
2.1986705551191195,1.2763416554833267,9.328694015377323,0.03211259977464853,0.030160534440633657,0.025731510650054926,0.034969439550345205,0.029839465559366396,0.004268489349945087,1.12,1.12,1.12,1.12
2.1978613910675984,1.2758161819187632,9.329737659335272,0.03211254560772653,0.03016053443305755,0.02573154131758361,0.03496949371726721,0.029839465566942502,0.004268458682416404,1.12,1.12,1.12,1.12
2.1970523946393583,1.2752908547690245,9.330781424082447,0.03211249192816318,0.030160534425537566,0.02573157164530593,0.03496954739683056,0.029839465574462487,0.004268428354694084,1.12,1.12,1.12,1.12
2.1962435658238957,1.274765674039915,9.331825309689123,0.03211243873163483,0.030160534418073648,0.02573160163695358,0.03496960059335891,0.029839465581926405,0.004268398363046433,1.12,1.12,1.12,1.12
2.19543490461083,1.2742406397371768,9.332869316224684,0.032112386013855576,0.030160534410665962,0.025731631296217597,0.03496965331113816,0.02983946558933409,0.004268368703782416,1.12,1.12,1.12,1.12
2.194626410989897,1.2737157518664957,9.333913443757636,0.03211233377057693,0.03016053440331473,0.02573166062674888,0.03496970555441681,0.02983946559668532,0.004268339373251134,1.12,1.12,1.12,1.12
2.1938180849509545,1.2731910104334982,9.33495769235561,0.0321122819975877,0.030160534396020122,0.025731689632158383,0.03496975732740604,0.02983946560397993,0.0042683103678416295,1.12,1.12,1.12,1.12
2.193009926483977,1.272666415443754,9.336002062085386,0.032112230690713006,0.030160534388782023,0.025731718316017907,0.03496980863428073,0.02983946561121803,0.004268281683982106,1.12,1.12,1.12,1.12
2.1922019355790567,1.2721419669027736,9.337046553012886,0.032112179845814326,0.0301605343816006,0.025731746681860165,0.03496985947917941,0.029839465618399452,0.004268253318139847,1.12,1.12,1.12,1.12
2.191394112226401,1.2716176648160133,9.3380911652032,0.03211212945878955,0.0301605343744758,0.025731774733179447,0.034969909866204185,0.029839465625524253,0.004268225266820566,1.12,1.12,1.12,1.12
2.1905864564163275,1.2710935091888738,9.33913589872057,0.03211207952557199,0.03016053436740762,0.025731802473431917,0.034969959799421746,0.029839465632592432,0.004268197526568096,1.12,1.12,1.12,1.12
2.189778968139272,1.2705695000266992,9.340180753628433,0.032112030042130923,0.03016053436039612,0.025731829906036105,0.03497000928286281,0.029839465639603935,0.004268170093963908,1.12,1.12,1.12,1.12
2.1889716473857788,1.27004563733478,9.341225729989393,0.032111981004470436,0.030160534353441015,0.025731857034373196,0.0349700583205233,0.029839465646559038,0.004268142965626817,1.12,1.12,1.12,1.12
2.1881644941465024,1.2695219211183533,9.342270827865267,0.03211193240862942,0.030160534346542645,0.025731883861787583,0.03497010691636432,0.02983946565345741,0.00426811613821243,1.12,1.12,1.12,1.12
2.1873575084122074,1.268998351382601,9.343316047317062,0.03211188425068173,0.03016053433970084,0.025731910391587176,0.034970155074312004,0.029839465660299214,0.004268089608412837,1.12,1.12,1.12,1.12
2.1865506901737657,1.2684749281326555,9.344361388405003,0.03211183652673555,0.0301605343329156,0.025731936627043844,0.03497020279825819,0.029839465667084453,0.0042680633729561684,1.12,1.12,1.12,1.12
2.1857440394221563,1.2679516513735933,9.345406851188532,0.03211178923293262,0.030160534326186927,0.025731962571393693,0.03497025009206112,0.029839465673813126,0.004268037428606319,1.12,1.12,1.12,1.12
2.1849375561484634,1.2674285211104406,9.346452435726322,0.032111742365448226,0.030160534319514487,0.02573198822783755,0.03497029695954551,0.029839465680485566,0.004268011772162461,1.12,1.12,1.12,1.12
2.184131240343875,1.2669055373481743,9.347498142076288,0.032111695920491956,0.030160534312898668,0.0257320135995414,0.03497034340450178,0.029839465687101385,0.004267986400458612,1.12,1.12,1.12,1.12
2.183325091999683,1.266382700091719,9.34854397029558,0.03211164989430565,0.030160534306339026,0.02573203868963668,0.03497038943068809,0.029839465693661027,0.004267961310363333,1.12,1.12,1.12,1.12
2.1825191111072804,1.2658600093459489,9.34958992044061,0.03211160428316445,0.03016053429983545,0.02573206350122055,0.034970435041829284,0.029839465700164602,0.004267936498779462,1.12,1.12,1.12,1.12
2.181713297658164,1.2653374651156892,9.350635992567051,0.03211155908337593,0.030160534293388053,0.025732088037356562,0.03497048024161781,0.029839465706612,0.00426791196264345,1.12,1.12,1.12,1.12
2.1809076516439263,1.264815067405718,9.351682186729844,0.03211151429128006,0.03016053428699672,0.025732112301074667,0.03497052503371367,0.029839465713003333,0.004267887698925346,1.12,1.12,1.12,1.12
2.180102173056263,1.2642928162207618,9.35272850298321,0.03211146990324876,0.030160534280661067,0.025732136295371896,0.03497056942174498,0.029839465719338987,0.0042678637046281165,1.12,1.12,1.12,1.12
2.179296861886963,1.2637707115655021,9.35377494138065,0.03211142591568594,0.030160534274381423,0.02573216002321249,0.034970613409307794,0.02983946572561863,0.004267839976787521,1.12,1.12,1.12,1.12
2.178491718127915,1.2632487534445715,9.354821501974971,0.03211138232502636,0.030160534268157124,0.02573218348752837,0.034970656999967376,0.02983946573184293,0.004267816512471642,1.12,1.12,1.12,1.12
2.1776867417711023,1.2627269418625575,9.35586818481827,0.03211133912773645,0.03016053426198856,0.025732206691219436,0.03497070019725729,0.029839465738011495,0.004267793308780576,1.12,1.12,1.12,1.12
2.1768819328086026,1.2622052768239977,9.356914989961956,0.032111296320313454,0.030160534255875115,0.025732229637153978,0.03497074300468028,0.029839465744124938,0.004267770362846035,1.12,1.12,1.12,1.12
2.176077291232587,1.2616837583333869,9.357961917456752,0.03211125389928543,0.03016053424981685,0.025732252328168947,0.034970785425708306,0.029839465750183203,0.004267747671831065,1.12,1.12,1.12,1.12
2.175272817035319,1.2611623863951746,9.359008967352715,0.032111211861210576,0.030160534243813708,0.025732274767070254,0.03497082746378316,0.029839465756186345,0.004267725232929759,1.12,1.12,1.12,1.12
2.1744685102091537,1.2606411610137649,9.360056139699221,0.032111170202677675,0.030160534237865355,0.02573229695663333,0.03497086912231606,0.029839465762134698,0.004267703043366683,1.12,1.12,1.12,1.12
2.1736643707465357,1.2601200821935157,9.361103434544992,0.03211112892030449,0.030160534231971403,0.025732318899603215,0.03497091040468925,0.02983946576802865,0.004267681100396797,1.12,1.12,1.12,1.12
2.172860398640001,1.2595991499387438,9.36215085193809,0.03211108801073953,0.03016053422613213,0.025732340598694933,0.034970951314254206,0.029839465773867924,0.0042676594013050795,1.12,1.12,1.12,1.12
2.1720565938821728,1.2590783642537207,9.36319839192594,0.03211104747065985,0.03016053422034709,0.02573236205659389,0.03497099185433389,0.029839465779652963,0.004267637943406122,1.12,1.12,1.12,1.12
2.1712529564657608,1.2585577251426765,9.364246054555311,0.03211100729677213,0.03016053421461584,0.025732383275956228,0.034971032028221605,0.02983946578538421,0.004267616724043785,1.12,1.12,1.12,1.12
2.170449486383563,1.2580372326097988,9.365293839872354,0.032110967485811936,0.03016053420893855,0.025732404259408995,0.0349710718391818,0.029839465791061504,0.004267595740591018,1.12,1.12,1.12,1.12
2.169646183628463,1.2575168866592303,9.366341747922586,0.03211092803454296,0.030160534203315048,0.0257324250095506,0.034971111290450774,0.029839465796685005,0.004267574990449413,1.12,1.12,1.12,1.12
2.1688430481934264,1.256996687295076,9.367389778750907,0.03211088893975783,0.030160534197744837,0.025732445528950987,0.034971150385235905,0.029839465802255216,0.004267554471049026,1.12,1.12,1.12,1.12
2.168040080071506,1.2564766345213976,9.368437932401601,0.03211085019827692,0.03016053419222775,0.02573246582015208,0.03497118912671682,0.029839465807772303,0.004267534179847932,1.12,1.12,1.12,1.12
2.167237279255833,1.2559567283422166,9.36948620891835,0.03211081180694869,0.03016053418676362,0.02573248588566808,0.034971227518045045,0.029839465813236432,0.004267514114331933,1.12,1.12,1.12,1.12
2.1664346457396273,1.2554369687615137,9.370534608344236,0.0321107737626492,0.030160534181352172,0.025732505727985633,0.03497126556234453,0.02983946581864788,0.00426749427201438,1.12,1.12,1.12,1.12
2.1656321795161815,1.2549173557832318,9.371583130721753,0.03211073606228193,0.030160534175993292,0.02573252534956426,0.034971303262711806,0.02983946582400676,0.004267474650435754,1.12,1.12,1.12,1.12
2.164829880578875,1.2543978894112717,9.372631776092792,0.03211069870277755,0.03016053417068648,0.02573254475283654,0.034971340622216185,0.02983946582931357,0.004267455247163474,1.12,1.12,1.12,1.12
2.164027748921162,1.2538785696494974,9.37368054449868,0.032110661681093666,0.03016053416543163,0.025732563940208564,0.03497137764390007,0.029839465834568424,0.004267436059791449,1.12,1.12,1.12,1.12
2.1632257845365785,1.253359396501733,9.374729435980166,0.03211062499421463,0.03016053416022857,0.025732582914059998,0.034971414330779105,0.029839465839771484,0.0042674170859400146,1.12,1.12,1.12,1.12
2.1624239874187348,1.2528403699717663,9.375778450577432,0.03211058863915128,0.030160534155076912,0.025732601676744585,0.03497145068584245,0.02983946584492314,0.004267398323255428,1.12,1.12,1.12,1.12
2.1616223575613196,1.2523214900633455,9.376827588330096,0.032110552612940935,0.03016053414997627,0.025732620230590336,0.0349714867120528,0.029839465850023783,0.0042673797694096766,1.12,1.12,1.12,1.12
2.160820894958097,1.2518027567801822,9.377876849277222,0.0321105169126466,0.030160534144926587,0.025732638577899772,0.034971522412347134,0.029839465855073466,0.004267361422100241,1.12,1.12,1.12,1.12
2.1600195996029066,1.2512841701259507,9.378926233457326,0.03211048153535706,0.03016053413992764,0.025732656720950292,0.034971557789636676,0.02983946586007241,0.004267343279049721,1.12,1.12,1.12,1.12
2.1592184714896603,1.2507657301042912,9.37997574090838,0.032110446478187116,0.03016053413497899,0.02573267466199429,0.03497159284680662,0.029839465865021064,0.004267325338005723,1.12,1.12,1.12,1.12
2.158417510612345,1.250247436718805,9.381025371667823,0.03211041173827639,0.030160534130080352,0.02573269240325958,0.034971627586717347,0.0298394658699197,0.004267307596740433,1.12,1.12,1.12,1.12
2.15761671696502,1.2497292899730574,9.382075125772557,0.03211037731278993,0.030160534125231286,0.02573270994694972,0.03497166201220381,0.029839465874768767,0.004267290053050293,1.12,1.12,1.12,1.12
2.1568160905418154,1.249211289870582,9.383125003258955,0.03211034319891798,0.030160534120431737,0.025732727295243965,0.03497169612607576,0.029839465879568317,0.004267272704756048,1.12,1.12,1.12,1.12
2.156015631336934,1.2486934364148734,9.384175004162886,0.03211030939387527,0.030160534115681426,0.02573274445029783,0.03497172993111847,0.029839465884318628,0.004267255549702184,1.12,1.12,1.12,1.12
2.1552153393446445,1.248175729609394,9.38522512851969,0.03211027589490051,0.030160534110979853,0.025732761414243313,0.03497176343009323,0.0298394658890202,0.0042672385857567,1.12,1.12,1.12,1.12
2.1544152145592896,1.2476581694575726,9.3862753763642,0.03211024269925772,0.030160534106327186,0.025732778189189717,0.03497179662573602,0.029839465893672867,0.0042672218108102955,1.12,1.12,1.12,1.12
2.1536152569752796,1.2471407559628005,9.38732574773075,0.03211020980423207,0.030160534101722425,0.025732794777344914,0.034971829520761666,0.02983946589827763,0.004267205222655099,1.12,1.12,1.12,1.12
2.152815466587095,1.2466234891284385,9.38837624265315,0.03211017720713083,0.030160534097165792,0.025732811180790807,0.034971862117862906,0.02983946590283426,0.0042671888192092056,1.12,1.12,1.12,1.12
2.1520158433892846,1.2461063689578105,9.3894268611647,0.03211014490528502,0.030160534092656788,0.025732827401524175,0.034971894419708716,0.029839465907343266,0.004267172598475838,1.12,1.12,1.12,1.12
2.1512163873764645,1.2455893954542085,9.390477603298232,0.032110112896049425,0.03016053408819508,0.02573284344153086,0.03497192642894431,0.029839465911804974,0.004267156558469154,1.12,1.12,1.12,1.12
2.1504170985433135,1.2450725686208948,9.391528469086099,0.03211008117680397,0.030160534083780333,0.025732859302783975,0.03497195814818976,0.02983946591621972,0.0042671406972160375,1.12,1.12,1.12,1.12
2.1496179768845747,1.2445558884610977,9.392579458560192,0.03211004974495102,0.030160534079412493,0.02573287498724207,0.03497198958004272,0.02983946592058756,0.004267125012757944,1.12,1.12,1.12,1.12
2.1488190223950534,1.2440393549780164,9.393630571751924,0.03211001859791668,0.030160534075090728,0.025732890496848126,0.03497202072707706,0.029839465924909325,0.004267109503151886,1.12,1.12,1.12,1.12
2.1480202350696205,1.2435229681748166,9.394681808692262,0.032109987733150325,0.030160534070815204,0.025732905833528733,0.03497205159184341,0.02983946592918485,0.00426709416647128,1.12,1.12,1.12,1.12
2.147221614903208,1.2430067280546346,9.395733169411693,0.0321099571481242,0.030160534066585476,0.025732920999193457,0.034972082176869534,0.029839465933414577,0.004267079000806556,1.12,1.12,1.12,1.12
2.1464231618908114,1.2424906346205757,9.396784653940266,0.03210992684033287,0.03016053406240099,0.025732935995734563,0.03497211248466087,0.029839465937599063,0.00426706400426545,1.12,1.12,1.12,1.12
2.1456248760274845,1.241974687875716,9.397836262307571,0.03210989680729365,0.03016053405826169,0.025732950825026885,0.03497214251770009,0.029839465941738363,0.004267049174973128,1.12,1.12,1.12,1.12
2.1448267573083455,1.2414588878230992,9.39888799454275,0.03210986704654567,0.030160534054166965,0.025732965488927492,0.034972172278448066,0.029839465945833088,0.0042670345110725205,1.12,1.12,1.12,1.12
2.144028805728572,1.2409432344657405,9.399939850674508,0.03210983755565078,0.03016053405011687,0.025732979989275734,0.03497220176934296,0.02983946594988318,0.004267020010724279,1.12,1.12,1.12,1.12
2.1432310212833987,1.240427727806626,9.400991830731108,0.0321098083321914,0.030160534046110687,0.025732994327893444,0.03497223099280233,0.029839465953889366,0.004267005672106569,1.12,1.12,1.12,1.12
2.142433403968122,1.239912367848713,9.402043934740382,0.03210977937377185,0.030160534042148246,0.025733008506584804,0.034972259951221885,0.029839465957851807,0.004266991493415209,1.12,1.12,1.12,1.12
2.1416359537780973,1.2393971545949267,9.403096162729721,0.03210975067801014,0.030160534038229103,0.02573302252713644,0.034972288646983596,0.02983946596177095,0.004266977472863573,1.12,1.12,1.12,1.12
2.1408386707087357,1.2388820880481688,9.404148514726106,0.032109722242553373,0.03016053403435298,0.02573303639131759,0.03497231708244036,0.029839465965647072,0.0042669636086824225,1.12,1.12,1.12,1.12
2.1400415547555087,1.2383671682113082,9.405200990756088,0.03210969406506986,0.030160534030519937,0.025733050100880284,0.034972345259923876,0.029839465969480117,0.004266949899119729,1.12,1.12,1.12,1.12
2.1392446059139414,1.2378523950871863,9.4062535908458,0.03210966614324834,0.030160534026729136,0.025733063657559466,0.0349723731817454,0.029839465973270918,0.004266936342440547,1.12,1.12,1.12,1.12
2.1384478241796163,1.23733776867862,9.407306315020964,0.032109638474798585,0.030160534022980467,0.02573307706307315,0.03497240085019515,0.029839465977019586,0.004266922936926862,1.12,1.12,1.12,1.12
2.137651209548174,1.2368232889883943,9.408359163306889,0.032109611057450416,0.030160534019273377,0.02573309031912259,0.03497242826754332,0.029839465980726676,0.004266909680877423,1.12,1.12,1.12,1.12
2.136854762015307,1.2363089560192706,9.409412135728482,0.03210958388895396,0.03016053401560781,0.0257331034273926,0.03497245543603977,0.029839465984392244,0.004266896572607412,1.12,1.12,1.12,1.12
2.136058481576763,1.2357947697739802,9.410465232310248,0.0321095569670794,0.030160534011983153,0.025733116389551683,0.034972482357914336,0.0298394659880169,0.00426688361044833,1.12,1.12,1.12,1.12
2.1352623682283465,1.2352807302552289,9.411518453076289,0.03210953028961677,0.030160534008399298,0.025733129207252486,0.034972509035376964,0.029839465991600755,0.004266870792747526,1.12,1.12,1.12,1.12
2.1344664219659126,1.234766837465697,9.412571798050324,0.03210950385437411,0.030160534004855855,0.025733141882045896,0.034972535470619626,0.0298394659951442,0.004266858117954117,1.12,1.12,1.12,1.12
2.1336706427853676,1.234253091408039,9.413625267255695,0.03210947765917521,0.030160534001352546,0.025733154415305784,0.034972561665818525,0.029839465998647507,0.004266845584694229,1.12,1.12,1.12,1.12
2.1328750306826647,1.2337394920848848,9.4146788607154,0.03210945170186452,0.030160533997888983,0.025733166808588392,0.034972587623129214,0.02983946600211107,0.00426683319141162,1.12,1.12,1.12,1.12
2.1320795856538046,1.2332260394988432,9.415732578452088,0.03210942598030547,0.030160533994464722,0.02573317906343385,0.034972613344688264,0.02983946600553533,0.0042668209365661625,1.12,1.12,1.12,1.12
2.131284307694841,1.232712733652495,9.416786420488025,0.0321094004923812,0.03016053399107943,0.025733191181366258,0.034972638832612535,0.029839466008920623,0.004266808818633755,1.12,1.12,1.12,1.12
2.1304891968018773,1.2321995745483978,9.417840386845114,0.03210937523599289,0.030160533987732607,0.025733203163893922,0.03497266408900085,0.029839466012267446,0.00426679683610609,1.12,1.12,1.12,1.12
2.1296942529710616,1.2316865621890856,9.418894477544907,0.03210935020906097,0.030160533984424365,0.025733215012509122,0.034972689115932765,0.02983946601557569,0.00426678498749089,1.12,1.12,1.12,1.12
2.1288994761985967,1.2311736965770668,9.419948692608589,0.03210932540952438,0.030160533981154203,0.025733226728688524,0.034972713915469356,0.02983946601884585,0.004266773271311489,1.12,1.12,1.12,1.12
2.1281048664807263,1.2306609777148279,9.421003032056998,0.03210930083533964,0.030160533977921622,0.025733238313893098,0.0349727384896541,0.02983946602207843,0.004266761686106915,1.12,1.12,1.12,1.12
2.1273104238137477,1.2301484056048295,9.422057495910627,0.03210927648448192,0.0301605339747264,0.025733249769568214,0.03497276284051182,0.029839466025273653,0.004266750230431798,1.12,1.12,1.12,1.12
2.1265161481940016,1.2296359802495107,9.423112084189619,0.03210925235494427,0.03016053397156815,0.02573326109726491,0.03497278697004946,0.029839466028431905,0.004266738902735101,1.12,1.12,1.12,1.12
2.12572203961788,1.2291237016512857,9.424166796913743,0.03210922844473646,0.03016053396844659,0.02573327229862886,0.03497281088025728,0.029839466031553463,0.0042667277013711535,1.12,1.12,1.12,1.12
2.124928098081828,1.228611569812542,9.425221634102385,0.03210920475188339,0.03016053396536117,0.02573328337520142,0.034972834573110345,0.029839466034638884,0.004266716624798592,1.12,1.12,1.12,1.12
2.1241343235823424,1.2280995847356402,9.426276595774553,0.032109181274426635,0.030160533962311886,0.025733294328644962,0.0349728580505671,0.029839466037688167,0.0042667056713550505,1.12,1.12,1.12,1.12
2.12334071611597,1.227587746422918,9.427331681948862,0.03210915801042241,0.03016053395929813,0.02573330516034357,0.034972881314571325,0.029839466040701923,0.004266694839656443,1.12,1.12,1.12,1.12
2.122547275679306,1.2270760548766866,9.428386892643594,0.03210913495794371,0.030160533956319402,0.02573331587166386,0.03497290436705003,0.02983946604368065,0.004266684128336154,1.12,1.12,1.12,1.12
2.1217540022689896,1.226564510099239,9.429442227876706,0.03210911211508122,0.030160533953375868,0.02573332646395482,0.03497292720991252,0.029839466046624186,0.004266673536045193,1.12,1.12,1.12,1.12
2.1209608958817037,1.2260531120928433,9.430497687665834,0.03210908947994223,0.03016053395046686,0.02573333693854858,0.034972949845051504,0.029839466049533192,0.004266663061451431,1.12,1.12,1.12,1.12
2.120167956514172,1.2255418608597488,9.431553272028289,0.03210906705065053,0.030160533947592383,0.025733347296760384,0.034972972274343206,0.02983946605240767,0.004266652703239629,1.12,1.12,1.12,1.12
2.1193751841631623,1.2250307564021825,9.432608980981078,0.032109044825346766,0.030160533944751766,0.0257333575398893,0.03497299449964697,0.029839466055248287,0.0042666424601107145,1.12,1.12,1.12,1.12
2.118582578825486,1.2245197987223488,9.433664814540894,0.03210902280218775,0.030160533941944567,0.02573336766921837,0.03497301652280599,0.029839466058055486,0.0042666323307816445,1.12,1.12,1.12,1.12
2.1177901404979953,1.2240089878224332,9.434720772724122,0.03210900097934677,0.03016053393917073,0.02573337768601522,0.03497303834564697,0.029839466060829323,0.004266622313984794,1.12,1.12,1.12,1.12
2.116997869177582,1.223498323704601,9.435776855546843,0.032108979355013556,0.030160533936429812,0.025733387591532222,0.03497305996998018,0.02983946606357024,0.00426661240846779,1.12,1.12,1.12,1.12
2.1162057648611787,1.2229878063709974,9.436833063024846,0.032108957927393766,0.03016053393372159,0.025733397387006945,0.03497308139759997,0.029839466066278464,0.004266602612993067,1.12,1.12,1.12,1.12
2.1154138275457615,1.2224774358237451,9.437889395173617,0.03210893669470888,0.03016053393104562,0.025733407073662437,0.03497310263028486,0.029839466068954434,0.004266592926337576,1.12,1.12,1.12,1.12
2.114622057228342,1.2219672120649505,9.438945852008354,0.032108915655196246,0.03016053392840179,0.025733416652707675,0.03497312366979749,0.029839466071598264,0.004266583347292338,1.12,1.12,1.12,1.12
2.113830453905972,1.2214571350966985,9.440002433543963,0.032108894807109156,0.030160533925789546,0.025733426125337563,0.03497314451788458,0.029839466074210508,0.004266573874662449,1.12,1.12,1.12,1.12
2.1130390175757436,1.220947204921055,9.441059139795074,0.03210887414871599,0.030160533923208666,0.025733435492733436,0.03497316517627774,0.029839466076791388,0.0042665645072665764,1.12,1.12,1.12,1.12
2.112247748234786,1.2204374215400662,9.442115970776019,0.03210885367830102,0.03016053392065854,0.02573344475606347,0.03497318564669272,0.029839466079341515,0.004266555243936543,1.12,1.12,1.12,1.12
2.111456645880266,1.219927784955761,9.44317292650087,0.03210883339416343,0.030160533918139443,0.02573345391647959,0.03497320593083031,0.02983946608186061,0.004266546083520423,1.12,1.12,1.12,1.12
2.1106657105093882,1.219418295170149,9.44423000698341,0.03210881329461773,0.030160533915650767,0.025733462975104662,0.034973226030376,0.029839466084349286,0.0042665370248953505,1.12,1.12,1.12,1.12
2.1098749421193945,1.2189089521852214,9.445287212237162,0.032108793377993716,0.030160533913192178,0.025733471933068436,0.03497324594700002,0.029839466086807875,0.004266528066931577,1.12,1.12,1.12,1.12
2.10908434070756,1.2183997560029514,9.446344542275368,0.03210877364263548,0.030160533910763065,0.025733480791488114,0.03497326568235826,0.029839466089236988,0.004266519208511899,1.12,1.12,1.12,1.12
2.1082939062712005,1.217890706625293,9.447401997111015,0.03210875408690228,0.030160533908363207,0.025733489551468924,0.034973285238091456,0.029839466091636846,0.004266510448531088,1.12,1.12,1.12,1.12
2.107503638807665,1.2173818040541844,9.448459576756822,0.032108734709167974,0.030160533905992104,0.025733498214104117,0.03497330461582576,0.02983946609400795,0.004266501785895896,1.12,1.12,1.12,1.12
2.1067135383143376,1.2168730482915444,9.449517281225248,0.03210871550782146,0.0301605339036497,0.025733506780475188,0.034973323817172275,0.029839466096350353,0.004266493219524825,1.12,1.12,1.12,1.12
2.1059236047886403,1.2163644393392747,9.450575110528495,0.03210869648126541,0.030160533901335496,0.02573351525165203,0.03497334284372833,0.029839466098664558,0.004266484748347982,1.12,1.12,1.12,1.12
2.105133838228024,1.2158559771992619,9.451633064678502,0.032108677627916915,0.03016053389904927,0.025733523628692925,0.03497336169707682,0.029839466100950784,0.0042664763713070875,1.12,1.12,1.12,1.12
2.1043442386299804,1.2153476618733716,9.452691143686964,0.03210865894620751,0.030160533896790853,0.025733531912644853,0.03497338037878622,0.0298394661032092,0.00426646808735516,1.12,1.12,1.12,1.12
2.1035548059920317,1.214839493363455,9.453749347565324,0.03210864043458217,0.03016053389455975,0.025733540104543456,0.03497339889041157,0.029839466105440304,0.004266459895456556,1.12,1.12,1.12,1.12
2.1027655403117333,1.214331471671346,9.454807676324778,0.03210862209150017,0.0301605338923559,0.025733548205413195,0.034973417233493564,0.029839466107644153,0.0042664517945868174,1.12,1.12,1.12,1.12
2.101976441586674,1.2138235967988624,9.455866129976265,0.03210860391543402,0.03016053389017892,0.025733556216267675,0.03497343540955972,0.029839466109821133,0.004266443783732338,1.12,1.12,1.12,1.12
2.1011875098144777,1.213315868747804,9.456924708530511,0.03210858590487048,0.030160533888028307,0.025733564138109358,0.03497345342012326,0.029839466111971746,0.004266435861890655,1.12,1.12,1.12,1.12
2.100398744992797,1.212808287519957,9.457983411997969,0.032108568058309195,0.030160533885904173,0.025733571971930005,0.03497347126668454,0.02983946611409588,0.004266428028070007,1.12,1.12,1.12,1.12
2.0996101471193196,1.2123008531170885,9.459042240388879,0.03210855037426358,0.03016053388380585,0.02573357971871046,0.03497348895073016,0.029839466116194202,0.004266420281289554,1.12,1.12,1.12,1.12
2.098821716191764,1.211793565540952,9.460101193713239,0.032108532851260085,0.030160533881733287,0.025733587379421025,0.03497350647373365,0.029839466118266766,0.004266412620578988,1.12,1.12,1.12,1.12
2.09803345220788,1.2112864247932849,9.461160271980813,0.03210851548783855,0.030160533879686202,0.025733594955021172,0.034973523837155185,0.02983946612031385,0.004266405044978841,1.12,1.12,1.12,1.12
2.097245355165448,1.210779430875808,9.46221947520114,0.032108498282551634,0.03016053387766443,0.025733602446459877,0.0349735410424421,0.029839466122335623,0.0042663975535401355,1.12,1.12,1.12,1.12
2.096457425062279,1.2102725837902275,9.463278803383528,0.0321084812339647,0.030160533875667472,0.025733609854675557,0.03497355809102903,0.02983946612433258,0.004266390145324456,1.12,1.12,1.12,1.12
2.095669661896217,1.2097658835382346,9.464338256537063,0.03210846434065634,0.030160533873695217,0.025733617180596094,0.0349735749843374,0.029839466126304837,0.004266382819403919,1.12,1.12,1.12,1.12
2.0948820656651312,1.2092593301215053,9.465397834670611,0.032108447601217505,0.03016053387174744,0.025733624425138796,0.03497359172377623,0.029839466128252612,0.004266375574861217,1.12,1.12,1.12,1.12
2.0940946363669233,1.2087529235417007,9.46645753779282,0.032108431014251704,0.03016053386982359,0.025733631589210465,0.03497360831074203,0.029839466130176462,0.004266368410789548,1.12,1.12,1.12,1.12
2.093307373999526,1.2082466638004667,9.46751736591212,0.032108414578375266,0.030160533867923667,0.02573363867370751,0.03497362474661847,0.029839466132076387,0.004266361326292503,1.12,1.12,1.12,1.12
2.0925202785608974,1.207740550899435,9.468577319036724,0.03210839829221673,0.0301605338660475,0.025733645679515832,0.034973641032777,0.029839466133952552,0.004266354320484181,1.12,1.12,1.12,1.12
2.091733350049027,1.207234584840224,9.469637397174639,0.03210838215441647,0.030160533864194483,0.025733652607510787,0.034973657170577266,0.02983946613580557,0.004266347392489225,1.12,1.12,1.12,1.12
2.090946588461932,1.2067287656244357,9.470697600333656,0.03210836616362772,0.03016053386236467,0.025733659458557295,0.034973673161366015,0.029839466137635384,0.0042663405414427175,1.12,1.12,1.12,1.12
2.0901599937976547,1.2062230932536604,9.471757928521367,0.032108350318515055,0.030160533860557448,0.025733666233509714,0.03497368900647868,0.029839466139442605,0.004266333766490299,1.12,1.12,1.12,1.12
2.08937356605427,1.205717567729473,9.472818381745157,0.032108334617755585,0.030160533858773098,0.02573367293321184,0.03497370470723815,0.029839466141226956,0.0042663270667881725,1.12,1.12,1.12,1.12
2.088587305229875,1.2052121890534344,9.473878960012204,0.03210831906003786,0.03016053385701084,0.025733679558496897,0.034973720264955876,0.029839466142989213,0.004266320441503116,1.12,1.12,1.12,1.12
2.0878012113225988,1.2047069572270939,9.4749396633295,0.032108303644062475,0.030160533855270788,0.02573368611018753,0.03497373568093126,0.029839466144729265,0.004266313889812481,1.12,1.12,1.12,1.12
2.0870152843305925,1.204201872251986,9.476000491703827,0.032108288368541626,0.030160533853552607,0.02573369258909576,0.03497375095645211,0.029839466146447446,0.004266307410904252,1.12,1.12,1.12,1.12
2.086229524252037,1.2036969341296315,9.477061445141782,0.03210827323219917,0.030160533851855964,0.025733698996022916,0.03497376609279457,0.02983946614814409,0.0042663010039770966,1.12,1.12,1.12,1.12
2.0854439310851354,1.2031921428615402,9.478122523649768,0.032108258233770226,0.03016053385018047,0.025733705331759657,0.03497378109122351,0.029839466149819582,0.004266294668240356,1.12,1.12,1.12,1.12
2.0846585048281194,1.2026874984492073,9.479183727234,0.0321082433720013,0.030160533848526072,0.025733711597085873,0.03497379595299244,0.02983946615147398,0.00426628840291414,1.12,1.12,1.12,1.12
2.0838732454792446,1.2021830008941157,9.4802450559005,0.03210822864565027,0.03016053384689249,0.025733717792747843,0.034973810679343464,0.029839466153107563,0.00426628220725217,1.12,1.12,1.12,1.12
2.0830881530367926,1.201678650197736,9.48130650965513,0.032108214053485795,0.030160533845279502,0.025733723919414087,0.03497382527150794,0.02983946615472055,0.004266276080585926,1.12,1.12,1.12,1.12
2.0823032274990623,1.2011744463615293,9.482368088503568,0.032108199594287956,0.030160533843686776,0.025733729977815936,0.03497383973070578,0.029839466156313277,0.004266270022184077,1.12,1.12,1.12,1.12
2.081518468864381,1.2006703893869421,9.483429792451334,0.032108185266848444,0.03016053384211409,0.02573373596867201,0.03497385405814529,0.029839466157885963,0.0042662640313280015,1.12,1.12,1.12,1.12
2.080733877131098,1.2001664792754116,9.484491621503773,0.032108171069969715,0.030160533840561332,0.025733741892688233,0.03497386825502402,0.02983946615943872,0.0042662581073117795,1.12,1.12,1.12,1.12
2.0799494522975825,1.1996627160283635,9.48555357566606,0.032108157002465165,0.03016053383902828,0.02573374775055752,0.03497388232252857,0.029839466160971773,0.004266252249442493,1.12,1.12,1.12,1.12
2.07916519436223,1.199159099647211,9.486615654943204,0.032108143063319716,0.03016053383751488,0.02573375347168766,0.03497389626167402,0.029839466162485173,0.0042662465283123535,1.12,1.12,1.12,1.12
2.078381103321128,1.1986556301345226,9.487677859357575,0.0321081292519782,0.03016053383602102,0.02573375912864588,0.034973910073015535,0.029839466163979034,0.004266240871354132,1.12,1.12,1.12,1.12
2.0775971791727366,1.1981523074916796,9.488740188913722,0.03210811556727672,0.030160533834546532,0.02573376472214063,0.03497392375771702,0.02983946616545352,0.0042662352778593815,1.12,1.12,1.12,1.12
2.0768134219155345,1.1976491317200544,9.489802643616017,0.032108102008062134,0.030160533833091363,0.02573377025287256,0.0349739373169316,0.02983946616690869,0.0042662297471274535,1.12,1.12,1.12,1.12
2.0760298315480243,1.197146102821005,9.490865223468663,0.03210808857319142,0.030160533831655234,0.02573377572153472,0.03497395075180232,0.02983946616834482,0.0042662242784652915,1.12,1.12,1.12,1.12
2.075246408068731,1.1966432207958804,9.4919279284757,0.03210807526153203,0.03016053383023748,0.025733781128812416,0.034973964063461704,0.029839466169762574,0.0042662188711875965,1.12,1.12,1.12,1.12
2.074463151476204,1.1961404856460167,9.492990758641008,0.032108062071961985,0.030160533828838487,0.025733786475383547,0.03497397725303175,0.029839466171161566,0.004266213524616466,1.12,1.12,1.12,1.12
2.073680061769011,1.1956378973727397,9.494053713968304,0.03210804900336889,0.030160533827457536,0.025733791761918548,0.03497399032162485,0.029839466172542517,0.004266208238081465,1.12,1.12,1.12,1.12
2.0728971389457445,1.1951354559773646,9.495116794461142,0.0321080360546509,0.030160533826094793,0.025733796989080418,0.034974003270342835,0.02983946617390526,0.004266203010919595,1.12,1.12,1.12,1.12
2.0721143830050135,1.1946331614611958,9.496180000122914,0.0321080232247159,0.030160533824749647,0.0257338021575248,0.03497401610027784,0.029839466175250406,0.004266197842475214,1.12,1.12,1.12,1.12
2.071331793945454,1.1941310138255266,9.497243330956868,0.0321080105124818,0.030160533823422098,0.025733807267900255,0.03497402881251194,0.029839466176577956,0.004266192732099758,1.12,1.12,1.12,1.12
2.0705493717657197,1.1936290130716405,9.498306786966092,0.03210799791687663,0.03016053382211198,0.025733812320848065,0.03497404140811711,0.029839466177888074,0.004266187679151948,1.12,1.12,1.12,1.12
2.069767116464486,1.193127159200809,9.499370368153514,0.032107985436837294,0.030160533820819124,0.02573381731700257,0.03497405388815644,0.02983946617918093,0.004266182682997444,1.12,1.12,1.12,1.12
2.0689850280404483,1.1926254522142936,9.500434074521918,0.032107973071311025,0.03016053381954298,0.025733822256990918,0.03497406625368271,0.029839466180457075,0.004266177743009095,1.12,1.12,1.12,1.12
2.0682031064923208,1.1921238921133481,9.501497906073936,0.03210796081925443,0.030160533818283708,0.025733827141434018,0.0349740785057393,0.029839466181716345,0.004266172858565995,1.12,1.12,1.12,1.12
2.06742135181884,1.1916224788992131,9.502561862812053,0.03210794867963357,0.030160533817040924,0.0257338319709456,0.03497409064536017,0.02983946618295913,0.004266168029054412,1.12,1.12,1.12,1.12
2.066639764018761,1.19112121257312,9.503625944738609,0.03210793665142375,0.030160533815814405,0.025733836746132457,0.034974102673569984,0.029839466184185648,0.004266163253867555,1.12,1.12,1.12,1.12
2.0658583430908593,1.1906200931362914,9.504690151855797,0.03210792473360968,0.030160533814603985,0.02573384146759458,0.03497411459138405,0.02983946618539607,0.004266158532405431,1.12,1.12,1.12,1.12
2.0650770890339287,1.190119120589939,9.505754484165664,0.03210791292518528,0.030160533813409662,0.025733846135925442,0.03497412639980846,0.02983946618659039,0.0042661538640745705,1.12,1.12,1.12,1.12
2.064296001846782,1.189618294935266,9.506818941670122,0.032107901225153446,0.030160533812230883,0.025733850751711973,0.03497413809984029,0.02983946618776917,0.00426614924828804,1.12,1.12,1.12,1.12
2.063515081528253,1.1891176161734636,9.507883524370943,0.032107889632526476,0.030160533811067758,0.025733855315534446,0.03497414969246726,0.029839466188932295,0.004266144684465567,1.12,1.12,1.12,1.12
2.0627343280771897,1.1886170843057167,9.508948232269752,0.0321078781463251,0.030160533809919787,0.0257338598279669,0.03497416117866864,0.029839466190080266,0.004266140172033112,1.12,1.12,1.12,1.12
2.061953741492465,1.188116699333198,9.510013065368044,0.032107866765579474,0.030160533808787082,0.025733864289576913,0.03497417255941426,0.02983946619121297,0.0042661357104231,1.12,1.12,1.12,1.12
2.0611733217729635,1.1876164612570734,9.511078023667178,0.03210785548932804,0.030160533807669254,0.025733868700925783,0.034974183835665695,0.0298394661923308,0.00426613129907423,1.12,1.12,1.12,1.12
2.0603930689175933,1.187116370078498,9.512143107168379,0.03210784431661834,0.030160533806566026,0.025733873062568746,0.0349741950083754,0.029839466193434028,0.004266126937431267,1.12,1.12,1.12,1.12
2.0596129829252763,1.1866164257986165,9.513208315872738,0.03210783324650618,0.030160533805477174,0.025733877375054698,0.03497420607848756,0.02983946619452288,0.004266122624945315,1.12,1.12,1.12,1.12
2.0588330637949546,1.1861166284185687,9.514273649781218,0.03210782227805642,0.030160533804402867,0.02573388163892651,0.03497421704693732,0.029839466195597186,0.004266118361073504,1.12,1.12,1.12,1.12
2.0580533115255863,1.1856169779394825,9.515339108894652,0.03210781141034197,0.030160533803342826,0.025733885854721236,0.03497422791465177,0.029839466196657227,0.0042661141452787765,1.12,1.12,1.12,1.12
2.057273726116148,1.1851174743624784,9.516404693213742,0.032107800642444506,0.030160533802293055,0.02573389002296976,0.03497423868254923,0.029839466197707,0.004266109977030252,1.12,1.12,1.12,1.12
2.056494307565632,1.1846181176886659,9.517470402739063,0.03210778997345365,0.03016053380125261,0.025733894144197245,0.03497424935154009,0.029839466198747444,0.004266105855802768,1.12,1.12,1.12,1.12
2.0557150558730495,1.1841189079191483,9.518536237471073,0.03210777940246767,0.03016053380022149,0.025733898218922982,0.03497425992252606,0.029839466199778564,0.004266101781077031,1.12,1.12,1.12,1.12
2.054935971037426,1.183619845055021,9.519602197410094,0.03210776892859302,0.03016053379919964,0.025733902247660687,0.03497427039640072,0.029839466200800413,0.004266097752339326,1.12,1.12,1.12,1.12
2.0541570530578057,1.1831209290973679,9.520668282556338,0.032107758550943666,0.03016053379818684,0.025733906230918216,0.03497428077405007,0.029839466201813214,0.004266093769081797,1.12,1.12,1.12,1.12
2.0533783019332477,1.1826221600472675,9.521734492909886,0.032107748268641934,0.030160533797183087,0.02573391016919803,0.0349742910563518,0.029839466202816967,0.0042660898308019835,1.12,1.12,1.12,1.12
2.0525997176628272,1.1821235379057888,9.522800828470704,0.03210773808081879,0.030160533796188493,0.025733914062996965,0.03497430124417494,0.02983946620381156,0.004266085937003047,1.12,1.12,1.12,1.12
2.0518213002456367,1.181625062673993,9.52386728923864,0.0321077279866121,0.030160533795202726,0.025733917912806437,0.034974311338381636,0.029839466204797327,0.004266082087193576,1.12,1.12,1.12,1.12
2.0510430496807834,1.1811267343529328,9.52493387521342,0.03210771798516798,0.03016053379422584,0.025733921719112512,0.034974321339825754,0.029839466205774212,0.0042660782808875,1.12,1.12,1.12,1.12
2.0502649659673904,1.1806285529436533,9.526000586394664,0.03210770807564012,0.030160533793257838,0.025733925482395933,0.03497433124935362,0.029839466206742216,0.004266074517604079,1.12,1.12,1.12,1.12
2.0494870491045947,1.1801305184471917,9.527067422781865,0.03210769825719001,0.03016053379229844,0.025733929203132166,0.03497434106780373,0.029839466207701615,0.004266070796867846,1.12,1.12,1.12,1.12
2.0487092990915534,1.179632630864577,9.528134384374415,0.03210768852898699,0.030160533791348032,0.02573393288179157,0.03497435079600675,0.02983946620865202,0.004266067118208441,1.12,1.12,1.12,1.12
2.047931715927432,1.1791348901968317,9.529201471171582,0.0321076788902076,0.03016053379040623,0.02573393651883943,0.034974360434786134,0.029839466209593823,0.004266063481160584,1.12,1.12,1.12,1.12
2.047154299611416,1.1786372964449687,9.530268683172533,0.03210766934003578,0.030160533789472976,0.025733940114735912,0.034974369984957954,0.029839466210527077,0.004266059885264101,1.12,1.12,1.12,1.12
2.0463770501427043,1.178139849609995,9.53133602037632,0.03210765987766312,0.030160533788548105,0.025733943669936282,0.03497437944733062,0.029839466211451948,0.0042660563300637305,1.12,1.12,1.12,1.12
2.04559996752051,1.1776425496929097,9.532403482781891,0.03210765050228881,0.030160533787632005,0.02573394718489093,0.03497438882270493,0.02983946621236805,0.004266052815109084,1.12,1.12,1.12,1.12
2.0448230517440593,1.177145396694705,9.533471070388083,0.032107641213118654,0.030160533786724286,0.025733950660045413,0.03497439811187508,0.029839466213275767,0.0042660493399546,1.12,1.12,1.12,1.12
2.0440463028125957,1.1766483906163636,9.534538783193625,0.032107632009366005,0.03016053378582484,0.02573395409584217,0.03497440731562773,0.029839466214175214,0.004266045904157842,1.12,1.12,1.12,1.12
2.0432697207253745,1.1761515314588635,9.53560662119714,0.03210762289025121,0.030160533784933663,0.02573395749277059,0.03497441643474253,0.02983946621506639,0.004266042507229423,1.12,1.12,1.12,1.12
2.042493305481668,1.1756548192231746,9.536674584397144,0.03210761385500133,0.030160533784050814,0.02573396085126249,0.03497442546999241,0.02983946621594924,0.0042660391487375215,1.12,1.12,1.12,1.12
2.041717057080762,1.175158253910257,9.537742672792042,0.03210760490285025,0.030160533783176235,0.02573396417174488,0.034974434422143486,0.029839466216823818,0.0042660358282551325,1.12,1.12,1.12,1.12
2.0409409755219556,1.1746618355210665,9.538810886380137,0.03210759603303909,0.030160533782309706,0.025733967454640183,0.03497444329195465,0.029839466217690347,0.00426603254535983,1.12,1.12,1.12,1.12
2.0401650608045627,1.1741655640565511,9.539879225159634,0.03210758724481533,0.030160533781451282,0.025733970700366204,0.03497445208017841,0.02983946621854877,0.004266029299633808,1.12,1.12,1.12,1.12
2.039389312927909,1.1736694395176515,9.540947689128634,0.0321075785374339,0.030160533780600907,0.025733973909336127,0.034974460787559836,0.029839466219399147,0.004266026090663885,1.12,1.12,1.12,1.12
2.0386137318913335,1.1731734619053023,9.542016278285152,0.03210756991015623,0.030160533779758525,0.02573397708195875,0.034974469414837506,0.02983946622024153,0.004266022918041262,1.12,1.12,1.12,1.12
2.0378383176941894,1.1726776312204314,9.543084992627088,0.03210756136225007,0.03016053377892397,0.02573398021863836,0.034974477962743666,0.029839466221076083,0.004266019781361652,1.12,1.12,1.12,1.12
2.0370630703358423,1.1721819474639585,9.54415383215226,0.032107552892990054,0.030160533778097243,0.025733983319774917,0.03497448643200368,0.02983946622190281,0.004266016680225096,1.12,1.12,1.12,1.12
2.0362879898156723,1.1716864106367983,9.545222796858383,0.03210754450165776,0.030160533777278342,0.025733986385763977,0.03497449482333598,0.02983946622272171,0.004266013614236036,1.12,1.12,1.12,1.12
2.0355130761330673,1.1711910207398597,9.546291886743084,0.0321075361875407,0.030160533776467047,0.02573398941699684,0.03497450313745304,0.029839466223533007,0.004266010583003174,1.12,1.12,1.12,1.12
2.0347383292874337,1.1706957777740432,9.547361101803888,0.0321075279499331,0.030160533775663467,0.025733992413860582,0.034974511375060635,0.029839466224336586,0.004266007586139431,1.12,1.12,1.12,1.12
2.0339637492781866,1.1702006817402433,9.548430442038235,0.0321075197881352,0.03016053377486755,0.02573399537673811,0.03497451953685854,0.029839466225132505,0.004266004623261904,1.12,1.12,1.12,1.12
2.0331893361047553,1.1697057326393492,9.549499907443472,0.03210751170145432,0.03016053377407929,0.025733998306008185,0.03497452762353942,0.029839466225920763,0.004266001693991828,1.12,1.12,1.12,1.12
2.032415089766579,1.1692109304722436,9.550569498016856,0.0321075036892034,0.03016053377329847,0.025734001202045595,0.03497453563579034,0.029839466226701583,0.004265998797954418,1.12,1.12,1.12,1.12
2.0316410102631104,1.1687162752398026,9.551639213755555,0.0321074957507016,0.030160533772524867,0.025734004065221,0.03497454357429214,0.029839466227475187,0.004265995934779013,1.12,1.12,1.12,1.12
2.030867097593815,1.1682217669428956,9.552709054656644,0.03210748788527473,0.030160533771758757,0.025734006895901204,0.034974551439719004,0.029839466228241296,0.004265993104098809,1.12,1.12,1.12,1.12
2.030093351758168,1.167727405582388,9.55377902071712,0.032107480092254004,0.030160533770999975,0.025734009694449028,0.03497455923273973,0.029839466229000078,0.004265990305550985,1.12,1.12,1.12,1.12
2.0293197727556573,1.1672331911591367,9.554849111933885,0.03210747237097711,0.030160533770248465,0.025734012461223546,0.03497456695401663,0.029839466229751588,0.004265987538776467,1.12,1.12,1.12,1.12
2.028546360585782,1.1667391236739941,9.555919328303764,0.03210746472078746,0.030160533769504005,0.02573401519658,0.03497457460420628,0.029839466230496048,0.0042659848034200115,1.12,1.12,1.12,1.12
2.027773115248053,1.1662452031278066,9.556989669823485,0.032107457141034634,0.030160533768766595,0.025734017900869932,0.0349745821839591,0.029839466231233458,0.004265982099130081,1.12,1.12,1.12,1.12
2.027000036741993,1.1657514295214146,9.558060136489704,0.032107449631074036,0.0301605337680364,0.025734020574441185,0.0349745896939197,0.02983946623196365,0.004265979425558827,1.12,1.12,1.12,1.12
2.0262271250671335,1.1652578028556537,9.559130728298992,0.03210744219026668,0.030160533767313147,0.02573402321763804,0.03497459713472706,0.029839466232686906,0.0042659767823619715,1.12,1.12,1.12,1.12
2.0254543802230187,1.1647643231313516,9.560201445247834,0.03210743481797934,0.03016053376659672,0.025734025830801116,0.034974604507014395,0.029839466233403333,0.004265974169198897,1.12,1.12,1.12,1.12
2.024681802209205,1.1642709903493325,9.561272287332635,0.032107427513584696,0.030160533765887176,0.02573402841426757,0.03497461181140904,0.029839466234112877,0.004265971585732442,1.12,1.12,1.12,1.12
2.0239093910252564,1.1637778045104141,9.56234325454972,0.03210742027646102,0.030160533765184572,0.025734030968371124,0.03497461904853272,0.02983946623481548,0.004265969031628888,1.12,1.12,1.12,1.12
2.02313714667075,1.1632847656154082,9.56341434689534,0.032107413105991855,0.03016053376448874,0.025734033493442013,0.03497462621900188,0.029839466235511314,0.004265966506558,1.12,1.12,1.12,1.12
2.022365069145273,1.1627918736651222,9.564485564365661,0.032107406001566585,0.030160533763799624,0.02573403598980717,0.03497463332342715,0.02983946623620043,0.004265964010192844,1.12,1.12,1.12,1.12
2.0215931584484217,1.162299128660358,9.56555690695677,0.032107398962580025,0.03016053376311706,0.025734038457790168,0.03497464036241371,0.029839466236882994,0.004265961542209845,1.12,1.12,1.12,1.12
2.020821414579805,1.1618065306019107,9.566628374664685,0.03210739198843238,0.03016053376244099,0.02573404089771124,0.03497464733656136,0.029839466237559065,0.004265959102288774,1.12,1.12,1.12,1.12
2.0200498375390405,1.1613140794905712,9.567699967485337,0.03210738507852923,0.030160533761771635,0.025734043310004243,0.03497465424646451,0.029839466238228418,0.00426595668999577,1.12,1.12,1.12,1.12
2.0192784273257596,1.1608217753271235,9.568771685414564,0.03210737823228005,0.03016053376110872,0.025734045695098573,0.03497466109271369,0.029839466238891332,0.00426595430490144,1.12,1.12,1.12,1.12
2.018507183939608,1.1603296181123448,9.569843528448093,0.032107371449098865,0.03016053376045219,0.02573404805333049,0.03497466787589487,0.029839466239547863,0.0042659519466695245,1.12,1.12,1.12,1.12
2.017736107380243,1.1598376078470047,9.570915496581577,0.03210736472840603,0.03016053375980199,0.02573405038468775,0.03497467459658771,0.029839466240198065,0.0042659496153122645,1.12,1.12,1.12,1.12
2.0169651976473193,1.1593457445318749,9.571987589810666,0.032107358069630554,0.030160533759158004,0.025734052689441525,0.03497468125536318,0.02983946624084205,0.004265947310558488,1.12,1.12,1.12,1.12
2.016194454740502,1.1588540281677215,9.573059808130962,0.032107351472206724,0.03016053375852018,0.025734054967887124,0.03497468785278701,0.029839466241479873,0.004265945032112889,1.12,1.12,1.12,1.12
2.015423878659463,1.1583624587553076,9.57413215153798,0.03210734493557377,0.030160533757888686,0.02573405722031638,0.03497469438941997,0.029839466242111368,0.004265942779683632,1.12,1.12,1.12,1.12
2.0146534694038882,1.1578710362953892,9.575204620027174,0.03210733845917629,0.03016053375726324,0.025734059447017912,0.03497470086581744,0.029839466242736812,0.0042659405529821,1.12,1.12,1.12,1.12
2.013883226973467,1.1573797607887197,9.576277213593935,0.03210733204246391,0.030160533756643904,0.025734061648277046,0.03497470728252983,0.02983946624335615,0.004265938351722967,1.12,1.12,1.12,1.12
2.013113151367902,1.1568886322360448,9.577349932233576,0.03210732568489083,0.030160533756030505,0.025734063824483552,0.034974713640102906,0.029839466243969548,0.00426593617551646,1.12,1.12,1.12,1.12
2.0123432425869066,1.1563976506381066,9.578422775941318,0.03210731938591577,0.030160533755423102,0.02573406597593074,0.03497471993907797,0.02983946624457695,0.004265934024069273,1.12,1.12,1.12,1.12
2.0115735006302042,1.1559068159956407,9.579495744712318,0.03210731314500187,0.03016053375482175,0.02573406810289637,0.034974726179991866,0.029839466245178303,0.004265931897103642,1.12,1.12,1.12,1.12
2.0108039254975267,1.1554161283093785,9.580568838541668,0.03210730696161734,0.030160533754226004,0.02573407020565506,0.03497473236337639,0.02983946624577405,0.0042659297943449526,1.12,1.12,1.12,1.12
2.0100345171886143,1.154925587580048,9.581642057424382,0.032107300835235,0.030160533753635865,0.02573407228447845,0.03497473848975874,0.029839466246364188,0.004265927715521561,1.12,1.12,1.12,1.12
2.009265275703217,1.1544351938083708,9.582715401355426,0.03210729476533297,0.030160533753051666,0.02573407433963512,0.034974744559660764,0.029839466246948387,0.0042659256603648915,1.12,1.12,1.12,1.12
2.0084962010410914,1.1539449469950644,9.583788870329695,0.032107288751393515,0.030160533752472907,0.025734076371390663,0.03497475057360022,0.029839466247527147,0.00426592362860935,1.12,1.12,1.12,1.12
2.007727293202006,1.1534548471408432,9.584862464342017,0.032107282792903924,0.030160533751899754,0.02573407838000777,0.03497475653208981,0.0298394662481003,0.004265921619992244,1.12,1.12,1.12,1.12
2.0069585521857336,1.1529648942464166,9.585936183387163,0.032107276889356384,0.030160533751332375,0.025734080365746176,0.03497476243563735,0.02983946624866768,0.004265919634253837,1.12,1.12,1.12,1.12
2.006189977992058,1.1524750883124886,9.58701002745984,0.03210727104024702,0.030160533750770324,0.02573408232886272,0.034974768284746716,0.02983946624922973,0.004265917671137293,1.12,1.12,1.12,1.12
2.0054215706207716,1.1519854293397598,9.5880839965547,0.03210726524507723,0.030160533750213825,0.025734084269611435,0.034974774079916504,0.02983946624978623,0.004265915730388578,1.12,1.12,1.12,1.12
2.004653330071671,1.1514959173289279,9.589158090666324,0.03210725950335247,0.03016053374966282,0.025734086188243493,0.034974779821641266,0.029839466250337232,0.004265913811756519,1.12,1.12,1.12,1.12
2.003885256344565,1.1510065522806832,9.59023230978924,0.03210725381458274,0.030160533749117147,0.02573408808500728,0.034974785510411,0.029839466250882907,0.004265911914992732,1.12,1.12,1.12,1.12
2.0031173494392696,1.150517334195715,9.59130665391792,0.03210724817828292,0.030160533748576634,0.025734089960148435,0.034974791146710815,0.02983946625142342,0.004265910039851578,1.12,1.12,1.12,1.12
2.0023496093556057,1.1500282630747063,9.592381123046774,0.032107242593971796,0.03016053374804134,0.025734091813909843,0.03497479673102194,0.029839466251958713,0.00426590818609017,1.12,1.12,1.12,1.12
2.0015820360934042,1.149539338918338,9.59345571717015,0.032107237061172966,0.030160533747511153,0.02573409364653169,0.03497480226382077,0.0298394662524889,0.004265906353468324,1.12,1.12,1.12,1.12
2.0008146296525053,1.1490505617272848,9.594530436282348,0.032107231579413975,0.03016053374698624,0.025734095458251435,0.03497480774557976,0.029839466253013813,0.0042659045417485775,1.12,1.12,1.12,1.12
2.0000473900327527,1.1485619315022195,9.595605280377608,0.03210722614822675,0.03016053374646621,0.025734097249304047,0.03497481317676698,0.029839466253533842,0.004265902750695966,1.12,1.12,1.12,1.12
1.9992803172340012,1.14807344824381,9.596680249450113,0.03210722076714795,0.0301605337459514,0.025734099019921644,0.03497481855784579,0.029839466254048652,0.004265900980078369,1.12,1.12,1.12,1.12
1.99851341125611,1.1475851119527207,9.597755343493992,0.03210721543571793,0.030160533745441587,0.025734100770333945,0.03497482388927581,0.029839466254558467,0.0042658992296660675,1.12,1.12,1.12,1.12
1.9977466720989483,1.1470969226296108,9.598830562503316,0.032107210153481225,0.030160533744936602,0.025734102500768102,0.03497482917151251,0.02983946625506345,0.00426589749923191,1.12,1.12,1.12,1.12
1.9969800997623908,1.1466088802751369,9.599905906472115,0.03210720491998659,0.03016053374443628,0.025734104211448547,0.03497483440500715,0.029839466255563774,0.004265895788551466,1.12,1.12,1.12,1.12
1.9962136942463204,1.1461209848899523,9.600981375394348,0.03210719973478737,0.030160533743940898,0.02573410590259738,0.034974839590206364,0.029839466256059155,0.004265894097402634,1.12,1.12,1.12,1.12
1.9954474555506252,1.1456332364747062,9.602056969263938,0.032107194597440325,0.030160533743450346,0.025734107574434242,0.03497484472755341,0.029839466256549707,0.00426589242556577,1.12,1.12,1.12,1.12
1.9946813836752018,1.1451456350300437,9.603132688074744,0.03210718950750657,0.030160533742964568,0.025734109227176227,0.034974849817487164,0.029839466257035485,0.0042658907728237855,1.12,1.12,1.12,1.12
1.9939154786199542,1.1446581805566058,9.604208531820577,0.03210718446455124,0.030160533742483342,0.025734110861037968,0.034974854860442495,0.02983946625751671,0.004265889138962045,1.12,1.12,1.12,1.12
1.9931497403847924,1.144170873055031,9.605284500495198,0.03210717946814312,0.03016053374200678,0.025734112476231807,0.034974859856850615,0.029839466257993275,0.004265887523768205,1.12,1.12,1.12,1.12
1.9923841689696318,1.143683712525954,9.606360594092322,0.03210717451785544,0.030160533741534823,0.025734114072967662,0.034974864807138295,0.02983946625846523,0.004265885927032351,1.12,1.12,1.12,1.12
1.9916187643743968,1.1431966989700062,9.60743681260561,0.032107169613264985,0.030160533741067252,0.025734115651453088,0.03497486971172875,0.0298394662589328,0.004265884348546925,1.12,1.12,1.12,1.12
1.9908535265990173,1.1427098323878144,9.60851315602867,0.03210716475395231,0.030160533740604067,0.025734117211893323,0.034974874571041425,0.029839466259395986,0.00426588278810669,1.12,1.12,1.12,1.12
1.9900884556434286,1.1422231127800027,9.60958962435507,0.03210715993950197,0.030160533740145212,0.02573411875449136,0.034974879385491764,0.02983946625985484,0.004265881245508654,1.12,1.12,1.12,1.12
1.989323551507575,1.1417365401471922,9.610666217578327,0.03210715516950252,0.030160533739690687,0.025734120279447895,0.034974884155491215,0.029839466260309366,0.004265879720552118,1.12,1.12,1.12,1.12
1.988558814191405,1.1412501144900007,9.611742935691902,0.03210715044354617,0.03016053373924077,0.025734121786961328,0.03497488888144756,0.029839466260759284,0.004265878213038685,1.12,1.12,1.12,1.12
1.9877942436948741,1.140763835809041,9.612819778689229,0.03210714576122836,0.030160533738795015,0.025734123277227905,0.034974893563765375,0.02983946626120504,0.004265876722772108,1.12,1.12,1.12,1.12
1.9870298400179451,1.1402777041049237,9.613896746563672,0.032107141122151406,0.030160533738353368,0.02573412475039996,0.03497489820284233,0.029839466261646685,0.004265875249600051,1.12,1.12,1.12,1.12
1.9862656031605823,1.1397917193782583,9.61497383930858,0.03210713652595182,0.030160533737915884,0.025734126206830063,0.03497490279904192,0.02983946626208417,0.00426587379316995,1.12,1.12,1.12,1.12
1.9855015331227586,1.1393058816296493,9.616051056917257,0.032107131972248626,0.03016053373748251,0.025734127647081773,0.03497490735274511,0.029839466262517544,0.00426587235291824,1.12,1.12,1.12,1.12
1.9847376299044663,1.1388201908596916,9.61712839938283,0.032107127460653195,0.030160533737053186,0.025734129071216277,0.03497491186434054,0.029839466262946868,0.004265870928783735,1.12,1.12,1.12,1.12
1.9839738935057039,1.1383346470689764,9.61820586669842,0.03210712299077889,0.03016053373662808,0.025734130479299774,0.034974916334214845,0.029839466263371972,0.004265869520700238,1.12,1.12,1.12,1.12
1.9832103239264685,1.137849250258096,9.61928345885712,0.032107118562242076,0.030160533736206807,0.025734131871432878,0.03497492076275166,0.029839466263793246,0.004265868128567135,1.12,1.12,1.12,1.12
1.9824469211667641,1.1373640004276377,9.620361175852,0.03210711417466233,0.03016053373578942,0.02573413324773874,0.034974925150331404,0.029839466264210635,0.004265866752261274,1.12,1.12,1.12,1.12
1.9816836852265962,1.1368788975781903,9.621439017676103,0.03210710982766346,0.03016053373537597,0.025734134608355136,0.034974929497330276,0.02983946626462408,0.004265865391644877,1.12,1.12,1.12,1.12
1.980920616105976,1.1363939417103377,9.622516984322438,0.03210710552087204,0.030160533734966466,0.025734135953429493,0.0349749338041217,0.029839466265033587,0.004265864046570519,1.12,1.12,1.12,1.12
1.9801577138049191,1.135909132824662,9.623595075783978,0.0321071012539183,0.03016053373456079,0.025734137283115674,0.034974938071075434,0.029839466265439263,0.004265862716884339,1.12,1.12,1.12,1.12
1.9793949783234446,1.135424470921743,9.624673292053663,0.03210709702643583,0.030160533734158723,0.025734138597571857,0.03497494229855791,0.02983946626584133,0.004265861402428156,1.12,1.12,1.12,1.12
1.9786324096615795,1.1349399560021565,9.625751633124386,0.03210709283792751,0.030160533733760264,0.025734139897330546,0.03497494648706623,0.02983946626623979,0.0042658601026694665,1.12,1.12,1.12,1.12
1.9778700078193898,1.1344555880664586,9.626830098988744,0.03210708868805129,0.030160533733365413,0.02573414118675442,0.03497495063694245,0.02983946626663464,0.004265858813245593,1.12,1.12,1.12,1.12
1.977107772797053,1.1339713671151477,9.627908689638469,0.03210708457643263,0.030160533732974115,0.025734142469071755,0.034974954748561105,0.029839466267025938,0.004265857530928258,1.12,1.12,1.12,1.12
1.9763457045948503,1.133487293148669,9.62898740506451,0.03210708050267064,0.030160533732586314,0.02573414374185766,0.0349749588223231,0.02983946626741374,0.004265856258142353,1.12,1.12,1.12,1.12
1.9755838032129873,1.1330033661675056,9.630066245258392,0.03210707646638694,0.030160533732201678,0.02573414500340966,0.034974962858606795,0.029839466267798376,0.004265854996590351,1.12,1.12,1.12,1.12
1.974822068651616,1.13251958617217,9.631145210212072,0.03210707246722033,0.030160533731820593,0.025734146252538642,0.034974966857773404,0.02983946626817946,0.004265853747461371,1.12,1.12,1.12,1.12
1.9740605009108465,1.132035953163193,9.632224299917777,0.0321070685048222,0.03016053373144273,0.0257341474884248,0.034974970820171536,0.029839466268557324,0.004265852511575213,1.12,1.12,1.12,1.12
1.9732990999907682,1.131552467141118,9.633303514367942,0.03210706457885443,0.03016053373106803,0.025734148710522486,0.03497497474613931,0.029839466268932024,0.004265851289477526,1.12,1.12,1.12,1.12
1.9725378658914492,1.131069128106499,9.634382853555135,0.03210706068898661,0.030160533730696548,0.02573414991851082,0.034974978636007126,0.029839466269303505,0.004265850081489192,1.12,1.12,1.12,1.12
1.97177679861295,1.1305859360598935,9.635462317472006,0.0321070568348944,0.030160533730328398,0.025734151112188228,0.03497498249009934,0.029839466269671655,0.004265848887811785,1.12,1.12,1.12,1.12
1.9710158981553236,1.1301028910018618,9.636541906111246,0.03210705301625838,0.030160533729963246,0.02573415229137152,0.034974986308735356,0.029839466270036807,0.004265847708628492,1.12,1.12,1.12,1.12
1.970255164518616,1.129619992932969,9.637621619465598,0.032107049232764084,0.030160533729601258,0.025734153456053593,0.03497499009222965,0.029839466270398796,0.004265846543946419,1.12,1.12,1.12,1.12
1.9694945977028757,1.1291372418537775,9.638701457527805,0.03210704548410165,0.030160533729242323,0.025734154606295634,0.03497499384089209,0.02983946627075773,0.004265845393704379,1.12,1.12,1.12,1.12
1.968734197708151,1.1286546377648516,9.6397814202906,0.03210704176996404,0.030160533728886274,0.025734155742206763,0.0349749975550297,0.02983946627111378,0.00426584425779325,1.12,1.12,1.12,1.12
1.9679739645344938,1.1281721806667517,9.640861507746681,0.0321070380900475,0.030160533728533223,0.025734156863928978,0.034975001234946235,0.02983946627146683,0.004265843136071035,1.12,1.12,1.12,1.12
1.9672138981819622,1.1276898705600364,9.641941719888726,0.03210703444405033,0.030160533728183336,0.025734157971626676,0.034975004880943406,0.029839466271816717,0.004265842028373337,1.12,1.12,1.12,1.12
1.9664539986506175,1.1272077074452618,9.64302205670936,0.03210703083167388,0.030160533727836225,0.02573415906547881,0.03497500849331986,0.029839466272163828,0.004265840934521203,1.12,1.12,1.12,1.12
1.9656942659405283,1.1267256913229795,9.644102518201171,0.032107027252621156,0.030160533727492222,0.025734160145673146,0.03497501207237258,0.02983946627250783,0.004265839854326867,1.12,1.12,1.12,1.12
1.9649347000517676,1.1262438221937392,9.645183104356713,0.032107023706597626,0.030160533727151106,0.02573416121240253,0.03497501561839611,0.029839466272848947,0.004265838787597481,1.12,1.12,1.12,1.12
1.9641753009844167,1.1257621000580877,9.646263815168478,0.03210702019331085,0.0301605337268126,0.025734162265861782,0.03497501913168288,0.029839466273187454,0.004265837734138231,1.12,1.12,1.12,1.12
1.9634160687385593,1.1252805249165676,9.647344650628918,0.03210701671247046,0.03016053372647698,0.025734163306245866,0.03497502261252328,0.029839466273523074,0.004265836693754146,1.12,1.12,1.12,1.12
1.9626570033142892,1.1247990967697186,9.64842561073044,0.03210701326378801,0.03016053372614408,0.025734164333748324,0.03497502606120573,0.029839466273855975,0.004265835666251688,1.12,1.12,1.12,1.12
1.9618981047117061,1.1243178156180766,9.649506695465405,0.03210700984697745,0.030160533725814065,0.025734165348560267,0.034975029478016284,0.02983946627418599,0.0042658346514397455,1.12,1.12,1.12,1.12
1.9611393729309115,1.1238366814621763,9.650587904826123,0.03210700646175413,0.03016053372548666,0.025734166350869822,0.03497503286323961,0.029839466274513393,0.004265833649130191,1.12,1.12,1.12,1.12
1.960380807972018,1.1233556943025456,9.65166923880487,0.03210700310783576,0.030160533725161975,0.025734167340861674,0.03497503621715797,0.029839466274838078,0.004265832659138338,1.12,1.12,1.12,1.12
1.9596224098351411,1.1228748541397129,9.652750697393866,0.03210699978494247,0.030160533724839955,0.02573416831871668,0.03497503954005127,0.029839466275160098,0.004265831681283333,1.12,1.12,1.12,1.12
1.958864178520403,1.122394160974201,9.653832280585295,0.03210699649279558,0.030160533724520655,0.02573416928461207,0.034975042832198155,0.029839466275479398,0.0042658307153879416,1.12,1.12,1.12,1.12
1.9581061140279319,1.1219136148065307,9.654913988371302,0.032106993231314385,0.03016053372420391,0.02573417023872107,0.03497504609367935,0.029839466275796145,0.004265829761278941,1.12,1.12,1.12,1.12
1.957348216357859,1.1214332156372209,9.65599582074398,0.032106990000237146,0.030160533723889604,0.02573417118121274,0.03497504932475659,0.02983946627611045,0.004265828818787273,1.12,1.12,1.12,1.12
1.9565904855103242,1.1209529634667847,9.657077777695395,0.03210698679928975,0.030160533723577687,0.025734172112252374,0.03497505252570399,0.029839466276422366,0.004265827887747639,1.12,1.12,1.12,1.12
1.9558329214854706,1.120472858295736,9.658159859217564,0.032106983628200914,0.030160533723268323,0.02573417303200154,0.03497505569679282,0.02983946627673173,0.004265826967998473,1.12,1.12,1.12,1.12
1.9550755242834463,1.1199929001245834,9.659242065302468,0.03210698048670074,0.030160533722961513,0.025734173940618152,0.034975058838292994,0.02983946627703854,0.004265826059381861,1.12,1.12,1.12,1.12
1.9543182939044066,1.1195130889538332,9.660324395942057,0.03210697737452167,0.030160533722656924,0.02573417483825656,0.034975061950472064,0.02983946627734313,0.004265825161743453,1.12,1.12,1.12,1.12
1.953561230348508,1.1190334247839908,9.661406851128232,0.03210697429139825,0.030160533722354776,0.025734175725067684,0.03497506503359549,0.029839466277645277,0.004265824274932328,1.12,1.12,1.12,1.12
1.952804333615915,1.1185539076155553,9.662489430852872,0.032106971237066795,0.030160533722054905,0.025734176601199296,0.03497506808792694,0.029839466277945148,0.004265823398800717,1.12,1.12,1.12,1.12
1.9520476037067944,1.1180745374490284,9.663572135107815,0.03210696821126646,0.03016053372175742,0.025734177466795793,0.034975071113727274,0.029839466278242632,0.004265822533204219,1.12,1.12,1.12,1.12
1.9512910406213209,1.1175953142849049,9.664654963884862,0.03210696521373796,0.030160533721462324,0.025734178321998757,0.03497507411125578,0.02983946627853773,0.004265821678001255,1.12,1.12,1.12,1.12
1.9505346443596687,1.1171162381236799,9.665737917175786,0.03210696224422421,0.03016053372116928,0.025734179166946744,0.03497507708076952,0.029839466278830773,0.004265820833053269,1.12,1.12,1.12,1.12
1.9497784149220203,1.1166373089658441,9.66682099497232,0.03210695930247026,0.030160533720878457,0.02573418000177556,0.034975080022523475,0.029839466279121596,0.004265819998224452,1.12,1.12,1.12,1.12
1.949022352308562,1.1161585268118872,9.667904197266175,0.03210695638822336,0.03016053372058991,0.025734180826618297,0.034975082936770374,0.029839466279410143,0.004265819173381716,1.12,1.12,1.12,1.12
1.9482664565194818,1.115679891662297,9.668987524049026,0.03210695350123244,0.030160533720303362,0.025734181641605486,0.0349750858237613,0.02983946627969669,0.004265818358394527,1.12,1.12,1.12,1.12
1.947510727554973,1.1152014035175577,9.67007097531251,0.032106950641248966,0.03016053372001881,0.025734182446865247,0.03497508868374477,0.02983946627998124,0.004265817553134765,1.12,1.12,1.12,1.12
1.946755165415236,1.1147230623781517,9.671154551048254,0.03210694780802631,0.03016053371973637,0.02573418324252323,0.03497509151696743,0.029839466280263682,0.004265816757476781,1.12,1.12,1.12,1.12
1.9459997701004703,1.1142448682445603,9.672238251247832,0.03210694500132,0.03016053371945604,0.025734184028702867,0.03497509432367374,0.029839466280544014,0.004265815971297146,1.12,1.12,1.12,1.12
1.945244541610881,1.1137668211172613,9.6733220759028,0.03210694222088745,0.030160533719177485,0.02573418480552546,0.03497509710410629,0.02983946628082257,0.004265815194474554,1.12,1.12,1.12,1.12
1.9444894799466792,1.1132889209967314,9.67440602500469,0.03210693946648835,0.03016053371890115,0.025734185573110024,0.03497509985850539,0.029839466281098903,0.004265814426889988,1.12,1.12,1.12,1.12
1.9437345851080772,1.1128111678834443,9.675490098544996,0.03210693673788417,0.030160533718626592,0.02573418633157365,0.03497510258710956,0.02983946628137346,0.004265813668426363,1.12,1.12,1.12,1.12
1.9429798570952912,1.1123335617778725,9.676574296515199,0.03210693403483866,0.030160533718354032,0.025734187081031507,0.03497510529015507,0.02983946628164602,0.004265812918968506,1.12,1.12,1.12,1.12
1.942225295908542,1.1118561026804863,9.677658618906731,0.03210693135711756,0.030160533718083027,0.02573418782159677,0.03497510796787617,0.029839466281917026,0.004265812178403244,1.12,1.12,1.12,1.12
1.9414709015480534,1.1113787905917538,9.678743065711023,0.03210692870448861,0.030160533717814075,0.02573418855338079,0.03497511062050512,0.029839466282185978,0.004265811446619222,1.12,1.12,1.12,1.12
1.940716674014053,1.1109016255121413,9.679827636919462,0.032106926076721276,0.030160533717546956,0.025734189276493125,0.03497511324827246,0.029839466282453098,0.004265810723506888,1.12,1.12,1.12,1.12
1.93996261330677,1.1104246074421138,9.680912332523413,0.03210692347358757,0.030160533717281557,0.02573418999104171,0.03497511585140617,0.029839466282718496,0.004265810008958301,1.12,1.12,1.12,1.12
1.9392087194264391,1.1099477363821337,9.681997152514223,0.03210692089486106,0.030160533717017768,0.025734190697132717,0.03497511843013268,0.029839466282982285,0.004265809302867296,1.12,1.12,1.12,1.12
1.9384549923732983,1.109471012332661,9.683082096883206,0.0321069183403172,0.030160533716755755,0.02573419139487071,0.03497512098467653,0.029839466283244298,0.004265808605129304,1.12,1.12,1.12,1.12
1.9377014321475874,1.1089944352941552,9.684167165621655,0.032106915809733905,0.030160533716495297,0.025734192084358717,0.03497512351525983,0.029839466283504756,0.004265807915641295,1.12,1.12,1.12,1.12
1.9369480387495503,1.1085180052670733,9.68525235872084,0.03210691330289056,0.030160533716236615,0.025734192765698202,0.034975126022103176,0.02983946628376344,0.0042658072343018105,1.12,1.12,1.12,1.12
1.936194812179434,1.1080417222518715,9.686337676172005,0.032106910819568624,0.030160533715979543,0.025734193438989222,0.03497512850542511,0.02983946628402051,0.00426580656101079,1.12,1.12,1.12,1.12
1.935441752437489,1.1075655862490015,9.687423117966372,0.032106908359551656,0.03016053371572397,0.0257341941043302,0.03497513096544208,0.029839466284276084,0.004265805895669814,1.12,1.12,1.12,1.12
1.9346888595239673,1.107089597258917,9.688508684095142,0.03210690592262505,0.030160533715469784,0.025734194761818416,0.034975133402368686,0.02983946628453027,0.004265805238181597,1.12,1.12,1.12,1.12
1.9339361334391256,1.1066137552820674,9.68959437454949,0.032106903508575646,0.030160533715217264,0.025734195411549587,0.03497513581641809,0.02983946628478279,0.004265804588450425,1.12,1.12,1.12,1.12
1.9331835741832224,1.1061380603189013,9.69068018932057,0.032106901117192777,0.03016053371496613,0.02573419605361811,0.03497513820780096,0.029839466285033922,0.004265803946381902,1.12,1.12,1.12,1.12
1.93243118175652,1.1056625123698662,9.691766128399518,0.032106898748267554,0.030160533714716442,0.025734196688117064,0.03497514057672618,0.02983946628528361,0.004265803311882949,1.12,1.12,1.12,1.12
1.9316789561592835,1.1051871114354068,9.692852191777442,0.032106896401592644,0.030160533714468085,0.025734197315138332,0.03497514292340109,0.029839466285531968,0.00426580268486168,1.12,1.12,1.12,1.12
1.9309268973917804,1.1047118575159665,9.69393837944543,0.0321068940769626,0.030160533714221283,0.025734197934772482,0.034975145248031136,0.02983946628577877,0.004265802065227531,1.12,1.12,1.12,1.12
1.9301750054542812,1.104236750611987,9.695024691394556,0.03210689177417397,0.03016053371397548,0.025734198547108844,0.03497514755081976,0.029839466286024574,0.004265801452891169,1.12,1.12,1.12,1.12
1.929423280347058,1.1037617907239108,9.696111127615863,0.03210688949302504,0.03016053371373123,0.025734199152235626,0.0349751498319687,0.029839466286268823,0.004265800847764387,1.12,1.12,1.12,1.12
1.928671722070388,1.1032869778521746,9.697197688100381,0.03210688723331595,0.030160533713488147,0.0257341997502398,0.034975152091677786,0.029839466286511906,0.004265800249760213,1.12,1.12,1.12,1.12
1.9279203306245494,1.1028123119972169,9.698284372839119,0.032106884994848484,0.030160533713246396,0.025734200341207186,0.03497515433014525,0.029839466286753658,0.0042657996587928265,1.12,1.12,1.12,1.12
1.9271691060098235,1.102337793159473,9.699371181823064,0.03210688277742646,0.030160533713005866,0.02573420092522251,0.03497515654756728,0.029839466286994187,0.004265799074777504,1.12,1.12,1.12,1.12
1.9264180482264934,1.101863421339378,9.700458115043183,0.032106880580854924,0.030160533712766446,0.02573420150236934,0.03497515874413881,0.029839466287233607,0.004265798497630674,1.12,1.12,1.12,1.12
1.9256671572748467,1.1013891965373646,9.701545172490428,0.03210687840494142,0.030160533712528248,0.02573420207273014,0.03497516092005232,0.029839466287471805,0.004265797927269874,1.12,1.12,1.12,1.12
1.9249164331551711,1.1009151187538648,9.702632354155728,0.032106876249494654,0.030160533712291104,0.025734202636386413,0.03497516307549908,0.02983946628770895,0.004265797363613599,1.12,1.12,1.12,1.12
1.9241658758677596,1.1004411879893075,9.70371966002999,0.03210687411432528,0.03016053371205507,0.02573420319341846,0.03497516521066846,0.029839466287944982,0.004265796806581554,1.12,1.12,1.12,1.12
1.9234154854129046,1.0999674042441225,9.704807090104113,0.03210687199924561,0.030160533711820148,0.025734203743905726,0.034975167325748124,0.029839466288179906,0.004265796256094287,1.12,1.12,1.12,1.12
1.922665261790903,1.0994937675187362,9.70589464436897,0.03210686990406958,0.03016053371158639,0.025734204287926526,0.03497516942092416,0.029839466288413663,0.004265795712073486,1.12,1.12,1.12,1.12
1.9219152050020527,1.0990202778135751,9.706982322815417,0.03210686782861277,0.030160533711353632,0.025734204825558174,0.03497517149638096,0.02983946628864642,0.004265795174441839,1.12,1.12,1.12,1.12
1.9211653150466566,1.0985469351290633,9.708070125434293,0.03210686577269267,0.030160533711121817,0.025734205356876982,0.034975173552301064,0.029839466288878236,0.00426579464312303,1.12,1.12,1.12,1.12
1.920415591925017,1.0980737394656237,9.70915805221642,0.03210686373612831,0.03016053371089089,0.025734205881958364,0.034975175588865426,0.029839466289109162,0.004265794118041649,1.12,1.12,1.12,1.12
1.9196660356374395,1.0976006908236782,9.7102461031526,0.032106861718740054,0.030160533710660964,0.025734206400892995,0.03497517760625368,0.02983946628933909,0.004265793599107018,1.12,1.12,1.12,1.12
1.9189166461842326,1.0971277892036475,9.71133427823362,0.032106859720350434,0.030160533710431814,0.025734206913806373,0.0349751796046433,0.02983946628956824,0.004265793086193639,1.12,1.12,1.12,1.12
1.91816742356571,1.0966550346059492,9.712422577450234,0.0321068577407832,0.03016053371020383,0.02573420742076661,0.034975181584210535,0.029839466289796224,0.004265792579233402,1.12,1.12,1.12,1.12
1.9174183677821839,1.096182427031001,9.713511000793176,0.032106855779863275,0.03016053370997651,0.025734207921841196,0.03497518354513046,0.029839466290023542,0.004265792078158817,1.12,1.12,1.12,1.12
1.9166694788339727,1.0957099664792165,9.714599548253176,0.03210685383741729,0.03016053370974997,0.02573420841709681,0.03497518548757644,0.029839466290250083,0.004265791582903203,1.12,1.12,1.12,1.12
1.9159207567213934,1.0952376529510124,9.715688219820933,0.03210685191327395,0.03016053370952443,0.025734208906599373,0.03497518741171979,0.029839466290475625,0.004265791093400639,1.12,1.12,1.12,1.12
1.9151722014447676,1.0947654864468004,9.716777015487148,0.03210685000726293,0.030160533709299553,0.02573420939041403,0.034975189317730804,0.0298394662907005,0.004265790609585984,1.12,1.12,1.12,1.12
1.914423813004418,1.0942934669669928,9.717865935242497,0.03210684811921599,0.03016053370907551,0.02573420986860535,0.034975191205777745,0.029839466290924543,0.0042657901313946645,1.12,1.12,1.12,1.12
1.9136755914006685,1.0938215945120013,9.718954979077646,0.032106846248966314,0.030160533708852078,0.02573421034123706,0.03497519307602742,0.029839466291147976,0.004265789658762953,1.12,1.12,1.12,1.12
1.9129275366338447,1.0933498690822352,9.720044146983238,0.032106844396348366,0.030160533708629367,0.025734210808372238,0.03497519492864537,0.029839466291370687,0.004265789191627775,1.12,1.12,1.12,1.12
1.9121796487042766,1.0928782906781025,9.721133438949913,0.03210684256119817,0.030160533708407433,0.02573421127007325,0.03497519676379557,0.02983946629159262,0.004265788729926764,1.12,1.12,1.12,1.12
1.9114319276122924,1.0924068593000118,9.72222285496829,0.032106840743353626,0.030160533708185944,0.02573421172640175,0.03497519858164011,0.02983946629181411,0.004265788273598262,1.12,1.12,1.12,1.12
1.910684373358226,1.0919355749483683,9.723312395028975,0.03210683894265387,0.030160533707965065,0.025734212177418753,0.034975200382339866,0.02983946629203499,0.00426578782258126,1.12,1.12,1.12,1.12
1.9099369859424091,1.0914644376235783,9.724402059122566,0.032106837158939416,0.030160533707744852,0.025734212623184552,0.03497520216605432,0.0298394662922552,0.004265787376815461,1.12,1.12,1.12,1.12
1.9091897653651806,1.0909934473260454,9.725491847239638,0.032106835392052724,0.030160533707525417,0.025734213063758796,0.03497520393294101,0.029839466292474637,0.004265786936241217,1.12,1.12,1.12,1.12
1.9084427116268747,1.0905226040561729,9.726581759370758,0.03210683364183692,0.03016053370730626,0.025734213499200465,0.03497520568315682,0.029839466292693795,0.004265786500799548,1.12,1.12,1.12,1.12
1.9076958247278317,1.0900519078143631,9.72767179550648,0.032106831908137234,0.0301605337070876,0.02573421392956783,0.0349752074168565,0.029839466292912453,0.0042657860704321815,1.12,1.12,1.12,1.12
1.906949104668394,1.0895813586010163,9.728761955637339,0.032106830190800406,0.030160533706869663,0.025734214354918683,0.03497520913419333,0.02983946629313039,0.00426578564508133,1.12,1.12,1.12,1.12
1.9062025514489034,1.0891109564165333,9.72985223975387,0.032106828489674055,0.03016053370665217,0.025734214775309988,0.03497521083531968,0.029839466293347883,0.004265785224690025,1.12,1.12,1.12,1.12
1.9054561650697044,1.0886407012613126,9.730942647846579,0.032106826804607524,0.030160533706435178,0.02573421519079816,0.03497521252038621,0.029839466293564876,0.004265784809201853,1.12,1.12,1.12,1.12
1.9047099455311427,1.0881705931357513,9.732033179905974,0.03210682513545138,0.030160533706218406,0.025734215601438945,0.03497521418954236,0.029839466293781647,0.004265784398561068,1.12,1.12,1.12,1.12
1.9039638928335667,1.0877006320402474,9.733123835922536,0.03210682348205801,0.030160533706002246,0.025734216007287508,0.034975215842935725,0.029839466293997807,0.004265783992712505,1.12,1.12,1.12,1.12
1.9032180069773255,1.0872308179751962,9.734214615886748,0.032106821844280375,0.030160533705786363,0.025734216408398417,0.03497521748071336,0.02983946629421369,0.004265783591601596,1.12,1.12,1.12,1.12
1.9024722879627705,1.0867611509409927,9.735305519789073,0.03210682022197353,0.030160533705570813,0.02573421680482557,0.034975219103020205,0.02983946629442924,0.004265783195174441,1.12,1.12,1.12,1.12
1.901726735790254,1.0862916309380304,9.736396547619961,0.03210681861499348,0.030160533705355486,0.025734217196622305,0.034975220710000254,0.029839466294644568,0.004265782803377707,1.12,1.12,1.12,1.12
1.9009813504601316,1.0858222579667025,9.737487699369852,0.0321068170231979,0.030160533705140546,0.025734217583841368,0.03497522230179584,0.029839466294859507,0.004265782416158645,1.12,1.12,1.12,1.12
1.900236131972757,1.0853530320274014,9.738578975029176,0.03210681544644539,0.03016053370492605,0.02573421796653494,0.034975223878548345,0.029839466295074002,0.004265782033465074,1.12,1.12,1.12,1.12
1.8994910803284897,1.084883953120517,9.739670374588348,0.03210681388459591,0.030160533704711723,0.02573421834475456,0.03497522544039783,0.02983946629528833,0.004265781655245451,1.12,1.12,1.12,1.12
1.8987461955276885,1.0844150212464394,9.740761898037777,0.03210681233751106,0.030160533704497783,0.02573421871855122,0.03497522698748268,0.02983946629550227,0.004265781281448791,1.12,1.12,1.12,1.12
1.898001477570712,1.0839462364055585,9.74185354536785,0.032106810805053176,0.030160533704283843,0.025734219087975407,0.03497522851994056,0.02983946629571621,0.004265780912024605,1.12,1.12,1.12,1.12
1.897256926457925,1.0834775985982614,9.742945316568951,0.03210680928708676,0.030160533704070402,0.025734219453076926,0.03497523003790698,0.02983946629592965,0.004265780546923087,1.12,1.12,1.12,1.12
1.8965125421896887,1.0830091078249362,9.744037211631463,0.03210680778347641,0.030160533703856962,0.0257342198139051,0.034975231541517326,0.02983946629614309,0.004265780186094914,1.12,1.12,1.12,1.12
1.8957683247663688,1.0825407640859692,9.745129230545732,0.0321068062940888,0.030160533703643688,0.025734220170508693,0.03497523303090494,0.029839466296356365,0.00426577982949132,1.12,1.12,1.12,1.12
1.8950242741883319,1.082072567381745,9.746221373302117,0.03210680481879141,0.03016053370343047,0.02573422052293596,0.034975234506202324,0.029839466296569583,0.004265779477064052,1.12,1.12,1.12,1.12
1.8942803904559469,1.0816045177126483,9.74731363989095,0.03210680335745325,0.03016053370321753,0.025734220871234573,0.034975235967540486,0.029839466296782524,0.00426577912876544,1.12,1.12,1.12,1.12
1.8935366735695809,1.0811366150790636,9.748406030302561,0.03210680190994436,0.03016053370300481,0.02573422121545163,0.034975237415049376,0.029839466296995243,0.0042657787845483824,1.12,1.12,1.12,1.12
1.8927931235296065,1.0806688594813723,9.749498544527274,0.032106800476136066,0.030160533702792258,0.025734221555633846,0.03497523884885767,0.029839466297207795,0.004265778444366167,1.12,1.12,1.12,1.12
1.892049740336394,1.0802012509199572,9.75059118255539,0.03210679905590069,0.03016053370257965,0.025734221891827266,0.034975240269093044,0.029839466297420403,0.004265778108172746,1.12,1.12,1.12,1.12
1.8913065239903177,1.0797337893951995,9.751683944377215,0.03210679764911195,0.030160533702366932,0.025734222224077508,0.034975241675881785,0.02983946629763312,0.004265777775922505,1.12,1.12,1.12,1.12
1.8905634744917528,1.079266474907478,9.752776829983025,0.03210679625564489,0.030160533702154435,0.025734222552429548,0.03497524306934885,0.029839466297845618,0.004265777447570465,1.12,1.12,1.12,1.12
1.8898205918410746,1.0787993074571738,9.753869839363109,0.03210679487537521,0.030160533701941827,0.025734222876928114,0.034975244449618526,0.029839466298058226,0.004265777123071898,1.12,1.12,1.12,1.12
1.8890778760386615,1.0783322870446634,9.754962972507725,0.03210679350818002,0.03016053370172922,0.025734223197617173,0.034975245816813716,0.029839466298270834,0.00426577680238284,1.12,1.12,1.12,1.12
1.8883353270848902,1.077865413670326,9.756056229407136,0.0321067921539378,0.030160533701516445,0.02573422351454037,0.034975247171055934,0.029839466298483608,0.004265776485459644,1.12,1.12,1.12,1.12
1.8875929449801423,1.077398687334539,9.757149610051593,0.03210679081252793,0.030160533701303893,0.025734223827740807,0.034975248512465806,0.02983946629869616,0.004265776172259206,1.12,1.12,1.12,1.12
1.8868507297247985,1.076932108037676,9.758243114431332,0.03210678948383067,0.03016053370109134,0.02573422413726105,0.03497524984116307,0.029839466298908712,0.004265775862738963,1.12,1.12,1.12,1.12
1.8861086813192423,1.0764656757801139,9.759336742536581,0.03210678816772772,0.030160533700878567,0.025734224443143286,0.03497525115726602,0.029839466299121487,0.004265775556856727,1.12,1.12,1.12,1.12
1.8853667997638555,1.0759993905622272,9.760430494357562,0.03210678686410162,0.030160533700665737,0.025734224745429177,0.034975252460892114,0.029839466299334316,0.004265775254570836,1.12,1.12,1.12,1.12
1.884625085059025,1.0755332523843888,9.761524369884489,0.032106785572836305,0.030160533700452907,0.025734225044159897,0.03497525375215743,0.029839466299547146,0.004265774955840115,1.12,1.12,1.12,1.12
1.883883537205135,1.0750672612469718,9.762618369107559,0.03210678429381658,0.030160533700239744,0.025734225339376138,0.034975255031177155,0.02983946629976031,0.004265774660623875,1.12,1.12,1.12,1.12
1.8831421562025739,1.0746014171503484,9.763712492016973,0.032106783026928265,0.03016053370002658,0.025734225631122362,0.03497525629806547,0.02983946629997347,0.004265774368877651,1.12,1.12,1.12,1.12
1.8824009420517305,1.0741357200948902,9.764806738602907,0.03210678177205867,0.030160533699813197,0.02573422591944613,0.03497525755293507,0.029839466300186857,0.004265774080553883,1.12,1.12,1.12,1.12
1.8816598947529941,1.0736701700809668,9.765901108855541,0.032106780529095214,0.030160533699599645,0.025734226204386576,0.03497525879589852,0.029839466300400408,0.004265773795613437,1.12,1.12,1.12,1.12
1.8809190143067558,1.0732047671089484,9.766995602765036,0.03210677929792738,0.030160533699385872,0.02573422648598235,0.03497526002706636,0.02983946630061418,0.004265773514017662,1.12,1.12,1.12,1.12
1.8801783007134092,1.0727395111792033,9.768090220321549,0.03210677807844525,0.03016053369917182,0.02573422676427166,0.034975261246548484,0.029839466300828232,0.004265773235728354,1.12,1.12,1.12,1.12
1.879437753973347,1.0722744022921007,9.76918496151523,0.032106776870539755,0.030160533698957603,0.02573422703929236,0.03497526245445398,0.02983946630104245,0.004265772960707653,1.12,1.12,1.12,1.12
1.8786973740869628,1.071809440448007,9.770279826336214,0.032106775674102916,0.03016053369874322,0.025734227311081825,0.03497526365089082,0.029839466301256834,0.004265772688918187,1.12,1.12,1.12,1.12
1.8779571610546526,1.07134462564729,9.771374814774637,0.03210677448902788,0.030160533698528558,0.025734227579677,0.03497526483596586,0.029839466301471496,0.0042657724203230135,1.12,1.12,1.12,1.12
1.8772171148768138,1.0708799578903143,9.772469926820625,0.03210677331520878,0.030160533698313452,0.025734227845114463,0.034975266009784955,0.0298394663016866,0.00426577215488555,1.12,1.12,1.12,1.12
1.8764772355538448,1.0704154371774466,9.77356516246429,0.0321067721525406,0.030160533698098402,0.025734228107430368,0.03497526717245314,0.02983946630190165,0.004265771892569645,1.12,1.12,1.12,1.12
1.8757375230861417,1.0699510635090508,9.774660521695742,0.0321067710009193,0.030160533697882963,0.025734228366660464,0.03497526832407444,0.02983946630211709,0.004265771633339549,1.12,1.12,1.12,1.12
1.8749979774741068,1.0694868368854906,9.775756004505082,0.03210676986024191,0.03016053369766719,0.02573422862284004,0.034975269464751824,0.029839466302332862,0.0042657713771599715,1.12,1.12,1.12,1.12
1.8742585987181386,1.06902275730713,9.776851610882401,0.03210676873040619,0.030160533697451197,0.0257342288760041,0.03497527059458755,0.029839466302548856,0.004265771123995912,1.12,1.12,1.12,1.12
1.8735193868186415,1.0685588247743305,9.77794734081779,0.03210676761131098,0.030160533697234593,0.02573422912618714,0.034975271713682754,0.02983946630276546,0.004265770873812871,1.12,1.12,1.12,1.12
1.8727803417760158,1.0680950392874549,9.77904319430132,0.03210676650285632,0.030160533697017655,0.025734229373423387,0.034975272822137415,0.029839466302982398,0.004265770626576626,1.12,1.12,1.12,1.12
1.8720414635906657,1.0676314008468641,9.780139171323066,0.03210676540494262,0.030160533696800385,0.02573422961774656,0.03497527392005112,0.02983946630319967,0.004265770382253453,1.12,1.12,1.12,1.12
1.8713027522629977,1.067167909452918,9.781235271873088,0.03210676431747178,0.03016053369658278,0.02573422985919012,0.034975275007521955,0.029839466303417272,0.004265770140809894,1.12,1.12,1.12,1.12
1.8705642077934155,1.0667045651059779,9.78233149594145,0.032106763240346226,0.030160533696364678,0.02573423009778708,0.03497527608464751,0.029839466303635376,0.004265769902212932,1.12,1.12,1.12,1.12
1.8698258301823267,1.066241367806402,9.783427843518195,0.032106762173469416,0.030160533696146186,0.02573423033357014,0.03497527715152432,0.029839466303853868,0.004265769666429872,1.12,1.12,1.12,1.12
1.8690876194301382,1.06577831755455,9.784524314593368,0.03210676111674576,0.030160533695927305,0.025734230566571564,0.03497527820824797,0.029839466304072748,0.0042657694334284485,1.12,1.12,1.12,1.12
1.8683495755372594,1.0653154143507793,9.785620909157009,0.032106760070080786,0.030160533695708036,0.0257342307968233,0.03497527925491295,0.029839466304292017,0.004265769203176714,1.12,1.12,1.12,1.12
1.8676116985041,1.064852658195446,9.786717627199137,0.032106759033379895,0.030160533695488323,0.02573423102435686,0.03497528029161384,0.02983946630451173,0.004265768975643153,1.12,1.12,1.12,1.12
1.8668739883310679,1.0643900490889093,9.787814468709783,0.03210675800655072,0.03016053369526822,0.025734231249203515,0.03497528131844302,0.029839466304731832,0.0042657687507964975,1.12,1.12,1.12,1.12
1.866136445018577,1.0639275870315237,9.78891143367896,0.03210675698950061,0.03016053369504773,0.025734231471394184,0.03497528233549313,0.029839466304952322,0.004265768528605829,1.12,1.12,1.12,1.12
1.8653990685670374,1.0634652720236446,9.790008522096677,0.0321067559821383,0.030160533694826408,0.025734231690959314,0.034975283342855434,0.029839466305173645,0.004265768309040699,1.12,1.12,1.12,1.12
1.8646618589768629,1.0630031040656271,9.791105733952936,0.032106754984373376,0.03016053369460464,0.02573423190792913,0.03497528434062036,0.029839466305395412,0.004265768092070882,1.12,1.12,1.12,1.12
1.863924816248467,1.0625410831578264,9.792203069237734,0.03210675399611623,0.03016053369438254,0.02573423212233346,0.0349752853288775,0.029839466305617512,0.004265767877666554,1.12,1.12,1.12,1.12
1.8631879403822638,1.0620792093005957,9.793300527941064,0.03210675301727811,0.030160533694159775,0.025734232334201815,0.034975286307715625,0.02983946630584028,0.004265767665798198,1.12,1.12,1.12,1.12
1.86245123137867,1.061617482494288,9.79439811005291,0.03210675204777086,0.03016053369393662,0.0257342325435634,0.03497528727722288,0.029839466306063434,0.004265767456436614,1.12,1.12,1.12,1.12
1.8617146892381002,1.061155902739256,9.79549581556325,0.03210675108750738,0.03016053369371291,0.025734232750447075,0.03497528823748636,0.029839466306287143,0.0042657672495529375,1.12,1.12,1.12,1.12
1.8609783139609726,1.0606944700358518,9.79659364446205,0.03210675013640146,0.030160533693488756,0.025734232954881295,0.03497528918859227,0.029839466306511297,0.004265767045118718,1.12,1.12,1.12,1.12
1.8602421055477052,1.0602331843844262,9.797691596739282,0.03210674919436718,0.030160533693264047,0.0257342331568943,0.03497529013062656,0.029839466306736007,0.004265766843105714,1.12,1.12,1.12,1.12
1.8595060639987162,1.059772045785331,9.798789672384906,0.03210674826132004,0.030160533693038782,0.025734233356514008,0.0349752910636737,0.02983946630696127,0.004265766643486005,1.12,1.12,1.12,1.12
1.8587701893144235,1.0593110542389161,9.79988787138888,0.03210674733717572,0.030160533692812852,0.025734233553767985,0.034975291987818014,0.0298394663071872,0.004265766446232028,1.12,1.12,1.12,1.12
1.8580344814952499,1.0588502097455312,9.800986193741142,0.032106746421851295,0.030160533692586478,0.025734233748683513,0.03497529290314244,0.029839466307413576,0.0042657662513164996,1.12,1.12,1.12,1.12
1.8572989405416145,1.0583895123055242,9.802084639431643,0.03210674551526399,0.030160533692359326,0.0257342339412875,0.034975293809729746,0.029839466307640727,0.004265766058712511,1.12,1.12,1.12,1.12
1.8565635664539393,1.0579289619192465,9.80318320845032,0.03210674461733237,0.030160533692131675,0.025734234131606637,0.034975294707661364,0.02983946630786838,0.004265765868393376,1.12,1.12,1.12,1.12
1.8558283592326477,1.0574685585870431,9.804281900787107,0.03210674372797523,0.030160533691903302,0.025734234319667273,0.03497529559701851,0.02983946630809675,0.004265765680332739,1.12,1.12,1.12,1.12
1.8550933188781613,1.057008302309264,9.805380716431925,0.03210674284711257,0.030160533691674374,0.025734234505495418,0.03497529647788117,0.02983946630832568,0.004265765494504595,1.12,1.12,1.12,1.12
1.854358445390905,1.0565481930862552,9.806479655374702,0.03210674197466473,0.03016053369144478,0.025734234689116953,0.034975297350329004,0.029839466308555274,0.00426576531088306,1.12,1.12,1.12,1.12
1.853623738771303,1.0560882309183632,9.807578717605349,0.032106741110553116,0.03016053369121463,0.02573423487055726,0.03497529821444062,0.029839466308785423,0.004265765129442753,1.12,1.12,1.12,1.12
1.85288919901978,1.0556284158059344,9.80867790311378,0.03210674025469967,0.030160533690983538,0.025734235049841542,0.034975299070294064,0.029839466309016516,0.004265764950158471,1.12,1.12,1.12,1.12
1.8521548261367629,1.0551687477493128,9.809777211889903,0.03210673940702702,0.03016053369075178,0.02573423522699468,0.03497529991796672,0.029839466309248275,0.004265764773005332,1.12,1.12,1.12,1.12
1.8514206201226782,1.0547092267488454,9.810876643923612,0.032106738567458715,0.03016053369051963,0.025734235402041367,0.03497530075753502,0.029839466309480422,0.004265764597958646,1.12,1.12,1.12,1.12
1.8506865809779525,1.0542498528048754,9.81197619920481,0.03210673773591882,0.03016053369028676,0.025734235575005912,0.034975301589074914,0.02983946630971329,0.004265764424994101,1.12,1.12,1.12,1.12
1.8499527087030139,1.0537906259177476,9.813075877723383,0.03210673691233207,0.030160533690053226,0.025734235745912354,0.03497530241266167,0.029839466309946827,0.004265764254087659,1.12,1.12,1.12,1.12
1.8492190032982927,1.053331546087804,9.81417567946922,0.03210673609662423,0.030160533689819136,0.025734235914784562,0.0349753032283695,0.029839466310180918,0.004265764085215451,1.12,1.12,1.12,1.12
1.8484854647642153,1.0528726133153894,9.815275604432202,0.03210673528872149,0.030160533689584323,0.025734236081646017,0.03497530403627225,0.02983946631041573,0.004265763918353996,1.12,1.12,1.12,1.12
1.8477520931012137,1.052413827600845,9.816375652602202,0.032106734488550503,0.030160533689348734,0.02573423624652002,0.03497530483644323,0.02983946631065132,0.0042657637534799925,1.12,1.12,1.12,1.12
1.8470188883097185,1.051955188944513,9.8174758239691,0.03210673369603889,0.03016053368911259,0.025734236409429553,0.034975305628954845,0.029839466310887464,0.004265763590570459,1.12,1.12,1.12,1.12
1.8462858503901591,1.0514966973467346,9.818576118522753,0.032106732911114766,0.0301605336888755,0.02573423657039739,0.03497530641387897,0.02983946631112455,0.004265763429602623,1.12,1.12,1.12,1.12
1.845552979342969,1.0510383528078513,9.819676536253032,0.032106732133707294,0.030160533688637692,0.025734236729445983,0.03497530719128644,0.02983946631136236,0.004265763270554029,1.12,1.12,1.12,1.12
1.8448202751685798,1.0505801553282035,9.82077707714979,0.032106731363745866,0.03016053368839916,0.025734236886597567,0.03497530796124787,0.029839466311600893,0.004265763113402446,1.12,1.12,1.12,1.12
1.8440877378674239,1.0501221049081315,9.821877741202888,0.03210673060116054,0.030160533688160074,0.025734237041874122,0.0349753087238332,0.02983946631183998,0.0042657629581258905,1.12,1.12,1.12,1.12
1.8433553674399368,1.0496642015479745,9.822978528402167,0.03210672984588242,0.03016053368792032,0.025734237195297396,0.034975309479111316,0.029839466312079732,0.004265762804702616,1.12,1.12,1.12,1.12
1.8426231638865502,1.0492064452480718,9.82407943873748,0.03210672909784279,0.030160533687679625,0.0257342373468889,0.034975310227150946,0.02983946631232043,0.004265762653111113,1.12,1.12,1.12,1.12
1.8418911272077,1.0487488360087627,9.825180472198662,0.03210672835697387,0.030160533687438207,0.025734237496669823,0.03497531096801987,0.029839466312561846,0.004265762503330189,1.12,1.12,1.12,1.12
1.841159257403822,1.048291373830384,9.826281628775552,0.0321067276232081,0.03016053368719601,0.025734237644661276,0.03497531170178564,0.02983946631280404,0.004265762355338737,1.12,1.12,1.12,1.12
1.8404275544753508,1.047834058713275,9.827382908457986,0.03210672689647914,0.03016053368695304,0.02573423779088392,0.03497531242851459,0.029839466313047014,0.004265762209116092,1.12,1.12,1.12,1.12
1.839696018422724,1.047376890657772,9.828484311235789,0.032106726176720835,0.03016053368670929,0.02573423793535834,0.0349753131482729,0.029839466313290763,0.004265762064641673,1.12,1.12,1.12,1.12
1.8389646492463774,1.046919869664213,9.82958583709879,0.03210672546386795,0.030160533686464985,0.025734238078104807,0.03497531386112579,0.029839466313535068,0.004265761921895206,1.12,1.12,1.12,1.12
1.8382334469467492,1.046462995732933,9.830687486036803,0.032106724757855365,0.030160533686219904,0.025734238219143377,0.03497531456713837,0.02983946631378015,0.004265761780856636,1.12,1.12,1.12,1.12
1.8375024115242775,1.0460062688642695,9.831789258039649,0.03210672405861925,0.0301605336859741,0.02573423835849399,0.034975315266374485,0.029839466314025953,0.004265761641506022,1.12,1.12,1.12,1.12
1.8367715429793998,1.0455496890585576,9.832891153097146,0.03210672336609538,0.03016053368572741,0.025734238496176218,0.034975315958898356,0.029839466314272645,0.004265761503823795,1.12,1.12,1.12,1.12
1.836040841312556,1.0450932563161324,9.833993171199094,0.03210672268022119,0.030160533685480106,0.02573423863220936,0.03497531664477255,0.029839466314519947,0.004265761367790652,1.12,1.12,1.12,1.12
1.8353103065241851,1.0446369706373284,9.835095312335307,0.032106722000933896,0.030160533685232027,0.025734238766612738,0.03497531732405984,0.029839466314768026,0.004265761233387275,1.12,1.12,1.12,1.12
1.834579938614728,1.0441808320224804,9.836197576495582,0.03210672132817166,0.030160533684983226,0.025734238899405196,0.034975317996822075,0.029839466315016827,0.004265761100594817,1.12,1.12,1.12,1.12
1.8338497375846239,1.043724840471922,9.837299963669718,0.0321067206618732,0.030160533684733648,0.025734239030605552,0.034975318663120536,0.029839466315266405,0.004265760969394461,1.12,1.12,1.12,1.12
1.8331197034343152,1.0432689959859864,9.838402473847513,0.03210672000197784,0.030160533684483126,0.025734239160232347,0.034975319323015897,0.029839466315516927,0.0042657608397676655,1.12,1.12,1.12,1.12
1.832389836164242,1.042813298565008,9.839505107018756,0.032106719348425294,0.030160533684231827,0.02573423928830386,0.03497531997656844,0.029839466315768226,0.004265760711696154,1.12,1.12,1.12,1.12
1.8316601357748468,1.0423577482093183,9.84060786317323,0.03210671870115589,0.030160533683979862,0.025734239414838184,0.03497532062383785,0.02983946631602019,0.004265760585161829,1.12,1.12,1.12,1.12
1.8309306022665728,1.0419023449192497,9.84171074230073,0.032106718060110395,0.03016053368372701,0.02573423953985325,0.03497532126488334,0.029839466316273044,0.004265760460146761,1.12,1.12,1.12,1.12
1.8302012356398614,1.0414470886951348,9.842813744391027,0.03210671742523036,0.0301605336834736,0.025734239663366784,0.03497532189976338,0.029839466316526453,0.004265760336633229,1.12,1.12,1.12,1.12
1.8294720358951566,1.0409919795373048,9.843916869433908,0.03210671679645777,0.030160533683219304,0.025734239785396268,0.03497532252853597,0.02983946631678075,0.004265760214603745,1.12,1.12,1.12,1.12
1.8287430030329022,1.0405370174460913,9.845020117419143,0.03210671617373523,0.030160533682964286,0.02573423990595905,0.03497532315125851,0.029839466317035768,0.004265760094040963,1.12,1.12,1.12,1.12
1.8280141370535423,1.0400822024218235,9.8461234883365,0.03210671555700578,0.03016053368270838,0.025734240025072186,0.034975323767987954,0.029839466317291674,0.004265759974927827,1.12,1.12,1.12,1.12
1.8272854379575216,1.0396275344648338,9.847226982175755,0.032106714946212866,0.030160533682451862,0.025734240142752607,0.03497532437878087,0.02983946631754819,0.004265759857247406,1.12,1.12,1.12,1.12
1.8265569057452848,1.0391730135754507,9.848330598926665,0.032106714341300524,0.030160533682194623,0.025734240259017063,0.03497532498369321,0.02983946631780543,0.0042657597409829495,1.12,1.12,1.12,1.12
1.8258285404172785,1.0387186397540045,9.849434338579,0.032106713742213466,0.030160533681936608,0.025734240373882042,0.03497532558278027,0.029839466318063446,0.004265759626117971,1.12,1.12,1.12,1.12
1.8251003419739469,1.0382644130008245,9.850538201122514,0.03210671314889685,0.030160533681677648,0.02573424048736392,0.03497532617609689,0.029839466318322405,0.004265759512636094,1.12,1.12,1.12,1.12
1.8243723104157379,1.0378103333162387,9.85164218654696,0.03210671256129605,0.030160533681417967,0.025734240599478833,0.03497532676369769,0.029839466318582086,0.00426575940052118,1.12,1.12,1.12,1.12
1.8236444457430967,1.0373564007005762,9.852746294842097,0.032106711979357216,0.030160533681157453,0.0257342407102428,0.03497532734563652,0.0298394663188426,0.004265759289757212,1.12,1.12,1.12,1.12
1.822916747956471,1.0369026151541654,9.853850525997677,0.03210671140302718,0.030160533680896384,0.025734240819671614,0.03497532792196656,0.02983946631910367,0.004265759180328399,1.12,1.12,1.12,1.12
1.822189217056308,1.0364489766773344,9.85495488000344,0.03210671083225275,0.03016053368063437,0.02573424092778087,0.03497532849274099,0.02983946631936568,0.004265759072219141,1.12,1.12,1.12,1.12
1.821461853043057,1.035995485270409,9.856059356849139,0.032106710266981864,0.03016053368037175,0.025734241034585964,0.03497532905801187,0.029839466319628305,0.004265758965414049,1.12,1.12,1.12,1.12
1.8207346559171649,1.0355421409337175,9.857163956524507,0.03210670970716217,0.030160533680108292,0.025734241140102226,0.03497532961783156,0.02983946631989176,0.004265758859897786,1.12,1.12,1.12,1.12
1.8200076256790787,1.0350889436675867,9.858268679019286,0.03210670915274233,0.030160533679843837,0.025734241244344647,0.034975330172251407,0.029839466320156216,0.004265758755655366,1.12,1.12,1.12,1.12
1.8192807623292513,1.0346358934723419,9.859373524323217,0.03210670860367165,0.030160533679578605,0.025734241347328227,0.034975330721322084,0.02983946632042145,0.004265758652671786,1.12,1.12,1.12,1.12
1.8185540658681287,1.0341829903483104,9.860478492426033,0.032106708059899236,0.030160533679312707,0.025734241449067677,0.0349753312650945,0.029839466320687347,0.004265758550932336,1.12,1.12,1.12,1.12
1.8178275362961622,1.0337302342958175,9.861583583317458,0.0321067075213754,0.030160533679046142,0.02573424154957754,0.03497533180361834,0.02983946632095391,0.004265758450422472,1.12,1.12,1.12,1.12
1.8171011736138014,1.0332776253151879,9.862688796987229,0.03210670698804996,0.0301605336787788,0.02573424164887228,0.034975332336943776,0.029839466321221253,0.0042657583511277325,1.12,1.12,1.12,1.12
1.8163749778214973,1.032825163406747,9.863794133425067,0.0321067064598744,0.030160533678510792,0.025734241746966147,0.034975332865119335,0.02983946632148926,0.004265758253033866,1.12,1.12,1.12,1.12
1.8156489489196996,1.0323728485708195,9.864899592620695,0.03210670593679982,0.030160533678242174,0.0257342418438732,0.03497533338819392,0.02983946632175788,0.004265758156126814,1.12,1.12,1.12,1.12
1.81492308690886,1.0319206808077295,9.866005174563842,0.03210670541877769,0.030160533677972667,0.025734241939607383,0.034975333906216044,0.029839466322027386,0.00426575806039263,1.12,1.12,1.12,1.12
1.8141973917894298,1.0314686601178005,9.86711087924422,0.032106704905760564,0.030160533677702384,0.025734242034182453,0.03497533441923317,0.02983946632229767,0.00426575796581756,1.12,1.12,1.12,1.12
1.8134718635618599,1.0310167865013575,9.868216706651546,0.03210670439770097,0.030160533677431323,0.02573424212761198,0.03497533492729277,0.02983946632256873,0.004265757872388032,1.12,1.12,1.12,1.12
1.8127465022266038,1.030565059958723,9.869322656775536,0.032106703894552,0.030160533677159596,0.02573424221990947,0.034975335430441734,0.029839466322840458,0.004265757780090543,1.12,1.12,1.12,1.12
1.812021307784113,1.0301134804902192,9.870428729605901,0.03210670339626692,0.030160533676887147,0.02573424231108816,0.034975335928726814,0.029839466323112906,0.004265757688911853,1.12,1.12,1.12,1.12
1.8112962802348402,1.0296620480961705,9.871534925132352,0.03210670290279999,0.030160533676614032,0.025734242401161234,0.03497533642219375,0.02983946632338602,0.004265757598838779,1.12,1.12,1.12,1.12
1.8105714195792377,1.0292107627768983,9.872641243344598,0.03210670241410518,0.03016053367634014,0.025734242490141696,0.034975336910888555,0.029839466323659913,0.004265757509858317,1.12,1.12,1.12,1.12
1.80984672581776,1.0287596245327248,9.87374768423234,0.032106701930137704,0.03016053367606575,0.025734242578042354,0.03497533739485603,0.029839466323934305,0.004265757421957658,1.12,1.12,1.12,1.12
1.8091221989508608,1.0283086333639717,9.874854247785287,0.03210670145085254,0.03016053367579069,0.025734242664875964,0.0349753378741412,0.029839466324209363,0.0042657573351240485,1.12,1.12,1.12,1.12
1.8083978389789934,1.0278577892709595,9.875960933993134,0.032106700976205216,0.030160533675514745,0.02573424275065503,0.03497533834878852,0.02983946632448531,0.004265757249344984,1.12,1.12,1.12,1.12
1.8076736459026106,1.0274070922540113,9.87706774284558,0.032106700506151775,0.030160533675238244,0.025734242835391996,0.03497533881884196,0.02983946632476181,0.004265757164608017,1.12,1.12,1.12,1.12
1.8069496197221693,1.0269565423134461,9.878174674332328,0.032106700040648806,0.030160533674961076,0.025734242919099107,0.03497533928434493,0.029839466325038977,0.004265757080900906,1.12,1.12,1.12,1.12
1.8062257604381227,1.0265061394495854,9.87928172844307,0.0321066995796529,0.030160533674683354,0.025734243001788504,0.03497533974534084,0.0298394663253167,0.004265756998211509,1.12,1.12,1.12,1.12
1.805502068050926,1.026055883662749,9.880388905167502,0.03210669912312114,0.0301605336744048,0.025734243083472136,0.034975340201872596,0.029839466325595254,0.004265756916527877,1.12,1.12,1.12,1.12
1.8047785425610343,1.025605774953257,9.881496204495306,0.0321066986710114,0.030160533674125578,0.025734243164161896,0.034975340653982334,0.029839466325874475,0.0042657568358381165,1.12,1.12,1.12,1.12
1.8040551839689027,1.025155813321429,9.882603626416183,0.032106698223281493,0.030160533673845635,0.025734243243869484,0.03497534110171224,0.029839466326154418,0.004265756756130529,1.12,1.12,1.12,1.12
1.803331992274988,1.024705998767584,9.883711170919813,0.03210669777988984,0.030160533673565137,0.025734243322606515,0.0349753415451039,0.029839466326434916,0.004265756677393498,1.12,1.12,1.12,1.12
1.8026089674797459,1.0242563312920407,9.884818837995882,0.03210669734079513,0.030160533673283973,0.025734243400384466,0.034975341984198605,0.02983946632671608,0.004265756599615547,1.12,1.12,1.12,1.12
1.8018861095836325,1.0238068108951188,9.885926627634078,0.032106696905956744,0.03016053367300231,0.025734243477214577,0.03497534241903699,0.029839466326997743,0.0042657565227854355,1.12,1.12,1.12,1.12
1.8011634185871044,1.0233574375771364,9.887034539824084,0.03210669647533382,0.030160533672720036,0.025734243553108077,0.03497534284965992,0.029839466327280018,0.004265756446891936,1.12,1.12,1.12,1.12
1.8004408944906183,1.0229082113384116,9.888142574555575,0.03210669604888633,0.030160533672437206,0.025734243628076026,0.03497534327610741,0.029839466327562847,0.004265756371923987,1.12,1.12,1.12,1.12
1.7997185372946305,1.0224591321792618,9.889250731818231,0.032106695626574644,0.030160533672153766,0.025734243702129372,0.03497534369841909,0.029839466327846287,0.00426575629787064,1.12,1.12,1.12,1.12
1.7989963469995995,1.0220102001000053,9.890359011601731,0.03210669520835918,0.030160533671869716,0.025734243775278928,0.034975344116634555,0.029839466328130337,0.0042657562247210845,1.12,1.12,1.12,1.12
1.798274323605982,1.0215614151009589,9.891467413895748,0.032106694794201196,0.03016053367158511,0.02573424384753531,0.03497534453079254,0.029839466328414943,0.004265756152464703,1.12,1.12,1.12,1.12
1.797552467114236,1.0211127771824402,9.89257593868996,0.03210669438406172,0.030160533671300116,0.02573424391890912,0.03497534494093202,0.029839466328699937,0.0042657560810908934,1.12,1.12,1.12,1.12
1.796830777524819,1.0206642863447652,9.893684585974034,0.0321066939779025,0.030160533671014345,0.025734243989410863,0.034975345347091236,0.02983946632898571,0.00426575601058915,1.12,1.12,1.12,1.12
1.7961092548381892,1.0202159425882507,9.894793355737646,0.032106693575685685,0.030160533670728185,0.025734244059050795,0.03497534574930805,0.02983946632927187,0.004265755940949217,1.12,1.12,1.12,1.12
1.795387899054805,1.0197677459132135,9.895902247970465,0.03210669317737341,0.030160533670441525,0.025734244127839118,0.03497534614762032,0.02983946632955853,0.004265755872160895,1.12,1.12,1.12,1.12
1.7946667101751252,1.019319696319969,9.897011262662152,0.03210669278292877,0.03016053367015431,0.02573424419578596,0.03497534654206497,0.029839466329845743,0.0042657558042140525,1.12,1.12,1.12,1.12
1.7939456881996094,1.0188717938088323,9.89812039980238,0.032106692392314395,0.03016053366986665,0.02573424426290119,0.03497534693267934,0.029839466330133402,0.0042657557370988225,1.12,1.12,1.12,1.12
1.7932248331287146,1.0184240383801195,9.899229659380811,0.03210669200549393,0.030160533669578327,0.025734244329194758,0.034975347319499805,0.029839466330421727,0.004265755670805255,1.12,1.12,1.12,1.12
1.7925041449629011,1.0179764300341458,9.90033904138711,0.03210669162243113,0.030160533669289502,0.025734244394676378,0.03497534770256261,0.02983946633071055,0.0042657556053236345,1.12,1.12,1.12,1.12
1.7917836237026277,1.0175289687712263,9.901448545810936,0.03210669124308996,0.03016053366900029,0.02573424445935571,0.03497534808190378,0.029839466330999764,0.004265755540644303,1.12,1.12,1.12,1.12
1.791063269348355,1.017081654591675,9.902558172641955,0.032106690867434784,0.030160533668710743,0.025734244523242245,0.03497534845755895,0.02983946633128931,0.004265755476757768,1.12,1.12,1.12,1.12
1.7903430819005424,1.016634487495806,9.90366792186982,0.0321066904954303,0.03016053366842064,0.025734244586345406,0.034975348829563435,0.029839466331579412,0.004265755413654607,1.12,1.12,1.12,1.12
1.789623061359648,1.0161874674839344,9.904777793484193,0.032106690127041704,0.030160533668130207,0.025734244648674506,0.03497534919795203,0.029839466331869846,0.004265755351325506,1.12,1.12,1.12,1.12
1.7889032077261349,1.0157405945563738,9.90588778747473,0.03210668976223424,0.03016053366783933,0.02573424471023869,0.034975349562759495,0.029839466332160725,0.004265755289761322,1.12,1.12,1.12,1.12
1.7881835210004617,1.0152938687134365,9.906997903831087,0.032106689400973665,0.030160533667548062,0.02573424477104709,0.03497534992402007,0.02983946633245199,0.004265755228952922,1.12,1.12,1.12,1.12
1.7874640011830882,1.0148472899554377,9.908108142542918,0.03210668904322578,0.030160533667256295,0.025734244831108727,0.03497535028176796,0.029839466332743758,0.004265755168891286,1.12,1.12,1.12,1.12
1.7867446482744762,1.0144008582826893,9.90921850359988,0.032106688688957,0.03016053366696414,0.025734244890432398,0.03497535063603674,0.029839466333035913,0.004265755109567615,1.12,1.12,1.12,1.12
1.7860254622750866,1.013954573695505,9.910328986991619,0.032106688338134015,0.03016053366667165,0.025734244949026985,0.03497535098685972,0.0298394663333284,0.004265755050973027,1.12,1.12,1.12,1.12
1.7853064431853802,1.0135084361941962,9.911439592707788,0.0321066879907238,0.030160533666378886,0.02573424500690108,0.03497535133426993,0.029839466333621167,0.004265754993098933,1.12,1.12,1.12,1.12
1.7845875910058173,1.0130624457790762,9.912550320738035,0.032106687646693166,0.030160533666085676,0.0257342450640633,0.03497535167830057,0.029839466333914377,0.004265754935936714,1.12,1.12,1.12,1.12
1.7838689057368597,1.0126166024504575,9.913661171072013,0.03210668730601007,0.030160533665792244,0.025734245120522067,0.03497535201898366,0.02983946633420781,0.004265754879477945,1.12,1.12,1.12,1.12
1.7831503873789698,1.0121709062086506,9.914772143699368,0.032106686968642106,0.030160533665498646,0.02573424517628585,0.03497535235635163,0.029839466334501408,0.004265754823714163,1.12,1.12,1.12,1.12
1.7824320359326074,1.0117253570539686,9.915883238609748,0.03210668663455729,0.030160533665204492,0.025734245231362876,0.034975352690436445,0.02983946633479556,0.004265754768637137,1.12,1.12,1.12,1.12
1.7817138513982358,1.0112799549867215,9.916994455792794,0.0321066863037241,0.030160533664910172,0.025734245285761348,0.03497535302126964,0.02983946633508988,0.004265754714238665,1.12,1.12,1.12,1.12
1.780995833776316,1.0108347000072218,9.918105795238155,0.03210668597611138,0.03016053366461552,0.025734245339489384,0.034975353348882354,0.029839466335384535,0.004265754660510629,1.12,1.12,1.12,1.12
1.7802779830673103,1.0103895921157797,9.919217256935472,0.03210668565168784,0.0301605336643207,0.025734245392554922,0.0349753536733059,0.029839466335679354,0.004265754607445091,1.12,1.12,1.12,1.12
1.779560299271681,1.0099446313127058,9.920328840874388,0.03210668533042288,0.030160533664025713,0.0257342454449659,0.03497535399457086,0.02983946633597434,0.0042657545550341125,1.12,1.12,1.12,1.12
1.7788427823898905,1.009499817598311,9.921440547044547,0.03210668501228603,0.030160533663730504,0.025734245496730104,0.03497535431270771,0.02983946633626955,0.0042657545032699085,1.12,1.12,1.12,1.12
1.778125432422401,1.009055150972905,9.922552375435586,0.03210668469724692,0.030160533663434963,0.02573424554785529,0.03497535462774681,0.02983946633656509,0.004265754452144721,1.12,1.12,1.12,1.12
1.7774082493696743,1.0086106314367984,9.92366432603715,0.03210668438527586,0.03016053366313942,0.02573424559834918,0.03497535493971787,0.02983946633686063,0.004265754401650834,1.12,1.12,1.12,1.12
1.7766912332321745,1.0081662589903004,9.924776398838873,0.032106684076343095,0.030160533662843658,0.025734245648219148,0.03497535524865064,0.029839466337156395,0.004265754351780865,1.12,1.12,1.12,1.12
1.7759743840103643,1.007722033633721,9.925888593830397,0.032106683770419364,0.03016053366254773,0.02573424569747275,0.03497535555457437,0.029839466337452325,0.004265754302527264,1.12,1.12,1.12,1.12
1.775257701704706,1.0072779553673694,9.927000911001361,0.03210668346747553,0.030160533662251687,0.025734245746117407,0.03497535585751821,0.029839466337748366,0.004265754253882606,1.12,1.12,1.12,1.12
1.7745411863156635,1.0068340241915539,9.928113350341395,0.03210668316748272,0.030160533661955702,0.025734245794160324,0.03497535615751102,0.02983946633804435,0.004265754205839689,1.12,1.12,1.12,1.12
1.7738248378436994,1.0063902401065852,9.92922591184014,0.03210668287041252,0.03016053366165966,0.02573424584160873,0.03497535645458122,0.029839466338340392,0.004265754158391283,1.12,1.12,1.12,1.12
1.7731086562892764,1.0059466031127706,9.930338595487232,0.032106682576236945,0.030160533661363398,0.025734245888469787,0.03497535674875679,0.029839466338636655,0.004265754111530226,1.12,1.12,1.12,1.12
1.7723926416528593,1.0055031132104189,9.9314514012723,0.032106682284930466,0.030160533661067357,0.025734245934750488,0.03497535704006327,0.029839466338932696,0.004265754065249525,1.12,1.12,1.12,1.12
1.7716767939349098,1.0050597703998383,9.93256432918498,0.032106681996465214,0.030160533660771094,0.0257342459804578,0.03497535732852852,0.02983946633922896,0.004265754019542212,1.12,1.12,1.12,1.12
1.7709611131358933,1.0046165746813365,9.933677379214911,0.03210668171081349,0.03016053366047472,0.02573424602559858,0.03497535761418025,0.029839466339525333,0.004265753974401432,1.12,1.12,1.12,1.12
1.7702455992562733,1.004173526055221,9.934790551351714,0.03210668142794809,0.030160533660178346,0.02573424607017963,0.034975357897045645,0.029839466339821707,0.0042657539298203845,1.12,1.12,1.12,1.12
1.769530252296513,1.0037306245218003,9.935903845585031,0.03210668114784193,0.03016053365988175,0.025734246114207687,0.034975358177151805,0.029839466340118304,0.0042657538857923255,1.12,1.12,1.12,1.12
1.7688150722570766,1.003287870081382,9.937017261904488,0.03210668087046842,0.030160533659584765,0.025734246157689336,0.03497535845452532,0.029839466340415288,0.004265753842310677,1.12,1.12,1.12,1.12
1.768100059138429,1.0028452627342723,9.938130800299719,0.03210668059580074,0.030160533659287003,0.02573424620063118,0.034975358729192996,0.02983946634071305,0.004265753799368832,1.12,1.12,1.12,1.12
1.7673852129410321,1.002402802480779,9.939244460760346,0.03210668032381231,0.030160533658988797,0.02573424624303973,0.03497535900118143,0.029839466341011256,0.004265753756960283,1.12,1.12,1.12,1.12
1.766670533665353,1.0019604893212073,9.940358243276005,0.032106680054477366,0.030160533658690147,0.025734246284921408,0.03497535927051637,0.029839466341309906,0.004265753715078605,1.12,1.12,1.12,1.12
1.7659560213118544,1.0015183232558658,9.941472147836327,0.0321066797877701,0.03016053365839122,0.02573424632628253,0.03497535953722364,0.029839466341608833,0.004265753673717482,1.12,1.12,1.12,1.12
1.7652416758810006,1.0010763042850597,9.942586174430932,0.03210667952366464,0.030160533658092126,0.0257342463671294,0.0349753598013291,0.029839466341907928,0.004265753632870614,1.12,1.12,1.12,1.12
1.764527497373257,1.0006344324090954,9.943700323049455,0.03210667926213567,0.030160533657792588,0.025734246407468117,0.03497536006285806,0.029839466342207466,0.004265753592531896,1.12,1.12,1.12,1.12
1.763813485789087,1.0001927076282782,9.944814593681516,0.03210667900315778,0.03016053365749266,0.025734246447304862,0.03497536032183596,0.029839466342507392,0.004265753552695151,1.12,1.12,1.12,1.12
1.763099641128956,0.9997511299429154,9.945928986316751,0.03210667874670653,0.03016053365719279,0.025734246486645698,0.03497536057828721,0.029839466342807264,0.0042657535133543145,1.12,1.12,1.12,1.12
1.7623859633933294,0.9993096993533105,9.947043500944778,0.032106678492756946,0.030160533656892752,0.025734246525496593,0.03497536083223679,0.0298394663431073,0.00426575347450342,1.12,1.12,1.12,1.12
1.7616724525826712,0.9988684158597704,9.948158137555223,0.032106678241284436,0.030160533656592436,0.025734246563863472,0.0349753610837093,0.029839466343407617,0.004265753436136541,1.12,1.12,1.12,1.12
1.7609591086974459,0.9984272794625998,9.949272896137717,0.0321066779922648,0.030160533656292066,0.025734246601752137,0.03497536133272894,0.029839466343707988,0.004265753398247876,1.12,1.12,1.12,1.12
1.760245931738119,0.9979862901621033,9.95038777668188,0.03210667774567422,0.030160533655991917,0.0257342466391684,0.03497536157931952,0.029839466344008136,0.004265753360831612,1.12,1.12,1.12,1.12
1.7595329217051565,0.9975454479585854,9.951502779177337,0.03210667750148838,0.030160533655691657,0.025734246676117928,0.03497536182350536,0.029839466344308396,0.004265753323882085,1.12,1.12,1.12,1.12
1.7588200785990218,0.9971047528523518,9.952617903613717,0.032106677259684246,0.030160533655391397,0.025734246712606337,0.03497536206530949,0.029839466344608656,0.004265753287393675,1.12,1.12,1.12,1.12
1.758107402420182,0.9966642048437052,9.953733149980636,0.03210667702025338,0.030160533655091193,0.02573424674863925,0.034975362304740354,0.02983946634490886,0.004265753251360763,1.12,1.12,1.12,1.12
1.7573948931690997,0.9962238039329517,9.95484851826772,0.03210667678319218,0.030160533654791155,0.025734246784222176,0.03497536254180156,0.029839466345208898,0.004265753215777837,1.12,1.12,1.12,1.12
1.7566825508462427,0.995783550120393,9.955964008464596,0.03210667654847682,0.030160533654491173,0.025734246819360512,0.034975362776516916,0.02983946634550888,0.0042657531806395005,1.12,1.12,1.12,1.12
1.7559703754520744,0.9953434434063345,9.957079620560883,0.03210667631608416,0.030160533654191468,0.025734246854059714,0.03497536300890958,0.029839466345808585,0.004265753145940299,1.12,1.12,1.12,1.12
1.7552583669870623,0.9949034837910796,9.958195354546204,0.03210667608599138,0.030160533653892097,0.025734246888325096,0.034975363239002355,0.029839466346107957,0.0042657531116749164,1.12,1.12,1.12,1.12
1.7545465254516701,0.9944636712749315,9.95931121041018,0.032106675858175115,0.030160533653592947,0.025734246922161835,0.03497536346681862,0.029839466346407106,0.0042657530778381775,1.12,1.12,1.12,1.12
1.753834850846364,0.9940240058581931,9.96042718814243,0.03210667563261277,0.03016053365329463,0.025734246955575232,0.03497536369238097,0.029839466346705423,0.00426575304442478,1.12,1.12,1.12,1.12
1.753123343171609,0.9935844875411681,9.961543287732585,0.03210667540928197,0.0301605336529997,0.02573424698857041,0.034975363915711766,0.029839466347000354,0.004265753011429604,1.12,1.12,1.12,1.12
1.7524120024278718,0.9931451163241585,9.962659509170258,0.03210667518816063,0.0301605336527081,0.025734247021152776,0.03497536413683311,0.029839466347291954,0.004265752978847237,1.12,1.12,1.12,1.12
1.751700828615617,0.9927058922074672,9.963775852445073,0.0321066749692267,0.030160533660629485,0.025734247053327525,0.034975364355767036,0.02983946633937057,0.004265752946672488,1.12,1.12,1.12,1.12
1.7509898217351179,0.9922668151912263,9.964892317546672,0.03210667475304002,0.030160533668245226,0.02573424708582059,0.034975364571953715,0.029839466331754827,0.004265752914179424,1.12,1.12,1.12,1.12
1.7502789817868671,0.9918278852757304,9.966008904464507,0.032106674539579216,0.03016053367556165,0.02573424711863785,0.03497536478541452,0.029839466324438402,0.0042657528813621615,1.12,1.12,1.12,1.12
1.7495683087713596,0.9913891024612735,9.967125613188008,0.032106674328822804,0.030160533682585422,0.02573424715178467,0.03497536499617093,0.02983946631741463,0.004265752848215343,1.12,1.12,1.12,1.12
1.748857802689087,0.9909504667481491,9.968242443706615,0.03210667412074947,0.03016053368932281,0.02573424718526586,0.03497536520424427,0.029839466310677243,0.004265752814734153,1.12,1.12,1.12,1.12
1.7481474635405438,0.9905119781366513,9.969359396009772,0.03210667391533695,0.030160533695780256,0.025734247219085668,0.03497536540965679,0.029839466304219797,0.004265752780914345,1.12,1.12,1.12,1.12
1.7474372913262233,0.9900736366270725,9.97047647008691,0.03210667371256343,0.03016053370196381,0.02573424725324787,0.03497536561243031,0.029839466298036244,0.004265752746752144,1.12,1.12,1.12,1.12
1.7467272860466196,0.9896354422197053,9.971593665927474,0.032106673512406814,0.030160533707879855,0.02573424728775567,0.03497536581258692,0.029839466292120198,0.0042657527122443445,1.12,1.12,1.12,1.12
1.746017447702224,0.9891973949148443,9.9727109835209,0.03210667331484457,0.030160533713534166,0.02573424732261187,0.03497536601014917,0.029839466286465888,0.004265752677388143,1.12,1.12,1.12,1.12
1.745307776293531,0.9887594947127799,9.973828422856629,0.03210667311985416,0.03016053371893246,0.025734247357818818,0.03497536620513958,0.029839466281067595,0.004265752642181195,1.12,1.12,1.12,1.12
1.744598271821033,0.988321741613805,9.9749459839241,0.032106672927413094,0.03016053372408084,0.025734247393378318,0.03497536639758064,0.029839466275919213,0.004265752606621695,1.12,1.12,1.12,1.12
1.7438889342852228,0.9878841356182122,9.976063666712754,0.032106672737498676,0.030160533728984695,0.02573424742929184,0.03497536658749506,0.029839466271015358,0.004265752570708173,1.12,1.12,1.12,1.12
1.743179763686593,0.9874466767262936,9.977181471212031,0.032106672550088367,0.030160533733649852,0.025734247465560495,0.03497536677490537,0.0298394662663502,0.004265752534439518,1.12,1.12,1.12,1.12
1.7424707600256366,0.98700936493834,9.978299397411377,0.03210667236515913,0.030160533738081807,0.02573424750218485,0.03497536695983461,0.029839466261918246,0.004265752497815162,1.12,1.12,1.12,1.12
1.7417619233028454,0.9865722002546428,9.979417445300232,0.03210667218268798,0.03016053374228561,0.025734247539165298,0.03497536714230576,0.029839466257714442,0.004265752460834715,1.12,1.12,1.12,1.12
1.7410532535187102,0.9861351826754943,9.98053561486804,0.032106672002651826,0.030160533746266927,0.025734247576501668,0.03497536732234191,0.029839466253733127,0.004265752423498345,1.12,1.12,1.12,1.12
1.7403447506737244,0.9856983122011846,9.981653906104244,0.03210667182502752,0.03016053375003075,0.025734247614193573,0.034975367499966215,0.029839466249969304,0.00426575238580644,1.12,1.12,1.12,1.12
1.7396364147683796,0.9852615888320053,9.982772318998293,0.03210667164979203,0.030160533753582353,0.025734247652240194,0.03497536767520171,0.0298394662464177,0.004265752347759819,1.12,1.12,1.12,1.12
1.7389282458031667,0.9848250125682464,9.983890853539636,0.0321066714769222,0.030160533756926455,0.025734247690640505,0.03497536784807154,0.029839466243073598,0.004265752309359508,1.12,1.12,1.12,1.12
1.7382202437785765,0.9843885834101997,9.985009509717715,0.03210667130639505,0.03016053376006833,0.02573424772939313,0.034975368018598685,0.029839466239931722,0.004265752270606882,1.12,1.12,1.12,1.12
1.7375124086951006,0.9839523013581553,9.98612828752199,0.03210667113818705,0.030160533763012587,0.025734247768496477,0.03497536818680669,0.029839466236987466,0.004265752231503536,1.12,1.12,1.12,1.12
1.736804740553228,0.9835161664124037,9.9872471869419,0.03210667097227499,0.03016053376576394,0.025734247807948585,0.03497536835271875,0.02983946623423611,0.004265752192051428,1.12,1.12,1.12,1.12
1.7360972393534517,0.9830801785732346,9.988366207966912,0.03210667080863605,0.030160533768327336,0.02573424784774729,0.034975368516357686,0.029839466231672718,0.004265752152252722,1.12,1.12,1.12,1.12
1.7353899050962607,0.9826443378409384,9.989485350586468,0.032106670647246593,0.0301605337707071,0.025734247887890152,0.03497536867774714,0.029839466229292955,0.004265752112109861,1.12,1.12,1.12,1.12
1.734682737782144,0.9822086442158057,9.990604614790032,0.0321066704880838,0.03016053377290795,0.025734247928374587,0.03497536883690994,0.029839466227092104,0.0042657520716254255,1.12,1.12,1.12,1.12
1.7339757374115927,0.9817730976981253,9.99172400056706,0.03210667033112413,0.030160533774934217,0.025734247969197627,0.034975368993869604,0.029839466225065836,0.004265752030802386,1.12,1.12,1.12,1.12
1.7332689039850953,0.9813376982881877,9.992843507907011,0.03210667017634461,0.030160533776790177,0.025734248010356217,0.03497536914864913,0.029839466223209876,0.004265751989643796,1.12,1.12,1.12,1.12
1.7325622375031402,0.980902445986283,9.993963136799346,0.03210667002372236,0.03016053377848027,0.02573424805184711,0.034975369301271375,0.029839466221519784,0.004265751948152902,1.12,1.12,1.12,1.12
1.7318557379662174,0.9804673407927,9.995082887233531,0.03210666987323407,0.030160533780008825,0.025734248093666867,0.034975369451759664,0.02983946621999123,0.004265751906333146,1.12,1.12,1.12,1.12
1.7311494053748149,0.9800323827077282,9.996202759199027,0.03210666972485682,0.03016053378138006,0.025734248135811766,0.03497536960013692,0.029839466218619992,0.004265751864188247,1.12,1.12,1.12,1.12
1.7304432397294205,0.9795975717316575,9.997322752685303,0.032106669578567726,0.03016053378259753,0.025734248178278046,0.03497536974642601,0.02983946621740252,0.004265751821721966,1.12,1.12,1.12,1.12
1.7297372410305227,0.9791629078647759,9.998442867681831,0.032106669434343815,0.030160533783665844,0.025734248221061726,0.03497536989064992,0.02983946621633421,0.004265751778938287,1.12,1.12,1.12,1.12
1.729031409278608,0.9787283911073742,9.999563104178078,0.03210666929216227,0.03016053378458866,0.025734248264158696,0.034975370032831465,0.029839466215411392,0.004265751735841317,1.12,1.12,1.12,1.12
1.7283257444741644,0.9782940214597414,10.00068346216352,0.03210666915200072,0.03016053378536987,0.02573424830756471,0.034975370172993014,0.029839466214630184,0.004265751692435302,1.12,1.12,1.12,1.12
1.7276202466176789,0.9778597989221652,10.001803941627628,0.03210666901383613,0.03016053378601341,0.025734248351275427,0.034975370311157605,0.029839466213986643,0.004265751648724586,1.12,1.12,1.12,1.12
1.7269149157096384,0.9774257234949355,10.002924542559889,0.03210666887764618,0.030160533786523003,0.025734248395286305,0.034975370447347554,0.02983946621347705,0.004265751604713708,1.12,1.12,1.12,1.12
1.7262097517505284,0.9769917951783411,10.004045264949774,0.03210666874340845,0.03016053378690231,0.02573424843959282,0.034975370581585286,0.029839466213097743,0.004265751560407191,1.12,1.12,1.12,1.12
1.725504754740834,0.9765580139726708,10.005166108786767,0.0321066686111004,0.030160533787154664,0.025734248484190245,0.03497537071389334,0.02983946621284539,0.004265751515809768,1.12,1.12,1.12,1.12
1.7247999246810428,0.9761243798782134,10.006287074060348,0.032106668480699985,0.030160533787284227,0.025734248529073855,0.03497537084429375,0.029839466212715826,0.004265751470926157,1.12,1.12,1.12,1.12
1.7240952615716392,0.9756908928952575,10.00740816076001,0.0321066683521849,0.030160533787294108,0.02573424857423877,0.03497537097280884,0.029839466212705945,0.004265751425761244,1.12,1.12,1.12,1.12
1.7233907654131082,0.9752575530240913,10.008529368875239,0.03210666822553304,0.03016053378718775,0.025734248619680003,0.034975371099460695,0.029839466212812304,0.00426575138032001,1.12,1.12,1.12,1.12
1.7226864362059353,0.9748243602650035,10.009650698395523,0.03210666810072299,0.030160533786968702,0.025734248665392645,0.034975371224270746,0.02983946621303135,0.004265751334607368,1.12,1.12,1.12,1.12
1.721982273950603,0.9743913146182837,10.01077214931036,0.03210666797773265,0.030160533786640187,0.02573424871137163,0.034975371347261086,0.029839466213359866,0.004265751288628383,1.12,1.12,1.12,1.12
1.7212782786475964,0.9739584160842183,10.011893721609242,0.032106667856540205,0.030160533786205368,0.025734248757611836,0.03497537146845353,0.029839466213794685,0.004265751242388177,1.12,1.12,1.12,1.12
1.720574450297399,0.9735256646630973,10.013015415281666,0.03210666773712473,0.03016053378566763,0.025734248804108073,0.03497537158786901,0.029839466214332422,0.00426575119589194,1.12,1.12,1.12,1.12
1.719870788900494,0.973093060355208,10.014137230317132,0.03210666761946418,0.03016053378502992,0.025734248850855165,0.03497537170552956,0.029839466214970134,0.004265751149144847,1.12,1.12,1.12,1.12
1.7191672944573648,0.9726606031608391,10.015259166705139,0.03210666750353769,0.030160533784295618,0.02573424889784799,0.03497537182145605,0.029839466215704435,0.004265751102152021,1.12,1.12,1.12,1.12
1.7184639669684942,0.9722282930802786,10.0163812244352,0.03210666738932427,0.030160533783467613,0.02573424894508132,0.034975371935669464,0.02983946621653244,0.004265751054918693,1.12,1.12,1.12,1.12
1.7177608064343635,0.9717961301138147,10.01750340349682,0.03210666727680256,0.030160533782548682,0.02573424899254982,0.03497537204819118,0.02983946621745137,0.004265751007450191,1.12,1.12,1.12,1.12
1.7170578128554546,0.971364114261736,10.018625703879497,0.03210666716595234,0.03016053378154221,0.025734249040248333,0.034975372159041396,0.029839466218457844,0.00426575095975168,1.12,1.12,1.12,1.12
1.716354986232251,0.9709322455243298,10.019748125572756,0.03210666705675275,0.03016053378045075,0.025734249088171526,0.03497537226824099,0.029839466219549304,0.004265750911828486,1.12,1.12,1.12,1.12
1.7156523265652326,0.9705005239018836,10.020870668566102,0.03210666694918296,0.030160533779277132,0.025734249136314197,0.034975372375810776,0.02983946622072292,0.004265750863685816,1.12,1.12,1.12,1.12
1.71494983385488,0.970068949394687,10.021993332849055,0.03210666684322311,0.03016053377802419,0.02573424918467107,0.03497537248177063,0.029839466221975863,0.004265750815328942,1.12,1.12,1.12,1.12
1.7142475081016753,0.9696375220030259,10.023116118411133,0.03210666673885293,0.030160533776694587,0.025734249233236903,0.03497537258614081,0.029839466223305466,0.00426575076676311,1.12,1.12,1.12,1.12
1.7135453493060973,0.9692062417271897,10.024239025241856,0.03210666663605238,0.03016053377529132,0.025734249282006474,0.03497537268894135,0.029839466224708733,0.004265750717993538,1.12,1.12,1.12,1.12
1.712843357468627,0.9687751085674648,10.025362053330749,0.03210666653480193,0.030160533773816667,0.025734249330974623,0.034975372790191805,0.029839466226183387,0.004265750669025389,1.12,1.12,1.12,1.12
1.7121415325897436,0.9683441225241405,10.026485202667333,0.0321066664350817,0.030160533772273512,0.025734249380136187,0.03497537288991204,0.02983946622772654,0.004265750619863826,1.12,1.12,1.12,1.12
1.7114398746699266,0.9679132835975031,10.02760847324114,0.03210666633687198,0.03016053377066419,0.025734249429486072,0.034975372988121756,0.029839466229335865,0.00426575057051394,1.12,1.12,1.12,1.12
1.7107383837096561,0.9674825917878401,10.028731865041697,0.03210666624015385,0.030160533768991415,0.025734249479019145,0.03497537308483989,0.029839466231008638,0.004265750520980868,1.12,1.12,1.12,1.12
1.7100370597094092,0.9670520470954402,10.029855378058542,0.032106666144908313,0.03016053376725758,0.025734249528730407,0.03497537318008542,0.029839466232742473,0.004265750471269605,1.12,1.12,1.12,1.12
1.7093359026696655,0.9666216495205906,10.0309790122812,0.03210666605111634,0.030160533765465125,0.02573424957861481,0.0349753732738774,0.029839466234534928,0.004265750421385203,1.12,1.12,1.12,1.12
1.7086349125909015,0.9661913990635789,10.032102767699214,0.03210666595875905,0.03016053376361638,0.025734249628667466,0.034975373366234686,0.02983946623638367,0.004265750371332547,1.12,1.12,1.12,1.12
1.7079340894735964,0.9657612957246915,10.033226644302125,0.032106665867817685,0.030160533761713404,0.025734249678883506,0.03497537345717605,0.02983946623828665,0.004265750321116507,1.12,1.12,1.12,1.12
1.7072334333182277,0.9653313395042158,10.03435064207947,0.0321066657782742,0.030160533759758856,0.025734249729258057,0.034975373546719535,0.029839466240241197,0.004265750270741955,1.12,1.12,1.12,1.12
1.706532944125272,0.9649015304024409,10.035474761020794,0.0321066656901105,0.030160533757755015,0.025734249779786333,0.03497537363488323,0.02983946624224504,0.004265750220213679,1.12,1.12,1.12,1.12
1.7058326218952065,0.9644718684196516,10.036599001115642,0.03210666560330827,0.030160533755703933,0.0257342498304636,0.034975373721685465,0.02983946624429612,0.004265750169536411,1.12,1.12,1.12,1.12
1.7051324666285073,0.9640423535561369,10.037723362353564,0.03210666551784985,0.03016053375360772,0.025734249881285323,0.034975373807143884,0.029839466246392332,0.0042657501187146896,1.12,1.12,1.12,1.12
1.7044324783256504,0.9636129858121834,10.038847844724108,0.03210666543371771,0.0301605337514686,0.02573424993224692,0.03497537389127603,0.029839466248531454,0.0042657500677530935,1.12,1.12,1.12,1.12
1.7037326569871134,0.9631837651880778,10.039972448216826,0.0321066653508944,0.030160533749288565,0.025734249983343935,0.03497537397409933,0.02983946625071149,0.004265750016656078,1.12,1.12,1.12,1.12
1.7030330026133698,0.9627546916841079,10.041097172821274,0.03210666526936273,0.030160533747070006,0.025734250034571943,0.034975374055631,0.029839466252930047,0.00426574996542807,1.12,1.12,1.12,1.12
1.7023335152048968,0.9623257653005599,10.042222018527008,0.03210666518910554,0.030160533744814533,0.025734250085926655,0.03497537413588819,0.02983946625518552,0.004265749914073358,1.12,1.12,1.12,1.12
1.701634194762168,0.9618969860377216,10.043346985323584,0.032106665110106014,0.03016053374252431,0.025734250137403825,0.03497537421488772,0.029839466257475744,0.004265749862596188,1.12,1.12,1.12,1.12
1.7009350412856588,0.9614683538958787,10.04447207320057,0.0321066650323501,0.030160533740201056,0.025734250189002314,0.034975374292643635,0.029839466259798997,0.004265749810997699,1.12,1.12,1.12,1.12
1.7002360547758437,0.9610398688753176,10.045597282147519,0.03210666495582787,0.030160533737845996,0.025734250240726536,0.03497537436916587,0.029839466262154057,0.004265749759273477,1.12,1.12,1.12,1.12
1.6995372352331959,0.9606115309763248,10.046722612153998,0.03210666488052999,0.030160533735460293,0.025734250292580738,0.03497537444446375,0.02983946626453976,0.004265749707419275,1.12,1.12,1.12,1.12
1.6988385826581902,0.9601833401991864,10.04784806320957,0.03210666480644647,0.030160533733044947,0.02573425034456904,0.034975374518547264,0.029839466266955106,0.004265749655430973,1.12,1.12,1.12,1.12
1.6981400970513,0.9597552965441878,10.048973635303794,0.032106664733567825,0.030160533730601402,0.025734250396695482,0.03497537459142591,0.02983946626939865,0.004265749603304531,1.12,1.12,1.12,1.12
1.6974417784130003,0.9593274000116154,10.050099328426231,0.03210666466188444,0.030160533728131045,0.025734250448963894,0.03497537466310929,0.02983946627186901,0.004265749551036119,1.12,1.12,1.12,1.12
1.6967436267437657,0.9588996506017534,10.051225142566446,0.03210666459138689,0.03016053372563504,0.025734250501377953,0.034975374733606845,0.029839466274365012,0.0042657494986220595,1.12,1.12,1.12,1.12
1.6960456420440684,0.9584720483148884,10.052351077713999,0.03210666452206551,0.030160533723114558,0.025734250553941282,0.03497537480292823,0.029839466276885496,0.004265749446058731,1.12,1.12,1.12,1.12
1.6953478243143842,0.9580445931513037,10.053477133858454,0.032106664453910416,0.030160533720570648,0.025734250606657225,0.03497537487108332,0.029839466279429405,0.004265749393342788,1.12,1.12,1.12,1.12
1.6946501735551864,0.9576172851112852,10.05460331098937,0.032106664386911954,0.030160533718004645,0.025734250659529195,0.03497537493808178,0.029839466281995408,0.0042657493404708174,1.12,1.12,1.12,1.12
1.6939526897669492,0.9571901241951178,10.055729609096316,0.03210666432106091,0.030160533715417936,0.02573425071256033,0.03497537500393283,0.029839466284582117,0.004265749287439682,1.12,1.12,1.12,1.12
1.6932553729501465,0.9567631104030863,10.056856028168847,0.03210666425634767,0.030160533712811965,0.0257342507657536,0.034975375068646064,0.029839466287188088,0.004265749234246413,1.12,1.12,1.12,1.12
1.6925582231052525,0.9563362437354732,10.057982568196529,0.03210666419276237,0.03016053371018751,0.02573425081911203,0.03497537513223137,0.029839466289812544,0.004265749180887984,1.12,1.12,1.12,1.12
1.6918612402327406,0.9559095241925649,10.059109229168927,0.03210666413029556,0.03016053370754629,0.025734250872638406,0.03497537519469818,0.029839466292453765,0.004265749127361607,1.12,1.12,1.12,1.12
1.691164424333086,0.9554829517746442,10.060236011075604,0.03210666406893781,0.030160533704889303,0.02573425092633544,0.03497537525605593,0.02983946629511075,0.004265749073664574,1.12,1.12,1.12,1.12
1.6904677754067603,0.9550565264819953,10.061362913906121,0.03210666400867951,0.030160533702217995,0.025734250980205653,0.03497537531631423,0.029839466297782058,0.00426574901979436,1.12,1.12,1.12,1.12
1.689771293454239,0.9546302483149018,10.062489937650046,0.03210666394951117,0.03016053369953342,0.025734251034251504,0.034975375375482565,0.029839466300466633,0.004265748965748509,1.12,1.12,1.12,1.12
1.6890749784759962,0.9542041172736468,10.063617082296945,0.03210666389142297,0.030160533696837077,0.025734251088475366,0.034975375433570766,0.029839466303162976,0.004265748911524647,1.12,1.12,1.12,1.12
1.6883788304725034,0.953778133358515,10.064744347836376,0.03210666383440591,0.030160533694130243,0.02573425114287943,0.03497537549058782,0.02983946630586981,0.004265748857120583,1.12,1.12,1.12,1.12
1.6876828494442357,0.953352296569788,10.065871734257913,0.03210666377845017,0.03016053369141375,0.02573425119746589,0.03497537554654356,0.029839466308586304,0.004265748802534122,1.12,1.12,1.12,1.12
1.6869870353916667,0.9529266069077496,10.06699924155112,0.03210666372354659,0.03016053368868926,0.02573425125223673,0.034975375601447145,0.02983946631131079,0.004265748747763282,1.12,1.12,1.12,1.12
1.6862913883152686,0.952501064372683,10.068126869705555,0.03210666366968529,0.03016053368595789,0.025734251307193826,0.03497537565530845,0.029839466314042162,0.004265748692806187,1.12,1.12,1.12,1.12
1.6855959082155163,0.9520756689648707,10.069254618710797,0.032106663616857156,0.030160533683220858,0.025734251362339033,0.03497537570813658,0.029839466316779195,0.004265748637660979,1.12,1.12,1.12,1.12
1.6849005950928828,0.9516504206845954,10.070382488556403,0.032106663565161786,0.030160533680479884,0.025734251417674076,0.03497537575983195,0.02983946631952017,0.004265748582325937,1.12,1.12,1.12,1.12
1.684205448947841,0.951225319532139,10.071510479231954,0.03210666351459679,0.03016053367773558,0.025734251473200506,0.03497537581039695,0.029839466322264474,0.0042657485267995066,1.12,1.12,1.12,1.12
1.6835104697808632,0.9508003655077852,10.072638590727005,0.032106663465152174,0.03016053367469279,0.02573425152891995,0.03497537585984156,0.029839466325307262,0.004265748471080064,1.12,1.12,1.12,1.12
1.6828156575924293,0.9503755586118192,10.073766823031136,0.03210666341681867,0.030160533671264977,0.02573425158483536,0.034975375908175066,0.029839466328735076,0.004265748415164652,1.12,1.12,1.12,1.12
1.6821210123830177,0.94995089884453,10.074895176133907,0.03210666336958762,0.03016053366746374,0.02573425164095043,0.03497537595540612,0.029839466332536313,0.0042657483590495815,1.12,1.12,1.12,1.12
1.6814265341531092,0.9495263862062053,10.076023650024895,0.03210666332345047,0.030160533663300848,0.025734251697268576,0.03497537600154327,0.029839466336699205,0.004265748302731437,1.12,1.12,1.12,1.12
1.680732222903182,0.9491020206971325,10.07715224469366,0.03210666327839845,0.030160533658787403,0.02573425175379329,0.034975376046595286,0.02983946634121265,0.0042657482462067214,1.12,1.12,1.12,1.12
1.680038078633717,0.9486778023175978,10.078280960129781,0.03210666323442313,0.03016053365393434,0.025734251810527922,0.03497537609057061,0.029839466346065713,0.0042657481894720906,1.12,1.12,1.12,1.12
1.6793441013451913,0.9482537310678887,10.07940979632282,0.03210666319151606,0.03016053364875243,0.02573425186747587,0.034975376133477676,0.029839466351247623,0.004265748132524144,1.12,1.12,1.12,1.12
1.6786502910380847,0.9478298069482914,10.08053875326235,0.032106663149669146,0.03016053364325255,0.025734251924640336,0.03497537617532459,0.0298394663567475,0.004265748075359677,1.12,1.12,1.12,1.12
1.6779566477128751,0.9474060299590921,10.08166783093794,0.03210666310887356,0.03016053363744492,0.0257342519820246,0.03497537621612018,0.029839466362555134,0.004265748017975413,1.12,1.12,1.12,1.12
1.6772631713700417,0.9469824001005762,10.082797029339162,0.03210666306912141,0.030160533631339692,0.025734252039631755,0.034975376255872326,0.02983946636866036,0.004265747960368257,1.12,1.12,1.12,1.12
1.6765698620100622,0.9465589173730287,10.083926348455584,0.032106663030404214,0.03016053362494675,0.025734252097464827,0.03497537629458952,0.029839466375053303,0.004265747902535186,1.12,1.12,1.12,1.12
1.6758767196334152,0.9461355817767352,10.085055788276778,0.032106662992713975,0.03016053361827603,0.02573425215552695,0.03497537633227976,0.029839466381724022,0.004265747844473061,1.12,1.12,1.12,1.12
1.675183744240577,0.9457123933119805,10.086185348792318,0.03210666295604253,0.030160533611337248,0.0257342522138211,0.034975376368951205,0.029839466388662805,0.004265747786178914,1.12,1.12,1.12,1.12
1.6744909358320255,0.9452893519790495,10.087315029991771,0.032106662920381945,0.030160533604139617,0.025734252272350183,0.03497537640461179,0.029839466395860437,0.00426574772764983,1.12,1.12,1.12,1.12
1.6737982944082388,0.9448664577782249,10.088444831864715,0.03210666288572389,0.030160533596692185,0.025734252331117036,0.034975376439269845,0.029839466403307868,0.004265747668882977,1.12,1.12,1.12,1.12
1.6731058199696927,0.9444437107097923,10.089574754400715,0.03210666285206082,0.030160533589004168,0.025734252390124487,0.03497537647293292,0.029839466410995885,0.004265747609875525,1.12,1.12,1.12,1.12
1.672413512516865,0.9440211107740336,10.090704797589346,0.0321066628193844,0.03016053358108428,0.02573425244937526,0.034975376505609335,0.029839466418915772,0.004265747550624754,1.12,1.12,1.12,1.12
1.6717213720502326,0.9435986579712332,10.091834961420185,0.03210666278768731,0.03016053357294113,0.025734252508872124,0.034975376537306424,0.029839466427058925,0.004265747491127889,1.12,1.12,1.12,1.12
1.6710293985702713,0.9431763523016734,10.092965245882803,0.032106662756961224,0.030160533564583092,0.02573425256861768,0.03497537656803251,0.02983946643541696,0.004265747431382333,1.12,1.12,1.12,1.12
1.670337592077457,0.9427541937656383,10.094095650966773,0.0321066627271987,0.030160533556018887,0.025734252628614396,0.03497537659779504,0.029839466443981166,0.004265747371385617,1.12,1.12,1.12,1.12
1.6696459525722673,0.9423321823634082,10.095226176661667,0.032106662698392074,0.030160533547256396,0.025734252688864964,0.03497537662660166,0.029839466452743657,0.004265747311135049,1.12,1.12,1.12,1.12
1.6689544800551772,0.9419103180952666,10.096356822957063,0.03210666267053358,0.030160533538303724,0.025734252749371786,0.034975376654460155,0.02983946646169633,0.004265747250628227,1.12,1.12,1.12,1.12
1.6682631745266627,0.9414886009614958,10.097487589842535,0.03210666264361578,0.030160533529168476,0.025734252810137234,0.034975376681377957,0.029839466470831577,0.0042657471898627786,1.12,1.12,1.12,1.12
1.6675720359871988,0.9410670309623763,10.098618477307658,0.03210666261763112,0.030160533519858423,0.02573425287116375,0.034975376707362615,0.02983946648014163,0.004265747128836261,1.12,1.12,1.12,1.12
1.6668810644372618,0.9406456080981901,10.099749485342011,0.03210666259257172,0.030160533510381116,0.02573425293245364,0.034975376732422014,0.029839466489618938,0.0042657470675463716,1.12,1.12,1.12,1.12
1.6661902598773257,0.9402243323692181,10.100880613935166,0.032106662568430755,0.03016053350074399,0.025734252994009138,0.03497537675656298,0.029839466499256062,0.004265747005990875,1.12,1.12,1.12,1.12
1.6654996223078666,0.9398032037757414,10.102011863076703,0.03210666254520028,0.030160533490953823,0.02573425305583242,0.034975376779793454,0.02983946650904623,0.004265746944167592,1.12,1.12,1.12,1.12
1.6648091517293595,0.9393822223180401,10.103143232756198,0.03210666252287331,0.03016053348101816,0.025734253117925696,0.03497537680212043,0.029839466518981894,0.004265746882074317,1.12,1.12,1.12,1.12
1.6641188481422775,0.9389613879963952,10.10427472296323,0.032106662501442396,0.030160533470943718,0.025734253180291072,0.03497537682355134,0.029839466529056335,0.00426574681970894,1.12,1.12,1.12,1.12
1.6634287115470963,0.9385407008110864,10.105406333687377,0.03210666248090027,0.03016053346073716,0.025734253242930577,0.034975376844093464,0.029839466539262893,0.004265746757069436,1.12,1.12,1.12,1.12
1.662738741944291,0.9381201607623938,10.106538064918215,0.03210666246123989,0.030160533450405314,0.025734253305846222,0.03497537686375385,0.02983946654959474,0.004265746694153791,1.12,1.12,1.12,1.12
1.6620489393343334,0.9376997678505966,10.10766991664533,0.032106662442453915,0.030160533439954673,0.02573425336903991,0.03497537688253982,0.02983946656004538,0.004265746630960104,1.12,1.12,1.12,1.12
1.6613593037176988,0.9372795220759745,10.108801888858293,0.03210666242453514,0.030160533429391456,0.02573425343251358,0.0349753769004586,0.029839466570608597,0.004265746567486434,1.12,1.12,1.12,1.12
1.6606698350948612,0.9368594234388063,10.109933981546694,0.032106662407476505,0.030160533418721602,0.025734253496269094,0.03497537691751723,0.02983946658127845,0.004265746503730919,1.12,1.12,1.12,1.12
1.6599805334662934,0.9364394719393712,10.111066194700111,0.03210666239127086,0.030160533407951717,0.0257342535603082,0.03497537693372288,0.029839466592048336,0.0042657464396918116,1.12,1.12,1.12,1.12
1.6592913988324693,0.936019667577948,10.112198528308124,0.0321066623759112,0.030160533397087574,0.02573425362463272,0.03497537694908254,0.02983946660291248,0.004265746375367294,1.12,1.12,1.12,1.12
1.6586024311938623,0.9356000103548148,10.113330982360317,0.032106662361390814,0.030160533386135113,0.02573425368924434,0.03497537696360292,0.02983946661386494,0.004265746310755672,1.12,1.12,1.12,1.12
1.6579136305509459,0.9351805002702505,10.114463556846271,0.03210666234770271,0.03016053337510005,0.025734253754144676,0.03497537697729103,0.029839466624900002,0.004265746245855337,1.12,1.12,1.12,1.12
1.6572249969041921,0.9347611373245324,10.115596251755571,0.03210666233484055,0.03016053336398805,0.025734253819335334,0.034975376990153184,0.029839466636012002,0.0042657461806646785,1.12,1.12,1.12,1.12
1.6565365302540727,0.9343419215179385,10.116729067077804,0.03210666232279796,0.03016053335280444,0.025734253884817912,0.03497537700219577,0.02983946664719561,0.004265746115182101,1.12,1.12,1.12,1.12
1.6558482306010625,0.9339228528507463,10.11786200280255,0.032106662311568,0.030160533341554607,0.02573425395059384,0.034975377013425735,0.029839466658445446,0.004265746049406174,1.12,1.12,1.12,1.12
1.6551600979456333,0.9335039313232336,10.118995058919397,0.03210666230114423,0.030160533330243988,0.02573425401666464,0.03497537702384951,0.029839466669756065,0.004265745983335373,1.12,1.12,1.12,1.12
1.654472132288257,0.9330851569356775,10.120128235417932,0.03210666229151965,0.030160533318877747,0.025734254083031705,0.03497537703347409,0.029839466681122306,0.004265745916968308,1.12,1.12,1.12,1.12
1.6537843336294054,0.9326665296883546,10.121261532287742,0.032106662282687604,0.030160533307460935,0.025734254149696392,0.03497537704230613,0.02983946669253912,0.0042657458503036205,1.12,1.12,1.12,1.12
1.65309670196955,0.9322480495815418,10.12239494951841,0.03210666227464154,0.03016053329599855,0.02573425421666009,0.0349753770503522,0.029839466704001505,0.004265745783339922,1.12,1.12,1.12,1.12
1.6524092373091646,0.9318297166155157,10.12352848709953,0.032106662267374686,0.03016053328449525,0.025734254283924007,0.03497537705761905,0.029839466715504803,0.004265745716076005,1.12,1.12,1.12,1.12
1.651721939648719,0.9314115307905528,10.12466214502069,0.03210666226088049,0.03016053327295598,0.02573425435148942,0.034975377064113244,0.029839466727044073,0.004265745648510594,1.12,1.12,1.12,1.12
1.6510348089886844,0.930993492106929,10.125795923271475,0.03210666225515235,0.03016053326138518,0.025734254419357505,0.034975377069841385,0.029839466738614873,0.004265745580642508,1.12,1.12,1.12,1.12
1.6503478453295337,0.9305756005649205,10.12692982184148,0.03210666225018377,0.030160533249787735,0.025734254487529376,0.034975377074809966,0.029839466750212318,0.004265745512470637,1.12,1.12,1.12,1.12
1.6496610486717367,0.9301578561648027,10.128063840720296,0.03210666224596809,0.030160533238167586,0.025734254556006128,0.03497537707902565,0.029839466761832467,0.004265745443993885,1.12,1.12,1.12,1.12
1.6489744190157638,0.9297402589068513,10.129197979897514,0.03210666224249914,0.030160533226529396,0.0257342546247889,0.034975377082494596,0.029839466773470658,0.0042657453752111135,1.12,1.12,1.12,1.12
1.6482879563620874,0.929322808791342,10.130332239362724,0.03210666223977021,0.03016053321487777,0.02573425469387862,0.034975377085223525,0.02983946678512228,0.0042657453061213935,1.12,1.12,1.12,1.12
1.6476016607111779,0.9289055058185502,10.131466619105526,0.03210666223777536,0.030160533203216655,0.02573425476327626,0.03497537708721837,0.029839466796783398,0.004265745236723753,1.12,1.12,1.12,1.12
1.6469155320635043,0.9284883499887506,10.132601119115506,0.0321066622365081,0.030160533191550154,0.025734254832982736,0.03497537708848564,0.0298394668084499,0.004265745167017276,1.12,1.12,1.12,1.12
1.6462295704195389,0.9280713413022181,10.133735739382267,0.032106662235961814,0.030160533179881988,0.025734254902999007,0.03497537708903192,0.029839466820118066,0.004265745097001006,1.12,1.12,1.12,1.12
1.6455437757797498,0.9276544797592268,10.1348704798954,0.03210666223613046,0.030160533168216208,0.02573425497332578,0.03497537708886328,0.029839466831783845,0.004265745026674234,1.12,1.12,1.12,1.12
1.6448581481446085,0.9272377653600522,10.136005340644502,0.03210666223700781,0.030160533156556812,0.025734255043963955,0.034975377087985926,0.02983946684344324,0.004265744956036058,1.12,1.12,1.12,1.12
1.6441726875145841,0.9268211981049679,10.13714032161917,0.03210666223858749,0.03016053314490752,0.025734255114914256,0.034975377086406245,0.029839466855092533,0.0042657448850857566,1.12,1.12,1.12,1.12
1.6434873938901475,0.9264047779942484,10.138275422809004,0.03210666224086384,0.030160533133272105,0.025734255186177404,0.0349753770841299,0.02983946686672795,0.004265744813822608,1.12,1.12,1.12,1.12
1.6428022672717661,0.9259885050281675,10.139410644203602,0.03210666224383013,0.030160533121653843,0.025734255257754093,0.034975377081163606,0.02983946687834621,0.004265744742245919,1.12,1.12,1.12,1.12
1.6421173076599112,0.9255723792069994,10.140545985792563,0.032106662247480655,0.030160533110056675,0.02573425532964488,0.03497537707751308,0.029839466889943378,0.004265744670355134,1.12,1.12,1.12,1.12
1.641432515055051,0.9251564005310176,10.141681447565494,0.03210666225180908,0.030160533098483877,0.02573425540185044,0.034975377073184655,0.029839466901516176,0.004265744598149573,1.12,1.12,1.12,1.12
1.6407478894576546,0.9247405690004951,10.142817029511985,0.03210666225680947,0.030160533086938612,0.025734255474371234,0.034975377068184266,0.02983946691306144,0.0042657445256287785,1.12,1.12,1.12,1.12
1.6400634308681916,0.9243248846157057,10.143952731621651,0.03210666226247594,0.030160533075424656,0.025734255547207832,0.0349753770625178,0.029839466924575397,0.004265744452792181,1.12,1.12,1.12,1.12
1.6393791392871302,0.9239093473769229,10.145088553884085,0.032106662268802544,0.03016053306394495,0.02573425562036076,0.03497537705619119,0.029839466936055103,0.0042657443796392525,1.12,1.12,1.12,1.12
1.638695014714938,0.923493957284419,10.146224496288896,0.03210666227578313,0.030160533052502547,0.025734255693830407,0.03497537704921061,0.029839466947497506,0.004265744306169605,1.12,1.12,1.12,1.12
1.638011057152085,0.9230787143384669,10.14736055882569,0.03210666228341169,0.030160533041100557,0.025734255767617106,0.034975377041582045,0.029839466958899497,0.0042657442323829065,1.12,1.12,1.12,1.12
1.6373272665990393,0.9226636185393396,10.148496741484074,0.03210666229168263,0.030160533029742254,0.025734255841721287,0.034975377033311106,0.0298394669702578,0.004265744158278725,1.12,1.12,1.12,1.12
1.636643643056268,0.9222486698873098,10.14963304425365,0.032106662300589894,0.03016053301843047,0.025734255916143242,0.03497537702440384,0.029839466981569585,0.004265744083856771,1.12,1.12,1.12,1.12
1.6359601865242404,0.9218338683826497,10.15076946712403,0.03210666231012799,0.03016053300716831,0.025734255990883262,0.03497537701486575,0.029839466992831742,0.004265744009116751,1.12,1.12,1.12,1.12
1.6352768970034228,0.9214192140256312,10.15190601008482,0.0321066623202908,0.030160532995958167,0.02573425606594157,0.034975377004702934,0.029839467004041886,0.004265743934058444,1.12,1.12,1.12,1.12
1.6345937744942844,0.9210047068165269,10.153042673125633,0.03210666233107268,0.030160532984803146,0.02573425614131833,0.03497537699392106,0.029839467015196908,0.004265743858681684,1.12,1.12,1.12,1.12
1.633910818997292,0.9205903467556086,10.154179456236077,0.032106662342467895,0.030160532973706022,0.025734256217013793,0.03497537698252584,0.02983946702629403,0.00426574378298622,1.12,1.12,1.12,1.12
1.6332280305129119,0.920176133843148,10.155316359405768,0.032106662354470517,0.030160532962668962,0.025734256293028043,0.03497537697052322,0.02983946703733109,0.0042657437069719695,1.12,1.12,1.12,1.12
1.6325454090416132,0.9197620680794171,10.156453382624315,0.032106662367075434,0.030160532951695074,0.025734256369361247,0.0349753769579183,0.02983946704830498,0.004265743630638766,1.12,1.12,1.12,1.12
1.6318629545838619,0.919348149464687,10.157590525881332,0.03210666238027665,0.030160532940786855,0.02573425644601339,0.034975376944717085,0.0298394670592132,0.004265743553986623,1.12,1.12,1.12,1.12
1.6311806671401243,0.918934377999229,10.15872778916643,0.03210666239406851,0.030160532929946415,0.025734256522984486,0.03497537693092523,0.029839467070053638,0.004265743477015527,1.12,1.12,1.12,1.12
1.6304985467108684,0.9185207536833145,10.159865172469235,0.03210666240844562,0.03016053291917642,0.025734256600274563,0.03497537691654812,0.029839467080823634,0.00426574339972545,1.12,1.12,1.12,1.12
1.6298165932965596,0.918107276517215,10.161002675779354,0.03210666242340232,0.030160532908479254,0.025734256677883552,0.034975376901591415,0.0298394670915208,0.004265743322116461,1.12,1.12,1.12,1.12
1.6291348068976654,0.9176939465012013,10.162140299086412,0.03210666243893301,0.030160532897857306,0.02573425675581134,0.03497537688606073,0.029839467102142747,0.004265743244188672,1.12,1.12,1.12,1.12
1.6284531875146522,0.917280763635544,10.163278042380018,0.03210666245503241,0.030160532887312796,0.02573425683405786,0.03497537686996133,0.029839467112687257,0.004265743165942151,1.12,1.12,1.12,1.12
1.6277717351479848,0.916867727920514,10.1644159056498,0.03210666247169486,0.030160532876848,0.025734256912622974,0.03497537685329888,0.029839467123152053,0.0042657430873770386,1.12,1.12,1.12,1.12
1.6270904497981293,0.9164548393563816,10.165553888885375,0.03210666248891497,0.030160532866464862,0.02573425699150643,0.034975376836078764,0.02983946713353519,0.004265743008493583,1.12,1.12,1.12,1.12
1.6264093314655526,0.9160420979434177,10.16669199207637,0.0321066625066872,0.03016053285616571,0.02573425707070806,0.034975376818306536,0.02983946714383434,0.004265742929291952,1.12,1.12,1.12,1.12
1.6257283801507194,0.9156295036818918,10.167830215212401,0.03210666252500621,0.03016053284595227,0.02573425715022755,0.03497537679998752,0.029839467154047783,0.004265742849772464,1.12,1.12,1.12,1.12
1.6250475958540957,0.9152170565720751,10.168968558283096,0.03210666254386679,0.030160532835826814,0.025734257230064728,0.03497537678112694,0.02983946716417324,0.004265742769935285,1.12,1.12,1.12,1.12
1.6243669785761463,0.9148047566142368,10.170107021278081,0.03210666256326333,0.03016053282579123,0.025734257310219152,0.0349753767617304,0.029839467174208822,0.00426574268978086,1.12,1.12,1.12,1.12
1.6236865283173367,0.9143926038086472,10.171245604186975,0.03210666258319078,0.030160532815847574,0.025734257390690504,0.034975376741802955,0.02983946718415248,0.0042657426093095085,1.12,1.12,1.12,1.12
1.623006245078132,0.9139805981555766,10.172384306999415,0.0321066626036437,0.03016053280599773,0.02573425747147838,0.03497537672135004,0.029839467194002323,0.004265742528521632,1.12,1.12,1.12,1.12
1.6223261288589972,0.913568739655294,10.17352312970502,0.032106662624616866,0.030160532796243478,0.02573425755258238,0.03497537670037687,0.029839467203756576,0.004265742447417634,1.12,1.12,1.12,1.12
1.6216461796603967,0.9131570283080692,10.174662072293428,0.03210666264610501,0.030160532786586758,0.025734257634002042,0.034975376678888725,0.029839467213413295,0.004265742365997971,1.12,1.12,1.12,1.12
1.6209663974827953,0.912745464114172,10.175801134754261,0.03210666266810297,0.03016053277702907,0.02573425771573691,0.034975376656890766,0.029839467222970983,0.004265742284263102,1.12,1.12,1.12,1.12
1.6202867823266573,0.9123340470738713,10.17694031707716,0.032106662690605636,0.0301605327675723,0.025734257797786375,0.0349753766343881,0.029839467232427752,0.004265742202213638,1.12,1.12,1.12,1.12
1.6196073341924464,0.9119227771874364,10.178079619251749,0.032106662713607736,0.03016053275821795,0.025734257880149936,0.034975376611386,0.029839467241782103,0.004265742119850077,1.12,1.12,1.12,1.12
1.6189280530806274,0.9115116544551365,10.179219041267666,0.03210666273710405,0.03016053274896785,0.025734257962827065,0.034975376587889684,0.029839467251032203,0.004265742037172948,1.12,1.12,1.12,1.12
1.6182489389916637,0.9111006788772404,10.180358583114547,0.03210666276108931,0.03016053273982333,0.025734258045817096,0.034975376563904426,0.029839467260176722,0.004265741954182917,1.12,1.12,1.12,1.12
1.6175699919260194,0.9106898504540173,10.181498244782025,0.03210666278555896,0.030160532730786394,0.02573425812911942,0.03497537653943478,0.02983946726921366,0.004265741870880593,1.12,1.12,1.12,1.12
1.6168912118841583,0.9102791691857359,10.182638026259742,0.032106662810507614,0.030160532721858146,0.025734258212733285,0.03497537651448612,0.029839467278141907,0.0042657417872667275,1.12,1.12,1.12,1.12
1.616212598866544,0.9098686350726646,10.183777927537333,0.032106662835930166,0.03016053271304009,0.025734258296658055,0.03497537648906357,0.029839467286959964,0.004265741703341958,1.12,1.12,1.12,1.12
1.615534152873638,0.9094582481150723,10.184917948604436,0.03210666286182157,0.030160532704333776,0.02573425838089298,0.03497537646317217,0.029839467295666278,0.004265741619107033,1.12,1.12,1.12,1.12
1.6148558739059056,0.9090480083132271,10.186058089450693,0.03210666288817693,0.03016053269574065,0.02573425846543731,0.03497537643681681,0.029839467304259404,0.004265741534562703,1.12,1.12,1.12,1.12
1.6141777619638091,0.9086379156673975,10.18719835006575,0.03210666291499109,0.030160532687262043,0.02573425855029017,0.034975376410002645,0.02983946731273801,0.004265741449709842,1.12,1.12,1.12,1.12
1.6134998170478116,0.9082279701778522,10.188338730439247,0.032106662942259556,0.030160532678899454,0.02573425863545077,0.03497537638273418,0.0298394673211006,0.0042657413645492415,1.12,1.12,1.12,1.12
1.6128220391583747,0.9078181718448584,10.18947923056083,0.03210666296997694,0.03016053267065394,0.025734258720918293,0.034975376355016796,0.029839467329346114,0.0042657412790817195,1.12,1.12,1.12,1.12
1.6121444282959616,0.9074085206686848,10.19061985042014,0.03210666299813836,0.030160532662526884,0.02573425880669178,0.03497537632685538,0.02983946733747317,0.004265741193308234,1.12,1.12,1.12,1.12
1.6114669844610345,0.9069990166495989,10.191760590006826,0.03210666302673887,0.0301605326545194,0.02573425889277038,0.03497537629825487,0.029839467345480652,0.004265741107229631,1.12,1.12,1.12,1.12
1.6107897076540558,0.906589659787869,10.192901449310536,0.032106663055773976,0.030160532646632876,0.025734258979153074,0.03497537626921976,0.029839467353367177,0.004265741020846939,1.12,1.12,1.12,1.12
1.6101125978754873,0.9061804500837625,10.194042428320925,0.03210666308523841,0.030160532638868143,0.025734259065838913,0.03497537623975533,0.02983946736113191,0.0042657409341611,1.12,1.12,1.12,1.12
1.6094356551257913,0.9057713875375472,10.195183527027636,0.03210666311512761,0.030160532631226866,0.0257342591528269,0.03497537620986613,0.029839467368773187,0.004265740847173113,1.12,1.12,1.12,1.12
1.60875887940543,0.9053624721494903,10.196324745420325,0.03210666314543664,0.030160532623709713,0.025734259240115992,0.034975376179557094,0.02983946737629034,0.004265740759884021,1.12,1.12,1.12,1.12
1.6080822707148628,0.9049537039198596,10.197466083488644,0.03210666317616084,0.03016053261631796,0.025734259327705095,0.03497537614883289,0.029839467383682095,0.004265740672294918,1.12,1.12,1.12,1.12
1.607405829054553,0.9045450828489223,10.198607541222247,0.03210666320729544,0.030160532609052715,0.025734259415593153,0.0349753761176983,0.02983946739094734,0.00426574058440686,1.12,1.12,1.12,1.12
1.6067295544249607,0.9041366089369455,10.19974911861079,0.032106663238835376,0.03016053260191509,0.02573425950377904,0.03497537608615836,0.029839467398084962,0.004265740496220971,1.12,1.12,1.12,1.12
1.6060534468265482,0.9037282821841963,10.200890815643927,0.03210666327077605,0.030160532594905642,0.025734259592261555,0.03497537605421769,0.02983946740509441,0.004265740407738458,1.12,1.12,1.12,1.12
1.6053775062597755,0.9033201025909423,10.20203263231132,0.0321066633031129,0.030160532588025757,0.02573425968103958,0.03497537602188083,0.029839467411974296,0.0042657403189604315,1.12,1.12,1.12,1.12
1.6047017327251034,0.9029120701574496,10.203174568602629,0.03210666333584117,0.03016053258127621,0.025734259770111845,0.03497537598915257,0.029839467418723842,0.004265740229888168,1.12,1.12,1.12,1.12
1.604026126222992,0.9025041848839855,10.20431662450751,0.03210666336895629,0.030160532574658117,0.025734259859477165,0.03497537595603745,0.029839467425341937,0.004265740140522847,1.12,1.12,1.12,1.12
1.603350686753903,0.9020964467708169,10.205458800015629,0.03210666340245322,0.030160532568171916,0.02573425994913424,0.03497537592254052,0.029839467431828137,0.004265740050865774,1.12,1.12,1.12,1.12
1.6026754143182957,0.9016888558182103,10.206601095116646,0.032106663436327676,0.030160532561818998,0.02573426003908179,0.03497537588866606,0.029839467438181055,0.0042657399609182245,1.12,1.12,1.12,1.12
1.6020003089166304,0.9012814120264322,10.207743509800228,0.032106663470574726,0.03016053255559975,0.02573426012931844,0.03497537585441901,0.029839467444400303,0.004265739870681573,1.12,1.12,1.12,1.12
1.6013253705493662,0.9008741153957495,10.208886044056042,0.03210666350519026,0.030160532549515284,0.025734260219842875,0.03497537581980348,0.02983946745048477,0.004265739780157138,1.12,1.12,1.12,1.12
1.600650599216965,0.900466965926428,10.21002869787375,0.03210666354016933,0.03016053254356621,0.025734260310653692,0.0349753757848244,0.029839467456433844,0.004265739689346321,1.12,1.12,1.12,1.12
1.599975994919884,0.9000599636187346,10.211171471243027,0.0321066635755074,0.03016053253775347,0.02573426040174953,0.03497537574948634,0.029839467462246583,0.0042657395982504814,1.12,1.12,1.12,1.12
1.5993015576585845,0.8996531084729352,10.21231436415354,0.032106663611199904,0.030160532532077622,0.025734260493128935,0.03497537571379383,0.02983946746792243,0.004265739506871077,1.12,1.12,1.12,1.12
1.598627287433524,0.8992464004892959,10.213457376594958,0.03210666364724246,0.030160532526539663,0.02573426058479042,0.034975375677751275,0.02983946747346039,0.004265739415209593,1.12,1.12,1.12,1.12
1.5979531842451635,0.8988398396680837,10.21460050855696,0.03210666368363063,0.030160532521140093,0.025734260676732512,0.034975375641363105,0.02983946747885996,0.004265739323267501,1.12,1.12,1.12,1.12
1.597279248093961,0.8984334260095633,10.215743760029214,0.032106663720359474,0.03016053251587969,0.02573426076895373,0.03497537560463426,0.029839467484120363,0.004265739231046284,1.12,1.12,1.12,1.12
1.5966054789803747,0.8980271595140016,10.216887131001396,0.03210666375742477,0.03016053251075901,0.025734260861452432,0.03497537556756897,0.029839467489241045,0.004265739138547581,1.12,1.12,1.12,1.12
1.595931876904864,0.8976210401816638,10.218030621463184,0.03210666379482202,0.03016053250577866,0.02573426095422704,0.034975375530171715,0.029839467494221394,0.004265739045772973,1.12,1.12,1.12,1.12
1.5952584418678868,0.8972150680128156,10.219174231404256,0.032106663832546845,0.030160532500939197,0.02573426104727601,0.03497537549244689,0.029839467499060857,0.004265738952724002,1.12,1.12,1.12,1.12
1.594585173869902,0.8968092430077231,10.220317960814295,0.03210666387059452,0.030160532496241343,0.025734261140597722,0.034975375454399216,0.02983946750375871,0.0042657388594022905,1.12,1.12,1.12,1.12
1.5939120729113676,0.8964035651666523,10.221461809682978,0.03210666390896094,0.03016053249168571,0.025734261234190467,0.034975375416032795,0.029839467508314343,0.004265738765809546,1.12,1.12,1.12,1.12
1.5932391389927412,0.8959980344898677,10.22260577799999,0.032106663947641556,0.03016053248727274,0.02573426132805258,0.03497537537735218,0.029839467512727313,0.004265738671947433,1.12,1.12,1.12,1.12
1.5925663721144803,0.8955926509776353,10.223749865755007,0.032106663986632034,0.030160532483003044,0.02573426142218234,0.0349753753383617,0.02983946751699701,0.004265738577817674,1.12,1.12,1.12,1.12
1.5918937722770423,0.8951874146302204,10.224894072937724,0.03210666402592782,0.030160532478877122,0.02573426151657804,0.034975375299065914,0.02983946752112293,0.004265738483421974,1.12,1.12,1.12,1.12
1.5912213394808856,0.8947823254478886,10.226038399537824,0.03210666406552459,0.03016053247489542,0.02573426161123786,0.034975375259469144,0.029839467525104635,0.0042657383887621525,1.12,1.12,1.12,1.12
1.5905490737264665,0.8943773834309042,10.227182845544991,0.03210666410541796,0.03016053247105821,0.02573426170616,0.03497537521957578,0.029839467528941843,0.004265738293840013,1.12,1.12,1.12,1.12
1.5898769750142425,0.8939725885795333,10.228327410948925,0.032106664145603814,0.03016053246736622,0.025734261801342653,0.03497537517938992,0.029839467532633834,0.0042657381986573595,1.12,1.12,1.12,1.12
1.5892050433446707,0.8935679408940406,10.229472095739306,0.032106664186077494,0.030160532463819723,0.025734261896783975,0.03497537513891624,0.02983946753618033,0.004265738103216038,1.12,1.12,1.12,1.12
1.5885332787182074,0.8931634403746909,10.23061689990583,0.032106664226834836,0.030160532460419276,0.025734261992482063,0.0349753750981589,0.029839467539580777,0.00426573800751795,1.12,1.12,1.12,1.12
1.58786168113531,0.8927590870217493,10.231761823438191,0.03210666426787151,0.030160532457165212,0.025734262088435003,0.03497537505712223,0.02983946754283484,0.00426573791156501,1.12,1.12,1.12,1.12
1.5871902505964326,0.8923548808354808,10.232906866326084,0.03210666430918313,0.030160532454057698,0.025734262184640894,0.034975375015810606,0.029839467545942355,0.004265737815359119,1.12,1.12,1.12,1.12
1.5865189871020347,0.89195082181615,10.234052028559208,0.032106664350765535,0.030160532451097177,0.025734262281097764,0.0349753749742282,0.029839467548902876,0.004265737718902249,1.12,1.12,1.12,1.12
1.5858478906525695,0.891546909964022,10.23519731012726,0.03210666439261445,0.03016053244828426,0.025734262377803574,0.03497537493237929,0.029839467551715793,0.004265737622196439,1.12,1.12,1.12,1.12
1.5851769612484945,0.8911431452793608,10.236342711019939,0.03210666443472526,0.030160532445619115,0.025734262474756325,0.034975374890268474,0.02983946755438094,0.004265737525243687,1.12,1.12,1.12,1.12
1.584506198890264,0.8907395277624315,10.237488231226948,0.03210666447709415,0.030160532443101906,0.025734262571953936,0.03497537484789959,0.029839467556898147,0.004265737428046076,1.12,1.12,1.12,1.12
1.5838356035783356,0.8903360574134986,10.238633870737983,0.03210666451971672,0.030160532440733245,0.025734262669394284,0.034975374805277015,0.029839467559266808,0.004265737330605729,1.12,1.12,1.12,1.12
1.5831651753131635,0.8899327342328267,10.23977962954276,0.03210666456258887,0.030160532438513243,0.0257342627670753,0.034975374762404865,0.02983946756148681,0.004265737232924713,1.12,1.12,1.12,1.12
1.5824949140952023,0.8895295582206796,10.240925507630973,0.03210666460570605,0.030160532436442233,0.02573426286499489,0.03497537471928769,0.02983946756355782,0.004265737135005124,1.12,1.12,1.12,1.12
1.581824819924907,0.8891265293773224,10.242071504992337,0.03210666464906403,0.030160532434520382,0.025734262963150817,0.034975374675929705,0.02983946756547967,0.004265737036849196,1.12,1.12,1.12,1.12
1.5811548928027332,0.8887236477030186,10.24321762161656,0.03210666469265894,0.030160532432747966,0.025734263061540877,0.0349753746323348,0.029839467567252087,0.004265736938459136,1.12,1.12,1.12,1.12
1.5804851327291354,0.888320913198033,10.244363857493347,0.03210666473648638,0.030160532431125098,0.025734263160162876,0.03497537458850736,0.029839467568874956,0.0042657368398371365,1.12,1.12,1.12,1.12
1.5798155397045681,0.8879183258626295,10.245510212612418,0.03210666478054208,0.030160532429652054,0.02573426325901454,0.034975374544451654,0.029839467570348,0.0042657367409854735,1.12,1.12,1.12,1.12
1.5791461137294842,0.8875158856970717,10.24665668696348,0.03210666482482177,0.03016053242832889,0.025734263358093534,0.03497537450017196,0.029839467571671163,0.0042657366419064785,1.12,1.12,1.12,1.12
1.5784768548043395,0.8871135927016248,10.247803280536251,0.03210666486932162,0.030160532427155884,0.025734263457397613,0.034975374455672115,0.02983946757284417,0.0042657365426024,1.12,1.12,1.12,1.12
1.5778077629295872,0.8867114468765517,10.248949993320446,0.03210666491403702,0.030160532426133257,0.02573426355692436,0.03497537441095672,0.029839467573866796,0.004265736443075652,1.12,1.12,1.12,1.12
1.577138838105681,0.8863094482221167,10.250096825305784,0.032106664958964026,0.03016053242525618,0.02573426365667139,0.03497537436602971,0.029839467574743872,0.004265736343328622,1.12,1.12,1.12,1.12
1.576470080333075,0.8859075967385839,10.251243776481987,0.03210666500409859,0.030160532424522712,0.02573426375663633,0.03497537432089515,0.02983946757547734,0.0042657362433636825,1.12,1.12,1.12,1.12
1.5758014896122212,0.8855058924262171,10.252390846838775,0.03210666504943621,0.030160532423933017,0.025734263856816778,0.034975374275557525,0.029839467576067036,0.004265736143183235,1.12,1.12,1.12,1.12
1.575133065943575,0.8851043352852799,10.253538036365867,0.03210666509497301,0.030160532423487263,0.025734263957210277,0.03497537423002073,0.02983946757651279,0.004265736042789736,1.12,1.12,1.12,1.12
1.574464809327588,0.8847029253160363,10.254685345052991,0.03210666514070487,0.03016053242318506,0.0257342640578143,0.034975374184288865,0.029839467576814993,0.004265735942185711,1.12,1.12,1.12,1.12
1.5737967197647131,0.8843016625187503,10.255832772889873,0.032106665186627414,0.030160532423026853,0.0257342641586263,0.03497537413836632,0.0298394675769732,0.004265735841373713,1.12,1.12,1.12,1.12
1.5731287972554044,0.8839005468936851,10.256980319866244,0.03210666523273653,0.03016053242301242,0.02573426425964377,0.034975374092257205,0.029839467576987633,0.004265735740356241,1.12,1.12,1.12,1.12
1.5724610418001135,0.8834995784411048,10.258127985971829,0.032106665279028335,0.030160532423141928,0.02573426436086404,0.0349753740459654,0.029839467576858125,0.004265735639135973,1.12,1.12,1.12,1.12
1.5717934533992926,0.8830987571612724,10.259275771196357,0.03210666532549822,0.03016053242341521,0.02573426446228448,0.03497537399949552,0.029839467576584844,0.0042657355377155315,1.12,1.12,1.12,1.12
1.571126032053394,0.882698083054452,10.260423675529568,0.03210666537214241,0.030160532423832265,0.025734264563902418,0.03497537395285133,0.02983946757616779,0.004265735436097595,1.12,1.12,1.12,1.12
1.57045877776287,0.882297556120907,10.261571698961191,0.03210666541895679,0.03016053242439326,0.02573426466571513,0.034975373906036944,0.029839467575606793,0.004265735334284884,1.12,1.12,1.12,1.12
1.5697916905281717,0.8818971763609005,10.26271984148096,0.03210666546593677,0.030160532425097808,0.02573426476771988,0.03497537385905697,0.029839467574902245,0.004265735232280132,1.12,1.12,1.12,1.12
1.5691247703497515,0.8814969437746965,10.26386810307862,0.0321066655130785,0.03016053242594624,0.02573426486991373,0.034975373811915234,0.029839467574053813,0.004265735130086282,1.12,1.12,1.12,1.12
1.5684580172280613,0.8810968583625579,10.265016483743905,0.03210666556037789,0.03016053242693828,0.02573426497229396,0.03497537376461585,0.029839467573061773,0.004265735027706052,1.12,1.12,1.12,1.12
1.5677914311635512,0.880696920124748,10.266164983466558,0.03210666560783043,0.030160532428073816,0.025734265074857765,0.034975373717163305,0.029839467571926237,0.004265734925142248,1.12,1.12,1.12,1.12
1.5671250121566722,0.88029712906153,10.267313602236321,0.03210666565543219,0.030160532429352793,0.025734265177602078,0.03497537366956155,0.02983946757064726,0.004265734822397935,1.12,1.12,1.12,1.12
1.5664587602078759,0.8798974851731673,10.26846234004294,0.032106665703178605,0.030160532430774822,0.02573426528052397,0.03497537362181513,0.02983946756922523,0.0042657347194760414,1.12,1.12,1.12,1.12
1.5657926753176121,0.8794979884599233,10.26961119687616,0.03210666575106602,0.03016053243233996,0.02573426538362046,0.034975373573927715,0.029839467567660094,0.004265734616379552,1.12,1.12,1.12,1.12
1.5651267574863323,0.8790986389220606,10.270760172725732,0.03210666579908966,0.030160532434048093,0.025734265486888466,0.034975373525904074,0.02983946756595196,0.0042657345131115465,1.12,1.12,1.12,1.12
1.5644610067144862,0.8786994365598425,10.2719092675814,0.0321066658472457,0.030160532435900778,0.025734265590324948,0.03497537347774804,0.029839467564099276,0.004265734409675065,1.12,1.12,1.12,1.12
1.5637954230025242,0.8783003813735324,10.27305848143292,0.03210666589553185,0.03016053243789768,0.02573426569392899,0.03497537342946189,0.029839467562102373,0.004265734306071023,1.12,1.12,1.12,1.12
1.5631300063508946,0.8779014733633927,10.274207814270044,0.032106665943945456,0.03016053244003808,0.025734265797699815,0.03497537338104828,0.029839467559961974,0.004265734202300198,1.12,1.12,1.12,1.12
1.5624647567600491,0.8775027125296861,10.275357266082525,0.032106665992484074,0.030160532442321808,0.02573426590163666,0.03497537333250966,0.029839467557678245,0.004265734098363352,1.12,1.12,1.12,1.12
1.5617996742304354,0.8771040988726755,10.27650683686012,0.03210666604114626,0.03016053244474809,0.025734266005739165,0.03497537328384748,0.029839467555251964,0.004265733994260848,1.12,1.12,1.12,1.12
1.5611347587625042,0.8767056323926238,10.277656526592587,0.032106666089929736,0.030160532447316202,0.025734266110006718,0.034975373235064,0.02983946755268385,0.004265733889993295,1.12,1.12,1.12,1.12
1.5604700103567042,0.8763073130897928,10.278806335269673,0.03210666613883245,0.030160532450025368,0.025734266214438792,0.034975373186161285,0.029839467549974685,0.004265733785561221,1.12,1.12,1.12,1.12
1.559805429013485,0.8759091409644454,10.279956262881152,0.03210666618785196,0.030160532452875144,0.025734266319034582,0.034975373137141774,0.02983946754712491,0.004265733680965431,1.12,1.12,1.12,1.12
1.5591410147332956,0.8755111160168438,10.281106309416773,0.03210666623698627,0.03016053245586464,0.02573426642379323,0.034975373088007466,0.029839467544135412,0.004265733576206784,1.12,1.12,1.12,1.12
1.5584767675165843,0.8751132382472504,10.2822564748663,0.03210666628623288,0.030160532458993305,0.025734266528713745,0.03497537303876086,0.029839467541006748,0.004265733471286268,1.12,1.12,1.12,1.12
1.5578126873637999,0.8747155076559274,10.283406759219494,0.03210666633558951,0.030160532462260414,0.025734266633795008,0.03497537298940423,0.02983946753773964,0.0042657333662050045,1.12,1.12,1.12,1.12
1.5571487742753929,0.8743179242431373,10.28455716246612,0.03210666638505405,0.030160532465665413,0.025734266739035755,0.034975372939939686,0.02983946753433464,0.004265733260964258,1.12,1.12,1.12,1.12
1.5564850282518095,0.8739204880091418,10.28570768459594,0.032106666434623454,0.03016053246920719,0.025734266844434653,0.03497537289037028,0.029839467530792863,0.00426573315556536,1.12,1.12,1.12,1.12
1.5558214492934999,0.8735231989542032,10.286858325598724,0.03210666648429522,0.030160532472885526,0.02573426694999019,0.034975372840698515,0.029839467527114527,0.004265733050009823,1.12,1.12,1.12,1.12
1.555158037400911,0.8731260570785833,10.28800908546424,0.032106666534066686,0.030160532476699475,0.025734267055700782,0.03497537279092705,0.029839467523300578,0.00426573294429923,1.12,1.12,1.12,1.12
1.554494792574493,0.8727290623825447,10.289159964182252,0.032106666583935184,0.030160532480648594,0.02573426716156478,0.03497537274105855,0.02983946751935146,0.004265732838435232,1.12,1.12,1.12,1.12
1.5538317148146925,0.8723322148663487,10.290310961742536,0.032106666633897774,0.030160532484732105,0.02573426726758027,0.03497537269109596,0.029839467515267948,0.004265732732419744,1.12,1.12,1.12,1.12
1.5531688041219565,0.8719355145302572,10.291462078134856,0.032106666683951735,0.030160532488949454,0.025734267373745318,0.034975372641042,0.0298394675110506,0.004265732626254695,1.12,1.12,1.12,1.12
1.552506060496735,0.871538961374532,10.292613313348994,0.03210666673409368,0.03016053249329942,0.025734267480057887,0.034975372590900056,0.029839467506700634,0.004265732519942125,1.12,1.12,1.12,1.12
1.5518434839394741,0.871142555399435,10.293764667374719,0.03210666678432095,0.030160532497781833,0.025734267586515855,0.03497537254067279,0.02983946750221822,0.004265732413484158,1.12,1.12,1.12,1.12
1.5511810744506211,0.870746296605228,10.294916140201806,0.03210666683463009,0.03016053250239581,0.025734267693116902,0.03497537249036364,0.029839467497604244,0.0042657323068831104,1.12,1.12,1.12,1.12
1.550518832030624,0.8703501849921722,10.296067731820038,0.03210666688501812,0.030160532507140625,0.025734267799858684,0.034975372439975616,0.02983946749285943,0.004265732200141328,1.12,1.12,1.12,1.12
1.5498567566799293,0.86995422056053,10.29721944221919,0.032106666935481865,0.030160532512015892,0.025734267906738634,0.03497537238951187,0.02983946748798416,0.004265732093261379,1.12,1.12,1.12,1.12
1.5491948483989848,0.8695584033105623,10.298371271389046,0.032106666986018106,0.030160532517020666,0.025734268013754127,0.03497537233897563,0.029839467482979387,0.004265731986245885,1.12,1.12,1.12,1.12
1.548533107188236,0.8691627332425309,10.299523219319386,0.03210666703662313,0.030160532522154337,0.02573426812090246,0.03497537228837061,0.029839467477845716,0.0042657318790975535,1.12,1.12,1.12,1.12
1.5478715330481312,0.8687672103566975,10.300675285999999,0.03210666708729365,0.030160532527415906,0.025734268228180812,0.034975372237700086,0.029839467472584147,0.004265731771819201,1.12,1.12,1.12,1.12
1.5472101259791153,0.8683718346533233,10.30182747142066,0.03210666713802629,0.030160532532805207,0.025734268335586216,0.034975372186967446,0.029839467467194847,0.004265731664413797,1.12,1.12,1.12,1.12
1.5465488859816348,0.8679766061326701,10.302979775571172,0.03210666718881705,0.030160532538321183,0.025734268443115632,0.034975372136176686,0.02983946746167887,0.004265731556884381,1.12,1.12,1.12,1.12
1.545887813056136,0.8675815247949992,10.304132198441312,0.032106667239662545,0.030160532543963225,0.025734268550765924,0.03497537208533119,0.029839467456036828,0.004265731449234089,1.12,1.12,1.12,1.12
1.5452269072030653,0.8671865906405719,10.305284740020879,0.032106667290559165,0.030160532549730612,0.025734268658533746,0.03497537203443457,0.02983946745026944,0.004265731341466267,1.12,1.12,1.12,1.12
1.5445661684228682,0.8667918036696499,10.306437400299663,0.03210666734152545,0.03016053255562251,0.02573426876641574,0.034975371983468284,0.029839467444377543,0.004265731233584272,1.12,1.12,1.12,1.12
1.543905596715989,0.8663971638824937,10.307590179267457,0.03210666739259843,0.030160532561638198,0.02573426887440841,0.034975371932395305,0.029839467438361855,0.004265731125591601,1.12,1.12,1.12,1.12
1.543245192082874,0.8660026712793658,10.308743076914062,0.03210666744377427,0.030160532567777065,0.02573426898250812,0.034975371881219464,0.029839467432222988,0.004265731017491892,1.12,1.12,1.12,1.12
1.5425849545239683,0.8656083258605268,10.309896093229277,0.03210666749504959,0.03016053257403839,0.025734269090711137,0.034975371829944146,0.029839467425961663,0.004265730909288876,1.12,1.12,1.12,1.12
1.5419248840397164,0.8652141276262383,10.311049228202895,0.032106667546420053,0.030160532580421395,0.02573426919901356,0.03497537177857368,0.029839467419578658,0.004265730800986453,1.12,1.12,1.12,1.12
1.5412649806305627,0.8648200765767613,10.312202481824729,0.032106667597882166,0.03016053258692536,0.025734269307411448,0.03497537172711157,0.029839467413074694,0.004265730692588565,1.12,1.12,1.12,1.12
1.5406052442969527,0.8644261727123574,10.313355854084577,0.03210666764943215,0.030160532593549505,0.025734269415900735,0.034975371675561584,0.02983946740645055,0.004265730584099278,1.12,1.12,1.12,1.12
1.5399456750393297,0.8640324160332882,10.314509344972247,0.032106667701066016,0.03016053260029311,0.025734269524477257,0.03497537162392772,0.029839467399706943,0.004265730475522755,1.12,1.12,1.12,1.12
1.5392862728581385,0.8636388065398141,10.315662954477549,0.032106667752779594,0.030160532607155344,0.02573426963313666,0.03497537157221414,0.02983946739284471,0.0042657303668633545,1.12,1.12,1.12,1.12
1.538627037753823,0.8632453442321971,10.316816682590291,0.03210666780456889,0.030160532614135538,0.025734269741874538,0.03497537152042485,0.029839467385864515,0.004265730258125475,1.12,1.12,1.12,1.12
1.5379679697268251,0.862852029110698,10.31797052930029,0.03210666785642968,0.030160532621232694,0.025734269850686373,0.034975371468564054,0.02983946737876736,0.00426573014931364,1.12,1.12,1.12,1.12
1.53730906877759,0.8624588611755787,10.319124494597357,0.032106667908357756,0.030160532628446313,0.02573426995956757,0.03497537141663598,0.02983946737155374,0.004265730040432444,1.12,1.12,1.12,1.12
1.5366503349065597,0.8620658404270998,10.32027857847131,0.032106667960348945,0.030160532635775616,0.025734270068513296,0.03497537136464479,0.029839467364224437,0.004265729931486717,1.12,1.12,1.12,1.12
1.5359917681141786,0.8616729668655232,10.321432780911971,0.032106668012398754,0.03016053264321955,0.025734270177518684,0.03497537131259498,0.029839467356780502,0.004265729822481329,1.12,1.12,1.12,1.12
1.5353333684008874,0.8612802404911097,10.322587101909159,0.03210666806450291,0.03016053265077756,0.025734270286578237,0.03497537126049083,0.029839467349222493,0.004265729713421776,1.12,1.12,1.12,1.12
1.5346751357671309,0.8608876613041212,10.3237415414527,0.032106668116656634,0.030160532658448813,0.025734270395686862,0.0349753712083371,0.02983946734155124,0.004265729604313151,1.12,1.12,1.12,1.12
1.5340170702133484,0.8604952293048183,10.324896099532417,0.0321066681688556,0.030160532666232365,0.025734270504839424,0.034975371156138135,0.02983946733376769,0.004265729495160589,1.12,1.12,1.12,1.12
1.533359171739984,0.8601029444934629,10.326050776138143,0.03210666822109526,0.030160532674118945,0.02573427061403047,0.03497537110389848,0.02983946732588111,0.004265729385969544,1.12,1.12,1.12,1.12
1.5327014403474786,0.859710806870316,10.327205571259706,0.032106668273373884,0.030160532682089625,0.025734270723258942,0.03497537105161985,0.02983946731791043,0.00426572927674107,1.12,1.12,1.12,1.12
1.5320438760362736,0.8593188164356388,10.328360484886936,0.03210666832569764,0.030160532690143405,0.025734270832532158,0.034975370999296096,0.02983946730985665,0.004265729167467855,1.12,1.12,1.12,1.12
1.5313864788068106,0.8589269731896926,10.32951551700967,0.032106668378071246,0.030160532698279174,0.02573427094185693,0.03497537094692249,0.02983946730172088,0.0042657290581430835,1.12,1.12,1.12,1.12
1.5307292486595303,0.8585352771327375,10.330670667617731,0.03210666843049975,0.030160532706495435,0.025734271051239654,0.034975370894493985,0.029839467293504618,0.004265728948760358,1.12,1.12,1.12,1.12
1.5300721855948756,0.8581437282650342,10.331825936700955,0.03210666848298749,0.0301605327147908,0.025734271160686134,0.03497537084200625,0.029839467285209254,0.004265728839313879,1.12,1.12,1.12,1.12
1.5294152896132882,0.8577523265868433,10.332981324249173,0.03210666853553823,0.03016053272316438,0.025734271270201753,0.03497537078945551,0.029839467276835674,0.00426572872979826,1.12,1.12,1.12,1.12
1.52875856071521,0.857361072098425,10.33413683025221,0.03210666858815625,0.030160532731614842,0.02573427137979141,0.034975370736837486,0.02983946726838521,0.004265728620208603,1.12,1.12,1.12,1.12
1.5281019989010827,0.8569699648000395,10.335292454699893,0.03210666864084449,0.030160532740140855,0.02573427148945956,0.03497537068414924,0.029839467259859198,0.0042657285105404535,1.12,1.12,1.12,1.12
1.5274456041713487,0.8565790046919464,10.336448197582058,0.03210666869360618,0.030160532748741253,0.025734271599210157,0.03497537063138756,0.0298394672512588,0.004265728400789856,1.12,1.12,1.12,1.12
1.5267893765264504,0.8561881917744062,10.33760405888853,0.03210666874644391,0.03016053275741476,0.025734271709046685,0.034975370578549825,0.029839467242585294,0.004265728290953327,1.12,1.12,1.12,1.12
1.5261333159668304,0.8557975260476778,10.338760038609136,0.032106668799359805,0.030160532766160097,0.0257342718189722,0.03497537052563393,0.029839467233839956,0.004265728181027814,1.12,1.12,1.12,1.12
1.5254774224929297,0.8554070075120213,10.339916136733708,0.03210666885235591,0.030160532774976268,0.02573427192898929,0.03497537047263782,0.029839467225023786,0.0042657280710107215,1.12,1.12,1.12,1.12
1.524821696105191,0.8550166361676959,10.341072353252073,0.0321066689054339,0.030160532783861826,0.025734272039100184,0.03497537041955984,0.029839467216138227,0.004265727960899829,1.12,1.12,1.12,1.12
1.5241661368040569,0.854626412014961,10.342228688154064,0.03210666895859521,0.030160532792815553,0.025734272149306597,0.03497537036639853,0.0298394672071845,0.004265727850693415,1.12,1.12,1.12,1.12
1.52351074458997,0.8542363350540761,10.34338514142951,0.03210666901184056,0.030160532801836115,0.025734272259609822,0.034975370313153176,0.029839467198163938,0.0042657277403901905,1.12,1.12,1.12,1.12
1.522855519463371,0.8538464052852996,10.344541713068242,0.03210666906517062,0.03016053281092229,0.025734272370010802,0.03497537025982311,0.029839467189077762,0.0042657276299892105,1.12,1.12,1.12,1.12
1.5222004614247038,0.8534566227088917,10.345698403060092,0.032106669118585895,0.03016053282007297,0.02573427248050998,0.03497537020640784,0.02983946717992708,0.004265727519490031,1.12,1.12,1.12,1.12
1.5215455704744092,0.8530669873251111,10.346855211394892,0.03210666917208649,0.03016053282928699,0.025734272591107443,0.03497537015290725,0.029839467170713063,0.0042657274088925695,1.12,1.12,1.12,1.12
1.5208908466129303,0.8526774991342162,10.348012138062476,0.03210666922567196,0.030160532838562737,0.02573427270180284,0.03497537009932178,0.029839467161437316,0.004265727298197172,1.12,1.12,1.12,1.12
1.5202362898407082,0.8522881581364663,10.34916918305268,0.03210666927934175,0.0301605328540423,0.025734272812595382,0.03497537004565199,0.029839467145957754,0.00426572718740463,1.12,1.12,1.12,1.12
1.5195819001584927,0.8518989643323911,10.35032634635528,0.03210666932653611,0.03016053286921333,0.025734272915306583,0.03497536999845763,0.029839467130786723,0.00426572708469343,1.12,1.12,1.12,1.12
1.518927677566476,0.8515099177223964,10.351483627962164,0.032106669367435725,0.03016053288408177,0.025734273010158126,0.03497536995755801,0.029839467115918283,0.0042657269898418865,1.12,1.12,1.12,1.12
1.5182736220648572,0.8511210183068836,10.35264102786518,0.032106669402216015,0.03016053289865378,0.02573427309736666,0.03497536992277772,0.029839467101346273,0.004265726902633354,1.12,1.12,1.12,1.12
1.5176197336538408,0.8507322660862517,10.353798546056119,0.032106669431049784,0.03016053291293569,0.025734273177143913,0.03497536989394395,0.029839467087064364,0.0042657268228561,1.12,1.12,1.12,1.12
1.5169660123336408,0.8503436610608937,10.35495618252671,0.0321066694541049,0.030160532926932826,0.02573427324969682,0.03497536987088884,0.029839467073067227,0.004265726750303192,1.12,1.12,1.12,1.12
1.5163124581044731,0.8499552032312008,10.356113937268645,0.03210666947154561,0.03016053294065124,0.0257342733152275,0.034975369853448124,0.029839467059348812,0.004265726684772514,1.12,1.12,1.12,1.12
1.5156590709665636,0.8495668925975587,10.357271810273561,0.0321066694835323,0.03016053295409632,0.02573427337393347,0.034975369841461434,0.029839467045903734,0.004265726626066543,1.12,1.12,1.12,1.12
1.5150058509201423,0.8491787291603512,10.358429801533038,0.032106669490222284,0.030160532967273668,0.025734273426007703,0.03497536983477145,0.029839467032726386,0.0042657265739923095,1.12,1.12,1.12,1.12
1.514352797965444,0.8487907129199578,10.359587911038624,0.03210666949176827,0.03016053298018867,0.02573427347163873,0.03497536983322547,0.029839467019811383,0.004265726528361283,1.12,1.12,1.12,1.12
1.5136999121027133,0.8484028438767542,10.360746138781806,0.03210666948832058,0.030160532992846545,0.025734273511010874,0.034975369836673154,0.02983946700715351,0.004265726488989138,1.12,1.12,1.12,1.12
1.5130471933321954,0.8480151220311133,10.361904484754039,0.03210666948002516,0.03016053300525262,0.02573427354430395,0.034975369844968573,0.029839466994747432,0.004265726455696062,1.12,1.12,1.12,1.12
1.512394641654144,0.8476275473834047,10.363062948946721,0.032106669467025006,0.03016053301741195,0.02573427357169389,0.03497536985796873,0.029839466982588103,0.004265726428306124,1.12,1.12,1.12,1.12
1.5117422570688168,0.8472401199339945,10.36422153135122,0.032106669449459446,0.03016053302932914,0.025734273593352397,0.03497536987553429,0.029839466970670914,0.004265726406647616,1.12,1.12,1.12,1.12
1.5110900395764777,0.8468528396832453,10.365380231958852,0.03210666942746465,0.03016053304100913,0.025734273609447175,0.034975369897529085,0.029839466958990923,0.0042657263905528375,1.12,1.12,1.12,1.12
1.5104379891773956,0.8464657066315177,10.366539050760892,0.03210666940117407,0.030160533052456973,0.02573427362014208,0.034975369923819666,0.02983946694754308,0.004265726379857934,1.12,1.12,1.12,1.12
1.509786105871843,0.8460787207791682,10.367697987748581,0.032106669370717544,0.030160533063677386,0.025734273625597215,0.03497536995427619,0.029839466936322667,0.004265726374402798,1.12,1.12,1.12,1.12
1.5091343896600986,0.8456918821265513,10.36885704291312,0.03210666933622208,0.030160533074674534,0.025734273625968834,0.034975369988771654,0.02983946692532552,0.0042657263740311785,1.12,1.12,1.12,1.12
1.5084828405424444,0.8453051906740175,10.370016216245668,0.03210666929781153,0.0301605330854528,0.025734273621409592,0.03497537002718221,0.029839466914547252,0.00426572637859042,1.12,1.12,1.12,1.12
1.5078314585191692,0.8449186464219157,10.371175507737345,0.03210666925560718,0.030160533096016573,0.025734273612068592,0.03497537006938656,0.02983946690398348,0.0042657263879314206,1.12,1.12,1.12,1.12
1.5071802435905646,0.8445322493705917,10.372334917379241,0.032106669209727656,0.030160533106370124,0.025734273598091578,0.03497537011526608,0.02983946689362993,0.0042657264019084346,1.12,1.12,1.12,1.12
1.5065291957569262,0.8441459995203877,10.37349444516241,0.03210666916028837,0.030160533116517507,0.02573427357962077,0.034975370164705366,0.029839466883482546,0.004265726420379243,1.12,1.12,1.12,1.12
1.5058783150185562,0.8437598968716445,10.374654091077863,0.03210666910740212,0.030160533126462774,0.02573427355679514,0.03497537021759162,0.02983946687353728,0.004265726443204873,1.12,1.12,1.12,1.12
1.5052276013757577,0.8433739414246999,10.375813855116585,0.03210666905117937,0.030160533136210366,0.02573427352975037,0.034975370273814366,0.029839466863789688,0.004265726470249642,1.12,1.12,1.12,1.12
1.504577054828841,0.842988133179889,10.376973737269529,0.03210666899172748,0.03016053314576389,0.02573427349861887,0.034975370333266254,0.029839466854236163,0.004265726501381142,1.12,1.12,1.12,1.12
1.5039266753781186,0.8426024721375441,10.378133737527607,0.03210666892915143,0.030160533155127178,0.02573427346352994,0.03497537039584231,0.029839466844872875,0.004265726536470074,1.12,1.12,1.12,1.12
1.5032764630239066,0.8422169582979964,10.379293855881706,0.03210666886355412,0.030160533164304282,0.025734273424609835,0.034975370461439614,0.02983946683569577,0.004265726575390177,1.12,1.12,1.12,1.12
1.5026264177665263,0.8418315916615733,10.380454092322683,0.032106668795035376,0.030160533173298643,0.025734273381981726,0.03497537052995836,0.02983946682670141,0.004265726618018287,1.12,1.12,1.12,1.12
1.5019765396063016,0.8414463722286005,10.381614446841361,0.032106668723692944,0.030160533182114035,0.025734273335765945,0.03497537060130079,0.029839466817886018,0.004265726664234068,1.12,1.12,1.12,1.12
1.5013268285435601,0.8410612999994017,10.382774919428543,0.032106668649622416,0.030160533190753902,0.025734273286079856,0.03497537067537132,0.02983946680924615,0.0042657267139201566,1.12,1.12,1.12,1.12
1.5006772845786327,0.840676374974298,10.38393551007499,0.032106668572916774,0.030160533199221795,0.025734273233038077,0.03497537075207696,0.029839466800778258,0.004265726766961936,1.12,1.12,1.12,1.12
1.5000279077118552,0.8402915971536093,10.38509621877144,0.03210666849378674,0.030160533207521156,0.025734273224414295,0.034975370831207,0.029839466792478897,0.004265726775585718,1.12,1.12,1.12,1.12
1.4993786979450103,0.8399069665368212,10.386257045496786,0.0321066684119205,0.03016053321565515,0.025734273211431388,0.034975370913073234,0.029839466784344904,0.0042657267885686245,1.12,1.12,1.12,1.12
1.4987296552784024,0.83952248312427,10.387417990242012,0.03210666832741432,0.030160533223626995,0.02573427319422132,0.034975370997579414,0.029839466776373058,0.004265726805778691,1.12,1.12,1.12,1.12
1.498080779712338,0.83913814691629,10.388579052998088,0.03210666824036229,0.030160533231439857,0.025734273172912978,0.034975371084631446,0.029839466768560197,0.004265726827087035,1.12,1.12,1.12,1.12
1.4974320712471298,0.8387539579132128,10.389740233755933,0.0321066681508565,0.030160533239097287,0.02573427314763227,0.03497537117413724,0.029839466760902766,0.004265726852367743,1.12,1.12,1.12,1.12
1.4967835298830914,0.8383699161153676,10.390901532506447,0.03210666805898649,0.03016053324660206,0.025734273118502085,0.03497537126600725,0.029839466753397992,0.004265726881497928,1.12,1.12,1.12,1.12
1.496135155620543,0.8379860215230814,10.3920629492405,0.03210666796483952,0.030160533253957345,0.02573427308564258,0.03497537136015422,0.02983946674604271,0.0042657269143574345,1.12,1.12,1.12,1.12
1.4954869484598068,0.837602274136679,10.393224483948933,0.03210666786850097,0.030160533261166134,0.025734273049170947,0.034975371456492765,0.02983946673883392,0.004265726950829066,1.12,1.12,1.12,1.12
1.494838908401209,0.8372186739564826,10.394386136622549,0.032106667770054,0.03016053326823115,0.025734273009201572,0.03497537155493974,0.029839466731768904,0.004265726990798441,1.12,1.12,1.12,1.12
1.494191035445077,0.8368352209828127,10.395547907252134,0.032106667669590916,0.030160533275155277,0.025734272965846336,0.03497537165540282,0.029839466724844776,0.004265727034153677,1.12,1.12,1.12,1.12
1.493543329591746,0.8364519152159877,10.396709795828446,0.032106667567210256,0.03016053328194135,0.025734272919214304,0.03497537175778348,0.029839466718058705,0.004265727080785708,1.12,1.12,1.12,1.12
1.4928957908415506,0.8360687566563243,10.39787180234221,0.0321066674629884,0.030160533288592306,0.025734272869412045,0.03497537186200533,0.029839466711407747,0.004265727130587968,1.12,1.12,1.12,1.12
1.49224841919483,0.8356857453041364,10.399033926784133,0.032106667357000074,0.03016053329511048,0.025734272816543516,0.03497537196799366,0.029839466704889572,0.004265727183456497,1.12,1.12,1.12,1.12
1.4916012146519275,0.8353028811597367,10.40019616914489,0.032106667249318044,0.03016053330149865,0.02573427276071026,0.03497537207567569,0.029839466698501405,0.004265727239289752,1.12,1.12,1.12,1.12
1.4909541772131867,0.8349201642234354,10.401358529415138,0.03210666714001287,0.030160533307759474,0.025734272702011368,0.03497537218498087,0.02983946669224058,0.004265727297988645,1.12,1.12,1.12,1.12
1.4903073068789572,0.8345375944955414,10.402521007585504,0.03210666702915371,0.030160533313895566,0.025734272640543565,0.034975372295840024,0.029839466686104488,0.004265727359456448,1.12,1.12,1.12,1.12
1.489660603649589,0.8341551719763617,10.403683603646598,0.0321066669168078,0.030160533319909255,0.02573427257640118,0.034975372408185934,0.029839466680090798,0.0042657274235988335,1.12,1.12,1.12,1.12
1.4890140675254362,0.8337728966662006,10.404846317589,0.032106666803040695,0.030160533325802985,0.025734272509676442,0.03497537252195304,0.029839466674197068,0.00426572749032357,1.12,1.12,1.12,1.12
1.4883676985068555,0.8333907685653621,10.406009149403273,0.03210666668791634,0.030160533331578976,0.025734272440459185,0.034975372637077395,0.029839466668421077,0.004265727559540827,1.12,1.12,1.12,1.12
1.487721496594206,0.8330087876741475,10.40717209907996,0.0321066665714973,0.030160533337239726,0.02573427236883713,0.034975372753496436,0.029839466662760328,0.004265727631162883,1.12,1.12,1.12,1.12
1.4870754617878505,0.8326269539928568,10.408335166609573,0.032106666453844024,0.03016053334278751,0.025734272294895846,0.03497537287114971,0.029839466657212543,0.0042657277051041664,1.12,1.12,1.12,1.12
1.486429594088151,0.8322452675217884,10.409498351982622,0.03210666633501541,0.03016053334822444,0.025734272218718976,0.034975372989978326,0.029839466651775615,0.004265727781281037,1.12,1.12,1.12,1.12
1.4857838934954763,0.8318637282612391,10.410661655189577,0.03210666621506941,0.030160533353552732,0.025734272140387843,0.034975373109924324,0.02983946664644732,0.00426572785961217,1.12,1.12,1.12,1.12
1.485138360010195,0.8314823362115039,10.4118250762209,0.03210666609406204,0.030160533358774444,0.025734272059981994,0.034975373230931694,0.02983946664122561,0.004265727940018019,1.12,1.12,1.12,1.12
1.4844929936326787,0.8311010913728769,10.41298861506703,0.03210666597204803,0.030160533363891906,0.025734271977578965,0.034975373352945704,0.029839466636108147,0.0042657280224210475,1.12,1.12,1.12,1.12
1.4838477943633004,0.83071999374565,10.414152271718391,0.03210666584908045,0.030160533368907005,0.025734271893254432,0.034975373475913285,0.029839466631093048,0.004265728106745581,1.12,1.12,1.12,1.12
1.4832027622024366,0.8303390433301141,10.415316046165387,0.03210666572521137,0.03016053337382202,0.02573427180708203,0.03497537359978237,0.029839466626178035,0.0042657281929179836,1.12,1.12,1.12,1.12
1.4825578971504658,0.8299582401265586,10.416479938398403,0.032106665600491247,0.030160533378638554,0.025734271719133728,0.03497537372450249,0.0298394666213615,0.004265728280866285,1.12,1.12,1.12,1.12
1.4819131992077677,0.8295775841352709,10.417643948407807,0.03210666547496899,0.030160533383358612,0.02573427162947972,0.03497537385002475,0.02983946661664144,0.004265728370520291,1.12,1.12,1.12,1.12
1.4812686683747245,0.8291970753565385,10.418808076183954,0.032106665348692776,0.030160533387984023,0.02573427153818833,0.03497537397630096,0.02983946661201603,0.0042657284618116825,1.12,1.12,1.12,1.12
1.4806243046517218,0.8288167137906467,10.419972321717184,0.03210666522170913,0.030160533392516953,0.025734271445326293,0.03497537410328461,0.0298394666074831,0.00426572855467372,1.12,1.12,1.12,1.12
1.4799801080391441,0.8284364994378791,10.421136684997808,0.0321066650940634,0.03016053339695901,0.025734271350958585,0.034975374230930334,0.029839466603041043,0.004265728649041428,1.12,1.12,1.12,1.12
1.4793360785373797,0.8280564322985186,10.422301166016139,0.03210666496579956,0.030160533401311695,0.025734271255148627,0.03497537435919418,0.029839466598688358,0.004265728744851385,1.12,1.12,1.12,1.12
1.47869221614682,0.8276765123728471,10.423465764762465,0.03210666483696095,0.030160533405577172,0.02573427115795815,0.034975374488032784,0.02983946659442288,0.004265728842041863,1.12,1.12,1.12,1.12
1.4780485208678549,0.8272967396611444,10.424630481227064,0.032106664707588994,0.030160533409756995,0.02573427105944734,0.03497537461740474,0.029839466590243058,0.004265728940552674,1.12,1.12,1.12,1.12
1.4774049927008783,0.82691711416369,10.425795315400194,0.032106664577724764,0.030160533413852553,0.025734270959674926,0.03497537474726897,0.0298394665861475,0.004265729040325086,1.12,1.12,1.12,1.12
1.4767616316462864,0.8265376358807622,10.42696026727211,0.03210666444740745,0.030160533417865787,0.025734270858698005,0.034975374877586285,0.029839466582134266,0.004265729141302008,1.12,1.12,1.12,1.12
1.476118437704475,0.8261583048126374,10.428125336833036,0.032106664316675804,0.030160533421798086,0.025734270756572364,0.03497537500831793,0.029839466578201967,0.004265729243427649,1.12,1.12,1.12,1.12
1.4754754108758423,0.825779120959592,10.4292905240732,0.03210666418556751,0.030160533425651337,0.02573427065335218,0.034975375139426224,0.029839466574348716,0.004265729346647831,1.12,1.12,1.12,1.12
1.4748325511607896,0.8254000843219007,10.430455828982819,0.032106664054118716,0.030160533429426872,0.025734270549090416,0.03497537527087502,0.02983946657057318,0.004265729450909597,1.12,1.12,1.12,1.12
1.474189858559717,0.8250211948998374,10.431621251552075,0.03210666392236494,0.030160533433126135,0.025734270443838483,0.034975375402628794,0.029839466566873918,0.004265729556161529,1.12,1.12,1.12,1.12
1.4735473330730278,0.8246424526936743,10.432786791771159,0.03210666379034066,0.030160533436750847,0.025734270337646567,0.034975375534653075,0.029839466563249206,0.004265729662353446,1.12,1.12,1.12,1.12
1.4729049747011265,0.8242638577036833,10.433952449630251,0.03210666365807907,0.03016053344030195,0.025734270230563502,0.034975375666914665,0.029839466559698102,0.00426572976943651,1.12,1.12,1.12,1.12
1.472262783444419,0.8238854099301354,10.435118225119503,0.03210666352561303,0.030160533443781223,0.02573427012263685,0.034975375799380704,0.02983946655621883,0.004265729877363164,1.12,1.12,1.12,1.12
1.471620759303312,0.8235071093733004,10.43628411822907,0.0321066633929743,0.030160533447190108,0.025734270013912847,0.03497537593201944,0.029839466552809946,0.004265729986087166,1.12,1.12,1.12,1.12
1.4709789022782136,0.8231289560334472,10.437450128949095,0.0321066632601934,0.030160533450529603,0.025734269904436585,0.034975376064800334,0.02983946654947045,0.0042657300955634275,1.12,1.12,1.12,1.12
1.470337212369534,0.8227509499108433,10.438616257269706,0.03210666312730015,0.030160533453801153,0.025734269794251974,0.034975376197693586,0.0298394665461989,0.004265730205748039,1.12,1.12,1.12,1.12
1.4696956895776834,0.822373091005757,10.439782503181021,0.03210666299432374,0.0301605334570062,0.02573426968340163,0.034975376330669994,0.029839466542993853,0.004265730316598382,1.12,1.12,1.12,1.12
1.4690543339030748,0.8219953793184532,10.440948866673153,0.03210666286129227,0.0301605334601458,0.02573426957192708,0.03497537646370147,0.029839466539854254,0.004265730428072934,1.12,1.12,1.12,1.12
1.4684131453461213,0.8216178148491982,10.442115347736202,0.032106662728233426,0.030160533463221395,0.025734269459868744,0.03497537659676031,0.029839466536778658,0.004265730540131268,1.12,1.12,1.12,1.12
1.4677721239072365,0.8212403975982565,10.443281946360262,0.032106662595173474,0.03016053346623393,0.0257342693472659,0.03497537672982026,0.029839466533766124,0.004265730652734112,1.12,1.12,1.12,1.12
1.4671312695868366,0.8208631275658919,10.444448662535411,0.03210666246213839,0.03016053346918479,0.025734269234156726,0.034975376862855345,0.029839466530815262,0.004265730765843287,1.12,1.12,1.12,1.12
1.4664905823853382,0.8204860047523668,10.445615496251726,0.03210666232915299,0.030160533472074813,0.025734269120578412,0.034975376995840746,0.02983946652792524,0.0042657308794216,1.12,1.12,1.12,1.12
1.4658500623031583,0.8201090291579443,10.446782447499274,0.032106662196241864,0.030160533474905216,0.025734269006567126,0.03497537712875187,0.029839466525094838,0.004265730993432887,1.12,1.12,1.12,1.12
1.4652097093407155,0.8197322007828856,10.447949516268112,0.03210666206342849,0.03016053347767733,0.025734268892157894,0.034975377261565244,0.029839466522322722,0.004265731107842119,1.12,1.12,1.12,1.12
1.4645695234984295,0.8193555196274516,10.449116702548295,0.032106661930736025,0.03016053348039205,0.025734268777384897,0.03497537739425771,0.029839466519608004,0.004265731222615116,1.12,1.12,1.12,1.12
1.4639295047767202,0.8189789856919021,10.450284006329854,0.03210666179818639,0.030160533483050533,0.025734268662281234,0.03497537752680735,0.02983946651694952,0.004265731337718778,1.12,1.12,1.12,1.12
1.4632896531760105,0.818602598976497,10.451451427602832,0.032106661665801506,0.030160533485653618,0.0257342685468792,0.03497537765919223,0.029839466514346435,0.0042657314531208135,1.12,1.12,1.12,1.12
1.4626499686967216,0.8182263594814949,10.452618966357257,0.03210666153360192,0.030160533488202468,0.02573426843120996,0.034975377791391815,0.029839466511797585,0.0042657315687900516,1.12,1.12,1.12,1.12
1.4620104513392758,0.8178502672071535,10.45378662258315,0.03210666140160806,0.03016053349069775,0.025734268315303968,0.034975377923385675,0.029839466509302304,0.004265731684696045,1.12,1.12,1.12,1.12
1.4613711011040977,0.8174743221537306,10.454954396270523,0.03210666126983952,0.03016053349314074,0.02573426819919064,0.034975378055154216,0.029839466506859313,0.004265731800809372,1.12,1.12,1.12,1.12
1.4607319179916125,0.8170985243214828,10.456122287409386,0.03210666113830396,0.03016053349553216,0.02573426808289858,0.034975378186689776,0.029839466504467893,0.004265731917101431,1.12,1.12,1.12,1.12
1.4600929020022457,0.8167228737106665,10.45729029598974,0.032106661007018034,0.030160533497872788,0.02573426796645556,0.0349753783179757,0.029839466502127265,0.004265732033544453,1.12,1.12,1.12,1.12
1.4594540531364222,0.8163473703215378,10.45845842200158,0.03210666087599989,0.030160533500163733,0.02573426784988847,0.034975378448993844,0.02983946649983632,0.0042657321501115425,1.12,1.12,1.12,1.12
1.4588153713945702,0.8159720141543508,10.459626665434897,0.03210666074526708,0.030160533502405606,0.02573426773322343,0.03497537857972666,0.029839466497594447,0.004265732266776581,1.12,1.12,1.12,1.12
1.4581768567771158,0.8155968052093603,10.460795026279682,0.032106660614835913,0.03016053350459924,0.025734267616485715,0.03497537871015782,0.029839466495400813,0.004265732383514298,1.12,1.12,1.12,1.12
1.4575385092844888,0.8152217434868203,10.461963504525901,0.032106660484723326,0.030160533506745413,0.025734267499699787,0.03497537884027041,0.02983946649325464,0.004265732500300226,1.12,1.12,1.12,1.12
1.4569003289171172,0.8148468289869841,10.463132100163543,0.03210666035494475,0.030160533508844845,0.025734267382889406,0.03497537897004899,0.02983946649115521,0.004265732617110607,1.12,1.12,1.12,1.12
1.4562623156754304,0.8144720617101051,10.464300813182568,0.03210666022551595,0.03016053351089837,0.025734267266077554,0.03497537909947779,0.029839466489101685,0.004265732733922459,1.12,1.12,1.12,1.12
1.4556244695598595,0.8140974416564349,10.465469643572941,0.03210666009645119,0.030160533512906595,0.025734267149286394,0.03497537922854255,0.029839466487093458,0.004265732850713619,1.12,1.12,1.12,1.12
1.454986790570834,0.8137229688262262,10.466638591324623,0.03210665996776518,0.030160533514870413,0.02573426703253749,0.03497537935722855,0.02983946648512964,0.004265732967462521,1.12,1.12,1.12,1.12
1.4543492787087855,0.8133486432197297,10.467807656427574,0.03210665983947125,0.030160533516790045,0.025734266915851595,0.034975379485522484,0.02983946648321001,0.004265733084148418,1.12,1.12,1.12,1.12
1.453711933974146,0.8129744648371965,10.468976838871734,0.03210665971158305,0.03016053351866621,0.025734266799248853,0.034975379613410684,0.029839466481333843,0.0042657332007511595,1.12,1.12,1.12,1.12
1.4530747563673476,0.8126004336788774,10.470146138647063,0.03210665958411324,0.03016053352049969,0.02573426668274857,0.0349753797408805,0.029839466479500365,0.004265733317251441,1.12,1.12,1.12,1.12
1.452437745888823,0.8122265497450217,10.471315555743493,0.032106659457074194,0.03016053352229081,0.025734266566369526,0.03497537986791954,0.029839466477709242,0.004265733433630486,1.12,1.12,1.12,1.12
1.4518009025390057,0.8118528130358798,10.47248509015097,0.03210665933047807,0.03016053352404008,0.02573426645012973,0.034975379994515665,0.029839466475959975,0.004265733549870282,1.12,1.12,1.12,1.12
1.4511642263183284,0.8114792235517007,10.473654741859429,0.03210665920433603,0.0301605335257481,0.025734266334046713,0.034975380120657706,0.029839466474251952,0.0042657336659533,1.12,1.12,1.12,1.12
1.4505277172272262,0.8111057812927328,10.474824510858804,0.032106659078797284,0.030160533527415267,0.025734266218137083,0.03497538024619645,0.029839466472584786,0.004265733781862929,1.12,1.12,1.12,1.12
1.4498913752661324,0.8107324862592252,10.475994397139022,0.032106658953923395,0.030160533529042133,0.02573426610241697,0.03497538037107034,0.02983946647095792,0.004265733897583043,1.12,1.12,1.12,1.12
1.4492552004354835,0.8103593384514252,10.47716440069001,0.03210665882972036,0.030160533530628753,0.025734265986901816,0.03497538049527338,0.0298394664693713,0.004265734013098196,1.12,1.12,1.12,1.12
1.448619192735713,0.8099863378695809,10.478334521501692,0.03210665870619378,0.030160533532175682,0.025734265871606404,0.034975380618799956,0.02983946646782437,0.0042657341283936084,1.12,1.12,1.12,1.12
1.4479833521672583,0.8096134845139393,10.479504759563985,0.03210665858334899,0.030160533533683365,0.025734265756545,0.034975380741644746,0.02983946646631669,0.004265734243455013,1.12,1.12,1.12,1.12
1.4473476787305533,0.8092407783847477,10.480675114866813,0.03210665846119093,0.030160533535151912,0.025734265641731133,0.03497538086380281,0.02983946646484814,0.00426573435826888,1.12,1.12,1.12,1.12
1.4467121724260352,0.8088682194822525,10.48184558740009,0.032106658339723815,0.030160533536581713,0.02573426552717782,0.03497538098526992,0.02983946646341834,0.004265734472822191,1.12,1.12,1.12,1.12
1.446076833254141,0.8084958078067,10.48301617715373,0.03210665821895159,0.030160533537972822,0.025734265412897556,0.03497538110604215,0.02983946646202723,0.004265734587102457,1.12,1.12,1.12,1.12
1.4454416612153065,0.8081235433583365,10.484186884117639,0.032106658098877694,0.030160533528068523,0.025734265298902118,0.03497538122611604,0.02983946647193153,0.004265734701097895,1.12,1.12,1.12,1.12
1.4448066563099697,0.8077514261374076,10.485357708281734,0.032106657982528375,0.030160533517283206,0.025734265188975897,0.03497538134246536,0.029839466482716848,0.004265734811024116,1.12,1.12,1.12,1.12
1.4441718185387153,0.8073794561441199,10.486528649634955,0.032106657869544974,0.030160533505570852,0.02573426508268073,0.03497538145544876,0.0298394664944292,0.004265734917319283,1.12,1.12,1.12,1.12
1.4435371479021164,0.8070076333786885,10.487699708166366,0.03210665775956195,0.030160533492883446,0.025734264979570404,0.034975381565431785,0.029839466507116608,0.004265735020429609,1.12,1.12,1.12,1.12
1.4429026444007338,0.8066359578413377,10.488870883865134,0.03210665765220727,0.030160533479171525,0.025734264879189755,0.034975381672786465,0.029839466520828528,0.004265735120810257,1.12,1.12,1.12,1.12
1.442268308035114,0.8062644295323014,10.490042176720547,0.032106657547100514,0.030160533464384576,0.025734264781073227,0.03497538177789322,0.029839466535615478,0.004265735218926786,1.12,1.12,1.12,1.12
1.4416341388057932,0.8058930484518234,10.49121358672201,0.03210665744385216,0.030160533448470694,0.02573426468474356,0.034975381881141576,0.02983946655152936,0.0042657353152564526,1.12,1.12,1.12,1.12
1.4410001367132947,0.8055218146001579,10.492385113859054,0.03210665734206242,0.03016053343137659,0.0257342645897104,0.03497538198293132,0.029839466568623463,0.0042657354102896144,1.12,1.12,1.12,1.12
1.4403663017581263,0.8051507279775691,10.49355675812133,0.0321066572413195,0.030160533414039403,0.025734264495468423,0.034975382083674234,0.02983946658596065,0.00426573550453159,1.12,1.12,1.12,1.12
1.4397326339407543,0.8047797885843049,10.494728519498624,0.032106657141450334,0.030160533396649758,0.0257342644018088,0.0349753821835434,0.029839466603350295,0.0042657355981912115,1.12,1.12,1.12,1.12
1.4390991332616299,0.8044089964206119,10.495900397980785,0.032106657042319076,0.030160533379479437,0.025734264308569565,0.03497538228267466,0.029839466620520616,0.004265735691430447,1.12,1.12,1.12,1.12
1.438465799721194,0.8040383514867329,10.497072393557698,0.032106656943846734,0.030160533362735997,0.025734264215658664,0.034975382381147,0.029839466637264056,0.0042657357843413485,1.12,1.12,1.12,1.12
1.4378326333198759,0.8036678537829052,10.498244506219272,0.032106656846032755,0.030160533346406726,0.02573426412308194,0.03497538247896098,0.029839466653593327,0.0042657358769180725,1.12,1.12,1.12,1.12
1.4371996340581035,0.8032975033093659,10.499416735955426,0.03210665674887797,0.03016053333048191,0.02573426403084675,0.034975382576115766,0.029839466669518144,0.004265735969153264,1.12,1.12,1.12,1.12
1.4365668019363085,0.8029273000663519,10.50058908275607,0.03210665665238377,0.030160533314951332,0.02573426393896143,0.03497538267260997,0.02983946668504872,0.004265736061038583,1.12,1.12,1.12,1.12
1.435934136954919,0.8025572440541006,10.501761546611116,0.03210665655655304,0.03016053329980528,0.025734263847435768,0.0349753827684407,0.029839466700194772,0.004265736152564245,1.12,1.12,1.12,1.12
1.435301639114365,0.8021873352728482,10.502934127510471,0.03210665646138966,0.030160533305796433,0.025734263756280823,0.034975382863604076,0.02983946669420362,0.00426573624371919,1.12,1.12,1.12,1.12
1.434669308414764,0.801817573722555,10.504106825444117,0.03210665636650911,0.03016053331166818,0.025734263665013815,0.034975382958484624,0.029839466688331873,0.004265736334986198,1.12,1.12,1.12,1.12
1.4340371448565397,0.8014479594034732,10.50527964040208,0.03210665627192394,0.030160533317423133,0.02573426357365667,0.0349753830530698,0.02983946668257692,0.004265736426343342,1.12,1.12,1.12,1.12
1.4334051484401173,0.8010784923158545,10.506452572374387,0.03210665617764624,0.03016053332306351,0.02573426348223054,0.034975383147347494,0.029839466676936544,0.004265736517769472,1.12,1.12,1.12,1.12
1.4327733191659207,0.8007091724599494,10.507625621351048,0.03210665608368729,0.030160533328591643,0.025734263390756157,0.034975383241306446,0.02983946667140841,0.004265736609243856,1.12,1.12,1.12,1.12
1.4321416570343761,0.8003399998360088,10.508798787322078,0.032106655990058186,0.030160533334009587,0.02573426329926,0.03497538333493555,0.029839466665990466,0.004265736700740014,1.12,1.12,1.12,1.12
1.4315101620459096,0.7999709744442829,10.509972070277486,0.032106655896769254,0.030160533339319562,0.0257342632077793,0.03497538342822448,0.02983946666068049,0.004265736792220712,1.12,1.12,1.12,1.12
1.4308788342009486,0.7996020962850201,10.511145470207273,0.032106655803830375,0.03016053334452351,0.02573426311633195,0.03497538352116336,0.029839466655476543,0.0042657368836680615,1.12,1.12,1.12,1.12
1.4302476734999208,0.7992333653584697,10.512318987101427,0.03210665571125104,0.030160533349623708,0.025734263024935367,0.034975383613742694,0.029839466650376345,0.004265736975064646,1.12,1.12,1.12,1.12
1.4296166799432535,0.7988647816648794,10.513492620949949,0.03210665561904036,0.030160533354621988,0.02573426293360634,0.03497538370595338,0.029839466645378065,0.004265737066393674,1.12,1.12,1.12,1.12
1.4289858535313766,0.7984963452044975,10.514666371742823,0.032106655527207095,0.030160533359520514,0.025734262842361244,0.03497538379778664,0.02983946664047954,0.004265737157638769,1.12,1.12,1.12,1.12
1.428355194264718,0.7981280559775716,10.515840239470036,0.03210665543575947,0.030160533364321007,0.02573426275121589,0.03497538388923427,0.029839466635679046,0.004265737248784124,1.12,1.12,1.12,1.12
1.4277247021437063,0.7977599139843481,10.51701422412157,0.032106655344705415,0.030160533369025466,0.025734262660185733,0.03497538398028832,0.029839466630974587,0.0042657373398142795,1.12,1.12,1.12,1.12
1.4270943771687712,0.7973919192250737,10.518188325687404,0.032106655254052485,0.030160533373635445,0.025734262569285696,0.03497538407094125,0.029839466626364608,0.004265737430714317,1.12,1.12,1.12,1.12
1.4264642193403434,0.7970240716999948,10.51936254415752,0.032106655163807896,0.030160533378152943,0.025734262478530223,0.03497538416118584,0.02983946662184711,0.00426573752146979,1.12,1.12,1.12,1.12
1.4258342286588523,0.7966563714093575,10.520536879521893,0.03210665507397875,0.030160533382579846,0.025734262387933374,0.034975384251014985,0.029839466617420207,0.004265737612066639,1.12,1.12,1.12,1.12
1.4252044051247272,0.7962888183534068,10.521711331770488,0.03210665498457155,0.030160533386917543,0.02573426229750872,0.03497538434042219,0.02983946661308251,0.004265737702491293,1.12,1.12,1.12,1.12
1.4245747487384008,0.7959214125323881,10.522885900893279,0.0321066548955925,0.03016053339116781,0.025734262207269445,0.034975384429401235,0.029839466608832244,0.004265737792730567,1.12,1.12,1.12,1.12
1.4239452595003028,0.7955541539465463,10.524060586880235,0.03210665480704761,0.030160533395332256,0.02573426211722836,0.03497538451794613,0.029839466604667797,0.004265737882771653,1.12,1.12,1.12,1.12
1.423315937410865,0.7951870425961257,10.525235389721319,0.03210665471894264,0.030160533399412603,0.025734262027397786,0.034975384606051096,0.02983946660058745,0.0042657379726022265,1.12,1.12,1.12,1.12
1.4226867824705183,0.7948200784813703,10.526410309406494,0.03210665463128265,0.030160533403410128,0.0257342619377897,0.03497538469371109,0.029839466596589925,0.004265738062210311,1.12,1.12,1.12,1.12
1.4220577946796933,0.7944532616025239,10.527585345925724,0.0321066545440728,0.030160533407326218,0.025734261848415693,0.03497538478092094,0.029839466592673836,0.00426573815158432,1.12,1.12,1.12,1.12
1.421428974038824,0.7940865919598297,10.528760499268962,0.03210665445731781,0.030160533411162593,0.025734261759287003,0.03497538486767593,0.02983946658883746,0.00426573824071301,1.12,1.12,1.12,1.12
1.4208003205483415,0.793720069553531,10.529935769426173,0.032106654371022114,0.03016053341492042,0.025734261670414524,0.03497538495397162,0.029839466585079633,0.004265738329585489,1.12,1.12,1.12,1.12
1.420171834208677,0.793353694383871,10.531111156387308,0.03210665428519005,0.03016053341860142,0.025734261581808693,0.034975385039803686,0.029839466581398633,0.00426573841819132,1.12,1.12,1.12,1.12
1.4195435150202649,0.792987466451092,10.532286660142322,0.03210665419982539,0.030160533422206648,0.02573426149347971,0.034975385125168346,0.029839466577793405,0.004265738506520303,1.12,1.12,1.12,1.12
1.4189153629835367,0.7926213857554356,10.533462280681169,0.03210665411493169,0.03016053342573738,0.02573426140543736,0.03497538521006205,0.029839466574262674,0.004265738594562654,1.12,1.12,1.12,1.12
1.418287378098925,0.7922554522971441,10.534638017993796,0.03210665403051233,0.03016053342919478,0.02573426131769109,0.03497538529448141,0.029839466570805273,0.004265738682308923,1.12,1.12,1.12,1.12
1.4176595603668631,0.7918896660764594,10.535813872070161,0.032106653946570585,0.03016053343258024,0.02573426123025019,0.03497538537842315,0.029839466567419815,0.0042657387697498245,1.12,1.12,1.12,1.12
1.4170319097877844,0.7915240270936226,10.536989842900205,0.03210665386310929,0.03016053343589503,0.02573426114312341,0.034975385461884445,0.02983946656410502,0.0042657388568766025,1.12,1.12,1.12,1.12
1.4164044263621216,0.7911585353488747,10.538165930473877,0.03210665378013111,0.030160533439140047,0.02573426105631929,0.034975385544862625,0.029839466560860006,0.004265738943680722,1.12,1.12,1.12,1.12
1.4157771100903078,0.7907931908424566,10.539342134781124,0.032106653697638377,0.03016053344231645,0.025734260969846143,0.03497538562735536,0.029839466557683603,0.00426573903015387,1.12,1.12,1.12,1.12
1.4151499609727773,0.7904279935746091,10.540518455811892,0.03210665361563331,0.030160533445425353,0.02573426088371185,0.03497538570936043,0.0298394665545747,0.004265739116288164,1.12,1.12,1.12,1.12
1.4145229790099627,0.790062943545572,10.541694893556121,0.03210665353411768,0.030160533448467697,0.025734260797924124,0.03497538579087606,0.029839466551532356,0.004265739202075888,1.12,1.12,1.12,1.12
1.4138961642022991,0.7896980407555863,10.542871448003762,0.03210665345309344,0.030160533451444593,0.02573426071249034,0.0349753858719003,0.02983946654855546,0.004265739287509673,1.12,1.12,1.12,1.12
1.41326951655022,0.7893332852048908,10.54404811914475,0.03210665337256191,0.030160533454356875,0.02573426062741757,0.034975385952431826,0.02983946654564318,0.004265739372582442,1.12,1.12,1.12,1.12
1.412643036054158,0.7889686768937253,10.545224906969024,0.03210665329252432,0.03016053345720543,0.025734260542712786,0.03497538603246941,0.029839466542794624,0.0042657394572872265,1.12,1.12,1.12,1.12
1.4120167227145484,0.7886042158223294,10.546401811466534,0.03210665321298184,0.03016053345999109,0.025734260458382452,0.0349753861120119,0.029839466540008963,0.004265739541617561,1.12,1.12,1.12,1.12
1.4113905765318244,0.7882399019909422,10.547578832627218,0.03210665313393524,0.030160533462714578,0.025734260374432966,0.0349753861910585,0.029839466537285475,0.004265739625567047,1.12,1.12,1.12,1.12
1.4107645975064202,0.787875735399802,10.548755970441013,0.032106653055385126,0.030160533465376893,0.02573426029087042,0.03497538626960861,0.02983946653462316,0.004265739709129593,1.12,1.12,1.12,1.12
1.41013878563877,0.7875117160491485,10.549933224897854,0.03210665297733212,0.03016053346797859,0.025734260207700657,0.03497538634766162,0.029839466532021464,0.004265739792299356,1.12,1.12,1.12,1.12
1.4095131409293087,0.7871478439392192,10.551110595987689,0.0321066528997761,0.0301605334705205,0.02573426012492927,0.034975386425217636,0.029839466529479552,0.004265739875070743,1.12,1.12,1.12,1.12
1.4088876633784695,0.7867841190702531,10.55228808370045,0.03210665282271735,0.030160533473003126,0.025734260042561657,0.034975386502276384,0.029839466526996927,0.004265739957438355,1.12,1.12,1.12,1.12
1.408262352986688,0.7864205414424881,10.553465688026082,0.03210665274615576,0.030160533475427298,0.02573425996060294,0.034975386578837975,0.029839466524572755,0.004265740039397073,1.12,1.12,1.12,1.12
1.4076372097543974,0.786057111056162,10.554643408954512,0.03210665267009105,0.03016053347779335,0.025734259879058113,0.034975386654902685,0.029839466522206703,0.004265740120941899,1.12,1.12,1.12,1.12
1.4070122336820334,0.7856938279115124,10.555821246475682,0.03210665259452239,0.030160533480101837,0.025734259797931813,0.03497538673047135,0.029839466519898217,0.0042657402020681995,1.12,1.12,1.12,1.12
1.4063874247700285,0.7853306920087766,10.556999200579531,0.03210665251944911,0.030160533482353258,0.02573425971722859,0.03497538680554463,0.029839466517646795,0.004265740282771421,1.12,1.12,1.12,1.12
1.4057627830188186,0.7849677033481921,10.558177271255996,0.032106652444870265,0.030160533484547836,0.025734259636952708,0.03497538688012347,0.029839466515452218,0.0042657403630473045,1.12,1.12,1.12,1.12
1.4051383084288371,0.7846048619299962,10.559355458495013,0.03210665237078486,0.03016053348668607,0.025734259557108285,0.034975386954208876,0.029839466513313984,0.004265740442891727,1.12,1.12,1.12,1.12
1.40451400100052,0.7842421677544258,10.56053376228652,0.03210665229719156,0.030160533488768182,0.025734259477699126,0.034975387027802174,0.02983946651123187,0.004265740522300887,1.12,1.12,1.12,1.12
1.4038898607342993,0.783879620821717,10.561712182620454,0.03210665222408865,0.030160533490794228,0.025734259398728962,0.034975387100905087,0.029839466509205825,0.004265740601271051,1.12,1.12,1.12,1.12
1.4032658876306119,0.7835172211321071,10.56289071948675,0.03210665215147457,0.030160533492764485,0.025734259320201264,0.03497538717351917,0.029839466507235568,0.004265740679798749,1.12,1.12,1.12,1.12
1.4026420816898906,0.7831549686858325,10.564069372875347,0.032106652079347486,0.0301605334946789,0.025734259242119292,0.03497538724564625,0.029839466505321155,0.0042657407578807205,1.12,1.12,1.12,1.12
1.4020184429125706,0.7827928634831292,10.565248142776184,0.032106652007705294,0.030160533496537356,0.0257342591644861,0.03497538731728844,0.029839466503462697,0.004265740835513912,1.12,1.12,1.12,1.12
1.4013949712990854,0.7824309055242337,10.566427029179199,0.03210665193654583,0.030160533498339692,0.02573425908730463,0.03497538738844791,0.02983946650166036,0.004265740912695382,1.12,1.12,1.12,1.12
1.4007716668498702,0.7820690948093812,10.567606032074323,0.03210665186586642,0.030160533500085407,0.025734259010577548,0.034975387459127316,0.029839466499914646,0.004265740989422465,1.12,1.12,1.12,1.12
1.4001485295653593,0.7817074313388087,10.568785151451502,0.032106651795664576,0.030160533501774278,0.02573425893430735,0.03497538752932916,0.029839466498225775,0.004265741065692663,1.12,1.12,1.12,1.12
1.3995255594459863,0.7813459151127511,10.569964387300676,0.03210665172593746,0.030160533503405418,0.025734258858496353,0.034975387599056273,0.029839466496594635,0.0042657411415036595,1.12,1.12,1.12,1.12
1.3989027564921863,0.7809845461314444,10.571143739611777,0.03210665165668186,0.03016053350497755,0.025734258783146627,0.034975387668311875,0.029839466495022504,0.004265741216853386,1.12,1.12,1.12,1.12
1.3982801207043931,0.7806233243951239,10.572323208374751,0.03210665158789466,0.03016053350648973,0.025734258708260044,0.03497538773709907,0.029839466493510325,0.004265741291739969,1.12,1.12,1.12,1.12
1.397657652083041,0.7802622499040249,10.573502793579534,0.032106651519572316,0.030160533507940013,0.025734258633838242,0.03497538780542142,0.02983946649206004,0.004265741366161771,1.12,1.12,1.12,1.12
1.3970353506285647,0.7799013226583829,10.574682495216074,0.03210665145171093,0.030160533509326015,0.025734258559882664,0.034975387873282804,0.029839466490674038,0.004265741440117349,1.12,1.12,1.12,1.12
1.3964132163413971,0.7795405426584328,10.575862313274303,0.03210665138430646,0.03016053351064446,0.02573425848639449,0.034975387940687275,0.029839466489355593,0.004265741513605523,1.12,1.12,1.12,1.12
1.3957912492219728,0.7791799099044097,10.577042247744167,0.03210665131735457,0.030160533511891074,0.025734258413374567,0.03497538800763916,0.02983946648810898,0.004265741586625446,1.12,1.12,1.12,1.12
1.395169449270726,0.7788194243965489,10.578222298615612,0.032106651250850715,0.03016053351303649,0.025734258340823504,0.03497538807414302,0.029839466486963562,0.0042657416591765085,1.12,1.12,1.12,1.12
1.394547816488092,0.7784590861350855,10.579402465878582,0.032106651184791,0.030160533514065224,0.025734258268743024,0.034975388140202734,0.02983946648593483,0.004265741731256989,1.12,1.12,1.12,1.12
1.3939263508745041,0.7780988951202552,10.580582749523016,0.032106651119172214,0.030160533514976273,0.025734258197135387,0.03497538820582152,0.02983946648502378,0.0042657418028646255,1.12,1.12,1.12,1.12
1.3933050524303967,0.7777388513522929,10.581763149538862,0.03210665105399063,0.030160533515768695,0.025734258126002885,0.034975388271003105,0.02983946648423136,0.004265741873997128,1.12,1.12,1.12,1.12
1.3926839211562063,0.777378954831434,10.582943665916062,0.0321066509892427,0.03016053351644221,0.025734258055347486,0.034975388335751034,0.02983946648355784,0.004265741944652526,1.12,1.12,1.12,1.12
1.392062957052365,0.7770192055579133,10.584124298644573,0.03210665092492432,0.030160533516996546,0.025734257985171274,0.03497538840006942,0.029839466483003507,0.004265742014828738,1.12,1.12,1.12,1.12
1.3914421601193085,0.7766596035319657,10.585305047714325,0.032106650861031316,0.03016053351743203,0.025734257915475997,0.03497538846396242,0.029839466482568022,0.004265742084524016,1.12,1.12,1.12,1.12
1.3908215303574705,0.7763001487538258,10.586485913115277,0.03210665079755948,0.03016053351774939,0.025734257846263514,0.03497538852743426,0.029839466482250665,0.004265742153736499,1.12,1.12,1.12,1.12
1.3902010677672854,0.7759408412237282,10.587666894837371,0.03210665073450414,0.030160533517949728,0.025734257777536115,0.0349753885904896,0.029839466482050325,0.0042657422224638974,1.12,1.12,1.12,1.12
1.389580772349187,0.7755816809419074,10.588847992870555,0.03210665067186058,0.030160533518034882,0.025734257709295077,0.034975388653133155,0.02983946648196517,0.004265742290704935,1.12,1.12,1.12,1.12
1.3889606441036104,0.775222667908598,10.590029207204786,0.032106650609623866,0.03016053351800707,0.02573425764154169,0.03497538871536987,0.029839466481992982,0.0042657423584583215,1.12,1.12,1.12,1.12
1.3883406830309892,0.7748638021240336,10.59121053783,0.03210665054778872,0.03016053351791803,0.02573425757427704,0.03497538877720502,0.029839466482082022,0.004265742425722974,1.12,1.12,1.12,1.12
1.3877208891317558,0.7745050835884479,10.592391984736153,0.032106650486348365,0.03016053351782,0.02573425750750029,0.03497538883864537,0.029839466482180055,0.0042657424924997245,1.12,1.12,1.12,1.12
1.3871012624063435,0.7741465123020733,10.593573547913198,0.03210665042529398,0.030160533517712862,0.025734257441208608,0.034975388899699755,0.02983946648228719,0.004265742558791405,1.12,1.12,1.12,1.12
1.3864818028551837,0.7737880882651427,10.594755227351094,0.03210665036461713,0.030160533517596955,0.025734257375399167,0.03497538896037661,0.0298394664824031,0.004265742624600846,1.12,1.12,1.12,1.12
1.3858625104787086,0.7734298114778883,10.595937023039783,0.03210665030430876,0.03016053351747272,0.025734257310069036,0.03497538902068498,0.029839466482527333,0.004265742689930976,1.12,1.12,1.12,1.12
1.3852433852773496,0.7730716819405425,10.597118934969231,0.032106650244359713,0.03016053351734005,0.025734257245215247,0.03497538908063402,0.029839466482660004,0.004265742754784765,1.12,1.12,1.12,1.12
1.3846244272515378,0.7727136996533382,10.598300963129397,0.03210665018476072,0.03016053351719944,0.02573425718083472,0.034975389140233015,0.029839466482800614,0.004265742819165294,1.12,1.12,1.12,1.12
1.384005636401705,0.7723558646165071,10.599483107510238,0.03210665012550212,0.030160533517050836,0.025734257116924356,0.03497538919949161,0.029839466482949217,0.004265742883075657,1.12,1.12,1.12,1.12
1.383387012728282,0.7719981768302819,10.600665368101714,0.03210665006657426,0.030160533516894683,0.02573425705348109,0.034975389258419476,0.02983946648310537,0.004265742946518922,1.12,1.12,1.12,1.12
1.3827685562316994,0.7716406362948952,10.6018477448938,0.03210665000796725,0.030160533516731036,0.02573425699050165,0.034975389317026484,0.029839466483269017,0.004265743009498363,1.12,1.12,1.12,1.12
1.3821502669123884,0.7712832430105787,10.603030237876448,0.03210664994967083,0.03016053351656034,0.02573425692798273,0.03497538937532291,0.029839466483439714,0.004265743072017283,1.12,1.12,1.12,1.12
1.381532144770778,0.7709259969775648,10.604212847039635,0.03210664989167433,0.030160533516382593,0.025734256865921026,0.034975389433319404,0.02983946648361746,0.004265743134078986,1.12,1.12,1.12,1.12
1.3809141898073003,0.770568898196086,10.605395572373329,0.03210664983396688,0.03016053351619813,0.025734256804313127,0.034975389491026854,0.029839466483801924,0.004265743195686886,1.12,1.12,1.12,1.12
1.3802964020223834,0.7702119466663739,10.6065784138675,0.03210664977653738,0.030160533516007115,0.02573425674315559,0.03497538954845636,0.029839466483992938,0.004265743256844423,1.12,1.12,1.12,1.12
1.3796787814164586,0.769855142388661,10.607761371512119,0.032106649719374436,0.030160533515809773,0.025734256682444973,0.0349753896056193,0.02983946648419028,0.00426574331755504,1.12,1.12,1.12,1.12
1.3790613279899537,0.7694984853631791,10.608944445297169,0.03210664966246618,0.030160533515606214,0.02573425662217771,0.034975389662527556,0.02983946648439384,0.004265743377822304,1.12,1.12,1.12,1.12
1.3784440417432995,0.7691419755901603,10.610127635212624,0.03210664960580051,0.030160533515396604,0.025734256562350205,0.03497538971919323,0.02983946648460345,0.004265743437649808,1.12,1.12,1.12,1.12
1.377826922676924,0.7687856130698366,10.61131094124846,0.032106649549365096,0.03016053351518133,0.025734256502958852,0.03497538977562864,0.029839466484818722,0.004265743497041161,1.12,1.12,1.12,1.12
1.3772099707912564,0.76842939780244,10.612494363394656,0.03210664949314718,0.030160533514960397,0.02573425644399993,0.03497538983184656,0.029839466485039656,0.004265743556000082,1.12,1.12,1.12,1.12
1.3765931860867253,0.7680733297882022,10.613677901641209,0.032106649437133206,0.030160533514733967,0.02573425638546975,0.03497538988786053,0.029839466485266086,0.004265743614530262,1.12,1.12,1.12,1.12
1.3759765685637586,0.7677174090273553,10.61486155597809,0.03210664938130986,0.03016053351450232,0.025734256327364424,0.03497538994368388,0.029839466485497734,0.0042657436726355885,1.12,1.12,1.12,1.12
1.375360118222785,0.7673616355201311,10.616045326395291,0.032106649325662984,0.03016053351426562,0.025734256269680247,0.03497538999933075,0.029839466485734434,0.004265743730319765,1.12,1.12,1.12,1.12
1.3747438350642314,0.7670060092667612,10.617229212882801,0.03210664927017792,0.03016053351402387,0.025734256212413237,0.034975390054815814,0.029839466485976185,0.004265743787586776,1.12,1.12,1.12,1.12
1.3741277190885268,0.7666505302674773,10.618413215430612,0.032106649214839855,0.030160533513777454,0.02573425615555948,0.03497539011015388,0.0298394664862226,0.004265743844440534,1.12,1.12,1.12,1.12
1.3735117702960977,0.7662951985225117,10.619597334028715,0.032106649159652834,0.030160533513526377,0.025734256099115074,0.0349753901653409,0.029839466486473676,0.0042657439008849385,1.12,1.12,1.12,1.12
1.372895988687371,0.7659400140320959,10.620781568667107,0.03210664910492311,0.03016053351327086,0.025734256043075943,0.034975390220070623,0.029839466486729194,0.00426574395692407,1.12,1.12,1.12,1.12
1.3722803742627747,0.7655849767964613,10.621965919335787,0.03210664905064797,0.030160533513011123,0.02573425598743781,0.03497539027434576,0.02983946648698893,0.004265744012562203,1.12,1.12,1.12,1.12
1.3716649270227346,0.7652300868158397,10.623150386024749,0.03210664899682475,0.030160533512747112,0.02573425593219625,0.03497539032816899,0.02983946648725294,0.0042657440678037645,1.12,1.12,1.12,1.12
1.371049646967677,0.7648753440904628,10.624334968723996,0.03210664894345111,0.030160533512479104,0.025734255877346943,0.034975390381542626,0.02983946648752095,0.00426574412265307,1.12,1.12,1.12,1.12
1.370434534098029,0.7645207486205623,10.62551966742354,0.03210664889052489,0.030160533512207266,0.02573425582288548,0.034975390434468845,0.029839466487792787,0.004265744177114533,1.12,1.12,1.12,1.12
1.369819588414216,0.76416630040637,10.626704482113375,0.032106648838044094,0.03016053351193193,0.025734255768805267,0.03497539048694964,0.029839466488068123,0.004265744231194746,1.12,1.12,1.12,1.12
1.3692048099166634,0.7638119994481172,10.627889412783516,0.0321066487860055,0.030160533511652876,0.025734255715064103,0.03497539053898824,0.029839466488347177,0.00426574428493591,1.12,1.12,1.12,1.12
1.3685901986057953,0.7634578457460359,10.629074459423977,0.03210664873440644,0.030160533511370324,0.025734255661663527,0.034975390590587296,0.02983946648862973,0.004265744338336486,1.12,1.12,1.12,1.12
1.3679757544820372,0.7631038393003584,10.630259622024779,0.03210664868324503,0.030160533511084553,0.025734255608605067,0.034975390641748705,0.0298394664889155,0.004265744391394946,1.12,1.12,1.12,1.12
1.3673614775458125,0.7627499801113171,10.631444900575946,0.03210664863251905,0.03016053351079573,0.02573425555589011,0.034975390692474684,0.029839466489204325,0.0042657444441099035,1.12,1.12,1.12,1.12
1.366747367797546,0.762396268179143,10.632630295067491,0.03210664858222678,0.03016053351050374,0.025734255503519946,0.034975390742766954,0.029839466489496314,0.004265744496480067,1.12,1.12,1.12,1.12
1.3661334252376607,0.7620427035040678,10.63381580548944,0.032106648532367,0.030160533510208865,0.02573425545149574,0.03497539079262674,0.02983946648979119,0.004265744548504272,1.12,1.12,1.12,1.12
1.365519649866582,0.7616892860863237,10.635001431831816,0.03210664848293898,0.03016053350991127,0.02573425539981869,0.034975390842054754,0.029839466490088784,0.004265744600181323,1.12,1.12,1.12,1.12
1.3649060416847332,0.7613360159261418,10.636187174084636,0.032106648433942064,0.030160533509611065,0.025734255348489804,0.03497539089105167,0.02983946649038899,0.004265744651510209,1.12,1.12,1.12,1.12
1.3642926006925378,0.760982893023753,10.637373032237926,0.03210664838537619,0.03016053350930814,0.025734255297510028,0.034975390939617546,0.029839466490691913,0.004265744702489985,1.12,1.12,1.12,1.12
1.36367932689042,0.7606299173793891,10.638559006281717,0.03210664833724197,0.030160533509002774,0.02573425524688025,0.034975390987751764,0.02983946649099728,0.004265744753119763,1.12,1.12,1.12,1.12
1.3630662202788033,0.7602770889932811,10.639745096206024,0.032106648289540796,0.030160533508695297,0.02573425519660129,0.03497539103545294,0.029839466491304756,0.004265744803398724,1.12,1.12,1.12,1.12
1.3624532808581113,0.7599244078656598,10.64093130200088,0.03210664824227433,0.030160533508385545,0.02573425514667392,0.03497539108271941,0.029839466491614508,0.004265744853326092,1.12,1.12,1.12,1.12
1.3618405086287682,0.7595718739967561,10.642117623656306,0.0321066481954449,0.030160533508073573,0.025734255097098827,0.03497539112954884,0.02983946649192648,0.004265744902901186,1.12,1.12,1.12,1.12
1.3612279035911954,0.7592194873868009,10.643304061162336,0.032106648149055894,0.030160533507759657,0.025734255047876686,0.03497539117593784,0.029839466492240396,0.0042657449521233265,1.12,1.12,1.12,1.12
1.360615465745819,0.7588672480360246,10.644490614508996,0.03210664810311159,0.030160533507443965,0.025734254999008083,0.034975391221882146,0.029839466492556088,0.00426574500099193,1.12,1.12,1.12,1.12
1.3600031950930593,0.7585151559446578,10.645677283686313,0.03210664805761715,0.03016053350712633,0.025734254950493626,0.03497539126737659,0.029839466492873723,0.0042657450495063864,1.12,1.12,1.12,1.12
1.359391091633341,0.7581632111129313,10.646864068684323,0.032106648012547756,0.030160533506807086,0.025734254902333872,0.03497539131244598,0.029839466493192968,0.00426574509766614,1.12,1.12,1.12,1.12
1.358779155367087,0.7578114135410751,10.648050969493054,0.03210664796789764,0.030160533506486065,0.025734254854528904,0.0349753913570961,0.02983946649351399,0.004265745145471109,1.12,1.12,1.12,1.12
1.3581673862947192,0.7574597632293193,10.64923798610254,0.03210664792367218,0.030160533506163656,0.02573425480707857,0.034975391401321554,0.029839466493836397,0.004265745192921444,1.12,1.12,1.12,1.12
1.357555784416661,0.757108260177894,10.65042511850281,0.032106647879876105,0.030160533505839582,0.025734254759982783,0.03497539144511763,0.02983946649416047,0.00426574524001723,1.12,1.12,1.12,1.12
1.3569443497333353,0.7567569043870299,10.651612366683905,0.03210664783646672,0.030160533505514342,0.02573425471324131,0.03497539148852702,0.02983946649448571,0.0042657452867587015,1.12,1.12,1.12,1.12
1.356333082245164,0.7564056958569563,10.65279973063586,0.03210664779344197,0.030160533505187603,0.025734254666853265,0.03497539153155177,0.02983946649481245,0.004265745333146748,1.12,1.12,1.12,1.12
1.3557219819525699,0.7560546345879035,10.653987210348706,0.03210664775080124,0.03016053350485992,0.025734254620817798,0.034975391574192494,0.029839466495140132,0.004265745379182215,1.12,1.12,1.12,1.12
1.3551110488559743,0.7557037205801009,10.65517480581249,0.032106647708541824,0.030160533504531073,0.025734254575134008,0.03497539161645191,0.02983946649546898,0.004265745424866005,1.12,1.12,1.12,1.12
1.3545002829557997,0.7553529538337783,10.65636251701725,0.03210664766665999,0.030160533504201004,0.025734254529801104,0.03497539165833374,0.02983946649579905,0.004265745470198909,1.12,1.12,1.12,1.12
1.3538896842524684,0.7550023343491653,10.657550343953021,0.03210664762515264,0.03016053350386988,0.025734254484818225,0.034975391699841096,0.029839466496130174,0.0042657455151817875,1.12,1.12,1.12,1.12
1.3532792527464013,0.7546518621264916,10.65873828660985,0.032106647584018766,0.030160533503537867,0.025734254440184567,0.03497539174097497,0.029839466496462186,0.004265745559815445,1.12,1.12,1.12,1.12
1.3526689884380199,0.7543015371659867,10.659926344977778,0.03210664754788689,0.030160533503205134,0.02573425439589927,0.034975391777106846,0.02983946649679492,0.004265745604100743,1.12,1.12,1.12,1.12
1.3520588913277467,0.7539513594678801,10.661114519046857,0.032106647517248954,0.030160533502871623,0.025734254351961944,0.03497539180774478,0.02983946649712843,0.004265745648038069,1.12,1.12,1.12,1.12
1.3514489614160017,0.7536013290324006,10.662302808807123,0.032106647492456564,0.03016053350253739,0.025734254308371993,0.03497539183253717,0.029839466497462663,0.00426574569162802,1.12,1.12,1.12,1.12
1.3508391987032071,0.7532514458597778,10.66349121424863,0.03210664747395159,0.030160533502202436,0.02573425426512893,0.03497539185104215,0.029839466497797618,0.004265745734871082,1.12,1.12,1.12,1.12
1.3502296031897838,0.7529017099502406,10.664679735361423,0.03210664746316805,0.030160533501866704,0.025734254222232106,0.03497539186182569,0.02983946649813335,0.004265745777767907,1.12,1.12,1.12,1.12
1.3496201748761518,0.7525521213040183,10.665868372135554,0.03210664746054043,0.03016053350153064,0.02573425417968106,0.03497539186445331,0.029839466498469414,0.004265745820318953,1.12,1.12,1.12,1.12
1.3490109137627326,0.75220267992134,10.667057124561078,0.03210664747135761,0.030160533501194187,0.025734254137475127,0.03497539185363613,0.029839466498805867,0.004265745862524886,1.12,1.12,1.12,1.12
1.348401819849947,0.7518533858024341,10.668245992628036,0.03210664749517261,0.030160533500857234,0.025734254095613834,0.03497539182982112,0.02983946649914282,0.004265745904386178,1.12,1.12,1.12,1.12
1.3477928931382146,0.7515042389475295,10.669434976326489,0.03210664753155035,0.03016053350051978,0.025734254054096378,0.03497539179344339,0.02983946649948027,0.0042657459459036345,1.12,1.12,1.12,1.12
1.3471841336279562,0.7511552393568549,10.670624075646492,0.03210664758006304,0.030160533500182052,0.025734254012921717,0.034975391744930695,0.029839466499818,0.0042657459870782954,1.12,1.12,1.12,1.12
1.346575541319591,0.7508063870306391,10.6718132905781,0.03210664764028548,0.030160533499844044,0.025734253972088617,0.03497539168470826,0.02983946650015601,0.004265746027911396,1.12,1.12,1.12,1.12
1.345967116213541,0.7504576819691107,10.673002621111369,0.03210664771179267,0.03016053349950576,0.025734253931595355,0.03497539161320107,0.029839466500494294,0.004265746068404658,1.12,1.12,1.12,1.12
1.3453588583102238,0.7501091241724979,10.67419206723636,0.03210664779415662,0.030160533499167252,0.025734253891439934,0.03497539153083712,0.0298394665008328,0.004265746108560078,1.12,1.12,1.12,1.12
1.344750767610061,0.7497607136410296,10.675381628943136,0.032106647886943895,0.03016053349882858,0.025734253851619787,0.03497539143804984,0.029839466501171474,0.004265746148380226,1.12,1.12,1.12,1.12
1.3441428441134706,0.7494124503749335,10.676571306221751,0.032106647989713244,0.030160533498489794,0.02573425381213182,0.03497539133528049,0.02983946650151026,0.004265746187868194,1.12,1.12,1.12,1.12
1.3435350878208727,0.7490643343744385,10.677761099062277,0.03210664810201325,0.030160533498150788,0.025734253772972338,0.03497539122298049,0.029839466501849266,0.004265746227027675,1.12,1.12,1.12,1.12
1.3429274987326854,0.7487163656397728,10.678951007454778,0.03210664822338005,0.030160533497811948,0.025734253734136847,0.034975391101613684,0.029839466502188106,0.004265746265863166,1.12,1.12,1.12,1.12
1.3423200768493286,0.7483685441711645,10.68014103138932,0.0321066483533346,0.03016053349747294,0.025734253695620032,0.03497539097165914,0.029839466502527112,0.00426574630437998,1.12,1.12,1.12,1.12
1.341712822171219,0.7480208699688422,10.681331170855978,0.032106648491380896,0.030160533497133934,0.02573425365741562,0.03497539083361284,0.02983946650286612,0.004265746342584392,1.12,1.12,1.12,1.12
1.3411057346987767,0.747673343033034,10.68252142584482,0.03210664863700324,0.030160533496794983,0.02573425361951616,0.03497539068799049,0.02983946650320507,0.004265746380483854,1.12,1.12,1.12,1.12
1.340498814432418,0.7473259633639686,10.68371179634593,0.032106648789663295,0.030160533496456088,0.025734253581912933,0.03497539053533044,0.029839466503543965,0.00426574641808708,1.12,1.12,1.12,1.12
1.339892061372561,0.7469787309618741,10.68490228234938,0.032106648948797556,0.030160533496117303,0.025734253544595742,0.03497539037619618,0.02983946650388275,0.004265746455404271,1.12,1.12,1.12,1.12
1.339285475519623,0.7466316458269792,10.686092883845259,0.032106649113813945,0.030160533495778685,0.025734253507552582,0.03497539021117979,0.029839466504221368,0.004265746492447431,1.12,1.12,1.12,1.12
1.3386790568740197,0.7462847079595119,10.68728360082365,0.032106649284090405,0.030160533495440178,0.025734253470769713,0.03497539004090333,0.029839466504559875,0.004265746529230299,1.12,1.12,1.12,1.12
1.3380728054361672,0.7459379173597018,10.688474433274646,0.03210664945897307,0.03016053349510195,0.02573425343423101,0.03497538986602067,0.029839466504898104,0.004265746565769002,1.12,1.12,1.12,1.12
1.3374667212064824,0.7455912740277777,10.689665381188341,0.03210664963776949,0.030160533494763997,0.025734253397918044,0.034975389687224245,0.029839466505236056,0.004265746602081968,1.12,1.12,1.12,1.12
1.3368608041853778,0.7452447779639684,10.690856444554846,0.032106649819747146,0.03016053349442621,0.025734253361809456,0.03497538950524659,0.02983946650557384,0.004265746638190557,1.12,1.12,1.12,1.12
1.3362550543732687,0.7448984291685035,10.692047623364262,0.03210665000415108,0.030160533494088593,0.025734253325880835,0.034975389320842654,0.02983946650591146,0.004265746674119178,1.12,1.12,1.12,1.12
1.3356494717705685,0.744552227641613,10.693238917606708,0.03210664993739737,0.030160533493751196,0.025734253290104092,0.03497538938759637,0.029839466506248857,0.004265746709895921,1.12,1.12,1.12,1.12
1.3350440563776893,0.7442061733835271,10.69443032727231,0.03210664987134282,0.030160533493414132,0.02573425325457858,0.03497538945365092,0.02983946650658592,0.004265746745421434,1.12,1.12,1.12,1.12
1.3344388081950453,0.7438602663944739,10.69562185235116,0.03210664980597333,0.03016053349307729,0.025734253219295927,0.034975389519020406,0.029839466506922763,0.0042657467807040855,1.12,1.12,1.12,1.12
1.3338337272230512,0.743514506674682,10.696813492833368,0.03210664974127497,0.030160533492740893,0.025734253184247394,0.03497538958371876,0.02983946650725916,0.004265746815752619,1.12,1.12,1.12,1.12
1.333228813462122,0.7431688942243797,10.698005248709043,0.03210664967723326,0.030160533492404662,0.025734253149423722,0.03497538964776048,0.02983946650759539,0.004265746850576291,1.12,1.12,1.12,1.12
1.3326240669126717,0.7428234290437961,10.699197119968291,0.032106649613834304,0.030160533492068875,0.02573425311481549,0.03497538971115943,0.02983946650793118,0.004265746885184524,1.12,1.12,1.12,1.12
1.3320194875751126,0.7424781111331589,10.700389106601229,0.032106649551064015,0.030160533491733255,0.025734253080412675,0.03497538977392972,0.0298394665082668,0.004265746919587338,1.12,1.12,1.12,1.12
1.3314150754498582,0.742132940492698,10.701581208597974,0.03210664948891001,0.030160533491398134,0.02573425304620494,0.034975389836083726,0.02983946650860192,0.0042657469537950715,1.12,1.12,1.12,1.12
1.3308108305373212,0.7417879171226414,10.702773425948646,0.0321066494273608,0.03016053349106329,0.025734253012181407,0.034975389897632936,0.029839466508936763,0.0042657469878186055,1.12,1.12,1.12,1.12
1.3302067528379138,0.7414430410232182,10.70396575864337,0.03210664936640806,0.030160533490728836,0.025734252978329528,0.03497538995858568,0.029839466509271217,0.004265747021670485,1.12,1.12,1.12,1.12
1.329602842352048,0.7410983121946579,10.70515820667228,0.03210664930604784,0.03016053349039488,0.02573425294463552,0.034975390018945895,0.029839466509605173,0.004265747055364491,1.12,1.12,1.12,1.12
1.3289990990801344,0.7407537306371893,10.706350770025505,0.03210664924628215,0.030160533490061314,0.025734252911086636,0.03497539007871159,0.02983946650993874,0.004265747088913377,1.12,1.12,1.12,1.12
1.328395523022583,0.7404092963510417,10.707543448693187,0.03210664918712319,0.03016053348972797,0.025734252877669547,0.03497539013787054,0.029839466510272084,0.0042657471223304655,1.12,1.12,1.12,1.12
1.3277921141798055,0.7400650093364448,10.708736242665466,0.03210664912859684,0.030160533489395014,0.025734252844370226,0.034975390196396894,0.02983946651060504,0.004265747155629787,1.12,1.12,1.12,1.12
1.3271888725522094,0.7397208695936279,10.709929151932489,0.032106649070748394,0.030160533489062502,0.025734252811173988,0.03497539025424534,0.02983946651093755,0.0042657471888260245,1.12,1.12,1.12,1.12
1.3265857981402058,0.7393768771228211,10.71112217648441,0.03210664901364951,0.030160533488730157,0.025734252778065528,0.03497539031134422,0.029839466511269896,0.004265747221934485,1.12,1.12,1.12,1.12
1.3259828909442013,0.7390330319242544,10.712315316311384,0.03210664895740606,0.0301605334883982,0.02573425274502872,0.03497539036758768,0.029839466511601853,0.004265747254971294,1.12,1.12,1.12,1.12
1.3253801509646053,0.738689333998158,10.713508571403576,0.03210664890216697,0.0301605334880668,0.025734252712046768,0.03497539042282677,0.029839466511933255,0.004265747287953245,1.12,1.12,1.12,1.12
1.3247775782018243,0.7383457833447626,10.714701941751146,0.03210664884813108,0.03016053348773584,0.025734252679101968,0.034975390476862656,0.029839466512264212,0.0042657473208980445,1.12,1.12,1.12,1.12
1.3241751726562647,0.7380023799642981,10.715895427344279,0.03210664879554709,0.03016053348740505,0.0257342526462586,0.03497539052944665,0.029839466512595003,0.0042657473537414115,1.12,1.12,1.12,1.12
1.3235729343283351,0.7376591238569946,10.717089028173117,0.03210664874468505,0.03016053348707476,0.025734252613874825,0.034975390580308685,0.029839466512925295,0.004265747386125188,1.12,1.12,1.12,1.12
1.3229708632184547,0.7373160150230742,10.718282744227743,0.032106648695846896,0.03016053348674491,0.025734252581950376,0.03497539062914684,0.029839466513255142,0.004265747418049637,1.12,1.12,1.12,1.12
1.3223689593270427,0.7369730534627597,10.719476575498211,0.03210664864875251,0.030160533486415453,0.025734252550485087,0.034975390676241225,0.0298394665135846,0.004265747449514926,1.12,1.12,1.12,1.12
1.3217672226545187,0.7366302391762733,10.720670521974592,0.03210664860233675,0.030160533486086383,0.025734252519480125,0.034975390722656985,0.02983946651391367,0.004265747480519888,1.12,1.12,1.12,1.12
1.3211656532013003,0.7362875721638376,10.721864583646957,0.03210664855637241,0.03016053348575759,0.025734252488939457,0.03497539076862133,0.029839466514242463,0.004265747511060555,1.12,1.12,1.12,1.12
1.3205642509678075,0.7359450524256745,10.723058760505378,0.032106648510622615,0.030160533485429075,0.025734252458867263,0.03497539081437112,0.029839466514570978,0.00426574754113275,1.12,1.12,1.12,1.12
1.3199630159544595,0.7356026799620063,10.724253052539916,0.032106648464848286,0.03016053348510117,0.02573425242926773,0.03497539086014545,0.029839466514898882,0.004265747570732281,1.12,1.12,1.12,1.12
1.319361948161674,0.7352604547730544,10.725447459740646,0.03210664841864025,0.030160533484773433,0.025734252400145236,0.03497539090635349,0.02983946651522662,0.004265747599854777,1.12,1.12,1.12,1.12
1.3187610475898701,0.7349183768590408,10.72664198209764,0.03210664837147559,0.030160533484445973,0.02573425237150441,0.03497539095351815,0.02983946651555408,0.004265747628495603,1.12,1.12,1.12,1.12
1.3181603142394682,0.7345764462201867,10.727836619600957,0.032106648323149634,0.030160533484119123,0.02573425234335057,0.0349753910018441,0.02983946651588093,0.0042657476566494434,1.12,1.12,1.12,1.12
1.3175597481108863,0.7342346628567138,10.729031372240675,0.03210664827366827,0.03016053348379244,0.025734252315689682,0.034975391051325466,0.029839466516207613,0.004265747684310331,1.12,1.12,1.12,1.12
1.316959349204543,0.7338930267688426,10.73022624000686,0.03210664822341147,0.03016053348346609,0.025734252288527215,0.034975391101582265,0.029839466516533963,0.004265747711472798,1.12,1.12,1.12,1.12
1.3163591175208573,0.7335515379567943,10.731421222889578,0.03210664818421394,0.030160533483140184,0.025734252261859672,0.0349753911407798,0.02983946651685987,0.004265747738140341,1.12,1.12,1.12,1.12
1.3157590530602494,0.7332101964207898,10.732616320878902,0.03210664834347354,0.030160533482814667,0.025734252235538754,0.034975390981520194,0.029839466517185387,0.0042657477644612585,1.12,1.12,1.12,1.12
1.3151591558231324,0.7328690021610523,10.733811533964936,0.03210633868402735,0.030160533482489593,0.02573425220974443,0.03497570064096639,0.02983946651751046,0.0042657477902555835,1.12,1.12,1.12,1.12
1.3145594258099262,0.7325279551778023,10.73500686213775,0.03210536502781802,0.030160533482164298,0.025734248686274386,0.034976674297175714,0.029839466517835755,0.004265751313725627,1.12,1.12,1.12,1.12
1.313959862920598,0.732187055532088,10.736202306235475,0.032103728954645694,0.030160533481848995,0.02573423422937264,0.03497831037034804,0.02983946651815106,0.004265765770627372,1.12,1.12,1.12,1.12
1.313360466841682,0.7318463034142471,10.737397868898608,0.0321014321069471,0.030160533481577434,0.025734201562597467,0.03498060721804663,0.02983946651842262,0.004265798437402546,1.12,1.12,1.12,1.12
1.3127612370510258,0.7315056991410931,10.738593554530606,0.03209847619087863,0.03016053348140496,0.025734143566439632,0.0349835631341151,0.029839466518595092,0.0042658564335603805,1.12,1.12,1.12,1.12
1.3121621728224588,0.7311652431531508,10.739789369259102,0.032094862974696825,0.030160533481408403,0.025734053276016883,0.03498717635029691,0.02983946651859165,0.00426594672398313,1.12,1.12,1.12,1.12
1.311563273230397,0.7308249360119294,10.740985320897732,0.032090594286891816,0.030160533481685126,0.025733923878800594,0.03499144503810192,0.029839466518314928,0.004266076121199419,1.12,1.12,1.12,1.12
1.3109645371543728,0.730484778397236,10.742181418908459,0.03208567201482071,0.030160533482351704,0.02573374871236589,0.03499636731017303,0.02983946651764835,0.0042662512876341235,1.12,1.12,1.12,1.12
1.3103659632834987,0.7301447711045294,10.743377674364542,0.0320800981034175,0.03016053348354325,0.025733521262174194,0.03500194122157624,0.029839466516456803,0.0042664787378258184,1.12,1.12,1.12,1.12
1.3097675501208597,0.7298049150423167,10.744574099913997,0.032073874553920134,0.030160533485413088,0.025733235159389273,0.0350081647710736,0.029839466514586965,0.00426676484061074,1.12,1.12,1.12,1.12
1.3091692959878398,0.729465211229584,10.74577070974367,0.03206700342261454,0.030160533488131025,0.025732884178726212,0.0350150359023792,0.02983946651186903,0.004267115821273801,1.12,1.12,1.12,1.12
1.3085711990283824,0.7291256607932693,10.746967519543825,0.03205948681959808,0.0301605334918833,0.025732462236328732,0.035022552505395654,0.029839466508116752,0.004267537763671281,1.12,1.12,1.12,1.12
1.3079732572131855,0.7287862649657746,10.748164546473253,0.03205132690756074,0.03016053349687159,0.025731963387677984,0.035030712417432996,0.029839466503128464,0.004268036612322029,1.12,1.12,1.12,1.12
1.3073754683438275,0.7284470250825108,10.74936180912497,0.03204252590058371,0.03016053350331238,0.02573138182553178,0.03503951342441003,0.029839466496687672,0.004268618174468233,1.12,1.12,1.12,1.12
1.3067778300568336,0.7281079425794856,10.750559327492379,0.03203308606295657,0.030160533511435994,0.025730711877893053,0.035048953262037164,0.02983946648856406,0.0042692881221069595,1.12,1.12,1.12,1.12
1.3061803398276775,0.7277690189909255,10.751757122936006,0.03202300970801142,0.030160533521486343,0.025729948006007433,0.03505902961698232,0.02983946647851371,0.00427005199399258,1.12,1.12,1.12,1.12
1.3055829949747197,0.7274302559469327,10.752955218150692,0.03201229919697407,0.030160533533719558,0.02572908480238917,0.035069740128019666,0.029839466466280495,0.0042709151976108445,1.12,1.12,1.12,1.12
1.3049857926630848,0.7270916551711821,10.754153637133356,0.03200095693783411,0.03016053354840459,0.025728116988874852,0.03508108238715962,0.029839466451595464,0.0042718830111251604,1.12,1.12,1.12,1.12
1.3043887299084744,0.7267532184786488,10.755352405151196,0.031988985384229174,0.03016053356582099,0.025727039414704972,0.03509305394076456,0.029839466434179063,0.004272960585295041,1.12,1.12,1.12,1.12
1.3037918035809304,0.7264149477733739,10.756551548710425,0.03197638703434813,0.030160533586259697,0.025725847054632003,0.035105652290645606,0.029839466413740356,0.004274152945368009,1.12,1.12,1.12,1.12
1.3031950104085226,0.726076845046264,10.757751095525482,0.03196316442985003,0.03016053361002169,0.02572453500705514,0.035118874895143704,0.029839466389978364,0.004275464992944872,1.12,1.12,1.12,1.12
1.3025983469809932,0.7257389123729242,10.758951074488706,0.03194932015479929,0.030160533637417497,0.02572309849218092,0.03513271917019445,0.029839466362582556,0.004276901507819092,1.12,1.12,1.12,1.12
1.3020018097533352,0.7254011519115251,10.760151515640521,0.03193485683461672,0.030160533668767364,0.025721532850141116,0.035147182490377016,0.02983946633123269,0.004278467149858897,1.12,1.12,1.12,1.12
1.3014053950493107,0.7250635659007035,10.761352450140071,0.0319197771350469,0.030160533704399806,0.025719833539285364,0.035162262189946836,0.029839466295600248,0.004280166460714649,1.12,1.12,1.12,1.12
1.3008090990649208,0.7247261566574953,10.762553910236312,0.031904083761140956,0.03016053374465133,0.025717996134461574,0.03517795556385278,0.029839466255348723,0.004282003865538439,1.12,1.12,1.12,1.12
1.30021291787182,0.7243889265752999,10.763755929239554,0.03188777945625443,0.03016053378986666,0.025716016325219526,0.03519425986873931,0.029839466210133392,0.004283983674780487,1.12,1.12,1.12,1.12
1.2996168474206682,0.7240518781218755,10.764958541493451,0.03187086700105973,0.030160533840397408,0.025713889914094915,0.035211172323934004,0.029839466159602646,0.004286110085905098,1.12,1.12,1.12,1.12
1.2990208835444355,0.7237150138373691,10.766161782347458,0.03185334921257532,0.030160533896602226,0.025711612814916907,0.035228690112418415,0.029839466103397827,0.004288387185083106,1.12,1.12,1.12,1.12
1.2984250219616518,0.7233783363323734,10.767365688129695,0.03183522894320806,0.030160533958846047,0.02570918105113887,0.035246810381785676,0.029839466041154006,0.004290818948861144,1.12,1.12,1.12,1.12
1.297829258279602,0.7230418482860177,10.768570296120286,0.03181650907980882,0.03016053402749963,0.025706590754191627,0.03526553024518492,0.029839465972500423,0.0042934092458083856,1.12,1.12,1.12,1.12
1.2972335879974701,0.7227055524440875,10.769775644525067,0.03179719254274599,0.030160534102939562,0.02570383816185895,0.03528484678224775,0.02983946589706049,0.004296161838141063,1.12,1.12,1.12,1.12
1.2966380065094325,0.722369451617173,10.770981772449773,0.03177728228499699,0.030160534185547705,0.025700919616675227,0.03530475703999675,0.02983946581445235,0.004299080383324785,1.12,1.12,1.12,1.12
1.2960425091077028,0.7220335486788495,10.7721887198746,0.031756781291243874,0.03016053427571086,0.02569783156434431,0.03532525803374986,0.029839465724289194,0.004302168435655701,1.12,1.12,1.12,1.12
1.2954470909855218,0.7216978465638821,10.7733965276292,0.03173569257698655,0.030160534373820047,0.025694570552179594,0.035346346748007185,0.029839465626180006,0.004305429447820419,1.12,1.12,1.12,1.12
1.2948517472401004,0.7213623482664642,10.774605237368057,0.031714019187671305,0.030160534480270673,0.02569113322756525,0.03536802013732243,0.02983946551972938,0.0043088667724347635,1.12,1.12,1.12,1.12
1.2942564728755181,0.7210270568384799,10.775814891546279,0.03169176419783121,0.030160534595461974,0.02568751633643769,0.03539027512716253,0.02983946540453808,0.004312483663562322,1.12,1.12,1.12,1.12
1.2936612628055693,0.7206919753877973,10.777025533395792,0.03166893071024102,0.030160534719797127,0.025683716721787264,0.03541310861475272,0.029839465280202926,0.004316283278212749,1.12,1.12,1.12,1.12
1.2930661118565607,0.720357107076586,10.778237206901878,0.031645521855084124,0.030160534853682308,0.025679731322179628,0.03543651746990961,0.029839465146317745,0.004320268677820385,1.12,1.12,1.12,1.12
1.2924710147700686,0.7200224551196638,10.779449956780155,0.03162154078913276,0.030160534997527022,0.025675557170296973,0.035460498535860974,0.02983946500247303,0.00432444282970304,1.12,1.12,1.12,1.12
1.2918759662056454,0.719688022782869,10.780663828453884,0.03159699069494076,0.03016053515174305,0.02567119139149822,0.03548504863005297,0.029839464848257002,0.004328808608501794,1.12,1.12,1.12,1.12
1.2912809607434799,0.7193538133814581,10.781878868031674,0.03157187478004936,0.03016053531674523,0.025666631202398177,0.03551016454494438,0.029839464683254824,0.004333368797601836,1.12,1.12,1.12,1.12
1.2906859928870187,0.7190198302785338,10.783095122285554,0.03154619627620481,0.03016053549295067,0.02566187390946527,0.03553584304878893,0.029839464507049385,0.004338126090534744,1.12,1.12,1.12,1.12
1.2900910570655384,0.7186860768834891,10.784312638629373,0.03151995843858785,0.030160535680778422,0.025656916907637772,0.03556208088640589,0.02983946431922163,0.0043430830923622404,1.12,1.12,1.12,1.12
1.2894961476366764,0.7183525566504871,10.785531465097627,0.03149316454505585,0.030160535880649653,0.025651757678957735,0.035588874779937885,0.0298394641193504,0.004348242321042278,1.12,1.12,1.12,1.12
1.2889012588889173,0.7180192730769588,10.786751650324547,0.031465817895396486,0.030160536092986856,0.025646393791222924,0.03561622142959725,0.029839463907013197,0.004353606208777089,1.12,1.12,1.12,1.12
1.2883063850440424,0.7176862297021268,10.787973243523615,0.03143792181059285,0.030160536318214415,0.025640822896656063,0.035644117514400886,0.02983946368178564,0.00435917710334395,1.12,1.12,1.12,1.12
1.2877115202595295,0.717353430105554,10.789196294467368,0.031409479632100834,0.030160536556758044,0.02563504273059146,0.0356725596928929,0.02983946344324201,0.004364957269408554,1.12,1.12,1.12,1.12
1.287116658630919,0.7170208779057146,10.790420853467571,0.031380494721135466,0.03016053680904407,0.025629051110178436,0.03570154460385827,0.029839463190955984,0.004370948889821577,1.12,1.12,1.12,1.12
1.2865217941941334,0.7166885767585893,10.791646971355698,0.03135097045797214,0.030160537075500427,0.02562284593310149,0.0357310688670216,0.029839462924499627,0.004377154066898523,1.12,1.12,1.12,1.12
1.285926920927765,0.7163565303562844,10.792874699463766,0.03132091024125655,0.030160537356555772,0.025616425176316807,0.035761129083737186,0.02983946264344428,0.004383574823683206,1.12,1.12,1.12,1.12
1.2853320327553146,0.7160247424256712,10.794104089605456,0.031290317487314756,0.03016053765263932,0.025609786894805142,0.03579172183767898,0.029839462347360735,0.004390213105194871,1.12,1.12,1.12,1.12
1.284737123547399,0.7156932167270487,10.795335194057607,0.031259195629477265,0.030160537964180667,0.02560292922034023,0.03582284369551647,0.029839462035819386,0.004397070779659784,1.12,1.12,1.12,1.12
1.2841421871239165,0.71536195705283,10.796568065541969,0.031227548117488624,0.030160538291610084,0.025595850360272857,0.03585449120750511,0.02983946170838997,0.004404149639727156,1.12,1.12,1.12,1.12
1.283547217256177,0.7150309672262488,10.797802757207293,0.031195378416859487,0.030160538635358447,0.025588548596331986,0.03588666090813425,0.029839461364641606,0.004411451403668026,1.12,1.12,1.12,1.12
1.282952207668994,0.7147002511000871,10.799039322611733,0.031162690008113725,0.030160538995856467,0.02558102228344067,0.03591934931688001,0.029839461004143586,0.004418977716559344,1.12,1.12,1.12,1.12
1.2823571520427386,0.7143698125554242,10.800277815705527,0.031129486386228755,0.03016053937353491,0.02557326984854484,0.03595255293876498,0.029839460626465142,0.004426730151455172,1.12,1.12,1.12,1.12
1.2817620440153605,0.714039655500407,10.80151829081399,0.031095771060018373,0.03016053976882488,0.025565289789458295,0.03598626826497536,0.029839460231175174,0.0044347102105417174,1.12,1.12,1.12,1.12
1.28116687718437,0.7137097838690416,10.802760802620798,0.031061547551525404,0.030160540182157136,0.025557080673721908,0.03602049177346833,0.029839459817842917,0.004442919326278105,1.12,1.12,1.12,1.12
1.2805716451087905,0.7133802016200023,10.804005406151555,0.031026819395423844,0.030160540613962283,0.025548641137477957,0.03605521992956989,0.02983945938603777,0.004451358862522056,1.12,1.12,1.12,1.12
1.2799763413110667,0.7130509127354631,10.805252156757648,0.030991590112756595,0.0301605410646707,0.02553996988435807,0.03609044921223714,0.029839458935329355,0.004460030115641944,1.12,1.12,1.12,1.12
1.2793809592789511,0.7127219212199482,10.806501110100386,0.03095586329045724,0.030160541534712648,0.02553106568418345,0.036126176034536495,0.029839458465287405,0.004468934315816561,1.12,1.12,1.12,1.12
1.2787854924673425,0.7123932310992048,10.807752322135453,0.03091964249747675,0.030160542024517845,0.025521927372294015,0.036162396827516985,0.02983945797548221,0.004478072627705998,1.12,1.12,1.12,1.12
1.278189934300105,0.7120648464190888,10.809005849097547,0.03088293130878811,0.030160542534515666,0.025512553848263828,0.03619910801620563,0.029839457465484387,0.004487446151736185,1.12,1.12,1.12,1.12
1.27759427817185,0.7117367712444698,10.81026174748533,0.030845733313337065,0.03016054306513466,0.025502944074820164,0.03623630601165667,0.029839456934865394,0.004497055925179849,1.12,1.12,1.12,1.12
1.276998517449683,0.711409009658161,10.811520074046644,0.030808052109458528,0.030160543616803148,0.025493097076823845,0.03627398721553521,0.029839456383196905,0.004506902923176168,1.12,1.12,1.12,1.12
1.2764026454749253,0.7110815657598604,10.812780885764003,0.030769891304193164,0.030160544189948624,0.02548301194023904,0.03631214802080057,0.02983945581005143,0.0045169880597609735,1.12,1.12,1.12,1.12
1.2758066555647944,0.7107544436651152,10.814044239840312,0.03073125454159692,0.03016054478499819,0.025472687811115183,0.03635078478339682,0.029839455215001864,0.00452731218888483,1.12,1.12,1.12,1.12
1.2752105410140642,0.7104276475043007,10.815310193684866,0.030692145417842986,0.030160545402378114,0.025462123894907207,0.03638989390715075,0.02983945459762194,0.004537876105092806,1.12,1.12,1.12,1.12
1.2746142950966988,0.7101011814216112,10.816578804899509,0.030652567563079103,0.03016054604251378,0.02545131945485679,0.036429471761914634,0.029839453957486273,0.004548680545143222,1.12,1.12,1.12,1.12
1.2740179110674352,0.7097750495740816,10.817850131265175,0.030612524614109515,0.030160546705830016,0.025440273811313197,0.03646951471088422,0.029839453294170037,0.004559726188686816,1.12,1.12,1.12,1.12
1.2734213821633553,0.7094492561306173,10.819124230728637,0.030572020213903428,0.030160547392750814,0.025428986340765014,0.03651001911109031,0.02983945260724924,0.004571013659234999,1.12,1.12,1.12,1.12
1.27282470160542,0.7091238052710432,10.820401161389453,0.030531058011110834,0.030160548103699003,0.02541745647488336,0.0365509813138829,0.02983945189630105,0.004582543525116653,1.12,1.12,1.12,1.12
1.2722278625999761,0.7087987011851695,10.82168098148718,0.03048964165958673,0.030160548839097134,0.025405683699577658,0.036592397665407006,0.02983945116090292,0.004594316300422355,1.12,1.12,1.12,1.12
1.2716308583402416,0.7084739480718696,10.822963749388801,0.030447774817921935,0.030160549599366426,0.025393667554062457,0.0366342645070718,0.029839450400633627,0.004606332445937555,1.12,1.12,1.12,1.12
1.271033682007753,0.7081495501381811,10.82424952357639,0.03040546114898318,0.030160550384927542,0.02538140762993628,0.036676578176010555,0.02983944961507251,0.004618592370063734,1.12,1.12,1.12,1.12
1.2704363267737948,0.7078255115984153,10.825538362634994,0.030362704319460365,0.030160551196200203,0.025368903570271675,0.03671933500553337,0.02983944880379985,0.0046310964297283375,1.12,1.12,1.12,1.12
1.2698387858007951,0.7075018366732864,10.82683032524075,0.030319507999419626,0.030160552033603016,0.025356155068716232,0.03676253132557411,0.029839447966397037,0.00464384493128378,1.12,1.12,1.12,1.12
1.2692410522437,0.7071785295890562,10.82812547014921,0.03027587586186614,0.03016055289755365,0.02534316186860508,0.036806163463127595,0.029839447102446404,0.004656838131394933,1.12,1.12,1.12,1.12
1.2686431192513186,0.7068555945766919,10.829423856183892,0.030231811582312862,0.030160553788469047,0.025329923762084233,0.036850227742680874,0.029839446211531007,0.0046700762379157795,1.12,1.12,1.12,1.12
1.2680449799676397,0.7065330358710397,10.83072554222503,0.03018731883835607,0.030160554706765208,0.025316440589244676,0.03689472048663767,0.029839445293234845,0.004683559410755336,1.12,1.12,1.12,1.12
1.2674466275331344,0.7062108577100134,10.83203058719855,0.030142401309259104,0.030160555652872123,0.025302712237267114,0.03693963801573463,0.02983944434712793,0.004697287762732899,1.12,1.12,1.12,1.12
1.266848055086017,0.7058890643337972,10.833339050065238,0.03009706267554224,0.030160556627216673,0.025288738639576744,0.036984976649451495,0.02983944337278338,0.004711261360423269,1.12,1.12,1.12,1.12
1.2662492557634968,0.7055676599840617,10.83465098981012,0.030051306618579854,0.0301605576302178,0.025274519775009205,0.03703073270641388,0.029839442369782254,0.004725480224990808,1.12,1.12,1.12,1.12
1.2656502227029942,0.7052466489031973,10.835966465432044,0.030005136820206668,0.030160558662352455,0.02526005566698676,0.03707690250478707,0.0298394413376476,0.004739944333013252,1.12,1.12,1.12,1.12
1.2650509490433413,0.7049260353335559,10.83728553593345,0.029958556962328575,0.030160559724039693,0.025245346382702677,0.03712348236266516,0.02983944027596036,0.004754653617297336,1.12,1.12,1.12,1.12
1.2644514279259504,0.7046058235167115,10.838608260310357,0.029911570726531056,0.030160560815684634,0.025230392032319165,0.03717046859846268,0.02983943918431542,0.004769607967680847,1.12,1.12,1.12,1.12
1.263851652495972,0.7042860176927331,10.839934697542514,0.0298641817937072,0.030160561937690733,0.025215192768173952,0.037217857531286536,0.02983943806230932,0.00478480723182606,1.12,1.12,1.12,1.12
1.263251615903415,0.7039666220994687,10.841264906583753,0.029816393843688005,0.03016056309046089,0.025199748783996,0.03726564548130573,0.029839436909539163,0.004800251216004012,1.12,1.12,1.12,1.12
1.2626513113042557,0.7036476409718436,10.842598946352533,0.029768210554877605,0.03016056427439684,0.025184060314131118,0.03731382877011613,0.029839435725603214,0.004815939685868895,1.12,1.12,1.12,1.12
1.2620507318615202,0.7033290785411737,10.84393687572267,0.029719635603896122,0.030160565489899593,0.02516812763277683,0.037362403721097615,0.02983943451010046,0.004831872367223183,1.12,1.12,1.12,1.12
1.2614498707463424,0.703010939034488,10.845278753514226,0.029670672665227438,0.03016056673736961,0.025151951053227137,0.0374113666597663,0.029839433262630444,0.004848048946772876,1.12,1.12,1.12,1.12
1.2608487211390065,0.7026932266738641,10.846624638484604,0.029621325410873423,0.03016056801720579,0.02513553092712599,0.037460713914120314,0.029839431982794262,0.0048644690728740225,1.12,1.12,1.12,1.12
1.2602472762299652,0.7023759456757797,10.847974589319811,0.029571597510014425,0.030160569329806652,0.025118867643730614,0.03751044181497931,0.0298394306701934,0.004881132356269399,1.12,1.12,1.12,1.12
1.2596455292208353,0.702059100250472,10.849328664625872,0.029521492628675705,0.030160570675570098,0.02510196162918342,0.03756054669631803,0.029839429324429956,0.004898038370816593,1.12,1.12,1.12,1.12
1.2590434733253728,0.7017426946013109,10.850686922920465,0.029471014429398534,0.030160572054893087,0.02508481334579306,0.0376110248955952,0.029839427945106967,0.0049151866542069544,1.12,1.12,1.12,1.12
1.2584411017704349,0.7014267329241846,10.852049422624646,0.029420166570918338,0.03016057346817136,0.02506742329132454,0.0376618727540754,0.029839426531828694,0.0049325767086754735,1.12,1.12,1.12,1.12
1.2578384077969087,0.7011112194068949,10.85341622205484,0.029368952707847396,0.030160574915800153,0.02504979199829792,0.03771308661714634,0.0298394250841999,0.004950208001702094,1.12,1.12,1.12,1.12
1.2572353846606377,0.7007961582285674,10.8547873794149,0.0293173764903642,0.0301605763981741,0.025031920033295726,0.03776466283462954,0.029839423601825954,0.004968079966704286,1.12,1.12,1.12,1.12
1.256632025633308,0.7004815535590684,10.85616295278839,0.029265441563907202,0.030160577915686715,0.02501380799627899,0.037816597761086534,0.02983942208431334,0.004986192003721024,1.12,1.12,1.12,1.12
1.2560283240033365,0.7001674095584381,10.857543000131,0.029213151568874607,0.030160579468731075,0.024995456519911752,0.03786888775611913,0.02983942053126898,0.005004543480088261,1.12,1.12,1.12,1.12
1.2554242730767244,0.6998537303763297,10.858927579263124,0.029160510140329166,0.030160581057699032,0.024976866268893907,0.03792152918466457,0.02983941894230102,0.005023133731106105,1.12,1.12,1.12,1.12
1.2548198661779009,0.6995405201514635,10.860316747862589,0.02910752090770835,0.030160582682981996,0.02495803793930243,0.037974518417285386,0.029839417317018058,0.005041962060697583,1.12,1.12,1.12,1.12
1.2542150966505448,0.6992277830110905,10.861710563457542,0.029054187494539863,0.03016058434497032,0.024938972257940686,0.038027851830453874,0.029839415655029733,0.005061027742059326,1.12,1.12,1.12,1.12
1.25360995785839,0.6989155230704647,10.863109083419477,0.02900051351816174,0.030160586044053972,0.02491966998169598,0.038081525806831995,0.02983941395594608,0.005080330018304033,1.12,1.12,1.12,1.12
1.2530044431860123,0.6986037444323282,10.864512364956418,0.02894650258944831,0.030160587780621806,0.024900131896904917,0.03813553673554543,0.029839412219378247,0.005099868103095095,1.12,1.12,1.12,1.12
1.2523985460395992,0.6982924511864055,10.86592046510624,0.02889215831254005,0.03016058955506179,0.02488035881872694,0.038189881012453686,0.029839410444938264,0.005119641181273074,1.12,1.12,1.12,1.12
1.251792259847703,0.6979816474089082,10.867333440730148,0.02883748428457983,0.03016059136776167,0.024860351590525534,0.03824455504041391,0.029839408632238384,0.005139648409474479,1.12,1.12,1.12,1.12
1.2511855780619752,0.6976713371620499,10.868751348506267,0.02878248409545192,0.0301605932191078,0.02484011108320719,0.038299555229541815,0.029839406780892253,0.005159888916792824,1.12,1.12,1.12,1.12
1.2505784941578852,0.6973615244935707,10.870174244923422,0.028727161327528394,0.030160595109486155,0.02481963819444874,0.03835487799746534,0.0298394048905139,0.005180361805551273,1.12,1.12,1.12,1.12
1.2499710016354169,0.6970522134362759,10.871602186275068,0.02867151955541991,0.03016059703928159,0.024798933848587543,0.038410519769573825,0.029839402960718464,0.00520106615141247,1.12,1.12,1.12,1.12
1.2493630940197606,0.696743408007575,10.873035228653231,0.02861556234572865,0.03016059900887874,0.024777998995766562,0.038466476979265085,0.029839400991121312,0.005222001004233451,1.12,1.12,1.12,1.12
1.2487547648619866,0.6964351122090344,10.874473427942686,0.02855929325680584,0.03016060101866075,0.02475683461135353,0.038522746068187896,0.029839398981339305,0.005243165388646484,1.12,1.12,1.12,1.12
1.248146007739698,0.6961273300259401,10.875916839815218,0.028502715838516768,0.03016060306901025,0.024735441695367413,0.03857932348647697,0.029839396930989803,0.0052645583046325994,1.12,1.12,1.12,1.12
1.2475368162576712,0.6958200654268698,10.877365519724043,0.028445833632007755,0.030160605160309162,0.02471382127191206,0.03863620569298598,0.02983939483969089,0.0052861787280879535,1.12,1.12,1.12,1.12
1.2469271840484806,0.6955133223632729,10.878819522898345,0.028388650169478058,0.03016060729293829,0.024691974388617186,0.03869338915551568,0.029839392707061763,0.005308025611382827,1.12,1.12,1.12,1.12
1.2463171047731068,0.69520710476906,10.88027890433794,0.028331168973957876,0.030160609467278,0.024669902116086398,0.03875087035103586,0.029839390532722054,0.005330097883913615,1.12,1.12,1.12,1.12
1.245706572121532,0.6949014165602029,10.881743718808059,0.02827339355908759,0.03016061168370754,0.024647605547352167,0.03880864576590615,0.029839388316292514,0.005352394452647846,1.12,1.12,1.12,1.12
1.2450955798133205,0.6945962616343397,10.883214020834265,0.028215327428904258,0.03016061394260544,0.024625085797337798,0.03886671189608948,0.029839386057394612,0.005374914202662215,1.12,1.12,1.12,1.12
1.244484121598184,0.6942916438703914,10.88468986469747,0.028156974077630126,0.030160616244349236,0.02460234400232636,0.03892506524736361,0.029839383755650817,0.005397655997673653,1.12,1.12,1.12,1.12
1.2438721912565336,0.6939875671281869,10.886171304429094,0.02809833698946651,0.03016061858931579,0.02457938131943614,0.038983702335527226,0.029839381410684263,0.005420618680563871,1.12,1.12,1.12,1.12
1.2432597826000398,0.6936840352480846,10.88765839380615,0.02803941963838813,0.03016062097788319,0.02455619892609702,0.039042619686605606,0.029839379022116863,0.005443801073902993,1.12,1.12,1.12,1.12
1.2426468894721112,0.6933810520506335,10.889151186346972,0.02798022548795065,0.03016062341042608,0.024532798019552327,0.03910181383704309,0.029839376589573974,0.005467201980447686,1.12,1.12,1.12,1.12
1.2420335057484302,0.6930786213362113,10.890649735306509,0.027920757991093614,0.03016062588731877,0.024509179816347856,0.03916128133390012,0.029839374112681283,0.005490820183652156,1.12,1.12,1.12,1.12
1.241419625337448,0.6927767468846808,10.892154093671952,0.027861020589948993,0.030160628408933965,0.024485345551834153,0.039221018735044744,0.02983937159106609,0.005514654448165859,1.12,1.12,1.12,1.12
1.2408052421808724,0.6924754324550562,10.893664314158421,0.027801016715655436,0.03016063097564392,0.024461296479674988,0.0392810226093383,0.029839369024356133,0.005538703520325025,1.12,1.12,1.12,1.12
1.2401903502541372,0.6921746817851743,10.895180449204792,0.027740749788174535,0.03016063358781984,0.024437033871362424,0.0393412895368192,0.029839366412180213,0.005562966128637589,1.12,1.12,1.12,1.12
1.2395749435668628,0.691874498591375,10.896702550969627,0.027680223216112132,0.030160636245831873,0.02441255901573823,0.039401816108881604,0.02983936375416818,0.005587440984261782,1.12,1.12,1.12,1.12
1.2389590161633017,0.6915748865681883,10.898230671327182,0.027619440396542627,0.030160638950049112,0.02438787321852133,0.03946259892845111,0.02983936104995094,0.005612126781478682,1.12,1.12,1.12,1.12
1.2383425621227766,0.6912758493880313,10.899764861863563,0.027558404714837503,0.03016064170084004,0.02436297780184185,0.03952363461015623,0.029839358299160013,0.005637022198158162,1.12,1.12,1.12,1.12
1.2377255755600978,0.6909773907009081,10.90130517387293,0.02749711954449663,0.030160644498571698,0.024337874103780757,0.03958491978049711,0.029839355501428355,0.0056621258962192555,1.12,1.12,1.12,1.12
1.2371080506259786,0.6906795141341222,10.902851658353855,0.027435588246984777,0.03016064734361057,0.024312563477916063,0.03964645107800896,0.029839352656389484,0.0056874365220839496,1.12,1.12,1.12,1.12
1.2364899815074324,0.6903822232919913,10.904404366005734,0.027373814171569255,0.030160650236321918,0.024287047292874786,0.03970822515342448,0.029839349763678136,0.005712952707125227,1.12,1.12,1.12,1.12
1.2358713624281592,0.6900855217555721,10.905963347225322,0.02731180065516331,0.03016065317706973,0.02426132693189076,0.03977023866983043,0.029839346822930324,0.005738673068109254,1.12,1.12,1.12,1.12
1.2352521876489249,0.6897894130823918,10.907528652103355,0.027249551022171803,0.03016065616621738,0.024235403792368646,0.03983248830282193,0.029839343833782672,0.005764596207631367,1.12,1.12,1.12,1.12
1.2346324514679239,0.6894939008061849,10.909100330421264,0.027187068584340224,0.030160659204127138,0.02420927928545348,0.03989497074065351,0.029839340795872915,0.005790720714546532,1.12,1.12,1.12,1.12
1.2340121482211341,0.6891989884366385,10.910678431647987,0.027124356640607694,0.030160662291160156,0.024182954835606313,0.03995768268438604,0.029839337708839897,0.0058170451643937,1.12,1.12,1.12,1.12
1.2333912722826614,0.6889046794591434,10.912263004936866,0.027061418476964028,0.030160665427676425,0.024156431880184973,0.04002062084802971,0.029839334572323628,0.00584356811981504,1.12,1.12,1.12,1.12
1.2327698180650701,0.6886109773345512,10.913854099122636,0.026998257366318,0.03016066861403488,0.024129711869031192,0.040083781958675735,0.029839331385965173,0.00587028813096882,1.12,1.12,1.12,1.12
1.2321477800197087,0.688317885498941,10.915451762718517,0.02693487656833854,0.030160671850593568,0.024102796264063073,0.0401471627566552,0.029839328149406485,0.00589720373593694,1.12,1.12,1.12,1.12
1.2315251526370188,0.6880254073633865,10.917056043913357,0.026871279329330755,0.030160675137709314,0.02407568653887275,0.04021075999566298,0.02983932486229074,0.005924313461127262,1.12,1.12,1.12,1.12
1.230901930446839,0.6877335463137373,10.918666990568903,0.02680746888210589,0.030160678475738,0.024048384178330037,0.04027457044288785,0.029839321524262052,0.0059516158216699755,1.12,1.12,1.12,1.12
1.2302781080186966,0.6874423057103993,10.920284650217127,0.026743448445852636,0.030160681865034566,0.024020890678191006,0.0403385908791411,0.029839318134965487,0.005979109321809006,1.12,1.12,1.12,1.12
1.22965367996209,0.6871516888881255,10.921909070057648,0.026679221226012295,0.030160685305952672,0.023993207544712306,0.04040281809898144,0.02983931469404738,0.006006792455287707,1.12,1.12,1.12,1.12
1.2290286409267606,0.6868616991558114,10.923540296955233,0.02661479041415704,0.030160688798845148,0.02396533629427089,0.040467248910836695,0.029839311201154906,0.006034663705729124,1.12,1.12,1.12,1.12
1.2284029856029566,0.6865723397962964,10.925178377437376,0.02655015918787057,0.030160692344063877,0.02393727845298843,0.040531880137123166,0.029839307655936176,0.006062721547011582,1.12,1.12,1.12,1.12
1.2277767087216866,0.6862836140661724,10.926823357691966,0.02648533071063236,0.03016069594195958,0.02390903555636191,0.040596708614361376,0.029839304058040472,0.006090964443638103,1.12,1.12,1.12,1.12
1.2271498050549643,0.6859955251955956,10.928475283565021,0.02642030813170454,0.03016069959288248,0.02388060914889832,0.0406617311932892,0.029839300407117575,0.0061193908511016915,1.12,1.12,1.12,1.12
1.2265222694160443,0.6857080763881078,10.930134200558504,0.026355094586022254,0.030160703297181735,0.023852000783755337,0.04072694473897148,0.02983929670281832,0.006147999216244676,1.12,1.12,1.12,1.12
1.2258940966596477,0.6854212708204589,10.931800153828227,0.026289693194085917,0.030160707055205682,0.023823212022386422,0.04079234613090782,0.02983929294479437,0.00617678797761359,1.12,1.12,1.12,1.12
1.2252652816821823,0.68513511164244,10.933473188181797,0.026224107061857127,0.03016071086730232,0.02379424443419159,0.04085793226313661,0.029839289132697733,0.006205755565808421,1.12,1.12,1.12,1.12
1.2246358194219504,0.684849601976718,10.935153348076671,0.026158339280657028,0.03016071473381926,0.023765099596172387,0.04092370004433671,0.029839285266180793,0.006234900403827626,1.12,1.12,1.12,1.12
1.2240057048593496,0.6845647449186769,10.93684067761828,0.026092392927067443,0.030160718655103613,0.02373577909259257,0.040989646397926294,0.02983928134489644,0.006264220907407442,1.12,1.12,1.12,1.12
1.2233749330170656,0.6842805435362666,10.938535220558185,0.02602627106283445,0.03016072263150238,0.023706284514643045,0.04105576826215929,0.029839277368497674,0.006293715485356968,1.12,1.12,1.12,1.12
1.2227434989602581,0.6839970008698532,10.940237020292361,0.025959976734775847,0.030160726663362947,0.02367661746011182,0.04112206259021789,0.029839273336637107,0.006323382539888192,1.12,1.12,1.12,1.12
1.2221113977967357,0.6837141199320783,10.941946119859502,0.025893512974689947,0.030160730751032816,0.023646779533059076,0.04118852635030379,0.029839269248967237,0.006353220466940937,1.12,1.12,1.12,1.12
1.221478624677125,0.6834319037077219,10.943662561939428,0.02582688279926809,0.03016073489486082,0.02361677234349638,0.041255156525725645,0.029839265105139234,0.0063832276565036344,1.12,1.12,1.12,1.12
1.2208451747950324,0.6831503551535703,10.945386388851526,0.025760089210009218,0.030160739095197064,0.023586597507070997,0.04132195011498452,0.02983926090480299,0.006413402492929016,1.12,1.12,1.12,1.12
1.2202110433871967,0.6828694771982896,10.947117642553296,0.025693135193137706,0.03016074335239377,0.023556256644754733,0.04138890413185603,0.029839256647606283,0.006443743355245279,1.12,1.12,1.12,1.12
1.219576225733635,0.6825892727423046,10.948856364638928,0.02562602371952305,0.030160747666806043,0.0235257513825375,0.041456015605470686,0.02983925233319401,0.006474248617462514,1.12,1.12,1.12,1.12
1.2189407171577828,0.6823097446576828,10.950602596337967,0.0255587577446032,0.030160752038792482,0.023495083351125004,0.041523281580390536,0.02983924796120757,0.006504916648875009,1.12,1.12,1.12,1.12
1.218304513026637,0.6820308957880391,10.952356378514047,0.025491340208321334,0.030160756468727568,0.023464254185642727,0.0415906991166724,0.029839243531272486,0.0065357458143572855,1.12,1.12,1.12,1.12
1.2176676087508609,0.6817527289484023,10.954117751663638,0.025423774035034652,0.03016076095698428,0.02343326552534064,0.041658265289959084,0.029839239043015775,0.006566734474659372,1.12,1.12,1.12,1.12
1.2170299997849119,0.6814752469251264,10.955886755914879,0.025356062133453594,0.030160765503944476,0.02340211901330512,0.04172597719154014,0.029839234496055578,0.006597880986694893,1.12,1.12,1.12,1.12
1.2163916816271585,0.6811984524757954,10.95766343102649,0.02528820739657689,0.030160770110001678,0.02337081629617467,0.04179383192841685,0.029839229889998375,0.006629183703825342,1.12,1.12,1.12,1.12
1.2157526498199847,0.6809223483291333,10.959447816386714,0.025220212701628386,0.030160774775573607,0.023339359023859516,0.04186182662336535,0.029839225224426447,0.006660640976140497,1.12,1.12,1.12,1.12
1.2151128999498981,0.6806469371849204,10.961239951012328,0.025152080909997043,0.030160779489974088,0.023307748849264953,0.04192995841499669,0.029839220510025966,0.00669225115073506,1.12,1.12,1.12,1.12
1.2144724276477676,0.6803722217140371,10.963039873547615,0.025083814867061738,0.030160784266369867,0.023275987428333714,0.041998224457932,0.029839215733630187,0.006724012571666299,1.12,1.12,1.12,1.12
1.2138312285886326,0.6800982045581083,10.964847622263449,0.02501541740235036,0.030160789105044605,0.023244076419121906,0.04206662192264338,0.029839210894955448,0.0067559235808781065,1.12,1.12,1.12,1.12
1.2131892984919626,0.6798248883295808,10.96666323505633,0.024946891329390597,0.03016079400633942,0.023212017481870406,0.04213514799560314,0.029839205993660634,0.006787982518129607,1.12,1.12,1.12,1.12
1.212546633121745,0.6795522756116299,10.968486749447443,0.024878239445645045,0.030160798970646607,0.023179812278737902,0.04220379987934869,0.029839201029353446,0.006820187721262111,1.12,1.12,1.12,1.12
1.2119032282865791,0.6792803689580493,10.970318202581554,0.024809464532433878,0.0301608039983976,0.023147462473530014,0.04227257479255986,0.029839196001602453,0.006852537526469998,1.12,1.12,1.12,1.12
1.211259079839837,0.6790091708931126,10.972157631225397,0.024740569354848918,0.030160809090057195,0.02311496973141139,0.04234146997014482,0.02983919090994286,0.006885030268588624,1.12,1.12,1.12,1.12
1.2106141836806559,0.6787386839119569,10.974005071764664,0.024671556662086147,0.030160814246579792,0.02308233571856877,0.04241048266290759,0.02983918575342026,0.006917664281431243,1.12,1.12,1.12,1.12
1.2099685357530745,0.6784689104798463,10.9758605602044,0.02460242918687261,0.030160819468850242,0.02304956210199953,0.04247961013812113,0.02983918053114981,0.006950437898000483,1.12,1.12,1.12,1.12
1.2093221320467196,0.6781998530321496,10.977724132165317,0.024533189645509657,0.030160824757876015,0.023016650549150114,0.04254884967948408,0.02983917524212404,0.006983349450849899,1.12,1.12,1.12,1.12
1.2086749685087077,0.6779315139443824,10.979595823174767,0.02446384070950547,0.03016083007709719,0.022983602766502617,0.04261819861548827,0.029839169922902864,0.007016397233497396,1.12,1.12,1.12,1.12
1.2080270412886003,0.6776638956190025,10.981475667876984,0.024394385086583648,0.030160835459151047,0.02295042038703335,0.04268765423841009,0.029839164540849006,0.007049579612966664,1.12,1.12,1.12,1.12
1.2073783465069388,0.6773970004024117,10.983363700773852,0.02432482544349679,0.03016084090436738,0.02291710507957058,0.04275721388149695,0.029839159095632672,0.007082894920429433,1.12,1.12,1.12,1.12
1.2067288803288492,0.6771308306112392,10.985259955988745,0.02425516443048059,0.030160846413050058,0.02288365851275513,0.042826874894513145,0.029839153586949996,0.007116341487244882,1.12,1.12,1.12,1.12
1.2060786389638274,0.6768653885322655,10.987164467267206,0.024185404681169864,0.030160851985171877,0.022850082354855805,0.04289663464382387,0.029839148014828176,0.007149917645144208,1.12,1.12,1.12,1.12
1.2054276186661224,0.6766006764219139,10.989077267972137,0.024115548812299548,0.030160857620469828,0.02281637827337689,0.04296649051269419,0.029839142379530226,0.007183621726623124,1.12,1.12,1.12,1.12
1.2047758157396569,0.6763366965037378,10.99099839104446,0.024045599422630626,0.030160863318698328,0.02278254793332206,0.04303643990236311,0.029839136681301726,0.007217452066677954,1.12,1.12,1.12,1.12
1.204123226527495,0.6760734509763598,10.992927869101349,0.023975559096823806,0.030160869080261943,0.022748593000826725,0.04310648022816993,0.02983913091973811,0.007251406999173288,1.12,1.12,1.12,1.12
1.2034698474185417,0.6758109420089031,10.994865734376367,0.0239054304032561,0.030160874906036084,0.022714515140618216,0.043176608921737636,0.02983912509396397,0.007285484859381797,1.12,1.12,1.12,1.12
1.202815674846431,0.6755491717403213,10.996812018721506,0.0238352158934646,0.03016088079676499,0.022680316015888616,0.043246823431529136,0.029839119203235065,0.007319683984111397,1.12,1.12,1.12,1.12
1.2021607052869543,0.6752881422799833,10.998766753623698,0.023764918102226085,0.030160886752620075,0.02264599728873562,0.04331712122276765,0.029839113247379978,0.007354002711264393,1.12,1.12,1.12,1.12
1.2015049352593938,0.6750278557072739,11.000729970195692,0.023694539547433835,0.03016089277340578,0.022611560619611434,0.0433874997775599,0.029839107226594275,0.007388439380388578,1.12,1.12,1.12,1.12
1.2008483613319125,0.6747683140708371,11.002701699143937,0.02362408273018446,0.030160898859730556,0.022577007665889742,0.04345795659480928,0.029839101140269497,0.0074229923341102705,1.12,1.12,1.12,1.12
1.200190980126821,0.674509519386486,11.004681970729752,0.02355355013401167,0.03016090501353913,0.022542340080167755,0.04352848919098207,0.029839094986460923,0.007457659919832257,1.12,1.12,1.12,1.12
1.1995327883260547,0.6742514736351426,11.006670814729528,0.02348294422416175,0.030160911238711174,0.02250755950853596,0.043599095100831986,0.02983908876128888,0.007492440491464053,1.12,1.12,1.12,1.12
1.1988737825857858,0.6739941787854861,11.008668261001848,0.023412267452705582,0.030160917527433384,0.022472667612320238,0.043669771872288154,0.02983908247256667,0.007527332387679775,1.12,1.12,1.12,1.12
1.1982139597701664,0.673737636713992,11.01067433783595,0.02334152223313468,0.030160923889569813,0.022437666003947143,0.043740517091859055,0.02983907611043024,0.00756233399605287,1.12,1.12,1.12,1.12
1.1975533165254617,0.6734818494130517,11.01268907530465,0.0232707110260974,0.030160930327165325,0.022402556376868263,0.043811328298896335,0.029839069672834728,0.00759744362313175,1.12,1.12,1.12,1.12
1.1968919369657187,0.673226898362438,11.014712488001642,0.023199896021431465,0.030160996802159057,0.022367340356726897,0.04388214330356227,0.029839003197840996,0.007632659643273115,1.12,1.12,1.12,1.12
1.196230259513787,0.6729731887131788,11.0167445368775,0.02312938251028801,0.03016142644655717,0.02233201955808113,0.043952656814705726,0.029838573553442882,0.007667980441918881,1.12,1.12,1.12,1.12
1.1955682737313442,0.672720717005425,11.018785258307611,0.023059168943856678,0.030162211381492332,0.022296595781957834,0.04402287038113706,0.02983778861850772,0.0077034042180421786,1.12,1.12,1.12,1.12
1.1949059692793906,0.6724694797886571,11.020834688229794,0.02298925383301359,0.030163343836916323,0.022261070826916293,0.044092785491980147,0.02983665616308373,0.0077389291730837195,1.12,1.12,1.12,1.12
1.1942433359246838,0.6722194736201177,11.022892862102172,0.022919635746604883,0.030164816151582452,0.022225446488208386,0.044162403578388854,0.0298351838484176,0.0077745535117916265,1.12,1.12,1.12,1.12
1.193580363542283,0.6719706950635896,11.0249598148831,0.02285031330955095,0.030166620772099306,0.022189724557749757,0.044231726015442785,0.029833379227900747,0.007810275442250256,1.12,1.12,1.12,1.12
1.192917042115869,0.6717231406882791,11.027035581023217,0.02278128520079964,0.03016875025142357,0.022153906824518274,0.0443007541241941,0.029831249748576483,0.007846093175481739,1.12,1.12,1.12,1.12
1.1922533617372342,0.6714768070679373,11.02912019446309,0.022712550151360256,0.030171197247242265,0.022117995075133595,0.04436948917363348,0.029828802752757788,0.007882004924866418,1.12,1.12,1.12,1.12
1.1915893126055364,0.6712316907801228,11.031213688632858,0.02264410694242336,0.030173954520370083,0.022081991094477615,0.04443793238257038,0.02982604547962997,0.007918008905522397,1.12,1.12,1.12,1.12
1.1909248850265228,0.6709877884055424,11.033316096452479,0.02257595440354576,0.030177014933189084,0.022045896666302675,0.044506084921447975,0.02982298506681097,0.007954103333697338,1.12,1.12,1.12,1.12
1.1902600694117802,0.6707450965274346,11.035427450332056,0.022508091410887554,0.030180371448131627,0.022009713573810027,0.04457394791410618,0.029819628551868427,0.007990286426189985,1.12,1.12,1.12,1.12
1.1895948562780319,0.670503611730987,11.03754778217212,0.022440516885494033,0.030184017126206664,0.021973443600191947,0.0446415224394997,0.02981598287379339,0.008026556399808066,1.12,1.12,1.12,1.12
1.1889292362464843,0.6702633306027718,11.039677123363745,0.022373229791615767,0.03018794512556361,0.021937088529136062,0.04470880953337797,0.029812054874436444,0.008062911470863951,1.12,1.12,1.12,1.12
1.1882632000422226,0.670024249730206,11.04181550478855,0.022306229135069078,0.03019214870009629,0.02190065014529269,0.04477581018992466,0.029807851299903765,0.008099349854707324,1.12,1.12,1.12,1.12
1.1875967384936548,0.6697863657010276,11.043962956818532,0.022239513961630486,0.030196621198080975,0.021864130234704834,0.04484252536336325,0.029803378801919078,0.008135869765295178,1.12,1.12,1.12,1.12
1.186929842532002,0.6695496751027874,11.046119509315753,0.022173083355467083,0.03020135606084945,0.02182753058520291,0.044908955969526654,0.029798643939150604,0.008172469414797101,1.12,1.12,1.12,1.12
1.1862625031908305,0.669314174522361,11.0482851916319,0.022106936437602365,0.030206346821497088,0.021790852986764406,0.04497510288739137,0.029793653178502966,0.008209147013235607,1.12,1.12,1.12,1.12
1.1855947116056273,0.669079860545473,11.050460032607711,0.022041072364413827,0.030211587103620374,0.0217540992318402,0.04504096696057991,0.02978841289637968,0.008245900768159814,1.12,1.12,1.12,1.12
1.1849264590134119,0.6688467297562388,11.05264406057228,0.021975490326165414,0.030217070620087938,0.02171727111564832,0.04510654899882832,0.029782929379912115,0.008282728884351692,1.12,1.12,1.12,1.12
1.1842577367523883,0.668614778736722,11.054837303342278,0.021910189545570946,0.03022279117184057,0.0216803704364361,0.04517184977942279,0.029777208828159485,0.008319629563563913,1.12,1.12,1.12,1.12
1.1835885362616296,0.6683840040665061,11.057039788221017,0.021845169276391352,0.030228742646720874,0.021643398995712396,0.045236870048602384,0.02977125735327918,0.008356601004287617,1.12,1.12,1.12,1.12
1.182918849080797,0.6681544023222821,11.059251541997492,0.021780428802062657,0.03023491901833225,0.02160635859845017,0.04530161052293108,0.029765080981667802,0.008393641401549842,1.12,1.12,1.12,1.12
1.1822486668498886,0.6679259700774502,11.061472590945304,0.02171596743435461,0.03024131434492322,0.021569251053260963,0.045366071890639126,0.029758685655076833,0.00843074894673905,1.12,1.12,1.12,1.12
1.1815779813090206,0.6676987039017377,11.0637029608215,0.02165178451206118,0.030247922768300517,0.021532078172541852,0.04543025481293256,0.029752077231699536,0.00846792182745816,1.12,1.12,1.12,1.12
1.180906784298233,0.6674726003608292,11.065942676865365,0.021587879399720178,0.030254738512767165,0.02149484177259653,0.04549415992527356,0.029745261487232888,0.008505158227403484,1.12,1.12,1.12,1.12
1.1802350677573232,0.6672476560160139,11.068191763797158,0.02152425148636361,0.030261755884085584,0.021457543673730692,0.045557787838630126,0.02973824411591447,0.008542456326269321,1.12,1.12,1.12,1.12
1.1795628237257036,0.6670238674238438,11.070450245816776,0.02146090018429686,0.030268969268465173,0.02142018570032299,0.045621139140696876,0.02973103073153488,0.008579814299677024,1.12,1.12,1.12,1.12
1.1788900443422834,0.6668012311358098,11.072718146602398,0.02139782492790715,0.03027637313157361,0.021382769680872576,0.04568421439708659,0.029723626868426445,0.008617230319127436,1.12,1.12,1.12,1.12
1.1782167218453672,0.6665797436980277,11.074995489309071,0.02133502517249991,0.03028396201757033,0.021345297448024256,0.045747014152493826,0.02971603798242972,0.008654702551975757,1.12,1.12,1.12,1.12
1.1775428485725825,0.6663594016509425,11.077282296567281,0.021272500393164695,0.03029173054816292,0.021307770838571438,0.04580953893182904,0.029708269451837133,0.008692229161428575,1.12,1.12,1.12,1.12
1.1768684169598729,0.6661402015289495,11.079578590485877,0.021210250083506355,0.03029967342137785,0.021270191693605986,0.04587178924148738,0.029700326578622205,0.008729808306394027,1.12,1.12,1.12,1.12
1.1761934195431558,0.6659221398602901,11.081884392642698,0.021148273754855118,0.030307785411214594,0.021232561858178553,0.04593376557013862,0.02969221458878546,0.00876743814182146,1.12,1.12,1.12,1.12
1.1755178489578337,0.6657052131667469,11.084199724085195,0.02108657093513433,0.030316061366610525,0.02119488318132362,0.045995468389859406,0.02968393863338953,0.008805116818676392,1.12,1.12,1.12,1.12
1.1748416979384821,0.6654894179633699,11.08652460533038,0.021025141167783534,0.030324496210480334,0.021157157516037445,0.0460568981572102,0.02967550378951972,0.008842842483962568,1.12,1.12,1.12,1.12
1.1741649593188501,0.6652747507582458,11.0888590563633,0.020963984010757664,0.03033308493887321,0.021119386719184813,0.04611805531423607,0.029666915061126842,0.0088806132808152,1.12,1.12,1.12,1.12
1.1734876260318736,0.6650612080522763,11.091203096635548,0.020903099035552375,0.030341822620146508,0.02108157265138884,0.04617894028944136,0.029658177379853545,0.008918427348611174,1.12,1.12,1.12,1.12
1.1728096911097001,0.6648487863389723,11.093556745063768,0.02084248582625564,0.03035070439415971,0.02104371717690466,0.046239553498738095,0.029649295605840342,0.008956282823095352,1.12,1.12,1.12,1.12
1.172131147683723,0.6646374821042592,11.095920020028213,0.02078214397862277,0.030359725471482968,0.021005822163477697,0.04629989534637097,0.029640274528517085,0.008994177836522316,1.12,1.12,1.12,1.12
1.1714519889846222,0.6644272918262936,11.09829293937126,0.020722073099177285,0.03036888113262398,0.020967889482186988,0.04635996622581645,0.02963111886737607,0.009032110517813025,1.12,1.12,1.12,1.12
1.1707722083424164,0.6642182119752946,11.100675520396006,0.02066227280433569,0.03037816672726923,0.020929921007274824,0.046419766520658046,0.029621833272730824,0.009070078992725189,1.12,1.12,1.12,1.12
1.1700917991865167,0.6640102390133823,11.103067779864858,0.02060274271955581,0.030387577673541943,0.020891918615962665,0.046479296605437925,0.02961242232645811,0.009108081384037348,1.12,1.12,1.12,1.12
1.169410755045791,0.6638033693944334,11.105469733998172,0.02054348247850918,0.030397109457274363,0.020853884188254526,0.04653855684648456,0.02960289054272569,0.009146115811745487,1.12,1.12,1.12,1.12
1.1687290695486288,0.6635975995639438,11.107881398472916,0.02048449172227601,0.030406757631294246,0.020815819606728306,0.046597547602717726,0.029593242368705808,0.009184180393271707,1.12,1.12,1.12,1.12
1.1680467364230098,0.6633929259589048,11.110302788421397,0.020425770098562945,0.03041651781472504,0.020777726756315618,0.04665626922643079,0.029583482185275012,0.009222273243684395,1.12,1.12,1.12,1.12
1.1673637494965772,0.6631893450076896,11.112733918429996,0.020367317260943818,0.030426385692300495,0.020739607524070933,0.04671472206404992,0.02957361430769956,0.00926039247592908,1.12,1.12,1.12,1.12
1.166680102696713,0.662986853129951,11.115174802537977,0.020309132868122026,0.030436357013691184,0.02070146379893023,0.04677290645687171,0.02956364298630887,0.009298536201069782,1.12,1.12,1.12,1.12
1.1659957900506108,0.6627854467365296,11.117625454236368,0.020251216583214382,0.030446427592843828,0.02066329747146034,0.046830822741779354,0.029553572407156226,0.009336702528539673,1.12,1.12,1.12,1.12
1.1653108056846737,0.6625851222293101,11.120085886469996,0.020193568072942425,0.030456593307112034,0.020625110433720048,0.04688847125205131,0.02954340669288802,0.009374889566279965,1.12,1.12,1.12,1.12
1.1646251438258735,0.6623858760012681,11.122556111630479,0.020136187007175843,0.030466850097039755,0.020586904578762222,0.04694585231781789,0.0295331499029603,0.009413095421237791,1.12,1.12,1.12,1.12
1.1639387988013201,0.6621877044363658,11.12503614155757,0.020079073058194508,0.030477193965569915,0.02054868180044743,0.04700296626679923,0.029522806034430138,0.009451318199552583,1.12,1.12,1.12,1.12
1.1632517650382272,0.6619906039094879,11.12752598753878,0.02002222590003827,0.030487620977394714,0.020510443993178862,0.047059813424955466,0.02951237902260534,0.009489556006821151,1.12,1.12,1.12,1.12
1.16256403706398,0.6617945707864048,11.130025660308497,0.019965645207894955,0.030498127258351382,0.020472193051611853,0.04711639411709878,0.02950187274164867,0.00952780694838816,1.12,1.12,1.12,1.12
1.1618756095061986,0.6615996014237381,11.13253517004724,0.019909330657507218,0.030508708994827216,0.020433930870356498,0.04717270866748652,0.029491291005172837,0.009566069129643515,1.12,1.12,1.12,1.12
1.1611864770927987,0.6614056921689411,11.13505452638093,0.01985328192459873,0.030519362433174657,0.020395659343674877,0.047228757400395005,0.029480637566825396,0.009604340656325136,1.12,1.12,1.12,1.12
1.1604966346520462,0.6612128393602852,11.137583738380279,0.019797498684320736,0.030530083879136416,0.02035738036517243,0.047284540640673,0.029469916120863637,0.009642619634827584,1.12,1.12,1.12,1.12
1.1598060771126073,0.6610210393268576,11.14012281456022,0.019741980610714915,0.03054086969727754,0.020319095827484673,0.04734005871427882,0.029459130302722514,0.00968090417251534,1.12,1.12,1.12,1.12
1.1591147995035926,0.6608302883885664,11.142671762879436,0.019686727376197533,0.030551716310428856,0.020280807621959024,0.047395311948796204,0.029448283689571197,0.009719192378040989,1.12,1.12,1.12,1.12
1.1584227969545915,0.6606405828561546,11.145230590739963,0.019631738651057773,0.030562620199135027,0.020242517638333,0.04745030067393596,0.029437379800865027,0.009757482361667014,1.12,1.12,1.12,1.12
1.1577300646957036,0.6604519190312228,11.147799304986858,0.019577014102977353,0.030573577901114257,0.020204227764408306,0.047505025222016384,0.029426422098885796,0.009795772235591707,1.12,1.12,1.12,1.12
1.1570365980575623,0.6602642932062619,11.150377911907979,0.019522553396566333,0.030584586010723558,0.020165939885721865,0.0475594859284274,0.029415413989276495,0.009834060114278148,1.12,1.12,1.12,1.12
1.1563423924713487,0.6600777016646916,11.152966417233822,0.019468356192915592,0.030595641178431943,0.020127655885213938,0.047613683132078144,0.02940435882156811,0.009872344114786075,1.12,1.12,1.12,1.12
1.1556474434687964,0.6598921406809085,11.15556482613746,0.019414422149166,0.030606740110300235,0.020089377642893994,0.04766761717582774,0.02939325988969982,0.00991062235710602,1.12,1.12,1.12,1.12
1.1549517466821895,0.6597076065203414,11.158173143234572,0.01936075091809486,0.03061787956746853,0.02005110703550421,0.047721288406898876,0.029382120432531522,0.009948892964495804,1.12,1.12,1.12,1.12
1.1542552978443499,0.659524095439514,11.160791372583525,0.01930734214771801,0.03062905636564922,0.020012845936181384,0.04777469717727573,0.029370943634350832,0.009987154063818629,1.12,1.12,1.12,1.12
1.1535580927886162,0.6593416036861172,11.163419517685604,0.019254195480907843,0.030640267374626495,0.019974596214117568,0.04782784384408589,0.029359732625373558,0.010025403785882445,1.12,1.12,1.12,1.12
1.1528601274488095,0.6591601274990847,11.166057581485285,0.01920131055502644,0.030651509517762188,0.019936359734219672,0.047880728769967296,0.029348490482237866,0.010063640265780341,1.12,1.12,1.12,1.12
1.152161397859193,0.658979663108681,11.168705566370617,0.019148687001575293,0.030662779771506943,0.019898138356768347,0.04793335232341844,0.02933722022849311,0.010101861643231666,1.12,1.12,1.12,1.12
1.1514619001544169,0.658800206736591,11.171363474173695,0.01909632444585818,0.03067407516491666,0.019859933937076496,0.047985714879135555,0.029325924835083395,0.010140066062923517,1.12,1.12,1.12,1.12
1.1507616305694552,0.6586217545960207,11.174031306171226,0.019044222506662323,0.03068539277917509,0.019821748325147923,0.048037816818331414,0.029314607220824962,0.01017825167485209,1.12,1.12,1.12,1.12
1.15006058543953,0.6584443028918017,11.17670906308518,0.018992380795947617,0.03069672974712051,0.019783583365336227,0.04808965852904612,0.029303270252879543,0.010216416634663786,1.12,1.12,1.12,1.12
1.1493587612000233,0.6582678478205054,11.179396745083553,0.018940798918554658,0.030708083252777907,0.019745440896003927,0.04814124040643908,0.029291916747222146,0.010254559103996086,1.12,1.12,1.12,1.12
1.1486561543863776,0.6580923855705589,11.182094351781203,0.01888947647192557,0.0307194505308947,0.019707322749183187,0.048192562853068166,0.029280549469105355,0.010292677250816826,1.12,1.12,1.12,1.12
1.1479527616339869,0.6579179123223717,11.184801882240809,0.018838413045839664,0.03073082886648254,0.01966923075023673,0.04824362627915407,0.029269171133517513,0.010330769249763283,1.12,1.12,1.12,1.12
1.1472485796780691,0.6577444242484657,11.187519334973883,0.01878760822215969,0.0307422155943618,0.019631166717521048,0.048294431102834046,0.029257784405638254,0.010368833282478965,1.12,1.12,1.12,1.12
1.1465436053535343,0.657571917513611,11.190246707941922,0.018737061574593705,0.03075360809871075,0.019593132462050675,0.04834497775040003,0.029246391901289304,0.010406867537949338,1.12,1.12,1.12,1.12
1.1458378355948313,0.6574003882749694,11.192983998557624,0.01868677266846791,0.03076500381261843,0.01955512978716463,0.048395266656525826,0.029234996187381623,0.010444870212835383,1.12,1.12,1.12,1.12
1.14513126743579,0.6572298326822413,11.195731203686218,0.018636741060513107,0.030776400217641664,0.019517160488194962,0.04844529826448063,0.02922359978235839,0.01048283951180505,1.12,1.12,1.12,1.12
1.1444238980094443,0.6570602468778184,11.198488319646877,0.018586966298662466,0.03078779484336497,0.019479226352137738,0.04849507302633127,0.029212205156635085,0.010520773647862275,1.12,1.12,1.12,1.12
1.1437157245478444,0.6568916269969431,11.201255342214235,0.01853744792186146,0.030799185266963514,0.01944132915732645,0.048544591403132276,0.02920081473303654,0.010558670842673562,1.12,1.12,1.12,1.12
1.1430067443818555,0.6567239691678701,11.204032266619993,0.01848818545988995,0.03081056911277008,0.01940347067310845,0.04859385386510379,0.029189430887229972,0.010596529326891563,1.12,1.12,1.12,1.12
1.1422969549409445,0.6565572695120357,11.206819087554633,0.018439178433195424,0.03082194405184524,0.01936565265952421,0.04864286089179831,0.029178055948154813,0.010634347340475803,1.12,1.12,1.12,1.12
1.1415863537529496,0.656391524144231,11.2096157991692,0.01839042635273752,0.03083330780154936,0.019327876866990057,0.048691612972256215,0.029166692198450694,0.010672123133009956,1.12,1.12,1.12,1.12
1.1408749384438412,0.6562267291727771,11.212422395077208,0.018341928719843137,0.030844658125118052,0.019290145035984016,0.0487401106051506,0.029155341874882,0.010709854964015997,1.12,1.12,1.12,1.12
1.140162706737464,0.6560628806997095,11.215238868356632,0.01829368502607187,0.03085599283123991,0.01925245889673538,0.048788354298921865,0.029144007168760144,0.010747541103264632,1.12,1.12,1.12,1.12
1.13944965645527,0.6558999748209623,11.21806521155197,0.01824569475309401,0.030867309773637774,0.019214820168918068,0.048836344571899726,0.02913269022636228,0.010785179831081945,1.12,1.12,1.12,1.12
1.1387357855160345,0.6557380076265592,11.220901416676437,0.018197957372575624,0.03087860685065069,0.019177230561347805,0.04888408195241811,0.02912139314934936,0.010822769438652208,1.12,1.12,1.12,1.12
1.1380210919355604,0.6555769752008076,11.223747475214216,0.018150472346076474,0.030889882004819957,0.019139691771683523,0.04893156697891726,0.029110117995180096,0.01086030822831649,1.12,1.12,1.12,1.12
1.1373055738263684,0.6554168736224961,11.226603378122835,0.018103239124955317,0.030901133222475285,0.01910220548613277,0.04897880020003842,0.029098866777524768,0.010897794513867243,1.12,1.12,1.12,1.12
1.1365892293973705,0.6552576989650959,11.229469115835592,0.01805625715028658,0.030912358533325468,0.019064773379161737,0.049025782174707155,0.029087641466674585,0.010935226620838276,1.12,1.12,1.12,1.12
1.135872056953535,0.6550994472969663,11.232344678264115,0.01800952585278509,0.03092355601004898,0.019027397113209568,0.049072513472208645,0.029076443989951073,0.010972602886790445,1.12,1.12,1.12,1.12
1.1351540548955343,0.6549421146815636,11.235230054800988,0.017963044652740512,0.03093472376788753,0.018990078338407504,0.049118994672253224,0.029065276232112525,0.011009921661592509,1.12,1.12,1.12,1.12
1.1344352217193783,0.6547856971776516,11.238125234322458,0.017916812959959727,0.03094585996424054,0.01895281869230253,0.04916522636503401,0.029054140035759513,0.011047181307697482,1.12,1.12,1.12,1.12
1.1337155560160364,0.6546301908395172,11.241030205191258,0.017870830173719543,0.03095696279826282,0.018915619799586253,0.04921120915127419,0.029043037201737232,0.01108438020041376,1.12,1.12,1.12,1.12
1.1329950564710456,0.654475591717188,11.243944955259485,0.017825095682725778,0.030968030510462097,0.018878483271828367,0.04925694364226796,0.029031969489537957,0.011121516728171646,1.12,1.12,1.12,1.12
1.1322737218641026,0.6543218958566523,11.246869471871587,0.01777960886508162,0.030979061382298945,0.018841410707215456,0.04930243045991212,0.02902093861770111,0.011158589292784557,1.12,1.12,1.12,1.12
1.131551551068646,0.654169099300084,11.249803741867433,0.017734369088263868,0.030990053735788947,0.018804403690294888,0.04934767023672987,0.029009946264211106,0.011195596309705125,1.12,1.12,1.12,1.12
1.1308285430514218,0.6540171980860658,11.252747751585447,0.017689375709106947,0.03100100593310473,0.018767463791724004,0.04939266361588679,0.028998994066895323,0.011232536208276009,1.12,1.12,1.12,1.12
1.1301046968720379,0.6538661882498196,11.25570148686585,0.017644628073807456,0.031011916376180337,0.01873059256802463,0.04943741125118628,0.028988083623819716,0.011269407431975381,1.12,1.12,1.12,1.12
1.1293800116825032,0.6537160658234357,11.258664933053966,0.01760012551790502,0.031022783506316487,0.01869379156134321,0.04948191380708872,0.028977216493683566,0.011306208438656803,1.12,1.12,1.12,1.12
1.128654486726757,0.6535668268361059,11.26163807500363,0.017555867366282674,0.031033605803787168,0.018657062299216265,0.04952617195871106,0.028966394196212886,0.011342937700783748,1.12,1.12,1.12,1.12
1.1279281213401793,0.6534184673143582,11.26462089708064,0.01751185293318991,0.031044381787447728,0.01862040629434117,0.04957018639180383,0.028955618212552325,0.011379593705658844,1.12,1.12,1.12,1.12
1.127200914949097,0.6532709832822935,11.267613383166324,0.01746808152225976,0.031055110014343856,0.018583825044352825,0.04961395780273398,0.028944889985656197,0.011416174955647188,1.12,1.12,1.12,1.12
1.1264728670702684,0.6531243707618231,11.270615516661163,0.01742455242653923,0.03106578907932156,0.0185473200316061,0.049657486898454506,0.028934210920678494,0.011452679968393914,1.12,1.12,1.12,1.12
1.125743977310361,0.6529786257729102,11.27362728048849,0.01738126492852049,0.031076417614638308,0.018510892722963704,0.049700774396473246,0.028923582385361746,0.011489107277036309,1.12,1.12,1.12,1.12
1.125014245365415,0.6528337443338107,11.276648657098288,0.01733821830017862,0.03108699428957523,0.018474544569590412,0.049743821024815116,0.02891300571042482,0.0115254554304096,1.12,1.12,1.12,1.12
1.1242836710202917,0.6526897224613157,11.279679628471007,0.017295411803016303,0.031097517810049935,0.018438277006752574,0.04978662752197743,0.02890248218995012,0.011561722993247439,1.12,1.12,1.12,1.12
1.1235522541481158,0.6525465561709963,11.28272017612152,0.017252844688114444,0.03110798691823069,0.018402091453623398,0.04982919463687929,0.028892013081769363,0.011597908546376615,1.12,1.12,1.12,1.12
1.1228199947096997,0.6524042414774492,11.285770281103106,0.017210516196188463,0.03111840039215147,0.01836598931309473,0.04987152312880527,0.028881599607848585,0.011634010686905283,1.12,1.12,1.12,1.12
1.1220868927529584,0.6522627743945425,11.288829924011498,0.017168425557649525,0.031128757045327637,0.01832997197159421,0.04991361376734421,0.028871242954672416,0.011670028028405804,1.12,1.12,1.12,1.12
1.1213529484123146,0.6521221509356645,11.291899084989039,0.017126571992671924,0.031139055726372877,0.018294040798908798,0.04995546733232181,0.028860944273627176,0.011705959201091215,1.12,1.12,1.12,1.12
1.1206181619080877,0.6519823671139708,11.29497774372886,0.017084954711264422,0.031149295318616654,0.01825819714801384,0.049997084613729315,0.0288507046813834,0.011741802851986172,1.12,1.12,1.12,1.12
1.1198825335458744,0.651843418942633,11.29806587947914,0.017043572913347405,0.031159474739722248,0.018222442354908483,0.05003846641164633,0.028840525260277805,0.01177755764509153,1.12,1.12,1.12,1.12
1.1191460637159203,0.651705302435091,11.301163471047444,0.017002425788835096,0.0311695929413065,0.01818677773845681,0.05007961353615864,0.028830407058693552,0.011813222261543202,1.12,1.12,1.12,1.12
1.1184087528924753,0.6515680136053,11.304270496805092,0.016961512517721045,0.03117964890855962,0.018151204600235227,0.05012052680727269,0.028820351091440433,0.011848795399764786,1.12,1.12,1.12,1.12
1.1176706016331412,0.6514315484679831,11.307386934691621,0.01692083227016955,0.031189641659865652,0.018115724224385427,0.050161207054824186,0.0288103583401344,0.011884275775614586,1.12,1.12,1.12,1.12
1.1169316105782094,0.6512959030388816,11.310512762219274,0.016880384206610755,0.031199570246424613,0.018080337877473998,0.05020165511838298,0.02880042975357544,0.011919662122526015,1.12,1.12,1.12,1.12
1.1161917804499877,0.6511610733350072,11.313647956477572,0.016840167477839896,0.031209433751874738,0.01804504680835714,0.05024187184715384,0.028790566248125316,0.011954953191642873,1.12,1.12,1.12,1.12
1.1154511120521144,0.6510270553748918,11.316792494137934,0.01680018122512006,0.031219231291915228,0.01800985224805232,0.05028185809987368,0.028780768708084825,0.011990147751947691,1.12,1.12,1.12,1.12
1.1147096062688662,0.6508938451788393,11.319946351458325,0.016760424580290034,0.031228962013930328,0.017974755409615253,0.0503216147447037,0.028771037986069725,0.01202524459038476,1.12,1.12,1.12,1.12
1.1139672640644542,0.6507614387691781,11.323109504288015,0.016720896665875062,0.031238625096614403,0.017939757488022914,0.050361142659118674,0.02876137490338565,0.012060242511977098,1.12,1.12,1.12,1.12
1.1132240864823122,0.6506298321705115,11.326281928072325,0.01668159659520091,0.031248219749597073,0.017904859660062777,0.05040044272979283,0.02875178025040298,0.012095140339937235,1.12,1.12,1.12,1.12
1.112480074644372,0.6504990214099675,11.329463597857467,0.016642523472512105,0.031257745213069454,0.017870063084227797,0.05043951585248163,0.0287422547869306,0.012129936915772216,1.12,1.12,1.12,1.12
1.1117352297503336,0.6503690025174503,11.332654488295397,0.016603676393092848,0.031267200757411406,0.01783536890061703,0.05047836293190089,0.028732799242588647,0.012164631099382983,1.12,1.12,1.12,1.12
1.1109895530769254,0.6502397715258912,11.335854573648763,0.01656505444339157,0.03127658568281899,0.01780077823084275,0.05051698488160217,0.028723414317181062,0.012199221769157262,1.12,1.12,1.12,1.12
1.1102430459771544,0.6501113244714969,11.339063827795835,0.016526656701147613,0.0312858993189335,0.01776629217794269,0.05055538262384612,0.028714100681066557,0.012233707822057321,1.12,1.12,1.12,1.12
1.1094957098795493,0.6499836573939984,11.342282224235532,0.016488482235522184,0.031295141024470896,0.01773191182626349,0.05059355708947155,0.028704858975529157,0.012268088173736522,1.12,1.12,1.12,1.12
1.108747546287394,0.6498567663369009,11.345509736092461,0.01645053010723113,0.03130431018685176,0.017697638241423147,0.050631509217762605,0.028695689813148295,0.012302361758576866,1.12,1.12,1.12,1.12
1.107998556777954,0.6497306473477299,11.348746336122026,0.016412799368680342,0.031313406221832096,0.017663472470261857,0.050669239956313394,0.028686593778167957,0.012336527529738156,1.12,1.12,1.12,1.12
1.1072487430016975,0.6496052964782788,11.351991996715517,0.016375289064103737,0.03132242857313616,0.01762941554075273,0.05070675026089,0.02867757142686389,0.012370584459247283,1.12,1.12,1.12,1.12
1.1064981066815058,0.6494807097848535,11.35524668990529,0.016337998229704165,0.03133137671208891,0.017595468461943167,0.05074404109528957,0.028668623287911144,0.012404531538056845,1.12,1.12,1.12,1.12
1.1057466496118786,0.6493568833285176,11.35851038736996,0.016300925893795892,0.03134025013724967,0.017561632223901974,0.050781113431197844,0.028659749862750383,0.012438367776098039,1.12,1.12,1.12,1.12
1.1049943736581322,0.6492338131753371,11.361783060439627,0.016264071076949715,0.03134904837404745,0.0175279077976757,0.05081796824804402,0.028650951625952603,0.012472092202324314,1.12,1.12,1.12,1.12
1.1042412807555888,0.6491114953966218,11.36506468010113,0.016227432792139784,0.03135777097441622,0.017494296135237383,0.05085460653285395,0.028642229025583832,0.01250570386476263,1.12,1.12,1.12,1.12
1.103487372908762,0.6489899260691655,11.368355217003357,0.01619101004489215,0.03136641751643093,0.01746079816945463,0.050891029280101585,0.02863358248356912,0.012539201830545382,1.12,1.12,1.12,1.12
1.102732652190534,0.6488691012754888,11.371654641462538,0.01615480183343615,0.031374987603945914,0.01742741481405813,0.050927237491557587,0.02862501239605414,0.012572585185941884,1.12,1.12,1.12,1.12
1.1019771207413296,0.6487490171040758,11.374962923467614,0.01611880714885644,0.031383480866233215,0.01739414696361577,0.050963232176137296,0.028616519133766838,0.012605853036384243,1.12,1.12,1.12,1.12
1.1012207807682803,0.6486296696496119,11.3782800326856,0.01608302497524683,0.03139189695762179,0.017360995493511944,0.05099901434974691,0.028608103042378263,0.012639004506488069,1.12,1.12,1.12,1.12
1.1004636345443863,0.6485110550132188,11.38160593846698,0.016047454289866148,0.03140023555713811,0.017327961259932037,0.05103458503512759,0.02859976444286194,0.012672038740067976,1.12,1.12,1.12,1.12
1.099705684407679,0.6483931693026901,11.384940609851103,0.016012094063295346,0.031408496368150074,0.017295045099851317,0.05106994526169839,0.02859150363184998,0.012704954900148696,1.12,1.12,1.12,1.12
1.098946932760373,0.6482760086327244,11.388284015571594,0.015976943259598086,0.031416679118011714,0.017262247831028754,0.05110509606539565,0.02858332088198834,0.012737752168971259,1.12,1.12,1.12,1.12
1.098187382067989,0.6481595691251525,11.391636124061934,0.01594200083647318,0.031424783557696234,0.01722957025201184,0.051140038488520556,0.02857521644230382,0.012770429747988171,1.12,1.12,1.12,1.12
1.0974270348585105,0.6480438469091689,11.394996903460868,0.015907265745420673,0.03143280946144866,0.017197013142137965,0.05117477357957306,0.02856719053855139,0.012802986857862048,1.12,1.12,1.12,1.12
1.0966658937215201,0.647928838121559,11.398366321617887,0.015872736931900888,0.031440756626430755,0.017164577261544703,0.05120930239309285,0.0285592433735693,0.01283542273845531,1.12,1.12,1.12,1.12
1.0959039613073338,0.6478145389069239,11.401744346098738,0.015838413335498458,0.031448624872369435,0.017132263351184285,0.05124362598949528,0.028551375127630618,0.012867736648815728,1.12,1.12,1.12,1.12
1.0951412403261294,0.6477009454179057,11.405130944190931,0.015804293890084697,0.03145641404120497,0.017100072132843216,0.05127774543490904,0.02854358595879508,0.012899927867156796,1.12,1.12,1.12,1.12
1.094377733547075,0.647588053815407,11.408526082909294,0.01577037752398197,0.03146412399674142,0.017068004309166246,0.051311661801011765,0.02853587600325863,0.012931995690833767,1.12,1.12,1.12,1.12
1.093613443797448,0.647475860268812,11.41192972900148,0.01573666316012795,0.03147175462429713,0.017036060563685257,0.051345376164865786,0.02852824537570292,0.012963939436314756,1.12,1.12,1.12,1.12
1.0928483739617583,0.6473643609562036,11.415341848953535,0.015703149716241704,0.03147930583035802,0.017004241560852437,0.05137888960875203,0.028520694169642036,0.012995758439147576,1.12,1.12,1.12,1.12
1.0920825269808607,0.6472535520645781,11.418762408995454,0.0156698361049884,0.031486777542231004,0.016972547946078345,0.05141220322000534,0.02851322245776905,0.013027452053921668,1.12,1.12,1.12,1.12
1.0913159058510744,0.6471434297900601,11.422191375106728,0.0156367212341455,0.03149416970769975,0.016940980345773876,0.051445318090848235,0.028505830292300305,0.013059019654226137,1.12,1.12,1.12,1.12
1.0905485136232904,0.6470339903381123,11.425628713021922,0.01560380400676964,0.03150148229468114,0.016909539367396947,0.0514782353182241,0.028498517705318915,0.013090460632603065,1.12,1.12,1.12,1.12
1.0897803534020845,0.6469252299237441,11.429074388236236,0.015571083321360257,0.03150871529088334,0.016878225599503305,0.05151095600363348,0.028491284709116715,0.013121774400496708,1.12,1.12,1.12,1.12
1.0890114283448227,0.64681714477172,11.432528366011077,0.015538558072032471,0.03151586870346579,0.01684703961180127,0.051543481252961265,0.028484131296534265,0.013152960388198742,1.12,1.12,1.12,1.12
1.0882417416607686,0.6467097311167616,11.43599061137961,0.015506227148681495,0.03152294255869992,0.016815981955210932,0.05157581217631224,0.028477057441300135,0.013184018044789081,1.12,1.12,1.12,1.12
1.0874712966101894,0.6466029852037508,11.439461089152358,0.015474089437149341,0.03152993690163225,0.016785053161926883,0.051607949887844395,0.028470063098367804,0.01321494683807313,1.12,1.12,1.12,1.12
1.0867000965034574,0.6464969032879293,11.442939763922734,0.015442143819392073,0.03153685179574878,0.016754253745484837,0.05163989550560166,0.028463148204251276,0.013245746254515176,1.12,1.12,1.12,1.12
1.0859281447001545,0.6463914816350945,11.446426600072616,0.015410389173646122,0.031543687322640235,0.016723584200831865,0.051671650151347615,0.02845631267735982,0.013276415799168148,1.12,1.12,1.12,1.12
1.0851554446081733,0.6462867165217965,11.449921561777904,0.01537882437459559,0.03155044358167025,0.01669304500439972,0.051703214950398146,0.028449556418329802,0.013306954995600292,1.12,1.12,1.12,1.12
1.0843819996828181,0.6461826042355266,11.453424613014057,0.015347448293538402,0.03155712068964367,0.016662636614181256,0.051734591031455335,0.028442879310356384,0.013337363385818757,1.12,1.12,1.12,1.12
1.0836078134259073,0.646079141074911,11.456935717561638,0.015316259798553389,0.031563718780478534,0.016632359469808664,0.05176577952644035,0.02843628121952152,0.01336764053019135,1.12,1.12,1.12,1.12
1.0828328893848724,0.6459763233498944,11.46045483901186,0.015285257754665271,0.03157023800487746,0.016602213992632675,0.051796781570328465,0.028429761995122593,0.013397786007367338,1.12,1.12,1.12,1.12
1.08205723115186,0.645874147381926,11.463981940772078,0.0152544410240108,0.031576678530002344,0.01657220058580075,0.051827598300982936,0.02842332146999771,0.013427799414199262,1.12,1.12,1.12,1.12
1.0812808423628322,0.6457726095041422,11.467516986071336,0.015223808466003463,0.03158304053915051,0.016542319634326105,0.05185823085899027,0.028416959460849545,0.013457680365673907,1.12,1.12,1.12,1.12
1.0805037266966644,0.6456717060615447,11.471059937965856,0.015193358937498458,0.03158932423143135,0.016512571505111914,0.05188868038749528,0.028410675768568705,0.013487428494888098,1.12,1.12,1.12,1.12
1.0797258878742457,0.6455714334111786,11.474610759344566,0.015163091292956898,0.031595529821445756,0.016482956546948493,0.05191894803203684,0.028404470178554297,0.01351704345305152,1.12,1.12,1.12,1.12
1.078947329657569,0.6454717879223086,11.478169412934612,0.015133004384608684,0.031601657538964656,0.01645347509196024,0.05194903494038505,0.028398342461035397,0.013546524908039773,1.12,1.12,1.12,1.12
1.078168055848894,0.6453727659765793,11.481735861306484,0.015103097062615811,0.0316077076286253,0.01642412745347413,0.051978942262377925,0.02839229237137475,0.013575872546525883,1.12,1.12,1.12,1.12
1.0773880702898013,0.6452743639681933,11.485310066879746,0.015073368175233137,0.0316136803496051,0.016394913923269236,0.0520086711497606,0.028386319650394953,0.013605086076730777,1.12,1.12,1.12,1.12
1.0766073768601232,0.6451765783041066,11.488891991929556,0.015043816568970414,0.03161957597486892,0.01636594148970623,0.05203822275602332,0.028380424025131135,0.013634058510293784,1.12,1.12,1.12,1.12
1.0758259845219658,0.6450794045202688,11.492481566989882,0.015014441074948592,0.03162539586762453,0.016337545569399398,0.052067598250045144,0.028374604132375525,0.013662454430600615,1.12,1.12,1.12,1.12
1.0750439181249154,0.6449828353895228,11.496078623142482,0.014985240467908001,0.03163114478309342,0.01630971473158585,0.052096798857085735,0.02836885521690663,0.013690285268414162,1.12,1.12,1.12,1.12
1.0742612020104676,0.6448868637983942,11.499682994703774,0.014956213475199487,0.03163682733784168,0.01628243765898639,0.05212582584979425,0.028363172662158376,0.013717562341013623,1.12,1.12,1.12,1.12
1.073477860016674,0.6447914827467924,11.503294519200416,0.014927358779593336,0.031642448012220825,0.01625570337518449,0.0521546805454004,0.028357551987779228,0.013744296624815522,1.12,1.12,1.12,1.12
1.07269391549369,0.6446966853457554,11.506913037276286,0.014898675021986107,0.03164801115509985,0.01622950107848939,0.05218336430300763,0.0283519888449002,0.013770498921510624,1.12,1.12,1.12,1.12
1.0719093913114202,0.6446024648165463,11.510538392648755,0.01487016080402187,0.031653520986847594,0.016203820178380124,0.052211878520971866,0.02834647901315246,0.013796179821619889,1.12,1.12,1.12,1.12
1.0711243098688998,0.6445088144894058,11.514170432053865,0.014841814690628896,0.03165898160264108,0.016178650295828698,0.05224022463436484,0.028341018397358975,0.013821349704171315,1.12,1.12,1.12,1.12
1.0703386931037269,0.6444157278022644,11.517809005190962,0.014813635212474863,0.03166439697574319,0.016153981258813427,0.052268404112518874,0.02833560302425686,0.013846018741186586,1.12,1.12,1.12,1.12
1.0695525625013027,0.644323198299452,11.521453964668291,0.014785620868339844,0.0316697709606889,0.016129803001761547,0.05229641845665389,0.02833022903931115,0.013870196998238465,1.12,1.12,1.12,1.12
1.0687659390992792,0.6442312196312152,11.525105165978491,0.014757770127424907,0.031675107295393856,0.016106105843629065,0.05232426919756883,0.028324892704606197,0.013893894156370948,1.12,1.12,1.12,1.12
1.0679788435053261,0.6441397855508679,11.528762467390296,0.01473008143155452,0.031680409606097804,0.016082880209340844,0.052351957893439216,0.02831959039390225,0.013917119790659169,1.12,1.12,1.12,1.12
1.0671912959016019,0.6440488899142477,11.53242572992348,0.01470255319731989,0.031685681409394484,0.016060116714370465,0.05237948612767385,0.02831431859060557,0.013939883285629548,1.12,1.12,1.12,1.12
1.0664033160532769,0.6439585266784249,11.536094817298151,0.014675183818147808,0.03169092611509966,0.01603780616094895,0.05240685550684593,0.028309073884900393,0.013962193839051062,1.12,1.12,1.12,1.12
1.0656149233168992,0.6438686899004223,11.5397695958849,0.01464797166629822,0.03169614702904705,0.016015939534348572,0.052434067658695516,0.028303852970953003,0.01398406046565144,1.12,1.12,1.12,1.12
1.0648261366485963,0.6437793737359258,11.543449934655772,0.014620915094791687,0.03170134735580965,0.01599450799924111,0.05246112423020205,0.028298652644190403,0.014005492000758901,1.12,1.12,1.12,1.12
1.0640369746121145,0.6436905724380062,11.547135705136085,0.014594012439269333,0.031706530201353944,0.015973502896128172,0.052488026885724404,0.02829346979864611,0.01402649710387184,1.12,1.12,1.12,1.12
1.063247455386707,0.6436022803558406,11.55082678135706,0.014567262019786809,0.03171169857562439,0.01595291573784266,0.05251477730520693,0.02828830142437566,0.014047084262157353,1.12,1.12,1.12,1.12
1.062457596774865,0.6435144919334367,11.554523039809252,0.014540662142543404,0.031716855395061416,0.0159327382061199,0.05254137718245033,0.028283144604938637,0.014067261793880112,1.12,1.12,1.12,1.12
1.0616674162099007,0.6434272017083629,11.558224359396785,0.014514211101548657,0.03172200348505444,0.015912962148236842,0.05256782822344508,0.028277996514945614,0.01408703785176317,1.12,1.12,1.12,1.12
1.060876930763376,0.6433404043104812,11.561930621392365,0.01448790718022841,0.03172714558233275,0.01589357957371819,0.052594132144765326,0.028272854417667304,0.014106420426281824,1.12,1.12,1.12,1.12
1.0600861571523956,0.6432540944606867,11.565641709393066,0.014461748652969841,0.031732284337292915,0.015874582651108138,0.052620290672023895,0.028267715662707138,0.014125417348891875,1.12,1.12,1.12,1.12
1.059295111746745,0.6431682669696521,11.569357509276895,0.014435733786610006,0.03173742231626714,0.01585596370480609,0.05264630553838373,0.028262577683732915,0.014144036295193924,1.12,1.12,1.12,1.12
1.0585038105758984,0.6430829167365766,11.573077909160068,0.014409860841867184,0.031742562003732766,0.015837715211965503,0.05267217848312655,0.028257437996267287,0.01416228478803451,1.12,1.12,1.12,1.12
1.057712269335881,0.6429980387479429,11.576802799355077,0.014384128074768798,0.031747705804464676,0.015819829799454413,0.05269791125022494,0.028252294195535377,0.0141801702005456,1.12,1.12,1.12,1.12
1.0569205033960012,0.6429136280762813,11.580532072329461,0.014358533737877432,0.03175285604563133,0.015802300240876366,0.052723505587116304,0.028247143954368725,0.014197699759123647,1.12,1.12,1.12,1.12
1.0561285278054435,0.6428296798789355,11.584265622665272,0.014333076081568752,0.031758014978836735,0.015785119453650534,0.052748963243424984,0.02824198502116332,0.014214880546349479,1.12,1.12,1.12,1.12
1.0553363572997385,0.6427461893968458,11.588003347019313,0.014307753355284836,0.03176318478211082,0.015768280496150186,0.0527742859697089,0.028236815217889233,0.014231719503849827,1.12,1.12,1.12,1.12
1.054544006307097,0.6426631519533296,11.591745144084012,0.014282563808703908,0.03176836756184642,0.01575177656489761,0.05279947551628983,0.02823163243815363,0.014248223435102403,1.12,1.12,1.12,1.12
1.053751488954625,0.642580562952876,11.595490914549007,0.014257505692863659,0.031773565354686895,0.015735600991814522,0.05282453363213008,0.02822643464531316,0.014264399008185491,1.12,1.12,1.12,1.12
1.0529588190744068,0.6424984178799478,11.599240561063432,0.014232577261233226,0.03177878012936375,0.0157197472415294,0.05284946206376051,0.028221219870636305,0.014280252758470613,1.12,1.12,1.12,1.12
1.0521660102094754,0.6424167122977874,11.60299398819882,0.014207776770750136,0.031784013788487664,0.015704208908735903,0.0528742625542436,0.02821598621151239,0.01429579109126411,1.12,1.12,1.12,1.12
1.0513730756196566,0.6423354418472388,11.606751102412709,0.014183102482806353,0.03178926817029176,0.015688979715604776,0.05289893684218738,0.02821073182970829,0.014311020284395237,1.12,1.12,1.12,1.12
1.0505800282872995,0.642254602245572,11.610511812012868,0.014158552664190027,0.03179454505032986,0.015674053509247096,0.05292348666080371,0.028205454949670195,0.014325946490752917,1.12,1.12,1.12,1.12
1.0497868809228912,0.6421741892853197,11.614276027122164,0.014134125587989377,0.03179984614313047,0.015659424259227964,0.05294791373700436,0.02820015385686958,0.014340575740772049,1.12,1.12,1.12,1.12
1.0489936459705604,0.642094198833123,11.618043659644075,0.014109819534453838,0.03180517310380765,0.015645086055129973,0.0529722197905399,0.028194826896192404,0.01435491394487004,1.12,1.12,1.12,1.12
1.0482003356134677,0.6420146268285857,11.621814623228778,0.014085632791817737,0.03181052752963026,0.015631033104164777,0.052996406533176,0.028189472470369792,0.014368966895835236,1.12,1.12,1.12,1.12
1.0474069617790895,0.6419354692831402,11.625588833239888,0.014061563657085219,0.0318159109615494,0.015617259728832211,0.05302047566790852,0.028184089038450655,0.014382740271167802,1.12,1.12,1.12,1.12
1.0466135361443945,0.6418567222789204,11.629366206721784,0.014037610436778147,0.031821324885686064,0.015603760364626434,0.05304442888821559,0.02817867511431399,0.014396239635373578,1.12,1.12,1.12,1.12
1.0458200701409157,0.6417783819676469,11.633146662367487,0.01401377144764826,0.03182677073478046,0.01559052955778703,0.053068267877345476,0.02817322926521959,0.014409470442212982,1.12,1.12,1.12,1.12
1.0450265749597218,0.6417004445695229,11.636930120487177,0.01399004501735529,0.03183224988960348,0.01557756196309533,0.053091994307638446,0.028167750110396572,0.014422438036904683,1.12,1.12,1.12,1.12
1.0442330615562838,0.641622906372136,11.640716502977224,0.013966429485109788,0.0318377636803297,0.015564852341714563,0.05311560983988395,0.028162236319670353,0.01443514765828545,1.12,1.12,1.12,1.12
1.043439540655249,0.6415457637293763,11.644505733289817,0.013942923202284963,0.03184331338787644,0.015552395559072618,0.053139116122708774,0.028156686612123616,0.014447604440927395,1.12,1.12,1.12,1.12
1.0426460227551122,0.6414690130603614,11.648297736403117,0.013919524532995775,0.03184890024520709,0.015540186582787316,0.05316251479199796,0.028151099754792963,0.014459813417212697,1.12,1.12,1.12,1.12
1.041852518132797,0.6413926508483719,11.652092438791984,0.013896231854647223,0.031854525438598846,0.015528220480632848,0.05318580747034651,0.028145474561401207,0.014471779519367164,1.12,1.12,1.12,1.12
1.041059036848141,0.6413166736398003,11.65588976839919,0.01387304355845348,0.03186019010887964,0.0155164924185473,0.05320899576654026,0.028139809891120415,0.014483507581452712,1.12,1.12,1.12,1.12
1.0402655887482914,0.6412410780431064,11.659689654607204,0.013849958049927613,0.031865895352630846,0.01550499765868675,0.05323208127506612,0.028134104647369207,0.014495002341313262,1.12,1.12,1.12,1.12
1.0394721834720113,0.6411658607277881,11.663492028210475,0.013826973749342775,0.031871642223358754,0.015493731557493645,0.05325506557565096,0.0281283577766413,0.014506268442506368,1.12,1.12,1.12,1.12
1.0386788304538959,0.6410910184233594,11.667296821388195,0.013804089092167626,0.0318774317326358,0.015482689563829102,0.05327795023282611,0.028122568267364256,0.01451731043617091,1.12,1.12,1.12,1.12
1.0378855389285067,0.6410165479183422,11.671103967677617,0.013781302529474404,0.03188326485121146,0.01547186721713352,0.05330073679551933,0.028116735148788596,0.014528132782866493,1.12,1.12,1.12,1.12
1.0370923179344171,0.6409424460592666,11.674913401947808,0.013758612528321668,0.031889142510094004,0.015461260145624128,0.05332342679667207,0.02811085748990605,0.014538739854375884,1.12,1.12,1.12,1.12
1.036299176318179,0.6408687097496844,11.67872506037392,0.01373601757211268,0.03189506560160377,0.015450864064528252,0.053346021752881057,0.028104934398396286,0.01454913593547176,1.12,1.12,1.12,1.12
1.0355061227382059,0.6407953359491918,11.68253888041191,0.01371351616090849,0.03190103498039876,0.015440674774351695,0.053368523164085246,0.028098965019601296,0.014559325225648317,1.12,1.12,1.12,1.12
1.0347131656685784,0.6407223216724653,11.686354800773765,0.013691106811759723,0.0319070514644737,0.01543068815918179,0.05339093251323401,0.028092948535526352,0.014569311840818222,1.12,1.12,1.12,1.12
1.0339203134027712,0.6406496639883061,11.69017276140313,0.01366878805902022,0.03191311583613271,0.015420900185023748,0.053413251265973516,0.028086884163867343,0.014579099814976265,1.12,1.12,1.12,1.12
1.033127574057303,0.6405773600186981,11.693992703451418,0.013646558454590785,0.03191922884293541,0.015411306898170829,0.05343548087040295,0.028080771157064643,0.014588693101829184,1.12,1.12,1.12,1.12
1.0323349555753119,0.6405054069378754,11.697814569254378,0.013624416568165876,0.031925391198619535,0.015401904423606103,0.05345762275682786,0.02807460880138052,0.01459809557639391,1.12,1.12,1.12,1.12
1.031542465730059,0.6404338019714004,11.701638302309059,0.013602360987459927,0.031931603583998325,0.015392688963436846,0.05347967833753381,0.02806839641600173,0.014607311036563167,1.12,1.12,1.12,1.12
1.030750112128358,0.6403625423952559,11.70546384725123,0.013580390318413238,0.03193786664783488,0.01538365679535944,0.0535016490065805,0.028062133352165175,0.014616343204640572,1.12,1.12,1.12,1.12
1.0299579022139367,0.6402916255349456,11.709291149833211,0.013558503185382487,0.03194418100769336,0.015374804271155132,0.05352353613961125,0.02805581899230669,0.01462519572884488,1.12,1.12,1.12,1.12
1.0291658432707274,0.640221048764606,11.713120156902116,0.013536698231309263,0.03195054725076757,0.01536612781521561,0.05354534109368447,0.028049452749232484,0.014633872184784402,1.12,1.12,1.12,1.12
1.0283739424260894,0.6401508095061299,11.716950816378496,0.013514974117872502,0.03195696593468844,0.015357623923098182,0.053567065207121234,0.02804303406531161,0.01464237607690183,1.12,1.12,1.12,1.12
1.02758220665397,0.6400809052283029,11.720783077235403,0.01349332952562382,0.03196343758830905,0.015349289160109261,0.053588709799369916,0.028036562411691,0.014650710839890752,1.12,1.12,1.12,1.12
1.0267906427779934,0.6400113334459466,11.724616889477803,0.013471763154107086,0.031969962712470934,0.015341120159916385,0.05361027617088665,0.02803003728752912,0.014658879840083627,1.12,1.12,1.12,1.12
1.025999257474492,0.6399420917190763,11.728452204122432,0.013450273721960893,0.03197654178074821,0.015333113623187705,0.053631765603032844,0.02802345821925184,0.014666886376812308,1.12,1.12,1.12,1.12
1.0252080572754732,0.6398731776520692,11.732288973177974,0.01342885996700749,0.031983175240173634,0.015325266316258551,0.05365317935798625,0.02801682475982642,0.014674733683741462,1.12,1.12,1.12,1.12
1.0244170485715232,0.6398045888928414,11.73612714962564,0.013407520646325388,0.031989863511944494,0.01531757506982473,0.05367451867866835,0.02801013648805556,0.014682424930175283,1.12,1.12,1.12,1.12
1.023626237614654,0.6397363231320385,11.739966687400116,0.013386254536308317,0.03199660699211215,0.015310036777661393,0.05369578478868542,0.0280033930078879,0.01468996322233862,1.12,1.12,1.12,1.12
1.022835630521092,0.6396683781022354,11.743807541370842,0.01336506043271013,0.03200340605225083,0.01530264839536799,0.05371697889228361,0.027996593947749226,0.014697351604632022,1.12,1.12,1.12,1.12
1.022045233274006,0.6396007515771474,11.747649667323673,0.013343937150679719,0.03201026104011018,0.015295406939137599,0.05373810217431402,0.027989738959889876,0.014704593060862414,1.12,1.12,1.12,1.12
1.0212550517261825,0.639533441370851,11.751493021942869,0.013322883524779894,0.03201717228024992,0.015288309484551163,0.05375915580021384,0.027982827719750136,0.01471169051544885,1.12,1.12,1.12,1.12
1.0204650916026428,0.6394664453370187,11.755337562793429,0.013301898408996482,0.03202414007465881,0.015281353165395556,0.053780140915997254,0.02797585992534124,0.014718646834604457,1.12,1.12,1.12,1.12
1.0196753585032103,0.6393997613681593,11.759183248303753,0.013280980676734,0.03203116470335726,0.015274535172505196,0.053801058648259736,0.02796883529664279,0.014725464827494816,1.12,1.12,1.12,1.12
1.018885857905019,0.6393333873948731,11.763030037748639,0.01326012922080072,0.03203824642498343,0.015267852752626737,0.053821910104193016,0.027961753575016624,0.014732147247373276,1.12,1.12,1.12,1.12
1.0180965951649783,0.6392673213851154,11.766877891232605,0.013239342953383193,0.03204538547736491,0.015261303207306232,0.05384269637161054,0.027954614522635146,0.014738696792693781,1.12,1.12,1.12,1.12
1.0173075755221772,0.6392015613434716,11.770726769673509,0.013218620806010495,0.03205258207807504,0.015254883891798701,0.05386341851898324,0.02794741792192501,0.014745116108201312,1.12,1.12,1.12,1.12
1.0165188041002495,0.6391361053104412,11.774576634786499,0.013197961729508101,0.032059836424975285,0.015248592213999046,0.053884077595485635,0.027940163575024768,0.014751407786000967,1.12,1.12,1.12,1.12
1.015730285909681,0.6390709513617335,11.77842744906825,0.013177364693942428,0.032067148696741876,0.015242425633394618,0.05390467463105131,0.027932851303258177,0.014757574366605394,1.12,1.12,1.12,1.12
1.0149420258500765,0.6390060976075733,11.782279175781525,0.013156828688557054,0.03207451905338132,0.015236381660038281,0.05392521063643668,0.02792548094661873,0.014763618339961732,1.12,1.12,1.12,1.12
1.0141540287123751,0.6389415421920159,11.786131778939998,0.013136352721698774,0.03208194763673,0.015230457853542143,0.05394568660329496,0.02791805236327005,0.01476954214645787,1.12,1.12,1.12,1.12
1.0133662991810226,0.6388772832922733,11.789985223293385,0.013115935820736724,0.03208943457094249,0.015224651822091248,0.05396610350425701,0.027910565429057566,0.014775348177908765,1.12,1.12,1.12,1.12
1.0125788418360973,0.6388133191180494,11.793839474312866,0.01309557703197245,0.03209697996296579,0.01521896122147691,0.05398646229302129,0.027903020037034265,0.014781038778523103,1.12,1.12,1.12,1.12
1.011791661155394,0.6387496479108861,11.797694498176748,0.01307527542054332,0.03210458390300275,0.015213383754149226,0.05400676390445042,0.027895416096997305,0.014786616245850787,1.12,1.12,1.12,1.12
1.0110047615164655,0.6386862679435176,11.801550261756454,0.013055030070317664,0.03211224646496247,0.015207917168288468,0.05402700925467607,0.027887753535037585,0.014792082831711545,1.12,1.12,1.12,1.12
1.0102181471986178,0.6386231775192375,11.805406732602732,0.013034840083783916,0.032119967706899566,0.015202559256895037,0.05404719924120982,0.027880032293100487,0.014797440743104975,1.12,1.12,1.12,1.12
1.0094318223848706,0.638560374971272,11.809263878932159,0.013014704581932601,0.03212774767144161,0.015197307856897352,0.054067334743061135,0.027872252328558444,0.014802692143102661,1.12,1.12,1.12,1.12
1.0086457911638715,0.6384978586621655,11.813121669613873,0.012994622704132153,0.032135586386206116,0.01519216084827775,0.054087416620861584,0.027864413613793937,0.014807839151722263,1.12,1.12,1.12,1.12
1.0078600575317767,0.6384356269831738,11.816980074156602,0.012974593607998519,0.032143483864206124,0.015187116153215524,0.05410744571699522,0.02785651613579393,0.014812883846784489,1.12,1.12,1.12,1.12
1.0070746253940865,0.6383736783536684,11.820839062695898,0.012954616469259328,0.03215144010424631,0.015182171735247094,0.05412742285573441,0.027848559895753744,0.01481782826475292,1.12,1.12,1.12,1.12
1.00628949856745,0.6383120112205486,11.824698605981636,0.01293469048161272,0.032159455091307965,0.015177325598443106,0.054147348843381016,0.02784054490869209,0.014822674401556907,1.12,1.12,1.12,1.12
1.0055046807814279,0.6382506240576646,11.828558675365748,0.012914814856580692,0.03216752879692497,0.015172575786601514,0.054167224468413044,0.027832471203075082,0.014827424213398499,1.12,1.12,1.12,1.12
1.0047201756802195,0.6381895153652473,11.832419242790202,0.012894988823357711,0.032175661179548676,0.01516792038245704,0.054187050501636025,0.027824338820451378,0.014832079617542973,1.12,1.12,1.12,1.12
1.0039359868243587,0.6381286836693509,11.836280280775203,0.012875211628655403,0.032183852184906214,0.015163357506906228,0.05420682769633833,0.02781614781509384,0.014836642493093785,1.12,1.12,1.12,1.12
1.0031521176923686,0.6380681275212989,11.840141762407608,0.012855482536540896,0.032192101746346125,0.015158885318247967,0.05422655678845284,0.02780789825365393,0.014841114681752046,1.12,1.12,1.12,1.12
1.0023685716823882,0.638007845497147,11.844003661329598,0.012835800828274346,0.032200409785178574,0.015154502011439142,0.05424623849671939,0.02779959021482148,0.014845497988560871,1.12,1.12,1.12,1.12
1.0015853521137625,0.6379478361971455,11.847865951727531,0.01281616580213879,0.032208776211004486,0.015150205817364953,0.054265873522854946,0.027791223788995567,0.01484979418263506,1.12,1.12,1.12,1.12
1.0008024622286005,0.6378880982452192,11.851728608321034,0.012796576773269619,0.032217200922037614,0.015145995002123977,0.05428546255172412,0.02778279907796244,0.014854004997876036,1.12,1.12,1.12,1.12
1.000019905193302,0.637828630288449,11.855591606352291,0.012777033073478994,0.03222568380545077,0.015141867866327388,0.05430500625151474,0.027774316194549287,0.014858132133672625,1.12,1.12,1.12,1.12
0.9992376841000532,0.6377694309965671,11.859454921575557,0.012757534051072272,0.032234224737658745,0.015137822744411902,0.054324505273921464,0.027765775262341308,0.01486217725558811,1.12,1.12,1.12,1.12
0.9984558019682919,0.6377104990614573,11.86331853024684,0.01273807907066643,0.03224282358456704,0.015133858003966744,0.054343960254327306,0.027757176415433016,0.01486614199603327,1.12,1.12,1.12,1.12
0.9976742617461416,0.6376518331966659,11.867182409113823,0.012718667513010984,0.03225148020190172,0.015129972045073825,0.05436337181198275,0.027748519798098337,0.014870027954926188,1.12,1.12,1.12,1.12
0.9968930663118183,0.6375934321369194,11.871046535405945,0.012699298774802081,0.03226019443549266,0.015126163299661002,0.054382740550191655,0.02773980556450739,0.01487383670033901,1.12,1.12,1.12,1.12
0.9961122184750073,0.6375352946376515,11.874910886824702,0.012679972268492268,0.03226896612154967,0.015122430230868344,0.05440206705650147,0.027731033878450384,0.014877569769131668,1.12,1.12,1.12,1.12
0.9953317209782118,0.6374774194745371,11.878775441534115,0.01266068742209997,0.03227779508693218,0.015118771332426895,0.054421351902893766,0.02772220491306787,0.014881228667573118,1.12,1.12,1.12,1.12
0.9945515764980755,0.6374198054430352,11.882640178151394,0.012641443679016151,0.03228668114941197,0.015115185128049838,0.054440595645977585,0.027713318850588087,0.014884814871950175,1.12,1.12,1.12,1.12
0.9937717876466767,0.6373624513579398,11.886505075737785,0.012622240497808301,0.03229562411792841,0.015111670170835936,0.054459798827185435,0.02770437588207164,0.014888329829164076,1.12,1.12,1.12,1.12
0.9929923569727978,0.6373053560529378,11.890370113789572,0.01260307735202476,0.032304623792840215,0.015108225042684428,0.054478961972968976,0.02769537620715984,0.014891774957315584,1.12,1.12,1.12,1.12
0.9922132869631668,0.6372485183801753,11.894235272229285,0.012583953729995656,0.03231367996616702,0.015104848353722083,0.05449808559499808,0.027686320033833034,0.01489515164627793,1.12,1.12,1.12,1.12
0.9914345800436767,0.637191937209831,11.898100531397056,0.012564869134633616,0.03232279242182878,0.01510153877892334,0.05451717019036012,0.02767720757817127,0.014898461221076673,1.12,1.12,1.12,1.12
0.9906562385823907,0.6371356114293791,11.901965872030619,0.012545823083223995,0.03233196093627805,0.01509829494392552,0.05453621624176974,0.027668039063722005,0.014901705056074493,1.12,1.12,1.12,1.12
0.9898782648869834,0.6370795399438349,11.905831275280722,0.012526815107233469,0.03234118527789914,0.015095115540272402,0.05455522421776027,0.02765881472210091,0.01490488445972761,1.12,1.12,1.12,1.12
0.9891006612078042,0.6370237216750119,11.909696722690791,0.012507844752105424,0.032350465207655554,0.015091999285553437,0.05457419457288831,0.0276495347923445,0.014908000714446576,1.12,1.12,1.12,1.12
0.9883234297389983,0.6369681555611267,11.913562196188934,0.012488911577057227,0.032359800479306255,0.015088944922885303,0.05459312774793651,0.027640199520693798,0.01491105507711471,1.12,1.12,1.12,1.12
0.98754657261961,0.6369128405564091,11.917427678080125,0.01247001515487589,0.03236919083961581,0.015085951220403904,0.054612024170117845,0.02763080916038424,0.014914048779596109,1.12,1.12,1.12,1.12
0.9867700919346565,0.6368577756307201,11.921293151038508,0.012451155071713016,0.03237863602855551,0.015083016970766291,0.05463088425328072,0.027621363971444546,0.014916983029233721,1.12,1.12,1.12,1.12
0.9859939897161851,0.6368029597691764,11.9251585980999,0.012432330926879842,0.032388135779502836,0.015080140990663002,0.054649708398113894,0.027611864220497218,0.014919859009337011,1.12,1.12,1.12,1.12
0.9852182679443079,0.6367483919717828,11.929024002654387,0.012413542332641803,0.032397689819449904,0.015077322120339381,0.054668496992351934,0.02760231018055015,0.014922677879660631,1.12,1.12,1.12,1.12
0.984442928548215,0.6366940712530709,11.932889348439096,0.0123947889140133,0.03240729786918595,0.015074559223126976,0.05468725041098044,0.027592702130814106,0.014925440776873036,1.12,1.12,1.12,1.12
0.9836679734071692,0.6366399966417433,11.936754619531099,0.012376070308551701,0.0324169596434839,0.015071851184983984,0.054705969016442035,0.027583040356516153,0.014928148815016029,1.12,1.12,1.12,1.12
0.9828934043514789,0.6365861671803279,11.940619800340471,0.012357386166152173,0.032426674851282256,0.015069196914045,0.05472465315884156,0.027573325148717798,0.014930803085955013,1.12,1.12,1.12,1.12
0.982119223163452,0.6365325819248349,11.944484875603445,0.012338736148842122,0.032436443195862696,0.015066595340179706,0.054743303176151614,0.027563556804137357,0.014933404659820307,1.12,1.12,1.12,1.12
0.9813454315783319,0.6364792399444227,11.948349830375752,0.012320119930576467,0.03244626437502379,0.01506404541456012,0.05476191939441727,0.02755373562497626,0.014935954585439892,1.12,1.12,1.12,1.12
0.9805720312852145,0.6364261403210696,11.952214650026043,0.01230153719703303,0.032456138081250474,0.01506154610923674,0.054780502127960706,0.02754386191874958,0.014938453890763273,1.12,1.12,1.12,1.12
0.979799023927945,0.6363732821492516,11.956079320229472,0.012282987645408028,0.03246606400187935,0.015059096416723025,0.05479905167958571,0.027533935998120707,0.014940903583276988,1.12,1.12,1.12,1.12
0.9790264111059997,0.6363206645356269,11.959943826961393,0.012264470984212517,0.032476041819260504,0.01505669534958809,0.05481756834078122,0.02752395818073955,0.014943304650411923,1.12,1.12,1.12,1.12
0.978254194375349,0.6362682865987255,11.963808156491188,0.012245986933069553,0.03248607121091579,0.015054341940057447,0.054836052391924184,0.027513928789084263,0.014945658059942565,1.12,1.12,1.12,1.12
0.9774823752493028,0.636216147468648,11.9676722953762,0.012227535222512242,0.03249615184969323,0.015052035239621953,0.054854504102481494,0.02750384815030682,0.01494796476037806,1.12,1.12,1.12,1.12
0.9767109551993389,0.6361642462867643,11.971536230455799,0.012209115593781183,0.03250628340391715,0.015049774318654285,0.05487292373121255,0.027493716596082907,0.014950225681345727,1.12,1.12,1.12,1.12
0.975939935531253,0.6361125822562071,11.975399949804439,0.012190727817413094,0.03251646552418952,0.01504755830052018,0.05489131150758064,0.027483534475810534,0.014952441699479832,1.12,1.12,1.12,1.12
0.9751693178857223,0.6360611544380085,11.979263438882054,0.012172371617721278,0.032526697897191204,0.01504538622265987,0.05490966770727246,0.02747330210280885,0.014954613777340142,1.12,1.12,1.12,1.12
0.9743991034875461,0.6360099620569168,11.983126686308427,0.012154046785836536,0.03253698016488843,0.01504325724501715,0.0549279925391572,0.027463019835111624,0.014956742754982863,1.12,1.12,1.12,1.12
0.9736292936488244,0.6359590042964416,11.986989679993583,0.01213575310377546,0.03254731197890315,0.0150411705097966,0.05494628622121828,0.027452688021096905,0.014958829490203412,1.12,1.12,1.12,1.12
0.9728598896437589,0.6359082803500519,11.990852408101944,0.01211749036333054,0.03255769298709199,0.015039125176289247,0.054964548961663195,0.027442307012908063,0.014960874823710765,1.12,1.12,1.12,1.12
0.9720908927093647,0.6358577894208255,11.994714859046702,0.012099258365814547,0.03256812283362526,0.015037120420522312,0.05498278095917919,0.027431877166374796,0.0149628795794777,1.12,1.12,1.12,1.12
0.9713223040461885,0.6358075307211891,11.998577021484664,0.012081056921865951,0.03257860115911454,0.015035155434926173,0.055000982403127785,0.027421398840885514,0.01496484456507384,1.12,1.12,1.12,1.12
0.9705541248190189,0.6357575034726675,12.002438884311163,0.012062885851256089,0.03258912760073984,0.015033229428007805,0.05501915347373765,0.02741087239926021,0.014966770571992208,1.12,1.12,1.12,1.12
0.9697863561575777,0.6357077069056345,12.006300436655113,0.012044744982692368,0.03259970179237193,0.015031341624030761,0.05503729434230137,0.027400298207628127,0.014968658375969252,1.12,1.12,1.12,1.12
0.9690189991572016,0.6356581402590736,12.010161667874131,0.012026634153640137,0.03261032336469266,0.0150294912627017,0.0550554051713536,0.02738967663530739,0.014970508737298313,1.12,1.12,1.12,1.12
0.9682520548795083,0.6356088027803383,12.014022567549775,0.012008553210128226,0.032620991945313316,0.015027677598862782,0.05507348611486551,0.027379008054686738,0.01497232240113723,1.12,1.12,1.12,1.12
0.9674855243530506,0.6355596937249222,12.01788312548286,0.011990502006560655,0.03263170715889013,0.015025899902190512,0.05509153731843308,0.02736829284110992,0.0149741000978095,1.12,1.12,1.12,1.12
0.9667194085739569,0.6355108123562312,12.021743331688873,0.011972480405533836,0.03264246862723619,0.015024157456900417,0.0551095589194599,0.027357531372763866,0.014975842543099596,1.12,1.12,1.12,1.12
0.9659537084220043,0.6354621580002843,12.025603177160903,0.011954488303767441,0.03265327597060497,0.015022449588488446,0.055127551021226295,0.027346724029395086,0.014977550411511567,1.12,1.12,1.12,1.12
0.9651884249186318,0.6354137298787947,12.029462651532114,0.011936525552798505,0.032664128804473946,0.015020775581011503,0.05514551377219523,0.027335871195526107,0.01497922441898851,1.12,1.12,1.12,1.12
0.9644235589663794,0.635365527277595,12.033321745435634,0.011918592038697995,0.03267502674276784,0.015019134760609051,0.05516344728629574,0.02732497325723221,0.014980865239390961,1.12,1.12,1.12,1.12
0.9636591114378068,0.6353175494895714,12.037180449701827,0.01190068765500285,0.03268596939699647,0.015017526466836129,0.055181351669990886,0.02731403060300358,0.014982473533163884,1.12,1.12,1.12,1.12
0.9628950831760718,0.6352697958144609,12.041038755354151,0.011882812302538348,0.03269695637635606,0.015015950052396393,0.05519922702245539,0.027303043623643997,0.01498404994760362,1.12,1.12,1.12,1.12
0.9621314749955037,0.6352222655586512,12.044896653605091,0.01186496588924385,0.03270798728782898,0.015014404882880236,0.055217073435749886,0.027292012712171076,0.014985595117119777,1.12,1.12,1.12,1.12
0.9613682876821598,0.6351749580349886,12.048754135852164,0.011847148329998058,0.03271906173628014,0.015012890336508433,0.05523489099499568,0.02728093826371991,0.01498710966349158,1.12,1.12,1.12,1.12
0.9606055219943767,0.6351278725625866,12.052611193674046,0.011829359546448315,0.0327301793245528,0.015011405803880606,0.05525267977854542,0.027269820675447254,0.014988594196119406,1.12,1.12,1.12,1.12
0.9598431786633063,0.6350810084666412,12.056467818826706,0.01181159946683985,0.0327413396535613,0.015009950687728896,0.055270439858153886,0.027258660346438757,0.014990049312271117,1.12,1.12,1.12,1.12
0.9590812583934455,0.6350343650782495,12.060324003239689,0.011793868025848198,0.03275254232238273,0.015008524402676332,0.05528817129914554,0.027247457677617326,0.01499147559732368,1.12,1.12,1.12,1.12
0.9583197618631516,0.6349879417342328,12.064179739012427,0.011776165164412877,0.03276378692834597,0.015007126375000249,0.05530587416058086,0.02723621307165408,0.014992873624999764,1.12,1.12,1.12,1.12
0.957558689725154,0.6349417377769634,12.068035018410633,0.011758490829573198,0.0327750730671198,0.01500575604240012,0.05532354849542054,0.027224926932880256,0.014994243957599893,1.12,1.12,1.12,1.12
0.9567980426070485,0.6348957525541954,12.071889833862777,0.011740844974305886,0.032786400332798005,0.015004412853770258,0.05534119435068785,0.02721359966720205,0.014995587146229755,1.12,1.12,1.12,1.12
0.956037821111789,0.6348499854189016,12.075744177956635,0.01172322755736438,0.03279776831798431,0.015003096268976904,0.05535881176762936,0.027202231682015743,0.014996903731023109,1.12,1.12,1.12,1.12
0.9552780258181657,0.6348044357291096,12.079598043435881,0.01170563854312101,0.03280917661387406,0.015001805758639866,0.055376400781872726,0.027190823386125995,0.014998194241360147,1.12,1.12,1.12,1.12
0.9545186572812766,0.6347591028477475,12.083451423196781,0.011688077901410077,0.03282062481033565,0.015000540803918216,0.05539396142358366,0.0271793751896644,0.014999459196081796,1.12,1.12,1.12,1.12
0.9537597160329887,0.6347139861424886,12.087304310284933,0.011670545607373128,0.03283211249598911,0.01499930089630068,0.05541149371762061,0.027167887504010946,0.015000699103699333,1.12,1.12,1.12,1.12
0.9530012025823901,0.6346690849856031,12.091156697892067,0.011653041641306927,0.032843639258283985,0.014998085537399883,0.05542899768368681,0.027156360741716068,0.01500191446260013,1.12,1.12,1.12,1.12
0.9522431174162371,0.6346243987538114,12.09500857935294,0.011635565988513119,0.03285520468357561,0.014996894238750738,0.05544647333648062,0.02714479531642444,0.015003105761249275,1.12,1.12,1.12,1.12
0.9514854609993879,0.6345799268281417,12.098859948142252,0.011618118639149633,0.032866808357199684,0.014995726521620262,0.055463920685844104,0.02713319164280037,0.015004273478379751,1.12,1.12,1.12,1.12
0.9507282337752314,0.6345356685937917,12.102710797871651,0.01160069958808313,0.032878449863544934,0.014994581916803834,0.055481339736910606,0.02712155013645512,0.015005418083196179,1.12,1.12,1.12,1.12
0.9499714361659864,0.6344916234400282,12.106561122287655,0.011583308834754169,0.03289012878610498,0.014993459964466285,0.05549873049023957,0.027109871213895076,0.015006540035533728,1.12,1.12,1.12,1.12
0.9492150685733478,0.6344477907599864,12.110410915267108,0.011565946383017556,0.03290184470758789,0.014992360213895828,0.05551609294197618,0.027098155292412163,0.015007639786104185,1.12,1.12,1.12,1.12
0.9484591313788182,0.6344041699505646,12.11426017081488,0.011548612241007727,0.032913597209972945,0.01499128222333769,0.05553342708398601,0.02708640279002711,0.015008717776662323,1.12,1.12,1.12,1.12
0.9477036249440648,0.6343607604123105,12.118108883061375,0.011531306421003806,0.032925385874572444,0.014990225559834605,0.05555073290398993,0.02707461412542761,0.015009774440165408,1.12,1.12,1.12,1.12
0.9469485496113084,0.6343175615492991,12.12195704625984,0.011514028939293153,0.03293721028209745,0.014989189799146901,0.055568010385700584,0.027062789717902602,0.015010810200853111,1.12,1.12,1.12,1.12
0.9461939057037105,0.6342745727690146,12.125804654783677,0.011496779816037861,0.032949070012724124,0.014988174525572051,0.055585259508955875,0.02705092998727593,0.015011825474427962,1.12,1.12,1.12,1.12
0.9454396935257541,0.6342317934822337,12.129651703123805,0.011479559075142476,0.03296096464615955,0.014987179331500872,0.05560248024985126,0.0270390353538405,0.015012820668499141,1.12,1.12,1.12,1.12
0.9446859133636011,0.634189223102916,12.133498185886193,0.011462366744124763,0.03297289376170198,0.014986203817442978,0.05561967258086897,0.02702710623829807,0.015013796182557035,1.12,1.12,1.12,1.12
0.9439325654854565,0.634146861048094,12.137344097789342,0.011445202853987257,0.032984856938303164,0.014985247591865328,0.05563683647100648,0.02701514306169689,0.015014752408134685,1.12,1.12,1.12,1.12
0.9431796501419222,0.6341047067377691,12.14118943366187,0.01142806743909286,0.03299685375462924,0.014984310271034168,0.05565397188590088,0.027003146245370813,0.015015689728965845,1.12,1.12,1.12,1.12
0.9424271675663466,0.634062759594809,12.145034188440079,0.011410960537040993,0.03300888378912076,0.014983391478860061,0.055671078787952744,0.026991116210879296,0.015016608521139951,1.12,1.12,1.12,1.12
0.9416751179751692,0.634021019044848,12.148878357165657,0.011393882188547644,0.03302094662005228,0.014982490846745938,0.05568815713644609,0.02697905337994777,0.015017509153254074,1.12,1.12,1.12,1.12
0.940923501568129,0.6339794845162299,12.152721934984246,0.01137683243733656,0.033033041825570264,0.014981608013471273,0.05570520688765718,0.02696695817442979,0.01501839198652874,1.12,1.12,1.12,1.12
0.94017231852885,0.6339381554398487,12.156564917141475,0.011359811330008518,0.03304516898379595,0.014980742624981766,0.05572222799498522,0.026954831016204106,0.015019257375018247,1.12,1.12,1.12,1.12
0.9394215690250626,0.6338970312490896,12.160407298981474,0.011342818915936415,0.03305732767286634,0.014979894334273727,0.05573922040905732,0.02694267232713371,0.015020105665726285,1.12,1.12,1.12,1.12
0.9386712532089247,0.6338561113797504,12.164249075944769,0.01132585524715829,0.03306951747099329,0.014979062801254925,0.05575618407783545,0.02693048252900676,0.015020937198745088,1.12,1.12,1.12,1.12
0.9379213712171156,0.6338153952700982,12.16809024356817,0.011308920378334475,0.03308173795652114,0.014978247692677527,0.05577311894665926,0.026918262043478913,0.015021752307322486,1.12,1.12,1.12,1.12
0.9371719231717383,0.6337748823605658,12.171930797478206,0.011292014366563186,0.033093988708055355,0.014977448681841019,0.05579002495843055,0.026906011291944698,0.015022551318158994,1.12,1.12,1.12,1.12
0.9364229091803602,0.6337345720937897,12.175770733391193,0.011275137271320845,0.03310626930449073,0.01497666544853564,0.05580690205367289,0.02689373069550932,0.015023334551464373,1.12,1.12,1.12,1.12
0.9356743293363213,0.633694463914583,12.179610047111469,0.011258289154392365,0.03311857932509188,0.014975897678919603,0.05582375017060137,0.026881420674908174,0.01502410232108041,1.12,1.12,1.12,1.12
0.9349261837191091,0.6336545572698822,12.183448734529131,0.011241470079792426,0.033130918349580374,0.014975145065379059,0.05584056924520131,0.02686908165041968,0.015024854934620954,1.12,1.12,1.12,1.12
0.9341784723834551,0.6336148516083235,12.187286791676936,0.011224680112143226,0.033143285954470525,0.01497440730867565,0.05585735921285051,0.02685671404552953,0.015025592691324363,1.12,1.12,1.12,1.12
0.9334311953784971,0.6335753463781431,12.191124214614332,0.011207919317426096,0.03315568171808253,0.01497368411352612,0.05587412000756764,0.026844318281917523,0.015026315886473893,1.12,1.12,1.12,1.12
0.932684352747057,0.6335360410298873,12.194960999446783,0.011191187764589106,0.0331681052216764,0.01497297518918421,0.05589085156040463,0.02683189477832365,0.015027024810815803,1.12,1.12,1.12,1.12
0.9319379445166901,0.6334969350162745,12.198797142373717,0.011174485524339361,0.03318055604652442,0.014972280251240963,0.055907553800654375,0.02681944395347563,0.01502771974875905,1.12,1.12,1.12,1.12
0.931191970700931,0.6334580277920413,12.202632639680926,0.011157812669105094,0.0331930337742255,0.014971599021287613,0.05592422665588864,0.026806966225774553,0.0150284009787124,1.12,1.12,1.12,1.12
0.930446431300706,0.6334193188133054,12.206467487729327,0.011141169272700091,0.03320553798682341,0.014970931226462078,0.055940870052293645,0.026794462013176645,0.015029068773537935,1.12,1.12,1.12,1.12
0.9297013263044864,0.6333808075377299,12.210301682955146,0.011124555410369441,0.03321806826693441,0.014970276599398966,0.055957483914624295,0.026781931733065645,0.015029723400601047,1.12,1.12,1.12,1.12
0.9289566556886417,0.6333424934244389,12.214135221867519,0.011107971158695495,0.03323062419780848,0.014969634878095592,0.05597406816629824,0.026769375802191575,0.015030365121904421,1.12,1.12,1.12,1.12
0.9282124194177442,0.633304375933944,12.217968101046532,0.01109141659550772,0.033243205363382544,0.014969005805791274,0.05599062272948602,0.02675679463661751,0.015030994194208738,1.12,1.12,1.12,1.12
0.9274686174448441,0.6332664545280796,12.221800317141364,0.011074891799794762,0.033255811348326614,0.014968389130855048,0.056007147525198975,0.02674418865167344,0.015031610869144965,1.12,1.12,1.12,1.12
0.9267252497117291,0.633228728669942,12.2256318668686,0.011058396851618746,0.03326844173808707,0.014967784606678372,0.05602364247337499,0.02673155826191298,0.01503221539332164,1.12,1.12,1.12,1.12
0.9259823161491714,0.6331911978238328,12.229462747010613,0.011041931832032559,0.03328109611892871,0.014967191991571913,0.05604010749296118,0.026718903881071343,0.0150328080084281,1.12,1.12,1.12,1.12
0.925239816677168,0.6331538614552064,12.233292954414008,0.011025496822997971,0.033293774077973126,0.01496661104866541,0.056056542501995765,0.026706225922026927,0.015033388951334603,1.12,1.12,1.12,1.12
0.9244977512051705,0.6331167190306163,12.237122485988104,0.011009091907305868,0.03330647520323776,0.014966041545810244,0.05607294741768787,0.02669352479676229,0.01503395845418977,1.12,1.12,1.12,1.12
0.9237561196323125,0.6330797700176687,12.240951338703486,0.010992717168499366,0.033319199083673035,0.014965483255484358,0.05608932215649437,0.02668080091632702,0.015034516744515655,1.12,1.12,1.12,1.12
0.9230149218476307,0.6330430138849729,12.244779509590565,0.010976372690796654,0.03333194530919792,0.014964935954699415,0.05610566663419708,0.026668054690802134,0.015035064045300597,1.12,1.12,1.12,1.12
0.9222741577302795,0.6330064501020971,12.248606995738196,0.010960058559017438,0.03334471347073564,0.014964399424909944,0.0561219807659763,0.02665528652926441,0.015035600575090069,1.12,1.12,1.12,1.12
0.9215338271497459,0.6329700781395258,12.25243379429233,0.010943774858510114,0.03335750316024849,0.014963873451924431,0.05613826446648362,0.02664249683975156,0.015036126548075582,1.12,1.12,1.12,1.12
0.9207939299660546,0.6329338974686158,12.25625990245465,0.01092752167508082,0.033370313970771115,0.014963357825818244,0.056154517649912916,0.02662968602922894,0.015036642174181769,1.12,1.12,1.12,1.12
0.9200544660299732,0.6328979075615582,12.26008531748131,0.010911299094923943,0.03338314549644372,0.01496285234084864,0.05617074023006979,0.02661685450355633,0.015037147659151373,1.12,1.12,1.12,1.12
0.9193154351831176,0.6328621078913547,12.263910036682267,0.010895107204554055,0.03339599733252241,0.01496235679539376,0.05618693212043968,0.026604002667477644,0.015037643204606252,1.12,1.12,1.12,1.12
0.9185768372583148,0.6328264979317443,12.2677340574189,0.010878946090736086,0.03340886907544588,0.014961870991829607,0.05620309323425765,0.026591130924554174,0.015038129008170406,1.12,1.12,1.12,1.12
0.9178386720797662,0.6327910771571816,12.271557377103075,0.010862815840424866,0.03342176032286287,0.01496139473645862,0.05621922348456887,0.026578239677137183,0.015038605263541394,1.12,1.12,1.12,1.12
0.9171009394631947,0.6327558450428106,12.275379993196175,0.010846716540703516,0.033434670673653855,0.014960927839441404,0.05623532278429022,0.0265653293263462,0.015039072160558609,1.12,1.12,1.12,1.12
0.9163636392160698,0.632720801064436,12.279201903207811,0.010830648278729205,0.03344759972797484,0.014960470114712687,0.05625139104626453,0.02655240027202521,0.015039529885287325,1.12,1.12,1.12,1.12
0.9156267711377695,0.6326859446984946,12.283023104694761,0.010814611141672037,0.03346054708728108,0.014960021379910357,0.0562674281833217,0.026539452912718975,0.015039978620089656,1.12,1.12,1.12,1.12
0.914890335019739,0.6326512754220222,12.286843595259986,0.010798605216653212,0.033473512354347146,0.01495958145630602,0.056283434108340524,0.026526487645652908,0.015040418543693992,1.12,1.12,1.12,1.12
0.9141543306456761,0.6326167927126285,12.290663372551482,0.010782630590690512,0.03348649513329982,0.014959150168730978,0.056299408734303225,0.026513504866700233,0.015040849831269035,1.12,1.12,1.12,1.12
0.9134187577875811,0.6325824960496185,12.294482434290286,0.010766687350912185,0.033499495028920745,0.014958727346567793,0.05631535197408155,0.02650050497107931,0.01504127265343222,1.12,1.12,1.12,1.12
0.9126836162145331,0.6325483849117757,12.298300778209974,0.010750775584075611,0.03351251164829866,0.014958312821489864,0.056331263740918125,0.026487488351701394,0.01504168717851015,1.12,1.12,1.12,1.12
0.9119489056883889,0.6325144587783165,12.302118402085608,0.010734895376636078,0.03352554459992424,0.014957906428508708,0.05634714394835766,0.026474455400075814,0.015042093571491305,1.12,1.12,1.12,1.12
0.911214625963808,0.6324807171289145,12.305935303733758,0.010719046814709643,0.033538593493697644,0.014957508005945211,0.05636299251028409,0.02646140650630241,0.015042491994054802,1.12,1.12,1.12,1.12
0.9104807767884469,0.6324471594436798,12.309751481011354,0.010703229984026785,0.03355165794096343,0.01495711739535667,0.05637880934096695,0.026448342059036622,0.015042882604643343,1.12,1.12,1.12,1.12
0.9097473579031432,0.6324137852031351,12.313566931814574,0.010687444969887994,0.03356473755454398,0.014956734441467681,0.05639459435510574,0.026435262445456076,0.015043265558532332,1.12,1.12,1.12,1.12
0.9090143690420913,0.6323805938881986,12.317381654077836,0.010671691857118748,0.03357783194877034,0.01495635899210325,0.05641034746787499,0.02642216805122971,0.015043641007896763,1.12,1.12,1.12,1.12
0.908281809933008,0.6323475849801646,12.321195645772791,0.010655970730027053,0.03359094073951008,0.01495599089812448,0.05642606859496668,0.026409059260489975,0.015044009101875533,1.12,1.12,1.12,1.12
0.9075496802972958,0.6323147579606874,12.325008904907369,0.010640281672361085,0.03360406354419543,0.014955630013365168,0.05644175765263265,0.026395936455804625,0.015044369986634845,1.12,1.12,1.12,1.12
0.9068179798504796,0.6322821123118154,12.328821429523618,0.01062462476733389,0.03361719998196433,0.014955276194517655,0.056457414557659846,0.026382800018035724,0.015044723805482357,1.12,1.12,1.12,1.12
0.9060867083018302,0.6322496475158828,12.332633217699183,0.010609000097460408,0.0336303496734669,0.014954929301173966,0.05647303922753333,0.026369650326533156,0.015045070698826046,1.12,1.12,1.12,1.12
0.9053558653546901,0.6322173630555277,12.336444267545629,0.010593407744560579,0.0336435122409634,0.014954589195735307,0.05648863158043316,0.02635648775903665,0.015045410804264706,1.12,1.12,1.12,1.12
0.9046254507066824,0.6321852584136902,12.340254577207332,0.010577847789735806,0.03365668730837357,0.014954255743344316,0.05650419153525793,0.026343312691626486,0.015045744256655696,1.12,1.12,1.12,1.12
0.9038954640498491,0.632153333073601,12.344064144860688,0.010562320313332096,0.033669874501297326,0.01495392881183058,0.05651971901166164,0.026330125498702728,0.015046071188169433,1.12,1.12,1.12,1.12
0.9031659050707921,0.6321215865187688,12.347872968713274,0.010546825394905257,0.03368307344703819,0.014953608271656108,0.05653521393008848,0.02631692655296186,0.015046391728343905,1.12,1.12,1.12,1.12
0.9024367734508106,0.6320900182329716,12.351681047003083,0.01053136311318631,0.03369628377462314,0.014953293995862676,0.05655067621180743,0.026303716225376916,0.015046706004137336,1.12,1.12,1.12,1.12
0.9017080688660363,0.6320586277002477,12.355488377997766,0.01051593354604946,0.03370950511482507,0.014952985860019793,0.056566105778944276,0.026290494885174986,0.01504701413998022,1.12,1.12,1.12,1.12
0.9009797909875634,0.6320274144048856,12.359294959993857,0.010500536770478852,0.0337227371001812,0.01495268374217415,0.056581502554514884,0.026277262899818854,0.015047316257825863,1.12,1.12,1.12,1.12
0.9002519394815769,0.6319963778314173,12.363100791316084,0.010485172862538028,0.033735979365012214,0.014952387522800162,0.05659686646245571,0.02626402063498784,0.015047612477199851,1.12,1.12,1.12,1.12
0.8995245140094806,0.6319655174646096,12.366905870316632,0.010469841897340071,0.03374923154544157,0.014952097084751384,0.056612197427653665,0.026250768454558482,0.015047902915248629,1.12,1.12,1.12,1.12
0.8987975142280175,0.6319348327894588,12.370710195374459,0.010454543949017958,0.03376249327941211,0.014951812313213256,0.05662749537597578,0.026237506720587944,0.015048187686786757,1.12,1.12,1.12,1.12
0.8980709397893926,0.6319043232911835,12.374513764894626,0.010439279090696252,0.03377576420670375,0.014951533095656555,0.056642760234297485,0.026224235793296302,0.015048466904343458,1.12,1.12,1.12,1.12
0.8973447903413896,0.6318739884552182,12.378316577307624,0.010424047394464286,0.03378904396894944,0.014951259321791963,0.05665799193052945,0.026210956031050614,0.01504874067820805,1.12,1.12,1.12,1.12
0.8966190655274894,0.6318438277672116,12.382118631068744,0.010408848931350134,0.0338023322096519,0.014950990883525556,0.0566731903936436,0.026197667790348156,0.015049009116474457,1.12,1.12,1.12,1.12
0.8958937649869818,0.6318138407130185,12.385919924657435,0.010393683771294293,0.03381562857419812,0.01495072767491526,0.05668835555369944,0.026184371425801933,0.015049272325084753,1.12,1.12,1.12,1.12
0.8951688883550795,0.6317840267786988,12.38972045657669,0.010378551983126594,0.03382893270987519,0.014950469592128035,0.05670348734186714,0.02617106729012486,0.015049530407871978,1.12,1.12,1.12,1.12
0.8944444352630271,0.6317543854505129,12.393520225352452,0.010363453634542219,0.033842244265884225,0.014950216533398064,0.05671858569045152,0.02615775573411583,0.015049783466601949,1.12,1.12,1.12,1.12
0.8937204053382093,0.6317249162149203,12.39731922953301,0.0103483887920795,0.033855562893354785,0.014949968398981217,0.05673365053291424,0.02614443710664527,0.015050031601018796,1.12,1.12,1.12,1.12
0.892996798204257,0.6316956185585767,12.401117467688437,0.010333357521098263,0.03386888824535794,0.014949725091110408,0.05674868180389547,0.02613111175464211,0.015050274908889605,1.12,1.12,1.12,1.12
0.8922736134811521,0.6316664919683334,12.404914938410016,0.010318359885759465,0.03388221997691998,0.01494948651398062,0.05676367943923427,0.026117780023080073,0.015050513486019393,1.12,1.12,1.12,1.12
0.8915508507853297,0.6316375359312354,12.408711640309699,0.010303395949005367,0.03389555774503483,0.014949252573694685,0.05677864337598837,0.02610444225496522,0.015050747426305328,1.12,1.12,1.12,1.12
0.8908285097297789,0.631608749934522,12.412507572019559,0.010288465772540945,0.033908901208679953,0.014949023178225287,0.05679357355245279,0.0260910987913201,0.015050976821774725,1.12,1.12,1.12,1.12
0.8901065899241438,0.6315801334656261,12.41630273219125,0.01027356941681612,0.0339222500288226,0.01494879823737788,0.05680846990817762,0.026077749971177455,0.015051201762622132,1.12,1.12,1.12,1.12
0.8893850909748168,0.6315516860121759,12.420097119495532,0.010258706941007945,0.03393560386843231,0.0149485776627548,0.05682333238398579,0.026064396131567746,0.015051422337245213,1.12,1.12,1.12,1.12
0.8886640124850228,0.6315234070619937,12.423890732621803,0.010243878403002948,0.03394896239248829,0.014948361367721971,0.05683816092199079,0.026051037607511762,0.015051638632278042,1.12,1.12,1.12,1.12
0.8879433540549488,0.631495296103101,12.427683570277443,0.010229083859387422,0.0339623252680033,0.01494814926736697,0.056852955465606314,0.02603767473199675,0.015051850732633043,1.12,1.12,1.12,1.12
0.887223115281816,0.6314673526237187,12.431475631187414,0.0102143233654301,0.03397569216402646,0.01494794127846888,0.056867715959563636,0.026024307835973592,0.015052058721531134,1.12,1.12,1.12,1.12
0.8865032957599775,0.6314395761122695,12.435266914093777,0.01019959697506817,0.03398906275165553,0.014947737319462931,0.056882442349925566,0.026010937248344523,0.015052262680537082,1.12,1.12,1.12,1.12
0.8857838950811058,0.6314119660573736,12.439057417754638,0.010184904740901612,0.03400243670407399,0.014947537310385992,0.056897134584092124,0.025997563295926063,0.015052462689614021,1.12,1.12,1.12,1.12
0.8850649128340575,0.6313845219478691,12.442847140945007,0.010170246714166775,0.03401581369649809,0.014947341172894285,0.05691179261082696,0.025984186303501966,0.015052658827105728,1.12,1.12,1.12,1.12
0.8843463486050815,0.6313572432728054,12.44663608245566,0.010155622944731713,0.034029193406218905,0.01494714883020469,0.056926416380262024,0.02597080659378115,0.015052851169795323,1.12,1.12,1.12,1.12
0.8836282019779017,0.631330129521448,12.4504242410927,0.010141033481086137,0.03404257551261125,0.014946960207063667,0.0569410058439076,0.025957424487388803,0.015053039792936346,1.12,1.12,1.12,1.12
0.882910472533801,0.6313031801832824,12.454211615677133,0.010126478370331371,0.0340559596971422,0.014946775229716838,0.056955560954662365,0.02594404030285785,0.015053224770283175,1.12,1.12,1.12,1.12
0.8821931598517054,0.6312763947480198,12.45799820504446,0.010111957658171689,0.03406934564337921,0.014946593825879068,0.05697008166682205,0.02593065435662084,0.015053406174120945,1.12,1.12,1.12,1.12
0.881476263508263,0.6312497727056017,12.461784008044274,0.010097471388905377,0.034082733036997825,0.014946415924705289,0.05698456793608836,0.025917266963002228,0.015053584075294724,1.12,1.12,1.12,1.12
0.8807597830779251,0.6312233135462049,12.465569023539853,0.010083019605416965,0.03409612156578884,0.01494624145676185,0.05699901971957677,0.025903878434211214,0.015053758543238163,1.12,1.12,1.12,1.12
0.8800437181330228,0.6311970167602485,12.469353250407792,0.010068602349170896,0.0341095109196658,0.014946070353998295,0.05701343697582284,0.025890489080334256,0.015053929646001718,1.12,1.12,1.12,1.12
0.8793280682438458,0.6311708818383992,12.47313668753761,0.010054219660204311,0.034122900790671484,0.01494590254971992,0.057027819664789425,0.02587709920932857,0.015054097450280093,1.12,1.12,1.12,1.12
0.8786128329786536,0.6311449082715757,12.476919333831713,0.01003987157711328,0.03413629087296288,0.014945737978573737,0.05704216774788046,0.02586370912703717,0.015054262021426276,1.12,1.12,1.12,1.12
0.8778980119036789,0.6311190955509546,12.480701188205451,0.010025558137038093,0.03414968086279391,0.014945576576537306,0.05705648118795564,0.025850319137206146,0.015054423423462707,1.12,1.12,1.12,1.12
0.8771836045836168,0.6310934431679924,12.484482249584516,0.01001127937571733,0.034163070458664235,0.014945418280805534,0.057070759949276406,0.025836929541335818,0.01505458171919448,1.12,1.12,1.12,1.12
0.8764696105814038,0.6310679506144187,12.488262516906177,0.00999703532744095,0.03417645936122182,0.01494526302982635,0.057085003997552786,0.02582354063877823,0.015054736970173663,1.12,1.12,1.12,1.12
0.8757560294582891,0.631042617382245,12.492041989118896,0.00998282602504802,0.03418984727326968,0.014945110763275593,0.05709921329994572,0.025810152726730373,0.01505488923672442,1.12,1.12,1.12,1.12
0.875042860773905,0.6310174429637723,12.495820665182036,0.009968651499922931,0.03420323389976948,0.014944961422032457,0.057113387825070805,0.025796766100230573,0.015055038577967556,1.12,1.12,1.12,1.12
0.8743301040851144,0.6309924268514746,12.499598544071523,0.009954511781770425,0.034216618947386424,0.014944814948398027,0.05712752754322331,0.02578338105261363,0.015055185051601985,1.12,1.12,1.12,1.12
0.8736177589484388,0.6309675685382455,12.503375624767905,0.00994040689904524,0.03423000212538829,0.014944671285600591,0.057141632425948496,0.02576999787461176,0.015055328714399421,1.12,1.12,1.12,1.12
0.872905824919048,0.6309428675172986,12.507151906261365,0.009926336878754383,0.03424338314523995,0.014944530377988319,0.057155702446239354,0.025756616854760106,0.015055469622011694,1.12,1.12,1.12,1.12
0.8721943015507719,0.6309183232821713,12.510927387551668,0.009912301746448526,0.03425676172058739,0.01494439217101734,0.05716973757854521,0.02574323827941266,0.015055607828982673,1.12,1.12,1.12,1.12
0.871483188396163,0.630893935326734,12.514702067647876,0.009898301526220343,0.034270137567260495,0.014944256611229861,0.05718373779877339,0.02572986243273956,0.015055743388770151,1.12,1.12,1.12,1.12
0.8707724850065589,0.6308697031451982,12.518475945568074,0.009884336240705782,0.03428351040327615,0.014944123646232418,0.057197703084287954,0.0257164895967239,0.015055876353767594,1.12,1.12,1.12,1.12
0.8700621909321438,0.6308456262321258,12.522249020339071,0.009870405911084457,0.034296879948841286,0.014943993224674684,0.05721163341390928,0.025703120051158768,0.015056006775325328,1.12,1.12,1.12,1.12
0.8693523057220077,0.6308217040824385,12.526021290996155,0.009856510557080922,0.034310245926354566,0.01494386529622875,0.057225528767912814,0.025689754073645488,0.015056134703771262,1.12,1.12,1.12,1.12
0.8686428289242052,0.6307979361914271,12.529792756582808,0.009842650196967007,0.03432360806040968,0.014943739811572335,0.05723938912802673,0.02567639193959037,0.015056260188427678,1.12,1.12,1.12,1.12
0.8679337600858142,0.6307743220547603,12.533563416150452,0.009828824847562923,0.03433696607779613,0.01494361672237915,0.057253214477430814,0.025663033922203926,0.015056383277620863,1.12,1.12,1.12,1.12
0.8672250987529939,0.6307508611684952,12.537333268758198,0.009815034524241317,0.034350319707502464,0.014943495981266944,0.05726700480075242,0.02564968029249759,0.015056504018733069,1.12,1.12,1.12,1.12
0.8665168444710375,0.6307275530290858,12.541102313472596,0.009801279240928829,0.03436366868071511,0.014943377541796782,0.05728076008406491,0.025636331319284944,0.015056622458203231,1.12,1.12,1.12,1.12
0.8658089967844301,0.6307043971333948,12.544870549367406,0.009787559010110747,0.03437701273082211,0.01494326135845414,0.05729448031488299,0.025622987269177944,0.015056738641545872,1.12,1.12,1.12,1.12
0.8651015552368989,0.6306813929787007,12.54863797552335,0.009773873842833902,0.034390351593412416,0.014943147386630717,0.057308165482159834,0.025609648406587637,0.015056852613369295,1.12,1.12,1.12,1.12
0.8643945193714698,0.630658540062711,12.5524045910279,0.009760223748711716,0.03440368500627711,0.014943035582606151,0.05732181557628202,0.025596314993722946,0.015056964417393862,1.12,1.12,1.12,1.12
0.863687888730516,0.6306358378835695,12.556170394975034,0.00974660873592792,0.03441701270940911,0.014942925903530385,0.05733543058906582,0.02558298729059094,0.015057074096469628,1.12,1.12,1.12,1.12
0.8629816628558109,0.6306132859398673,12.559935386465042,0.009733028811241884,0.03443033444500371,0.014942818307406472,0.05734901051375185,0.025569665554996346,0.015057181692593541,1.12,1.12,1.12,1.12
0.8622758412885769,0.6305908837306545,12.56369956460429,0.00971948397999417,0.034443649957458244,0.014942712753073337,0.057362555344999566,0.02555635004254181,0.015057287246926676,1.12,1.12,1.12,1.12
0.861570423569536,0.6305686307554478,12.56746292850503,0.009705974246111804,0.034456958993371756,0.014942609200189319,0.05737606507888193,0.025543041006628298,0.015057390799810694,1.12,1.12,1.12,1.12
0.8608654092389565,0.6305465265142436,12.57122547728519,0.009692499612114547,0.03447026130154446,0.014942507609215769,0.05738953971287919,0.025529738698455595,0.015057492390784244,1.12,1.12,1.12,1.12
0.8601607978367005,0.6305245705075262,12.574987210068176,0.00967906007912056,0.03448355663297631,0.014942407941400948,0.057402979245873176,0.025516443367023744,0.015057592058599065,1.12,1.12,1.12,1.12
0.8594565889022707,0.630502762236279,12.578748125982685,0.00966565564685351,0.03449684474086606,0.014942310158764613,0.057416383678140226,0.02550315525913399,0.0150576898412354,1.12,1.12,1.12,1.12
0.8587527819748566,0.6304811012019954,12.58250822416251,0.009652286313649505,0.034510125380610435,0.014942214224082373,0.05742975301134423,0.02548987461938962,0.01505778577591764,1.12,1.12,1.12,1.12
0.8580493765933768,0.6304595869066887,12.58626750374637,0.009638952076463592,0.03452339830980167,0.014942120100870773,0.057443087248530145,0.025476601690198386,0.01505787989912924,1.12,1.12,1.12,1.12
0.8573463722965258,0.6304382188529027,12.590025963877709,0.009625652930878026,0.0345366632882263,0.014942027753372444,0.05745638639411571,0.025463336711773754,0.015057972246627568,1.12,1.12,1.12,1.12
0.8566437686228149,0.6304169965437225,12.593783603704551,0.009612388871109379,0.03454992007786262,0.014941937146541753,0.05746965045388436,0.025450079922137436,0.01505806285345826,1.12,1.12,1.12,1.12
0.8559415651106157,0.6303959194827844,12.597540422379307,0.00959915989001675,0.034563168442879044,0.014941848246030509,0.057482879434976986,0.02543683155712101,0.015058151753969504,1.12,1.12,1.12,1.12
0.8552397612982002,0.6303749871742874,12.601296419058615,0.009585965979109934,0.03457640814963098,0.01494176101817414,0.0574960733458838,0.025423591850369076,0.015058238981825872,1.12,1.12,1.12,1.12
0.8545383567237836,0.630354199123003,12.605051592903196,0.009572807128557959,0.034589638966658676,0.014941675429977971,0.05750923219643578,0.025410361033341378,0.015058324570022041,1.12,1.12,1.12,1.12
0.8538373509255618,0.6303335548342862,12.608805943077664,0.009559683327197865,0.03460286066468388,0.014941591449104008,0.05752235599779587,0.025397139335316177,0.015058408550896005,1.12,1.12,1.12,1.12
0.8531367434417512,0.6303130538140856,12.61255946875041,0.009546594562543198,0.03461607301660696,0.014941509043857729,0.05753544476245054,0.02538392698339309,0.015058490956142284,1.12,1.12,1.12,1.12
0.8524365338106282,0.6302926955689542,12.616312169093423,0.009533540820793551,0.034629275797503245,0.01494142818317537,0.057548498504200185,0.025370724202496808,0.015058571816824642,1.12,1.12,1.12,1.12
0.8517367215705653,0.6302724796060599,12.62006404328217,0.009520522086843675,0.03464246878462007,0.014941348836611273,0.05756151723815006,0.02535753121537998,0.01505865116338874,1.12,1.12,1.12,1.12
0.8510373062600695,0.6302524054331958,12.62381509049543,0.009507538344293187,0.03465565175737273,0.014941270974325585,0.05757450098070055,0.025344348242627324,0.015058729025674428,1.12,1.12,1.12,1.12
0.8503382874178161,0.6302324725587909,12.62756530991517,0.009494589575456125,0.03466882449734021,0.014941194567072269,0.05758744974953761,0.025331175502659842,0.015058805432927744,1.12,1.12,1.12,1.12
0.8496396645826874,0.6302126804919208,12.631314700726417,0.009481675761371322,0.034681986788261954,0.014941119586187102,0.057600363563622414,0.0253180132117381,0.015058880413812911,1.12,1.12,1.12,1.12
0.8489414372938043,0.6301930287423172,12.635063262117114,0.009468796881811958,0.034695138416032945,0.014941046003576167,0.05761324244318178,0.02530486158396711,0.015058953996423846,1.12,1.12,1.12,1.12
0.8482436050905632,0.6301735168203795,12.638810993277998,0.009455952915296162,0.03470827916869951,0.014940973791704629,0.057626086409697574,0.025291720831300546,0.015059026208295384,1.12,1.12,1.12,1.12
0.8475461675126665,0.6301541442371834,12.642557893402474,0.009443143839096946,0.03472140883645414,0.014940902923585311,0.05763889548589679,0.025278591163545916,0.015059097076414701,1.12,1.12,1.12,1.12
0.846849124100158,0.6301349105044936,12.646303961686503,0.009430369629253643,0.034734527240588564,0.01494083337276804,0.05765166969574009,0.02526547275941149,0.015059166627231974,1.12,1.12,1.12,1.12
0.846152474393453,0.6301158151347711,12.650049197328471,0.009417630260960486,0.034747634146912676,0.014940765113358179,0.05766440906403325,0.025252365853087377,0.015059234886641834,1.12,1.12,1.12,1.12
0.8454562179333696,0.6300968576411817,12.65379359952908,0.009404925707802325,0.034760729352029396,0.014940698119950607,0.05767711361719141,0.025239270647970657,0.015059301880049406,1.12,1.12,1.12,1.12
0.8447603542611607,0.6300780375376093,12.657537167491215,0.009392255942162808,0.0347738126546675,0.014940632367641954,0.05768978338283093,0.02522618734533255,0.015059367632358059,1.12,1.12,1.12,1.12
0.8440648829185442,0.630059354338666,12.66127990041989,0.009379620935235533,0.034786883855677186,0.014940567832024229,0.0577024183897582,0.025213116144322867,0.015059432167975784,1.12,1.12,1.12,1.12
0.8433698034477317,0.6300408075597022,12.665021797522087,0.009367020657035152,0.034799942758023394,0.014940504489174875,0.057715018667958584,0.02520005724197666,0.015059495510825138,1.12,1.12,1.12,1.12
0.8426751153914595,0.6300223967168173,12.668762858006701,0.009354455076408918,0.03481298916678072,0.014940442315647201,0.05772758424858482,0.025187010833219337,0.015059557684352812,1.12,1.12,1.12,1.12
0.8419808182930144,0.6300041213268681,12.67250308108441,0.00934192416104812,0.03482602288912656,0.014940381288460827,0.057740115163945616,0.02517397711087349,0.015059618711539186,1.12,1.12,1.12,1.12
0.8412869116962644,0.62998598090748,12.676242465967583,0.009329427877499574,0.034839043734335884,0.014940321385092395,0.05775261144749416,0.02516095626566417,0.015059678614907618,1.12,1.12,1.12,1.12
0.8405933951456824,0.6299679749770566,12.679981011870199,0.009316966191177278,0.03485205151377452,0.01494026258346648,0.05776507313381646,0.025147948486225535,0.015059737416533533,1.12,1.12,1.12,1.12
0.8399002681863771,0.6299501030547877,12.683718718007748,0.009304539066374573,0.0348650460408928,0.014940204861946652,0.05777750025861916,0.025134953959107253,0.015059795138053361,1.12,1.12,1.12,1.12
0.8392075303641143,0.6299323646606609,12.687455583597142,0.00929214646627502,0.03487802713121857,0.014940148199326722,0.05778989285871872,0.025121972868781484,0.01505985180067329,1.12,1.12,1.12,1.12
0.8385151812253465,0.6299147593154709,12.69119160785662,0.009279788352965557,0.034890994602351066,0.01494009257482222,0.05780225097202818,0.025109005397648987,0.015059907425177793,1.12,1.12,1.12,1.12
0.8378232203172353,0.6298972865408268,12.694926790005686,0.009267464687447602,0.034903948273953656,0.014940037968061912,0.057814574637546134,0.025096051726046398,0.015059962031938101,1.12,1.12,1.12,1.12
0.8371316471876779,0.6298799458591641,12.698661129265,0.009255175429649432,0.034916887967746946,0.014939984359079547,0.057826863895344305,0.025083112032253108,0.015060015640920466,1.12,1.12,1.12,1.12
0.8364404613853286,0.6298627367937524,12.702394624856327,0.009242920538438393,0.03492981350750163,0.014939931728305933,0.057839118786555344,0.025070186492498425,0.01506006827169408,1.12,1.12,1.12,1.12
0.8357496624596243,0.6298456588687054,12.706127276002432,0.009230699971633005,0.03494272471903148,0.014939880056560814,0.05785133935336073,0.02505727528096857,0.015060119943439199,1.12,1.12,1.12,1.12
0.8350592499608063,0.6298287116089887,12.709859081927037,0.009218513686015062,0.0349556214301851,0.014939829325045312,0.057863525638978675,0.02504437856981495,0.015060170674954701,1.12,1.12,1.12,1.12
0.8343692234399432,0.6298118945404305,12.71359004185471,0.009206361637342064,0.034968503470839574,0.014939779515334248,0.05787567768765167,0.02503149652916048,0.015060220484665765,1.12,1.12,1.12,1.12
0.8336795824489525,0.629795207189729,12.717320155010833,0.009194243780359546,0.03498137067289192,0.014939730609368596,0.05788779554463419,0.025018629327108133,0.015060269390631417,1.12,1.12,1.12,1.12
0.8329903265406217,0.6297786490844625,12.721049420621508,0.009182160068813505,0.03499422287025172,0.01493968258944832,0.05789987925618023,0.02500577712974833,0.015060317410551693,1.12,1.12,1.12,1.12
0.83230145526863,0.6297622197530961,12.724777837913503,0.009170110455462344,0.03500705989883296,0.01493963543822524,0.05791192886953139,0.024992940101167094,0.015060364561774772,1.12,1.12,1.12,1.12
0.8316129681875684,0.6297459187249932,12.728505406114186,0.00915809489209024,0.03501988159654651,0.014939589138695877,0.057923944432903496,0.024980118403453544,0.015060410861304135,1.12,1.12,1.12,1.12
0.8309248648529586,0.6297297455304209,12.732232124451453,0.00914611332951848,0.035032687803291385,0.014939543674194727,0.05793592599547526,0.02496731219670867,0.015060456325805285,1.12,1.12,1.12,1.12
0.8302371448212753,0.6297136997005609,12.735957992153686,0.009134165717618492,0.03504547836094696,0.014939499028387357,0.057947873607375244,0.024954521639053096,0.015060500971612656,1.12,1.12,1.12,1.12
0.8295498076499617,0.6296977807675165,12.739683008449678,0.009122252005324738,0.03505825311336447,0.014939455185264003,0.057959787319669,0.024941746886635585,0.01506054481473601,1.12,1.12,1.12,1.12
0.828862852897451,0.629681988264321,12.743407172568578,0.009110372140646528,0.03507101190635897,0.014939412129132926,0.05797166718434721,0.02492898809364108,0.015060587870867087,1.12,1.12,1.12,1.12
0.8281762801231838,0.6296663217249461,12.747130483739854,0.009098526070680901,0.03508375458770019,0.014939369844614178,0.057983513254312835,0.024916245412299864,0.015060630155385835,1.12,1.12,1.12,1.12
0.8274900888876243,0.629650780684309,12.750852941193216,0.00908671374162473,0.03509648100710394,0.014939328316633416,0.057995325583369006,0.024903518992896112,0.015060671683366597,1.12,1.12,1.12,1.12
0.8268042787522802,0.6296353646782822,12.754574544158578,0.009074935098787928,0.035109191016224006,0.014939287530415665,0.05800710422620581,0.024890808983776047,0.015060712469584348,1.12,1.12,1.12,1.12
0.8261188492797178,0.6296200732436987,12.758295291866004,0.009063190086605333,0.03512188446864267,0.014939247471479428,0.058018849238388404,0.02487811553135738,0.015060752528520585,1.12,1.12,1.12,1.12
0.8254338000335792,0.6296049059183622,12.762015183545666,0.00905147864864958,0.03513456121986225,0.014939208125630932,0.058030560676344156,0.024865438780137805,0.015060791874369081,1.12,1.12,1.12,1.12
0.8247491305785982,0.6295898622410523,12.765734218427784,0.009039800727643266,0.03514722112729557,0.01493916947895825,0.05804223859735047,0.024852778872704484,0.015060830521041763,1.12,1.12,1.12,1.12
0.8240648404806157,0.629574941751534,12.769452395742595,0.009028156265471654,0.03515986405025745,0.014939131517825763,0.05805388305952208,0.024840135949742603,0.01506086848217425,1.12,1.12,1.12,1.12
0.8233809293065959,0.6295601439905634,12.773169714720305,0.009016545203195392,0.035172489849955135,0.014939094228868646,0.058065494121798344,0.024827510150044918,0.015060905771131367,1.12,1.12,1.12,1.12
0.8226973966246405,0.6295454684998966,12.77688617459104,0.009004967481062442,0.035185098389469927,0.014939057598987393,0.058077071843931294,0.024814901610530127,0.01506094240101262,1.12,1.12,1.12,1.12
0.8220142420040037,0.6295309148222954,12.780601774584815,0.008993423038520743,0.035197689533740306,0.01493902161534262,0.058088616286472994,0.024802310466259747,0.015060978384657392,1.12,1.12,1.12,1.12
0.8213314650151041,0.6295164825015359,12.784316513931502,0.00898191181423158,0.03521026314959508,0.014938986265350451,0.058100127510762156,0.024789736850404975,0.015061013734649562,1.12,1.12,1.12,1.12
0.8206490652295412,0.6295021710824145,12.788030391860785,0.008970433746080864,0.03522281910571862,0.014938951536676667,0.05811160557891287,0.024777180894281436,0.015061048463323345,1.12,1.12,1.12,1.12
0.8199670422201093,0.6294879801107532,12.791743407602091,0.00895898877119089,0.035235357272640266,0.014938917417231384,0.058123050553802846,0.024764642727359787,0.015061082582768628,1.12,1.12,1.12,1.12
0.8192853955608108,0.6294739091334081,12.7954555603846,0.008947576825933778,0.03524787752272579,0.014938883895164623,0.05813446249905996,0.024752122477274263,0.01506111610483539,1.12,1.12,1.12,1.12
0.8186041248268661,0.6294599576982745,12.799166849437173,0.00893619784594274,0.0352603797301666,0.014938850958861674,0.058145841479051,0.02473962026983345,0.015061149041138339,1.12,1.12,1.12,1.12
0.8179232295947287,0.6294461253542954,12.802877273988354,0.008924851766125008,0.03527286377097072,0.014938818596938255,0.05815718755886873,0.024727136229029334,0.015061181403061757,1.12,1.12,1.12,1.12
0.8172427094420951,0.6294324116514656,12.806586833266318,0.008913538520673836,0.0352853295229526,0.014938786798236028,0.0581685008043199,0.02471467047704745,0.015061213201763984,1.12,1.12,1.12,1.12
0.8165625639478478,0.6294188161408674,12.810295526499392,0.00890225804309036,0.03529777686571445,0.014938755551837837,0.058179781281903376,0.024702223134285606,0.015061244448162175,1.12,1.12,1.12,1.12
0.8158827926921776,0.629405338374631,12.814003352915162,0.008891010266180055,0.03531020568065013,0.014938724847031667,0.05819102905881368,0.024689794319349923,0.015061275152968345,1.12,1.12,1.12,1.12
0.8152033952565838,0.6293919779059474,12.81771031174052,0.008879795122066658,0.035322615850934436,0.014938694673309591,0.05820224420292708,0.024677384149065618,0.015061305326690422,1.12,1.12,1.12,1.12
0.8145243712238541,0.6293787342890845,12.821416402201889,0.008868612542207999,0.035335007261508566,0.014938665020372194,0.05821342678278574,0.024664992738491487,0.015061334979627819,1.12,1.12,1.12,1.12
0.8138457201780759,0.6293656070793926,12.825121623525181,0.00885746245740815,0.03534737979907032,0.014938635878124287,0.05822457686758559,0.02465262020092973,0.015061364121875725,1.12,1.12,1.12,1.12
0.8131674417046455,0.629352595833311,12.82882597493578,0.008846344797829364,0.035359733352063605,0.014938607236670925,0.05823569452716437,0.02464026664793645,0.015061392763329087,1.12,1.12,1.12,1.12
0.8124895353902795,0.6293397001083738,12.832529455658516,0.008835259493003844,0.03537206781066876,0.014938579086313283,0.05824677983198989,0.024627932189331292,0.01506142091368673,1.12,1.12,1.12,1.12
0.8118120008230225,0.6293269194632138,12.836232064917645,0.008824206471845286,0.0353843830667917,0.014938551417544979,0.05825783285314845,0.02461561693320835,0.015061448582455034,1.12,1.12,1.12,1.12
0.8111348375922568,0.6293142534575692,12.839933801936816,0.00881318566266065,0.035396679014053634,0.01493852422104805,0.05826885366233309,0.02460332098594642,0.015061475778951963,1.12,1.12,1.12,1.12
0.8104580452887126,0.6293017016522882,12.843634665939073,0.008802196993162148,0.03540895554778123,0.0149384974876893,0.05827984233183159,0.024591044452218824,0.015061502512310712,1.12,1.12,1.12,1.12
0.8097816235044756,0.6292892636093349,12.847334656146797,0.008791240390478572,0.035421212564996196,0.014938471208516449,0.058290798934515164,0.024578787435003857,0.015061528791483564,1.12,1.12,1.12,1.12
0.8091055718329948,0.6292769388917926,12.851033771781728,0.008780315781166614,0.035433449964403785,0.01493844537475475,0.05830172354382712,0.02456655003559627,0.015061554625245263,1.12,1.12,1.12,1.12
0.8084298898690921,0.62926472706387,12.854732012064927,0.008769423091222306,0.03544566764638335,0.01493841997780336,0.05831261623377143,0.024554332353616704,0.015061580022196652,1.12,1.12,1.12,1.12
0.8077545772089691,0.629252627690907,12.85842937621674,0.008758562246093005,0.035457865512977804,0.01493839500923183,0.05832347707890073,0.02454213448702225,0.015061604990768182,1.12,1.12,1.12,1.12
0.8070796334502148,0.6292406403393755,12.862125863456825,0.008747733170687721,0.03547004346788252,0.014938370460776687,0.058334306154306015,0.024529956532117536,0.015061629539223326,1.12,1.12,1.12,1.12
0.8064050581918135,0.6292287645768897,12.865821473004093,0.008736935789389333,0.035482201416435266,0.014938346324338297,0.0583451035356044,0.024517798583564787,0.015061653675661715,1.12,1.12,1.12,1.12
0.8057308510341514,0.6292169999722046,12.869516204076715,0.008726170026064795,0.0354943392656053,0.014938322591977332,0.05835586929892894,0.024505660734394752,0.01506167740802268,1.12,1.12,1.12,1.12
0.8050570115790228,0.6292053460952243,12.873210055892105,0.008715435804076799,0.03550645692398258,0.014938299255911794,0.05836660352091694,0.024493543076017477,0.015061700744088219,1.12,1.12,1.12,1.12
0.804383539429638,0.6291938025170052,12.876903027666906,0.008704733046294877,0.03551855430176776,0.014938276308513757,0.05837730627869886,0.024481445698232296,0.015061723691486256,1.12,1.12,1.12,1.12
0.8037104341906288,0.6291823688097593,12.88059511861697,0.00869406167510589,0.03553063131076095,0.014938253742306284,0.058387977649887846,0.0244693686892391,0.015061746257693728,1.12,1.12,1.12,1.12
0.8030376954680545,0.6291710445468589,12.884286327957353,0.008683421612424913,0.03554268786435094,0.014938231549960601,0.05839861771256882,0.024457312135649112,0.015061768450039412,1.12,1.12,1.12,1.12
0.8023653228694079,0.629159829302841,12.887976654902292,0.008672812779706218,0.03555472387750458,0.014938209724292939,0.05840922654528752,0.024445276122495474,0.015061790275707074,1.12,1.12,1.12,1.12
0.8016933160036214,0.6291487226534097,12.891666098665224,0.008662235097954107,0.03556673926675663,0.01493818825826404,0.05841980422703963,0.024433260733243423,0.015061811741735973,1.12,1.12,1.12,1.12
0.8010216744810713,0.6291377241754408,12.895354658458734,0.00865168848773279,0.035578733950197505,0.014938167144999473,0.05843035083726095,0.024421266049802548,0.01506183285500054,1.12,1.12,1.12,1.12
0.8003503979135854,0.6291268334469855,12.899042333494561,0.008641172869177705,0.03559070784746404,0.01493814637773308,0.05844086645581603,0.02440929215253601,0.015061853622266932,1.12,1.12,1.12,1.12
0.7996794859144455,0.6291160500472733,12.902729122983603,0.008630688162005518,0.03560266087972813,0.014938125949832515,0.05845135116298822,0.02439733912027192,0.015061874050167498,1.12,1.12,1.12,1.12
0.7990089380983936,0.6291053735567159,12.906415026135885,0.008620234285524553,0.03561459296968572,0.014938105854796727,0.058461805039469183,0.024385407030314332,0.015061894145203286,1.12,1.12,1.12,1.12
0.7983387540816349,0.6290948035569098,12.910100042160574,0.00860981115864523,0.03562650404154627,0.014938086086253133,0.058472228166348506,0.024373495958453784,0.01506191391374688,1.12,1.12,1.12,1.12
0.7976689334818424,0.62908433963064,12.913784170265956,0.008599418699889727,0.03563839402102137,0.0149380666379553,0.05848262062510401,0.024361605978978684,0.015061933362044713,1.12,1.12,1.12,1.12
0.7969994759181621,0.6290739813618835,12.917467409659444,0.008589056827402464,0.03565026283531458,0.01493804750378018,0.05849298249759127,0.02434973716468547,0.015061952496219833,1.12,1.12,1.12,1.12
0.7963303810112152,0.6290637283358109,12.921149759547554,0.008578725458960046,0.03566211041310996,0.014938028677725895,0.05850331386603369,0.024337889586890094,0.015061971322274118,1.12,1.12,1.12,1.12
0.7956616483831035,0.629053580138791,12.924831219135909,0.00856842451198142,0.03567393668456181,0.014938010153909068,0.058513614813012316,0.02432606331543824,0.015061989846090945,1.12,1.12,1.12,1.12
0.7949932776574116,0.6290435363583917,12.928511787629237,0.008558153903537258,0.03568574158128346,0.014937991926562671,0.05852388542145648,0.024314258418716594,0.015062008073437341,1.12,1.12,1.12,1.12
0.7943252684592113,0.6290335965833848,12.932191464231359,0.00854791355035972,0.03569752503633633,0.014937973990033646,0.058534125774634016,0.024302474963663723,0.015062026009966367,1.12,1.12,1.12,1.12
0.7936576204150629,0.6290237604037454,12.935870248145186,0.008537703368852234,0.035709286984219046,0.014937956338780575,0.0585443359561415,0.024290713015781007,0.015062043661219437,1.12,1.12,1.12,1.12
0.7929903331530209,0.6290140274106584,12.939548138572714,0.008527523275099369,0.03572102736085708,0.014937938967371528,0.05855451604989437,0.02427897263914297,0.015062061032628485,1.12,1.12,1.12,1.12
0.7923234063026339,0.6290043971965176,12.943225134715028,0.00851737318487561,0.03573274610359117,0.014937921870481874,0.05856466614011813,0.02426725389640888,0.015062078129518139,1.12,1.12,1.12,1.12
0.7916568394949494,0.628994869354929,12.946901235772291,0.008507253013655125,0.03574444315116676,0.014937905042892122,0.05857478631133861,0.024255556848833293,0.015062094957107891,1.12,1.12,1.12,1.12
0.7909906323625144,0.6289854434807141,12.950576440943737,0.008497162676621095,0.035756118443723506,0.014937888479485753,0.05858487664837264,0.024243881556276548,0.01506211152051426,1.12,1.12,1.12,1.12
0.7903247845393797,0.6289761191699097,12.95425074942769,0.00848710208867498,0.0357677719227838,0.014937872175247335,0.058594937236318756,0.024232228077216256,0.015062127824752677,1.12,1.12,1.12,1.12
0.7896592956610994,0.6289668960197716,12.95792416042153,0.008477071164444905,0.03577940353124209,0.014937856125260426,0.05860496816054883,0.02422059646875796,0.015062143874739586,1.12,1.12,1.12,1.12
0.7889941653647352,0.6289577736287768,12.96159667312172,0.00846706981829587,0.035791013213354594,0.014937840324705506,0.05861496950669787,0.02420898678664546,0.015062159675294506,1.12,1.12,1.12,1.12
0.7883293932888565,0.6289487515966239,12.965268286723791,0.008457097964337523,0.03580260091472759,0.014937824768858271,0.05862494136065621,0.024197399085272464,0.015062175231141742,1.12,1.12,1.12,1.12
0.7876649790735432,0.6289398295242349,12.968939000422344,0.00844715551643338,0.03581416658230707,0.014937809453087439,0.058634883808560356,0.02418583341769298,0.015062190546912574,1.12,1.12,1.12,1.12
0.7870009223603855,0.6289310070137581,12.972608813411046,0.008437242388209865,0.03582571016436814,0.014937794372853211,0.05864479693678387,0.024174289835631912,0.015062205627146802,1.12,1.12,1.12,1.12
0.7863372227924874,0.6289222836685691,12.976277724882639,0.008427358493064474,0.03583723161050373,0.014937779523705272,0.05865468083192926,0.024162768389496325,0.015062220476294741,1.12,1.12,1.12,1.12
0.7856738800144657,0.628913659093271,12.979945734028925,0.00841750374417477,0.035848730871614165,0.014937764901280945,0.058664535580818966,0.024151269128385888,0.015062235098719068,1.12,1.12,1.12,1.12
0.7850108936724521,0.6289051328936974,12.98361284004079,0.008407678054505985,0.03586020789989619,0.014937750501303665,0.05867436127048775,0.024139792100103863,0.015062249498696348,1.12,1.12,1.12,1.12
0.7843482634140937,0.6288967046769134,12.987279042108181,0.0083978813368204,0.03587166264883229,0.014937736319581008,0.058684157988173336,0.02412833735116776,0.015062263680419005,1.12,1.12,1.12,1.12
0.7836859888885535,0.6288883740512156,12.990944339420114,0.008388113503684347,0.035883095073180216,0.01493772235200326,0.05869392582130939,0.024116904926819838,0.015062277647996752,1.12,1.12,1.12,1.12
0.7830240697465118,0.628880140626134,12.994608731164684,0.008378374467477856,0.03589450512896142,0.014937708594541646,0.05870366485751588,0.024105494871038635,0.015062291405458367,1.12,1.12,1.12,1.12
0.7823625056401655,0.6288720040124336,12.998272216529067,0.008368664140402104,0.03590589277345152,0.014937695043246671,0.05871337518459163,0.024094107226548533,0.015062304956753342,1.12,1.12,1.12,1.12
0.781701296223229,0.6288639638221142,13.001934794699496,0.00835898243448735,0.035917257965168925,0.014937681694246557,0.05872305689050639,0.02408274203483113,0.015062318305753455,1.12,1.12,1.12,1.12
0.7810404411509343,0.6288560196684121,13.005596464861306,0.008349329261600869,0.03592860066386416,0.014937668543745897,0.05873271006339287,0.02407139933613589,0.015062331456254116,1.12,1.12,1.12,1.12
0.7803799400800303,0.6288481711658002,13.0092572261989,0.008339704533454173,0.03593992083050962,0.01493765558802379,0.05874233479153956,0.024060079169490434,0.015062344411976222,1.12,1.12,1.12,1.12
0.779719792668784,0.6288404179299892,13.01291707789577,0.008330108161611838,0.03595121842728832,0.014937642823432712,0.0587519311633819,0.02404878157271173,0.015062357176567301,1.12,1.12,1.12,1.12
0.7790599985769788,0.6288327595779276,13.016576019134487,0.008320540057498105,0.03596249341758401,0.014937630246396771,0.05876149926749563,0.024037506582416046,0.015062369753603241,1.12,1.12,1.12,1.12
0.7784005574659156,0.6288251957278028,13.020234049096729,0.008311000132404822,0.03597374576597001,0.014937617853410495,0.058771039192588914,0.024026254234030042,0.015062382146589517,1.12,1.12,1.12,1.12
0.7777414689984113,0.6288177259990415,13.023891166963251,0.008301488297498827,0.03598497543819934,0.014937605641037244,0.05878055102749491,0.024015024561800713,0.015062394358962769,1.12,1.12,1.12,1.12
0.7770827328387981,0.6288103500123097,13.027547371913913,0.00829200446382955,0.035996182401193844,0.014937593605907892,0.058790034861164187,0.02400381759880621,0.01506240639409212,1.12,1.12,1.12,1.12
0.7764243486529168,0.6288030673895062,13.031202663127676,0.008282548542329904,0.036007366623027115,0.01493758174472018,0.05879949078266383,0.02399263337697294,0.015062418255279833,1.12,1.12,1.12,1.12
0.7757663161081247,0.6287958777537725,13.034857039782597,0.00827312044383205,0.036018528072923384,0.014937570054236474,0.05880891888116169,0.02398147192707667,0.015062429945763539,1.12,1.12,1.12,1.12
0.7751086348732971,0.6287887807294947,13.038510501055857,0.00826372007907522,0.03602966672124808,0.014937558531282341,0.058818319245918516,0.023970333278751976,0.015062441468717672,1.12,1.12,1.12,1.12
0.7744513046188204,0.6287817759422984,13.04216304612374,0.008254347358709113,0.036040782539493776,0.014937547172745771,0.05882769196628462,0.023959217460506277,0.015062452827254241,1.12,1.12,1.12,1.12
0.7737943250165927,0.6287748630190504,13.045814674161653,0.00824500219330121,0.03605187550026989,0.014937535975575816,0.05883703713169253,0.02394812449973016,0.015062464024424196,1.12,1.12,1.12,1.12
0.7731376957400219,0.6287680415878569,13.049465384344122,0.008235684493343498,0.03606294557729195,0.014937524936781424,0.05884635483165024,0.023937054422708104,0.015062475063218589,1.12,1.12,1.12,1.12
0.7724814164640241,0.6287613112780646,13.05311517584481,0.0082263941692588,0.03607399274537182,0.014937514053430134,0.05885564515573494,0.023926007254628234,0.015062485946569878,1.12,1.12,1.12,1.12
0.7718254868650224,0.6287546717202592,13.056764047836507,0.008217131131407651,0.03608501698040528,0.014937503322647094,0.058864908193586085,0.02391498301959477,0.015062496677352918,1.12,1.12,1.12,1.12
0.7711699066209443,0.6287481225462666,13.060411999491137,0.008207895290094858,0.036096018259361595,0.014937492741613795,0.05887414403489888,0.023903981740638458,0.015062507258386218,1.12,1.12,1.12,1.12
0.7705146754112224,0.628741663389151,13.06405902997977,0.00819868655557554,0.03610699656027955,0.01493748230756696,0.058883352769418196,0.023893003439720506,0.015062517692433053,1.12,1.12,1.12,1.12
0.7698597929167907,0.6287352938832159,13.06770513847263,0.00818950483806219,0.036117951862253195,0.014937472017797548,0.05889253448693155,0.02388204813774686,0.015062527982202464,1.12,1.12,1.12,1.12
0.7692052588200831,0.6287290136640028,13.071350324139088,0.008180350047730156,0.036128884145421813,0.014937461869649393,0.05890168927726358,0.02387111585457824,0.01506253813035062,1.12,1.12,1.12,1.12
0.7685510728050318,0.628722822368291,13.074994586147682,0.008171222094724595,0.03613979339095996,0.014937451860518577,0.05891081723026914,0.02386020660904009,0.015062548139481435,1.12,1.12,1.12,1.12
0.7678972345570654,0.6287167196340957,13.07863792366611,0.008162120889165458,0.03615067958106677,0.014937441987852046,0.05891991843582828,0.023849320418933284,0.015062558012147967,1.12,1.12,1.12,1.12
0.7672437437631059,0.6287107051006697,13.082280335861247,0.008153046341154435,0.03616154269895672,0.014937432249147009,0.0589289929838393,0.023838457301043336,0.015062567750853004,1.12,1.12,1.12,1.12
0.7665906001115683,0.6287047784085008,13.085921821899145,0.008143998360780558,0.03617238272884926,0.014937422641956563,0.05893804096421318,0.02382761727115079,0.01506257735804345,1.12,1.12,1.12,1.12
0.7659378032923571,0.6286989391993117,13.089562380945033,0.008134976858126086,0.03618319965595945,0.014937413163874314,0.05894706246686765,0.0238168003440406,0.0150625868361257,1.12,1.12,1.12,1.12
0.7652853529968632,0.6286931871160587,13.093202012163335,0.008125981743271726,0.036193993466486885,0.01493740381254098,0.05895605758172201,0.02380600653351317,0.015062596187459032,1.12,1.12,1.12,1.12
0.7646332489179639,0.6286875218029309,13.096840714717674,0.008117012926303013,0.03620476414760726,0.014937394585643332,0.05896502639869072,0.023795235852392793,0.01506260541435668,1.12,1.12,1.12,1.12
0.7639814907500176,0.6286819429053501,13.100478487770872,0.008108070317315808,0.03621551168746151,0.01493738548091339,0.05897396900767793,0.023784488312538543,0.015062614519086623,1.12,1.12,1.12,1.12
0.7633300781888637,0.6286764500699686,13.104115330484968,0.008099153826421013,0.03622623607514658,0.014937376496127489,0.058982885498572724,0.023773763924853475,0.015062623503872524,1.12,1.12,1.12,1.12
0.7626790109318171,0.628671042944668,13.107751242021207,0.008090263363750905,0.036236937300705374,0.014937367629105289,0.05899177596124283,0.02376306269929468,0.015062632370894724,1.12,1.12,1.12,1.12
0.7620282886776689,0.6286657211785599,13.111386221540066,0.008081398839463794,0.036247615355117446,0.014937358877709056,0.05900064048552994,0.023752384644882607,0.015062641122290957,1.12,1.12,1.12,1.12
0.7613779111266809,0.6286604844219816,13.11502026820125,0.00807256016374941,0.0362582702302886,0.01493735023984287,0.05900947916124433,0.02374172976971145,0.015062649760157143,1.12,1.12,1.12,1.12
0.7607278779805835,0.6286553323264983,13.118653381163702,0.008063747246834452,0.036268901919042695,0.014937341713451499,0.059018292078159285,0.023731098080957358,0.015062658286548514,1.12,1.12,1.12,1.12
0.7600781889425738,0.6286502645448988,13.122285559585604,0.008054959998987254,0.03627951041511013,0.014937333296519903,0.05902707932600648,0.023720489584889926,0.01506266670348011,1.12,1.12,1.12,1.12
0.7594288437173109,0.6286452807311962,13.125916802624399,0.008046198330522614,0.03629009571312031,0.014937324987072245,0.05903584099447112,0.023709904286879746,0.015062675012927768,1.12,1.12,1.12,1.12
0.7587798420109148,0.6286403805406252,13.129547109436782,0.008037462151807506,0.03630065780848968,0.014937316783171284,0.05904457717318623,0.023699342191510375,0.015062683216828729,1.12,1.12,1.12,1.12
0.758131183530961,0.6286355636296413,13.13317647917871,0.008028751373265974,0.036311196697599746,0.014937308682917413,0.05905328795172776,0.023688803302400308,0.0150626913170826,1.12,1.12,1.12,1.12
0.7574828679864796,0.628630829655919,13.136804911005422,0.0080200659053839,0.03632171237771248,0.014937300684448054,0.05906197341960984,0.023678287622287575,0.015062699315551958,1.12,1.12,1.12,1.12
0.7568348950879508,0.6286261782783502,13.14043240407143,0.008011405658712667,0.036332204846950156,0.014937292785936834,0.05907063366628107,0.023667795153049898,0.015062707214063178,1.12,1.12,1.12,1.12
0.7561872645473013,0.6286216091570429,13.144058957530532,0.008002770543874604,0.03634267410428632,0.01493728498559295,0.05907926878111913,0.023657325895713732,0.015062715014407063,1.12,1.12,1.12,1.12
0.755539976077902,0.628617121953319,13.147684570535827,0.007994160471566814,0.03635312014953629,0.014937277281660374,0.05908787885342692,0.023646879850463765,0.015062722718339638,1.12,1.12,1.12,1.12
0.7548930293945642,0.6286127163297129,13.15130924223971,0.007985575352565777,0.03636354298334832,0.014937269672417236,0.05909646397242796,0.023636457016651735,0.015062730327582777,1.12,1.12,1.12,1.12
0.754246424213536,0.6286083919499701,13.154932971793894,0.007977015097732465,0.036373942607194454,0.014937262156175066,0.05910502422726127,0.0236260573928056,0.015062737843824947,1.12,1.12,1.12,1.12
0.7536001602524984,0.6286041484790442,13.158555758349394,0.007968479618015334,0.036384319023361145,0.014937254731278243,0.0591135597069784,0.02361568097663891,0.01506274526872177,1.12,1.12,1.12,1.12
0.7529542372305631,0.6285999855830966,13.162177601056563,0.007959968824455654,0.03639467223494047,0.014937247396103276,0.05912207050053808,0.02360532776505958,0.015062752603896737,1.12,1.12,1.12,1.12
0.7523086548682674,0.6285959029294936,13.165798499065074,0.007951482628191064,0.03640500224582116,0.014937240149058117,0.05913055669680267,0.023594997754178892,0.015062759850941895,1.12,1.12,1.12,1.12
0.7516634128875712,0.6285919001868046,13.169418451523956,0.0079430209404599,0.03641530906067936,0.014937232988581642,0.05913901838453384,0.023584690939320696,0.015062767011418371,1.12,1.12,1.12,1.12
0.7510185110118534,0.6285879770247998,13.173037457581565,0.007934583672605078,0.03642559268497003,0.01493722591314299,0.05914745565238866,0.02357440731503002,0.015062774086857023,1.12,1.12,1.12,1.12
0.7503739489659081,0.6285841331144497,13.176655516385628,0.00792617073607832,0.03643585312491815,0.014937218921240905,0.05915586858891542,0.023564146875081904,0.015062781078759108,1.12,1.12,1.12,1.12
0.7497297264759407,0.6285803681279207,13.180272627083223,0.007917782042443366,0.03644609038750979,0.014937212011403245,0.05916425728255037,0.023553909612490265,0.015062787988596768,1.12,1.12,1.12,1.12
0.7490858432695646,0.6285766817385752,13.183888788820802,0.007909417503380756,0.03645630448048348,0.014937205182186303,0.05917262182161298,0.023543695519516572,0.01506279481781371,1.12,1.12,1.12,1.12
0.7484422990757962,0.6285730736209678,13.187504000744202,0.007901077030690595,0.03646649541232139,0.014937198432174406,0.05918096229430314,0.023533504587678666,0.015062801567825607,1.12,1.12,1.12,1.12
0.7477990936250514,0.6285695434508437,13.19111826199863,0.00789276053629645,0.03647666319224069,0.014937191759979235,0.059189278788697286,0.023523336807759365,0.015062808240020778,1.12,1.12,1.12,1.12
0.747156226649143,0.6285660909051375,13.19473157172869,0.007884467932249783,0.03648680783018532,0.014937185164239183,0.05919757139274395,0.023513192169814734,0.01506281483576083,1.12,1.12,1.12,1.12
0.7465136978812748,0.628562715661969,13.1983439290784,0.007876199130731898,0.03649692933681681,0.014937178643619084,0.05920584019426184,0.023503070663183245,0.015062821356380929,1.12,1.12,1.12,1.12
0.7458715070560393,0.6285594174006429,13.201955333191174,0.0078679540440591,0.03650702772350678,0.014937172196809428,0.059214085280934636,0.023492972276493274,0.015062827803190584,1.12,1.12,1.12,1.12
0.7452296539094114,0.6285561958016441,13.205565783209838,0.00785973258468492,0.03651710300232752,0.014937165822526119,0.05922230674030882,0.02348289699767253,0.015062834177473894,1.12,1.12,1.12,1.12
0.7445881381787474,0.6285530505466386,13.209175278276653,0.007851534665203774,0.0365271551860441,0.01493715951950969,0.05923050465978996,0.02347284481395595,0.015062840480490322,1.12,1.12,1.12,1.12
0.7439469596027775,0.6285499813184677,13.212783817533305,0.007843360198354354,0.036537184288105984,0.01493715328652502,0.05923867912663938,0.02346281571189407,0.015062846713474992,1.12,1.12,1.12,1.12
0.7433061179215976,0.6285469878011298,13.216391400120846,0.00783520909701002,0.036547190322626544,0.014937147122359815,0.059246830227983716,0.02345280967737351,0.015062852877640198,1.12,1.12,1.12,1.12
0.7426656128766549,0.6285440696797517,13.219998025179631,0.007827081274163539,0.03655717330435687,0.014937141025822873,0.0592549580508302,0.023442826695643182,0.01506285897417714,1.12,1.12,1.12,1.12
0.742025444210781,0.6285412266406905,13.223603691849677,0.007818976643004738,0.03656713324875022,0.014937134995749016,0.059263062681989,0.023432866751249837,0.015062865004250997,1.12,1.12,1.12,1.12
0.7413856116681679,0.6285384583714699,13.227208399270465,0.007810895116879435,0.03657707017191175,0.014937129030995547,0.0592711442081143,0.0234229298280883,0.015062870969004466,1.12,1.12,1.12,1.12
0.7407461149943609,0.6285357645607785,13.230812146580956,0.007802836609293429,0.03658698409059008,0.014937123130441599,0.05927920271570031,0.023413015909409973,0.015062876869558414,1.12,1.12,1.12,1.12
0.7401069539362558,0.6285331448984661,13.234414932919586,0.007794801033914556,0.03659687502216924,0.014937117292988106,0.05928723829107918,0.023403124977830814,0.015062882707011907,1.12,1.12,1.12,1.12
0.7394681282420941,0.6285305990755419,13.238016757424264,0.007786788304575909,0.036606742984661045,0.01493711151755682,0.05929525102041783,0.02339325701533901,0.015062888482443193,1.12,1.12,1.12,1.12
0.7388296376614587,0.6285281267841715,13.241617619232407,0.007778798335278225,0.03661658799669654,0.01493710580309042,0.05930324098971551,0.023383412003303516,0.015062894196909593,1.12,1.12,1.12,1.12
0.7381914819452696,0.6285257277176746,13.245217517480924,0.007770831040193604,0.036626410077519156,0.01493710014855168,0.05931120828480013,0.023373589922480897,0.015062899851448333,1.12,1.12,1.12,1.12
0.7375536608457796,0.6285234015705214,13.248816451306233,0.007762886333666563,0.03663620924697614,0.014937094552923344,0.05931915299132717,0.023363790753023916,0.015062905447076669,1.12,1.12,1.12,1.12
0.7369161741165695,0.628521148038331,13.252414419844271,0.007754964130218034,0.03664598552551085,0.014937089015207641,0.0593270751947757,0.023354014474489204,0.015062910984792371,1.12,1.12,1.12,1.12
0.7362790215125439,0.6285189668178683,13.256011422230493,0.00774706434454725,0.03665573893415586,0.014937083534425868,0.05933497498044649,0.023344261065844196,0.015062916465574144,1.12,1.12,1.12,1.12
0.7356422027899268,0.6285168576070407,13.259607457599888,0.007739186891534244,0.036665469494524205,0.014937078109618043,0.05934285243345949,0.023334530505475848,0.01506292189038197,1.12,1.12,1.12,1.12
0.7350057177062568,0.6285148201048951,13.263202525086982,0.007731331686242238,0.036675177228802314,0.014937072739842544,0.0593507076387515,0.02332482277119774,0.015062927260157469,1.12,1.12,1.12,1.12
0.7343695660203826,0.6285128540116173,13.266796623825853,0.007723498643920301,0.03668486215974265,0.014937067424175804,0.059358540681073435,0.023315137840257405,0.015062932575824209,1.12,1.12,1.12,1.12
0.7337337474924596,0.6285109590285256,13.27038975295012,0.0077156876800054675,0.036694524310656396,0.014937062161711798,0.05936635164498827,0.023305475689343658,0.015062937838288215,1.12,1.12,1.12,1.12
0.7330982618839432,0.6285091348580711,13.273981911592976,0.007707898710124783,0.036704163705405246,0.014937056951561861,0.05937414061486895,0.023295836294594807,0.015062943048438152,1.12,1.12,1.12,1.12
0.7324631089575858,0.6285073812038328,13.277573098887176,0.00770013165009803,0.036713780368394844,0.014937051792854206,0.059381907674895706,0.02328621963160521,0.015062948207145807,1.12,1.12,1.12,1.12
0.7318282884774323,0.6285056977705162,13.281163313965052,0.007692386415939223,0.03672337432456724,0.014937046684733724,0.05938965290905451,0.023276625675432816,0.01506295331526629,1.12,1.12,1.12,1.12
0.7311938002088145,0.6285040842639488,13.284752555958518,0.007684662923859165,0.03673294559939416,0.014937041626361544,0.05939737640113457,0.02326705440060589,0.015062958373638469,1.12,1.12,1.12,1.12
0.7305596439183873,0.6285025403911106,13.288340823999043,0.007676961090293866,0.03674249421890158,0.01493703661690976,0.05940507823469987,0.023257505781098475,0.015062963383090253,1.12,1.12,1.12,1.12
0.7299258193740628,0.6285010658600823,13.29192811721772,0.007669280831866243,0.03675202020961327,0.01493703165556888,0.05941275849312749,0.023247979790386786,0.015062968344431132,1.12,1.12,1.12,1.12
0.7292923263450057,0.6284996603800423,13.295514434745265,0.007661622065389062,0.036761523598544676,0.014937026741547357,0.059420417259604674,0.023238476401455377,0.015062973258452655,1.12,1.12,1.12,1.12
0.7286591646016505,0.6284983236612792,13.299099775712012,0.007653984707879424,0.03677100441321135,0.014937021874068673,0.05942805461711431,0.023228995586788703,0.01506297812593134,1.12,1.12,1.12,1.12
0.7280263339156949,0.6284970554151909,13.30268413924791,0.007646368676561155,0.03678046268162288,0.014937017052370993,0.05943567064843258,0.02321953731837717,0.01506298294762902,1.12,1.12,1.12,1.12
0.7273938340600972,0.6284958553542785,13.306267524482536,0.007638773888865857,0.036789898432275536,0.014937012275707082,0.05944326543612788,0.023210101567724517,0.015062987724292931,1.12,1.12,1.12,1.12
0.7267616648090698,0.6284947231921456,13.30984993054511,0.007631200262435356,0.03679931169414519,0.01493700754334365,0.05945083906255838,0.023200688305854866,0.015062992456656363,1.12,1.12,1.12,1.12
0.7261298259380755,0.6284936586434946,13.31343135656448,0.007623647715123305,0.03680870249668117,0.01493700285456144,0.05945839160987043,0.023191297503318886,0.015062997145438572,1.12,1.12,1.12,1.12
0.7254983172238231,0.6284926614241226,13.317011801669159,0.0076161161649963005,0.03681807086979849,0.01493699820865474,0.059465923159997436,0.023181929130201562,0.015063001791345274,1.12,1.12,1.12,1.12
0.724867138444261,0.6284917312509197,13.320591264987307,0.007608605530336265,0.03682741684387203,0.014936993604931253,0.05947343379465747,0.023172583156128024,0.01506300639506876,1.12,1.12,1.12,1.12
0.7242362893785743,0.6284908678418657,13.324169745646747,0.007601115729641672,0.036836740449729566,0.01493698904271168,0.059480923595352064,0.023163259550270487,0.015063010957288334,1.12,1.12,1.12,1.12
0.7236057698071797,0.6284900709160252,13.327747242774972,0.007593646681628541,0.03684604171864475,0.014936984521329494,0.059488392643365196,0.023153958281355302,0.015063015478670519,1.12,1.12,1.12,1.12
0.7229755795117199,0.6284893401935465,13.331323755499158,0.00758619830523255,0.036855320682331216,0.014936980040130873,0.059495841019761186,0.023144679317668837,0.01506301995986914,1.12,1.12,1.12,1.12
0.7223457182750592,0.6284886753956578,13.334899282946163,0.007578770519608313,0.03686457737293547,0.014936975598474178,0.05950326880538542,0.023135422627064584,0.015063024401525835,1.12,1.12,1.12,1.12
0.7217161858812795,0.6284880762446634,13.338473824242534,0.007571363244134821,0.03687381182303068,0.014936971195729926,0.059510676080858915,0.023126188176969376,0.015063028804270087,1.12,1.12,1.12,1.12
0.7210869821156746,0.6284875424639413,13.34204737851452,0.007563976398415162,0.03688302406561084,0.014936966831280402,0.059518062926578574,0.023116975934389217,0.015063033168719611,1.12,1.12,1.12,1.12
0.7204581067647459,0.6284870737779397,13.345619944888073,0.007556609902277245,0.03689221413408322,0.014936962504519577,0.05952542942271649,0.02310778586591683,0.015063037495480436,1.12,1.12,1.12,1.12
0.7198295596161977,0.6284866699121734,13.349191522488859,0.007549263675775297,0.03690138206226329,0.014936958214852691,0.05953277564921844,0.023098617937736765,0.015063041785147321,1.12,1.12,1.12,1.12
0.7192013404589318,0.6284863305932217,13.35276211044226,0.007541937639191143,0.03691052788436738,0.014936953961696309,0.05954010168580259,0.02308947211563267,0.015063046038303704,1.12,1.12,1.12,1.12
0.7185734490830434,0.6284860555487228,13.356331707873396,0.007534631713035089,0.03691965163500721,0.014936949744477707,0.05954740761195865,0.023080348364992842,0.015063050255522306,1.12,1.12,1.12,1.12
0.7179458852798164,0.628485844507374,13.359900313907099,0.007527345818047759,0.03692875334918394,0.014936945562635015,0.05955469350694598,0.023071246650816113,0.015063054437364998,1.12,1.12,1.12,1.12
0.7173186488417177,0.628485697198925,13.36346792766796,0.007520079875200314,0.03693783306228099,0.014936941415616883,0.05956195944979342,0.023062166937719064,0.01506305858438313,1.12,1.12,1.12,1.12
0.7166917395623937,0.6284856133541773,13.367034548280307,0.007512833805696173,0.036946890810059085,0.014936937302882189,0.05956920551929756,0.023053109189940968,0.015063062697117824,1.12,1.12,1.12,1.12
0.7160651572366646,0.6284855927049787,13.370600174868224,0.007505607530971681,0.03695592662864988,0.014936933223899926,0.059576431794022056,0.02304407337135017,0.015063066776100087,1.12,1.12,1.12,1.12
0.715438901660519,0.6284856349842217,13.374164806555552,0.00749840097269755,0.03696494055454985,0.014936929178149039,0.05958363835229619,0.0230350594454502,0.015063070821850974,1.12,1.12,1.12,1.12
0.7148129726311112,0.6284857399258392,13.377728442465894,0.007491214052779249,0.03697393262461479,0.014936925165118187,0.05959082527221449,0.023026067375385262,0.015063074834881826,1.12,1.12,1.12,1.12
0.7141873699467546,0.6284859072648024,13.381291081722644,0.007484046693358615,0.036982902876053436,0.014936921184305382,0.05959799263163512,0.023017097123946617,0.01506307881569463,1.12,1.12,1.12,1.12
0.7135620934069173,0.6284861367371157,13.384852723448954,0.00747689881681407,0.03699185134642241,0.0149369172352182,0.059605140508179666,0.023008148653577642,0.015063082764781813,1.12,1.12,1.12,1.12
0.7129371428122186,0.6284864280798145,13.388413366767777,0.007469770345762072,0.037000778073620066,0.014936913317373166,0.059612268979231664,0.022999221926379987,0.015063086682626847,1.12,1.12,1.12,1.12
0.7123125179644213,0.6284867810309621,13.391973010801845,0.007462661203057219,0.03700968309588015,0.014936909430296033,0.05961937812193652,0.0229903169041199,0.01506309056970398,1.12,1.12,1.12,1.12
0.7116882186664301,0.6284871953296453,13.395531654673706,0.007455571311793807,0.03701856645176754,0.014936905573521078,0.05962646801319993,0.02298143354823251,0.015063094426478935,1.12,1.12,1.12,1.12
0.7110642447222851,0.6284876707159722,13.399089297505697,0.007448500595306273,0.037027428180171795,0.014936901746591347,0.05963353872968746,0.022972571819828258,0.015063098253408666,1.12,1.12,1.12,1.12
0.7104405959371571,0.628488206931068,13.402645938419974,0.007441448977169529,0.03703626832030149,0.014936897949058253,0.05964059034782421,0.022963731679698562,0.01506310205094176,1.12,1.12,1.12,1.12
0.709817272117343,0.6284888037170723,13.406201576538512,0.007434416381200293,0.03704508691167935,0.01493689418048151,0.059647622943793444,0.022954913088320705,0.015063105819518502,1.12,1.12,1.12,1.12
0.7091942730702624,0.6284894608171347,13.409756210983103,0.007427402731457755,0.03705388399413634,0.014936890440428882,0.05965463659353598,0.022946116005863715,0.01506310955957113,1.12,1.12,1.12,1.12
0.7085715986044495,0.6284901779754137,13.413309840875382,0.007420407952243413,0.037062659607806525,0.014936886728476262,0.05966163137275032,0.022937340392193528,0.015063113271523751,1.12,1.12,1.12,1.12
0.7079492485295518,0.6284909549370696,13.416862465336807,0.007413431968102291,0.03707141379312129,0.01493688304420722,0.059668607356891445,0.022928586206878765,0.015063116955792794,1.12,1.12,1.12,1.12
0.7073272226563234,0.6284917914482646,13.420414083488685,0.007406474703823662,0.037080146590805,0.014936879387212998,0.059675564621170074,0.022919853409195057,0.015063120612787015,1.12,1.12,1.12,1.12
0.706705520796621,0.6284926872561587,13.423964694452176,0.007399536084441272,0.03708885804186879,0.014936875757092322,0.059682503240552465,0.022911141958131265,0.015063124242907691,1.12,1.12,1.12,1.12
0.7060841427633989,0.6284936421089043,13.427514297348287,0.007392616035233723,0.037097548187605744,0.014936872153451311,0.05968942328976001,0.02290245181239431,0.015063127846548702,1.12,1.12,1.12,1.12
0.7054630883707038,0.6284946557556452,13.431062891297895,0.0073857144817252585,0.03710621706958567,0.014936868575903345,0.05969632484326848,0.022893782930414386,0.015063131424096668,1.12,1.12,1.12,1.12
0.7048423574336713,0.628495727946512,13.43461047542173,0.0073788313496861435,0.03711486472965064,0.01493686502406874,0.05970320797530759,0.02288513527034941,0.015063134975931272,1.12,1.12,1.12,1.12
0.7042219497685194,0.6284968584326187,13.438157048840411,0.007371966565132948,0.03712349120990854,0.014936861497574921,0.05971007275986079,0.02287650879009151,0.015063138502425091,1.12,1.12,1.12,1.12
0.7036018651925453,0.6284980469660599,13.441702610674424,0.0073651200543290996,0.03713209655272942,0.014936857996056,0.05971691927066464,0.022867903447270632,0.015063142003944013,1.12,1.12,1.12,1.12
0.7029821035241206,0.6284992932999073,13.445247160044149,0.007358291743785217,0.037140680800740344,0.01493685451915272,0.05972374758120852,0.02285931919925971,0.015063145480847293,1.12,1.12,1.12,1.12
0.7023626645826859,0.6285005971882054,13.44879069606984,0.0073514815602597205,0.0371492439968199,0.014936851066512227,0.059730557764734016,0.02285075600318015,0.015063148933487785,1.12,1.12,1.12,1.12
0.7017435481887477,0.6285019583859697,13.45233321787166,0.007344689430758555,0.037157786184094266,0.014936847637787964,0.05973734989423518,0.022842213815905787,0.015063152362212048,1.12,1.12,1.12,1.12
0.7011247541638705,0.6285033766491814,13.45587472456967,0.007337915282535856,0.037166307405931076,0.01493684423263994,0.05974412404245788,0.022833692594068977,0.015063155767360073,1.12,1.12,1.12,1.12
0.7005062823306738,0.6285048517347861,13.459415215283844,0.007331159043094393,0.0371748077059354,0.014936840850734323,0.05975088028189934,0.022825192294064656,0.01506315914926569,1.12,1.12,1.12,1.12
0.6998881325128274,0.6285063834006881,13.462954689134072,0.007324420640184848,0.03718328712794472,0.014936837491743446,0.05975761868480889,0.022816712872055334,0.015063162508256567,1.12,1.12,1.12,1.12
0.6992703045350475,0.6285079714057489,13.466493145240154,0.00731770000180737,0.03719174571602496,0.014936834155345441,0.059764339323186366,0.022808254283975093,0.015063165844654572,1.12,1.12,1.12,1.12
0.69865279822309,0.6285096155097829,13.470030582721831,0.0073109970562107995,0.03720018351446486,0.014936830841224352,0.05977104226878294,0.022799816485535196,0.01506316915877566,1.12,1.12,1.12,1.12
0.6980356134037482,0.6285113154735541,13.473567000698758,0.0073043117318935535,0.03720860056777231,0.014936827549069817,0.05977772759310018,0.022791399432227744,0.015063172450930196,1.12,1.12,1.12,1.12
0.6974187499048473,0.6285130710587734,13.477102398290539,0.007297643957602962,0.03721699692066949,0.014936824278577066,0.059784395367390775,0.022783003079330566,0.015063175721422947,1.12,1.12,1.12,1.12
0.6968022075552391,0.6285148820280935,13.480636774616709,0.007290993662336376,0.037225372618088226,0.014936821029446892,0.05979104566265736,0.022774627381911827,0.01506317897055312,1.12,1.12,1.12,1.12
0.6961859861847981,0.6285167481451075,13.484170128796762,0.007284360775340282,0.0372337277051657,0.014936817801385366,0.059797678549653455,0.022766272294834355,0.015063182198614647,1.12,1.12,1.12,1.12
0.695570085624416,0.6285186691743443,13.48770245995013,0.0072777452261110764,0.03724206222723986,0.014936814594103925,0.05980429409888266,0.022757937772760195,0.015063185405896087,1.12,1.12,1.12,1.12
0.6949545057059986,0.6285206448812652,13.491233767196215,0.007271146944394846,0.037250376229845505,0.014936811395243804,0.05981089238059889,0.022749623770154548,0.015063188604756209,1.12,1.12,1.12,1.12
0.694339246261939,0.6285226750323549,13.494764049657912,0.00726456586018992,0.03725866975857639,0.01493680821680965,0.059817473464803816,0.022741330241423663,0.015063191783190363,1.12,1.12,1.12,1.12
0.6937243071261645,0.6285247593949281,13.49829330645448,0.0072580019037442045,0.03726694285935084,0.014936805058523558,0.05982403742124953,0.022733057140649215,0.015063194941476454,1.12,1.12,1.12,1.12
0.6931096881336014,0.6285268977372227,13.501821536705162,0.007251455005555074,0.03727519557827064,0.014936801920112652,0.05983058431943866,0.022724804421729417,0.01506319807988736,1.12,1.12,1.12,1.12
0.6924953891201714,0.6285290898283953,13.505348739529186,0.007244925096369703,0.037283427961617044,0.014936798801308812,0.05983711422862403,0.02271657203838301,0.0150632011986912,1.12,1.12,1.12,1.12
0.6918814099227858,0.6285313354385184,13.508874914045762,0.007238412107185177,0.03729164005584695,0.01493679570184872,0.05984362721780856,0.0227083599441531,0.015063204298151292,1.12,1.12,1.12,1.12
0.6912677503793407,0.6285336343385771,13.512400059374087,0.00723191596924766,0.0372998319075879,0.014936792621473738,0.05985012335574608,0.022700168092412154,0.015063207378526275,1.12,1.12,1.12,1.12
0.6906544103287143,0.6285359863004653,13.515924174633358,0.007225436614053338,0.037308003563635395,0.014936789559929789,0.0598566027109404,0.02269199643636466,0.015063210440070224,1.12,1.12,1.12,1.12
0.690041389610761,0.6285383910969827,13.519447258942778,0.007218973973347476,0.0373161550709476,0.014936786516967351,0.05986306535164626,0.022683844929052455,0.015063213483032661,1.12,1.12,1.12,1.12
0.6894286880663064,0.6285408485018315,13.522969311421548,0.007212527979124583,0.03732428647664199,0.014936783492341163,0.05986951134586915,0.022675713523358065,0.01506321650765885,1.12,1.12,1.12,1.12
0.6888163055371443,0.6285433582896124,13.526490331188883,0.007206098563628804,0.03733239782799136,0.014936780485810416,0.05987594076136493,0.022667602172008694,0.015063219514189596,1.12,1.12,1.12,1.12
0.6882042418660312,0.6285459202358219,13.530010317364017,0.00719968565935275,0.03734048917242,0.014936777497138468,0.059882353665640986,0.022659510827580054,0.015063222502861545,1.12,1.12,1.12,1.12
0.6875924968966823,0.6285485341168491,13.533529269066202,0.0071932891990382775,0.037348560557499744,0.01493677452609285,0.05988875012595546,0.02265143944250031,0.015063225473907163,1.12,1.12,1.12,1.12
0.6869810704737662,0.6285511997099711,13.53704718541472,0.007186909115675599,0.0373566120309462,0.014936771572445162,0.05989513020931814,0.022643387969053852,0.01506322842755485,1.12,1.12,1.12,1.12
0.686369962442901,0.6285539167933515,13.540564065528878,0.007180545342503675,0.03736464364061487,0.014936768635971043,0.05990149398249006,0.022635356359385184,0.01506323136402897,1.12,1.12,1.12,1.12
0.685759172650651,0.6285566851460349,13.544079908528024,0.007174197813009542,0.03737265543449719,0.014936765716449932,0.059907841511984194,0.02262734456550286,0.015063234283550081,1.12,1.12,1.12,1.12
0.6851487009445194,0.6285595045479462,13.547594713531549,0.00716786646092854,0.03738064746071801,0.014936762813665197,0.059914172864065196,0.022619352539282045,0.015063237186334816,1.12,1.12,1.12,1.12
0.6845385471729476,0.6285623747798846,13.551108479658884,0.007161551220243367,0.03738861976753027,0.014936759927404009,0.05992048810475037,0.02261138023246978,0.015063240072596004,1.12,1.12,1.12,1.12
0.683928711185307,0.628565295623522,13.55462120602951,0.007155252025184744,0.037396572403312955,0.014936757057457131,0.05992678729980899,0.022603427596687098,0.015063242942542882,1.12,1.12,1.12,1.12
0.6833191928318971,0.6285682668613991,13.558132891762972,0.0071489688102300275,0.03740450541656626,0.014936754203619049,0.05993307051476371,0.022595494583433795,0.015063245796380964,1.12,1.12,1.12,1.12
0.6827099919639411,0.6285712882769222,13.561643535978861,0.007142701510104044,0.03741241885590918,0.0149367513656877,0.05993933781488969,0.022587581144090874,0.015063248634312312,1.12,1.12,1.12,1.12
0.6821011084335797,0.6285743596543594,13.565153137796852,0.007136450059778088,0.037420312770075126,0.014936748543464592,0.05994558926521565,0.022579687229924927,0.01506325145653542,1.12,1.12,1.12,1.12
0.6814925420938689,0.6285774807788386,13.568661696336665,0.007130214394470036,0.03742818720790919,0.014936745736754603,0.0599518249305237,0.022571812792090862,0.01506325426324541,1.12,1.12,1.12,1.12
0.680884292798774,0.6285806514363422,13.572169210718112,0.007123994449643178,0.03743604221836383,0.014936742945366024,0.05995804487535056,0.022563957781636224,0.015063257054633988,1.12,1.12,1.12,1.12
0.6802763604031661,0.6285838714137061,13.575675680061078,0.00711779016100722,0.03744387785049663,0.014936740169110355,0.059964249163986516,0.02255612214950342,0.015063259830889658,1.12,1.12,1.12,1.12
0.679668744762818,0.6285871404986145,13.579181103485526,0.007111601464516448,0.03745169415346605,0.014936737407802367,0.05997043786047729,0.022548305846534,0.015063262592197646,1.12,1.12,1.12,1.12
0.6790614457343985,0.6285904584795973,13.582685480111515,0.007105428296370675,0.037459491176528414,0.014936734661260026,0.05997661102862306,0.02254050882347164,0.015063265338739987,1.12,1.12,1.12,1.12
0.6784544631754704,0.6285938251460275,13.58618880905919,0.007099270593013907,0.03746726896903496,0.014936731929304309,0.05998276873197983,0.022532731030965092,0.015063268070695704,1.12,1.12,1.12,1.12
0.677847796944484,0.6285972402881168,13.589691089448793,0.007093128291134454,0.037475027580428144,0.0149367292117593,0.05998891103385928,0.02252497241957191,0.015063270788240712,1.12,1.12,1.12,1.12
0.6772414469007743,0.6286007036969128,13.593192320400664,0.0070870013276641,0.037482767060238564,0.014936726508452097,0.05999503799732964,0.02251723293976149,0.015063273491547916,1.12,1.12,1.12,1.12
0.6766354129045556,0.6286042151642968,13.596692501035259,0.007080889639778543,0.03749048745808237,0.014936723819212683,0.060001149685215194,0.022509512541917687,0.01506327618078733,1.12,1.12,1.12,1.12
0.6760296948169189,0.6286077744829779,13.600191630473127,0.007074793164895732,0.037498188823657075,0.014936721143873899,0.060007246160098004,0.02250181117634298,0.015063278856126114,1.12,1.12,1.12,1.12
0.6754242924998253,0.6286113814464923,13.603689707834942,0.007068711840676534,0.037505871206739594,0.014936718482271419,0.0600133274843172,0.02249412879326046,0.015063281517728594,1.12,1.12,1.12,1.12
0.6748192058161049,0.6286150358492002,13.607186732241496,0.007062645605023676,0.03751353465718249,0.014936715834243705,0.06001939371997006,0.022486465342817563,0.015063284165756308,1.12,1.12,1.12,1.12
0.6742144346294489,0.6286187374862797,13.6106827028137,0.0070565943960813615,0.037521179224910994,0.014936713199631912,0.060025444928912375,0.02247882077508906,0.0150632868003681,1.12,1.12,1.12,1.12
0.673609978804409,0.6286224861537267,13.614177618672587,0.0070505581522350425,0.03752880495992039,0.01493671057827986,0.060031481172758694,0.02247119504007966,0.015063289421720152,1.12,1.12,1.12,1.12
0.6730058382063799,0.6286262816483514,13.6176714789394,0.007044536812110314,0.037536411912270085,0.01493670797003685,0.06003750251288342,0.02246358808772997,0.015063292029963163,1.12,1.12,1.12,1.12
0.6724020127016113,0.6286301237677739,13.621164282735487,0.007038530314573022,0.03754400013208403,0.014936705374753709,0.060043509010420715,0.02245599986791602,0.015063294625246304,1.12,1.12,1.12,1.12
0.6717985021572066,0.6286340123104202,13.62465602918229,0.007032538598728877,0.03755156966955009,0.014936702792281667,0.06004950072626486,0.022448430330449964,0.015063297207718346,1.12,1.12,1.12,1.12
0.6711953064411113,0.6286379470755193,13.628146717401382,0.007026561603922399,0.03755912057491395,0.014936700222474578,0.06005547772107134,0.022440879425086102,0.015063299777525435,1.12,1.12,1.12,1.12
0.6705924254221096,0.6286419278631019,13.6316363465145,0.007020599269737082,0.03756665289847699,0.014936697665188528,0.060061440055256654,0.02243334710152306,0.015063302334811485,1.12,1.12,1.12,1.12
0.6699898589698198,0.6286459544739954,13.635124915643516,0.007014651535994287,0.03757416669059355,0.014936695120282159,0.06006738778899945,0.022425833309406507,0.015063304879717854,1.12,1.12,1.12,1.12
0.6693876069546892,0.6286500267098216,13.638612423910462,0.0070087183427529065,0.037581662001667515,0.014936692587616304,0.06007332098224083,0.022418337998332538,0.015063307412383709,1.12,1.12,1.12,1.12
0.6687856692479927,0.6286541443729929,13.642098870437543,0.007002799630308587,0.03758913888215032,0.014936690067054156,0.06007923969468515,0.022410861117849734,0.015063309932945856,1.12,1.12,1.12,1.12
0.6681840457218254,0.6286583072667109,13.645584254347106,0.00699689533919351,0.037596597382537955,0.014936687558461226,0.06008514398580023,0.022403402617462098,0.015063312441538787,1.12,1.12,1.12,1.12
0.667582736249102,0.6286625151949606,13.649068574761682,0.006991005410176054,0.037604037553368386,0.014936685061705063,0.06009103391481768,0.022395962446631668,0.01506331493829495,1.12,1.12,1.12,1.12
0.6669817407035499,0.6286667679625101,13.65255183080396,0.006985129784259636,0.037611459445219375,0.014936682576655397,0.0600969095407341,0.022388540554780678,0.015063317423344616,1.12,1.12,1.12,1.12
0.666381058959707,0.6286710653749044,13.656034021596815,0.006979268402682037,0.037618863108704714,0.014936680103184233,0.0601027709223117,0.02238113689129534,0.01506331989681578,1.12,1.12,1.12,1.12
0.6657806908929165,0.6286754072384655,13.659515146263292,0.0069734212069157975,0.037626248594473055,0.014936677641165519,0.06010861811807794,0.022373751405526998,0.015063322358834494,1.12,1.12,1.12,1.12
0.665180636379324,0.6286797933602872,13.662995203926624,0.006967588138666658,0.037633615953204635,0.014936675190475257,0.06011445118632708,0.022366384046795418,0.015063324809524756,1.12,1.12,1.12,1.12
0.6645808952958725,0.6286842235482318,13.666474193710226,0.006961769139873231,0.03764096523560878,0.014936672750991517,0.060120270185120506,0.022359034764391272,0.015063327249008496,1.12,1.12,1.12,1.12
0.6639814675203,0.6286886976109289,13.669952114737711,0.006955964152706551,0.03764829649242174,0.014936670322594242,0.060126075172287186,0.022351703507578313,0.01506332967740577,1.12,1.12,1.12,1.12
0.6633823529311336,0.6286932153577708,13.673428966132875,0.006950173119569525,0.0376556097744043,0.014936667905165346,0.06013186620542421,0.022344390225595756,0.015063332094834667,1.12,1.12,1.12,1.12
0.6627835514076866,0.6286977765989095,13.676904747019725,0.006944395983095986,0.03766290513233883,0.0149366654985887,0.06013764334189775,0.022337094867661222,0.015063334501411313,1.12,1.12,1.12,1.12
0.6621850628300554,0.6287023811452541,13.680379456522452,0.006938632686150359,0.03767018261702798,0.014936663102749895,0.06014340663884338,0.022329817382972073,0.015063336897250118,1.12,1.12,1.12,1.12
0.6615868870791144,0.6287070288084684,13.683853093765467,0.006932883171826942,0.037677442279291096,0.014936660717536202,0.060149156153166794,0.022322557720708958,0.015063339282463811,1.12,1.12,1.12,1.12
0.660989024036512,0.6287117194009655,13.687325657873386,0.006927147383449184,0.03768468416996279,0.014936658342836875,0.06015489194154455,0.022315315830037263,0.015063341657163137,1.12,1.12,1.12,1.12
0.6603914735846678,0.628716452735908,13.69079714797103,0.0069214252645692365,0.03769190833989039,0.014936655978542893,0.0601606140604245,0.022308091660109663,0.01506334402145712,1.12,1.12,1.12,1.12
0.6597942356067682,0.6287212286272021,13.694267563183443,0.0069157167589670165,0.0376991148399316,0.014936653624547006,0.06016632256602672,0.02230088516006845,0.015063346375453007,1.12,1.12,1.12,1.12
0.659197309986762,0.6287260468894964,13.697736902635887,0.006910021810649869,0.037706303720952294,0.014936651280743701,0.06017201751434387,0.02229369627904776,0.015063348719256311,1.12,1.12,1.12,1.12
0.658600696609358,0.6287309073381784,13.701205165453844,0.006904340363851791,0.03771347503382483,0.01493664894702898,0.060177698961141945,0.022286524966175225,0.015063351052971033,1.12,1.12,1.12,1.12
0.6580043953600203,0.6287358097893709,13.704672350763028,0.00689867236303271,0.03772062882942523,0.014936646623300562,0.06018336696196103,0.022279371170574824,0.015063353376699451,1.12,1.12,1.12,1.12
0.6574084061249643,0.6287407540599305,13.70813845768938,0.0068930177528780945,0.0377277651586313,0.014936644309457778,0.06018902157211564,0.022272234841368754,0.015063355690542235,1.12,1.12,1.12,1.12
0.6568127287911532,0.628745739967442,13.711603485359067,0.006887376478297569,0.03773488407232045,0.014936642005401513,0.06019466284669617,0.022265115927679602,0.0150633579945985,1.12,1.12,1.12,1.12
0.6562173632462946,0.628750767330219,13.715067432898504,0.0068817484844252985,0.03774198562136771,0.014936639711034136,0.06020029084056844,0.02225801437863234,0.015063360288965877,1.12,1.12,1.12,1.12
0.6556223093788364,0.6287558359672977,13.71853029943434,0.006876133716618549,0.03774906985664389,0.0149366374262596,0.06020590560837519,0.022250930143356162,0.015063362573740413,1.12,1.12,1.12,1.12
0.6550275670779631,0.6287609456984358,13.72199208409347,0.006870532120457018,0.03775613682901324,0.014936635150983285,0.06021150720453672,0.02224386317098681,0.015063364849016728,1.12,1.12,1.12,1.12
0.654433136233592,0.6287660963441088,13.725452786003036,0.006864943641742505,0.037763186589331144,0.014936632885112044,0.06021709568325123,0.02223681341066891,0.015063367114887968,1.12,1.12,1.12,1.12
0.6538390167363701,0.6287712877255078,13.728912404290428,0.006859368226497964,0.037770219188443144,0.014936630628554104,0.06022267109849577,0.02222978081155691,0.015063369371445909,1.12,1.12,1.12,1.12
0.6532452084776699,0.6287765196645358,13.732370938083287,0.006853805820967118,0.03777723467718197,0.014936628381219244,0.06022823350402662,0.022222765322818083,0.015063371618780769,1.12,1.12,1.12,1.12
0.6526517113495857,0.6287817919838048,13.73582838650952,0.006848256371613182,0.03778423310636647,0.014936626143018425,0.060233782953380555,0.02221576689363358,0.015063373856981588,1.12,1.12,1.12,1.12
0.6520585252449298,0.628787104506634,13.739284748697285,0.006842719825118915,0.0377912145267989,0.014936623913864092,0.06023931949987482,0.022208785473201154,0.015063376086135921,1.12,1.12,1.12,1.12
0.6514656500572299,0.6287924570570452,13.742740023775006,0.006837196128385237,0.0377981789892638,0.014936621693669966,0.0602448431966085,0.022201821010736256,0.015063378306330047,1.12,1.12,1.12,1.12
0.6508730856807244,0.6287978494597614,13.746194210871378,0.006831685228531004,0.0378051265445255,0.014936619482351032,0.06025035409646273,0.02219487345547455,0.01506338051764898,1.12,1.12,1.12,1.12
0.6502808320103594,0.6288032815402034,13.749647309115362,0.00682618707289212,0.037812057243327035,0.014936617279823594,0.060255852252101616,0.022187942756673018,0.015063382720176419,1.12,1.12,1.12,1.12
0.6496888889417843,0.6288087531244866,13.753099317636185,0.006820701609020763,0.03781897113638771,0.014936615086005203,0.060261337715972974,0.02218102886361234,0.01506338491399481,1.12,1.12,1.12,1.12
0.6490972563713495,0.6288142640394189,13.756550235563367,0.006815228784684602,0.037825868274401375,0.01493661290081466,0.060266810540309135,0.022174131725598678,0.015063387099185352,1.12,1.12,1.12,1.12
0.6485059341961018,0.628819814112497,13.760000062026686,0.006809768547866357,0.03783274870803527,0.014936610724171948,0.06027227077712738,0.022167251291964785,0.015063389275828065,1.12,1.12,1.12,1.12
0.6479149223137814,0.628825403171904,13.763448796156226,0.006804320846763134,0.03783961248792772,0.01493660855599821,0.0602777184782306,0.022160387512072333,0.015063391444001803,1.12,1.12,1.12,1.12
0.6473242206228182,0.6288310310465072,13.766896437082337,0.006798885629785034,0.03784645966468658,0.014936606396215801,0.0602831536952087,0.02215354033531347,0.015063393603784211,1.12,1.12,1.12,1.12
0.6467338290223286,0.6288366975658537,13.770342983935663,0.006793462845555209,0.0378532902888879,0.014936604244748186,0.06028857647943853,0.022146709711112156,0.015063395755251827,1.12,1.12,1.12,1.12
0.6461437474121108,0.6288424025601693,13.773788435847145,0.006788052442908865,0.037860104411073625,0.014936602101519966,0.06029398688208487,0.022139895588926428,0.015063397898480047,1.12,1.12,1.12,1.12
0.6455539756926433,0.6288481458603551,13.777232791948014,0.0067826543708924825,0.037866902081750586,0.014936599966456854,0.060299384954101254,0.022133097918249467,0.015063400033543159,1.12,1.12,1.12,1.12
0.6449645137650801,0.6288539272979838,13.780676051369797,0.006777268578762985,0.037873683351388965,0.014936597839485533,0.06030477074623075,0.02212631664861109,0.01506340216051448,1.12,1.12,1.12,1.12
0.6443753615312473,0.6288597467052987,13.784118213244323,0.006771895015987239,0.03788044827041981,0.014936595720533949,0.0603101443090065,0.022119551729580245,0.015063404279466064,1.12,1.12,1.12,1.12
0.64378651889364,0.628865603915209,13.787559276703726,0.006766533632241056,0.03788719688923459,0.014936593609530938,0.06031550569275268,0.022112803110765467,0.015063406390469075,1.12,1.12,1.12,1.12
0.6431979857554192,0.628871498761289,13.790999240880451,0.006761184377408858,0.037893929258189296,0.014936591506406416,0.06032085494758488,0.022106070741810757,0.015063408493593597,1.12,1.12,1.12,1.12
0.6426097620204075,0.6288774310777736,13.794438104907242,0.00675584720158251,0.03790064542766336,0.014936589411091314,0.060326192123411226,0.022099354572336694,0.015063410588908699,1.12,1.12,1.12,1.12
0.642021847593086,0.6288834006995572,13.797875867917154,0.006750522055060382,0.03790734544791885,0.014936587323517492,0.060331517269933355,0.022092654552081203,0.015063412676482521,1.12,1.12,1.12,1.12
0.6414342423785924,0.6288894074621894,13.801312529043575,0.006745208888346899,0.03791402936917193,0.014936585243617767,0.06033683043664684,0.022085970630828122,0.015063414756382246,1.12,1.12,1.12,1.12
0.6408469462827148,0.6288954512018734,13.804748087420192,0.0067399076521517665,0.03792069724159103,0.014936583171326026,0.06034213167284197,0.022079302758409025,0.015063416828673987,1.12,1.12,1.12,1.12
0.6402599592118913,0.6289015317554629,13.808182542181024,0.0067346182973898605,0.03792734911529583,0.01493658110657696,0.060347421027603876,0.022072650884704226,0.015063418893423053,1.12,1.12,1.12,1.12
0.639673281073204,0.6289076489604594,13.811615892460404,0.006729340775179671,0.03793398504035539,0.014936579049306203,0.060352698549814066,0.022066014959644664,0.01506342095069381,1.12,1.12,1.12,1.12
0.6390869117743784,0.6289138026550095,13.815048137393003,0.006724075036842692,0.037940605066786925,0.014936576999450446,0.060357964288151045,0.022059394933213128,0.015063423000549567,1.12,1.12,1.12,1.12
0.6385008512237775,0.6289199926779028,13.818479276113814,0.006718821033903533,0.0379472092445548,0.014936574956947099,0.060363218291090204,0.02205279075544525,0.015063425043052914,1.12,1.12,1.12,1.12
0.6379150993304009,0.6289262188685681,13.821909307758162,0.006713578718088198,0.03795379762356893,0.014936572921734392,0.06036846060690554,0.022046202376431123,0.01506342707826562,1.12,1.12,1.12,1.12
0.6373296560038789,0.6289324810670719,13.825338231461709,0.006708348041323475,0.03796037025368315,0.01493657089375161,0.06037369128367026,0.022039629746316902,0.015063429106248402,1.12,1.12,1.12,1.12
0.636744521154472,0.6289387791141151,13.828766046360453,0.00670312895573677,0.03796692718469441,0.014936568872938705,0.060378910369256966,0.022033072815305643,0.015063431127061308,1.12,1.12,1.12,1.12
0.6361596946930661,0.6289451128510303,13.832192751590732,0.006697921413654995,0.03797346846634142,0.0149365668592365,0.06038411791133874,0.022026531533658633,0.015063433140763513,1.12,1.12,1.12,1.12
0.6355751765311691,0.6289514821197802,13.835618346289232,0.00669272536760368,0.03797999414830344,0.01493656485258664,0.060389313957390056,0.02202000585169661,0.015063435147413373,1.12,1.12,1.12,1.12
0.6349909665809084,0.6289578867629537,13.839042829592973,0.006687540770306366,0.0379865042801984,0.014936562852931573,0.06039449855468737,0.022013495719801657,0.01506343714706844,1.12,1.12,1.12,1.12
0.6344070647550275,0.6289643266237631,13.842466200639336,0.006682367574683934,0.03799299891158253,0.01493656086021454,0.0603996717503098,0.02200700108841752,0.015063439139785473,1.12,1.12,1.12,1.12
0.6338234709668825,0.6289708015460438,13.845888458566046,0.006677205733853886,0.03799947809194881,0.014936558874379488,0.06040483359113985,0.02200052190805124,0.015063441125620525,1.12,1.12,1.12,1.12
0.6332401851304393,0.6289773113742486,13.84930960251118,0.0066720552011293455,0.038005941870725646,0.014936556895371211,0.06040998412386439,0.021994058129274408,0.015063443104628801,1.12,1.12,1.12,1.12
0.6326572071602709,0.6289838559534483,13.852729631613176,0.006666915930018724,0.03801239029727621,0.014936554923135115,0.06041512339497501,0.021987609702723843,0.015063445076864898,1.12,1.12,1.12,1.12
0.6320745369715525,0.628990435129326,13.856148545010827,0.006661787874224667,0.038018823420896686,0.014936552957617422,0.06042025145076907,0.021981176579103368,0.015063447042382591,1.12,1.12,1.12,1.12
0.6314921744800608,0.6289970487481771,13.859566341843292,0.006656670987643332,0.03802524129081547,0.014936550998765077,0.060425368337350405,0.021974758709184583,0.015063449001234935,1.12,1.12,1.12,1.12
0.6309101196021685,0.6290036966569055,13.862983021250082,0.006651565224363831,0.03803164395619213,0.014936549046525707,0.060430474100629905,0.021968356043807924,0.015063450953474306,1.12,1.12,1.12,1.12
0.6303283722548434,0.629010378703021,13.866398582371087,0.006646470538667126,0.03803803146611617,0.014936547100847603,0.06043556878632661,0.02196196853388388,0.01506345289915241,1.12,1.12,1.12,1.12
0.6297469323556438,0.6290170947346374,13.869813024346563,0.006641386885025857,0.03804440386960606,0.014936545161679776,0.06044065243996788,0.021955596130393995,0.015063454838320237,1.12,1.12,1.12,1.12
0.6291657998227159,0.6290238446004699,13.873226346317127,0.006636314218103123,0.038050761215608186,0.014936543228971824,0.06044572510689061,0.021949238784391867,0.015063456771028189,1.12,1.12,1.12,1.12
0.6285849745747907,0.6290306281498318,13.876638547423784,0.006631252492751816,0.0380571035529958,0.01493654130267412,0.06045078683224192,0.021942896447004256,0.015063458697325893,1.12,1.12,1.12,1.12
0.6280044565311814,0.6290374452326333,13.880049626807908,0.006626201664014231,0.038063430930568076,0.014936539382737521,0.060455837660979506,0.021936569069431977,0.015063460617262492,1.12,1.12,1.12,1.12
0.6274242456117796,0.6290442956993783,13.883459583611252,0.006621161687120514,0.03806974339704883,0.014936537469113678,0.06046087763787322,0.021930256602951226,0.015063462530886335,1.12,1.12,1.12,1.12
0.6268443417370524,0.6290511794011613,13.886868416975943,0.006616132517489104,0.03807604100108597,0.014936535561754782,0.06046590680750463,0.021923958998914084,0.01506346443824523,1.12,1.12,1.12,1.12
0.6262647448280405,0.6290580961896661,13.890276126044508,0.006611114110724903,0.038082323791250317,0.014936533660613621,0.060470925214268834,0.021917676208749737,0.015063466339386392,1.12,1.12,1.12,1.12
0.6256854548063542,0.6290650459171627,13.893682709959846,0.006606106422619329,0.038088591816034856,0.01493653176564362,0.06047593290237441,0.021911408183965198,0.015063468234356392,1.12,1.12,1.12,1.12
0.6251064715941695,0.6290720284365054,13.897088167865247,0.006601109409148764,0.03809484512385308,0.014936529876798804,0.06048092991584497,0.02190515487614697,0.015063470123201209,1.12,1.12,1.12,1.12
0.6245277951142282,0.6290790436011298,13.900492498904395,0.00659612302647461,0.03810108376303928,0.014936527994033735,0.06048591629851913,0.021898916236960775,0.015063472005966277,1.12,1.12,1.12,1.12
0.6239494252898311,0.6290860912650502,13.90389570222136,0.006591147230942618,0.03810730778184701,0.014936526117303561,0.06049089209405112,0.021892692218153043,0.015063473882696451,1.12,1.12,1.12,1.12
0.6233713620448385,0.6290931712828585,13.907297776960617,0.006586181979081118,0.03811351722844786,0.014936524246563943,0.06049585734591262,0.021886482771552196,0.01506347575343607,1.12,1.12,1.12,1.12
0.6227936053036647,0.6291002835097195,13.910698722267034,0.0065812272276011274,0.038119712150931184,0.01493652238177115,0.06050081209739261,0.02188028784906887,0.015063477618228863,1.12,1.12,1.12,1.12
0.6222161549912762,0.6291074278013711,13.914098537285868,0.006576282933395683,0.03812589259730281,0.014936520522882038,0.06050575639159805,0.02187410740269724,0.015063479477117975,1.12,1.12,1.12,1.12
0.6216390110331904,0.62911460401412,13.917497221162796,0.006571349053538678,0.03813205861548491,0.014936518669853904,0.06051069027145506,0.021867941384515144,0.015063481330146108,1.12,1.12,1.12,1.12
0.6210621733554685,0.629121812004841,13.92089477304389,0.006566425545284249,0.03813821025331443,0.014936516822644602,0.06051561377970949,0.021861789746685623,0.01506348317735541,1.12,1.12,1.12,1.12
0.6204856418847176,0.6291290516309722,13.924291192075625,0.0065615123660664465,0.038144347558542735,0.014936514981212484,0.06052052695892729,0.02185565244145732,0.015063485018787529,1.12,1.12,1.12,1.12
0.6199094165480837,0.6291363227505156,13.927686477404894,0.006556609473497954,0.03815047057883458,0.014936513145516458,0.06052542985149578,0.02184952942116547,0.015063486854483554,1.12,1.12,1.12,1.12
0.6193334972732523,0.629143625222032,13.931080628178993,0.006551716825369536,0.03815657936176786,0.014936511315515807,0.0605303224996242,0.02184342063823219,0.015063488684484205,1.12,1.12,1.12,1.12
0.6187578839884424,0.6291509589046411,13.934473643545633,0.006546834379649535,0.03816267395483186,0.014936509491170466,0.0605352049453442,0.021837326045168193,0.015063490508829547,1.12,1.12,1.12,1.12
0.6181825766224063,0.6291583236580176,13.937865522652945,0.006541962094482878,0.03816875440542761,0.014936507672440716,0.06054007723051086,0.021831245594572446,0.015063492327559297,1.12,1.12,1.12,1.12
0.6176075751044252,0.629165719342389,13.94125626464947,0.006537099928190626,0.038174820760866535,0.014936505859287338,0.06054493939680311,0.02182517923913352,0.015063494140712674,1.12,1.12,1.12,1.12
0.6170328793643073,0.6291731458185338,13.944645868684175,0.006532247839268923,0.038180873068370036,0.014936504051671684,0.06054979148572481,0.021819126931630017,0.015063495948328329,1.12,1.12,1.12,1.12
0.6164584893323838,0.6291806029477794,13.948034333906444,0.0065274057863885515,0.03818691137506841,0.014936502249555436,0.060554633538605185,0.021813088624931642,0.015063497750444577,1.12,1.12,1.12,1.12
0.6158844049395085,0.6291880905919988,13.951421659466085,0.006522573728393877,0.0381929357280007,0.014936500452900736,0.06055946559659986,0.021807064271999355,0.015063499547099277,1.12,1.12,1.12,1.12
0.6153106261170518,0.6291956086136097,13.954807844513336,0.006517751624302848,0.03819894617411368,0.014936498661670267,0.06056428770069089,0.021801053825886374,0.015063501338329746,1.12,1.12,1.12,1.12
0.6147371527969011,0.6292031568755709,13.958192888198862,0.006512939433305387,0.03820494276026143,0.014936496875827071,0.06056909989168835,0.021795057239738624,0.015063503124172942,1.12,1.12,1.12,1.12
0.6141639849114565,0.6292107352413814,13.961576789673757,0.006508137114763446,0.03821092553320449,0.01493649509533454,0.06057390221023029,0.021789074466795566,0.015063504904665473,1.12,1.12,1.12,1.12
0.613591122393628,0.6292183435750766,13.964959548089544,0.0065033446282096175,0.03821689453960936,0.014936493320156632,0.06057869469678412,0.021783105460390695,0.01506350667984338,1.12,1.12,1.12,1.12
0.613018565176833,0.6292259817412273,13.968341162598186,0.006498561933346969,0.0382228498260479,0.014936491550257627,0.06058347739164677,0.021777150173952153,0.015063508449742385,1.12,1.12,1.12,1.12
0.6124463131949937,0.6292336496049368,13.971721632352075,0.006493788990047933,0.038228791438996546,0.014936489785602275,0.060588250334945803,0.021771208561003508,0.015063510214397738,1.12,1.12,1.12,1.12
0.6118743663825349,0.6292413470318391,13.975100956504054,0.006489025758353917,0.03823471942483603,0.014936488026155659,0.06059301356663982,0.021765280575164025,0.015063511973844354,1.12,1.12,1.12,1.12
0.6113027246743811,0.6292490738880968,13.978479134207392,0.006484272198474639,0.03824063382985082,0.014936486271883265,0.0605977671265191,0.02175936617014923,0.015063513728116748,1.12,1.12,1.12,1.12
0.6107313880059526,0.6292568300403982,13.98185616461581,0.006479528270787127,0.03824653470022821,0.01493648452275105,0.06060251105420661,0.021753465299771846,0.015063515477248962,1.12,1.12,1.12,1.12
0.6101603563131655,0.629264615355956,13.985232046883466,0.006474793935835277,0.03825242208205831,0.014936482778725224,0.06060724538915846,0.02174757791794174,0.015063517221274789,1.12,1.12,1.12,1.12
0.6095896295324259,0.6292724297025036,13.988606780164968,0.006470069154328739,0.03825829602133274,0.01493648103977245,0.060611970170665,0.021741703978667315,0.015063518960227562,1.12,1.12,1.12,1.12
0.60901920760063,0.6292802729482958,13.99198036361538,0.006465353887143033,0.03826415656394516,0.014936479305859729,0.060616685437850704,0.02173584343605489,0.015063520694140284,1.12,1.12,1.12,1.12
0.60844909045516,0.6292881449621032,13.995352796390199,0.006460648095317656,0.03827000375572337,0.014936477576954488,0.06062139122967608,0.021729996244276684,0.015063522423045525,1.12,1.12,1.12,1.12
0.607879278033882,0.629296045613212,13.998724077645381,0.006455951740056254,0.03827583764234216,0.014936475853024406,0.06062608758493748,0.021724162357657895,0.015063524146975607,1.12,1.12,1.12,1.12
0.6073097702751435,0.6293039747714222,14.002094206537352,0.006451264782726007,0.03828165826934449,0.014936474134037606,0.06063077454226773,0.021718341730655566,0.015063525865962407,1.12,1.12,1.12,1.12
0.6067405671177704,0.6293119323070444,14.00546318222297,0.006446587184856689,0.03828746568217478,0.01493647241996246,0.06063545214013705,0.02171253431782527,0.015063527580037553,1.12,1.12,1.12,1.12
0.6061716685010654,0.629319918090898,14.00883100385956,0.006441918908140776,0.038293259926178325,0.014936470710767855,0.06064012041685296,0.02170674007382173,0.015063529289232158,1.12,1.12,1.12,1.12
0.6056030743648041,0.6293279319943091,14.012197670604909,0.00643725991443217,0.03829904104659987,0.014936469006422759,0.06064477941056157,0.021700958953400185,0.015063530993577254,1.12,1.12,1.12,1.12
0.6050347846492339,0.6293359738891087,14.015563181617269,0.006432610165745534,0.038304809088582414,0.014936467306896684,0.0606494291592482,0.02169519091141764,0.01506353269310333,1.12,1.12,1.12,1.12
0.6044667992950701,0.62934404364763,14.018927536055346,0.006427969624255847,0.038310564097166044,0.014936465612159333,0.06065406970073789,0.02168943590283401,0.01506353438784068,1.12,1.12,1.12,1.12
0.6038991182434945,0.6293521411427071,14.022290733078314,0.006423338252297517,0.0383163061172872,0.014936463922180815,0.06065870107269622,0.02168369388271285,0.015063536077819198,1.12,1.12,1.12,1.12
0.6033317414361529,0.629360266247672,14.025652771845815,0.006418716012364212,0.038322035193777026,0.014936462236931486,0.060663323312629525,0.021677964806223027,0.015063537763068527,1.12,1.12,1.12,1.12
0.6027646688151518,0.6293684188363532,14.029013651517964,0.0064141028671073075,0.03832775137136041,0.014936460556382078,0.06066793645788643,0.021672248628639645,0.015063539443617935,1.12,1.12,1.12,1.12
0.602197900323056,0.6293765987830735,14.032373371255337,0.006409498779335887,0.03833345469465488,0.014936458880503559,0.06067254054565785,0.021666545305345175,0.015063541119496454,1.12,1.12,1.12,1.12
0.6016314359028874,0.6293848059626477,14.035731930218994,0.006404903712016019,0.038339145208169334,0.014936457209267229,0.06067713561297772,0.02166085479183072,0.015063542790732784,1.12,1.12,1.12,1.12
0.601065275498121,0.6293930402503807,14.039089327570457,0.006400317628270091,0.038344822956302704,0.014936455542644694,0.060681721696723645,0.02165517704369735,0.015063544457355318,1.12,1.12,1.12,1.12
0.6004994190526838,0.6294013015220655,14.042445562471729,0.0063957404913758675,0.03835048798334251,0.014936453880607811,0.06068629883361787,0.021649512016657546,0.015063546119392202,1.12,1.12,1.12,1.12
0.5999338665109513,0.6294095896539812,14.045800634085293,0.0063911722647662095,0.03835614033346413,0.01493645222312881,0.06069086706022753,0.021643859666535925,0.015063547776871203,1.12,1.12,1.12,1.12
0.5993686178177455,0.6294179045228909,14.04915454157411,0.006386612912028744,0.038361780050728544,0.014936450570180101,0.06069542641296499,0.02163821994927151,0.015063549429819911,1.12,1.12,1.12,1.12
0.5988036729183331,0.6294262460060399,14.05250728410162,0.006382062396904309,0.03836740717908099,0.014936448921734444,0.06069997692808943,0.02163259282091906,0.015063551078265569,1.12,1.12,1.12,1.12
0.5982390317584221,0.6294346139811527,14.055858860831748,0.006377520683287452,0.03837302176235008,0.014936447277764803,0.060704518641706284,0.021626978237649974,0.01506355272223521,1.12,1.12,1.12,1.12
0.5976746942841599,0.6294430083264331,14.059209270928896,0.006372987735225377,0.03837862384424534,0.014936445638244408,0.06070905158976836,0.021621376155754712,0.015063554361755604,1.12,1.12,1.12,1.12
0.5971106604421313,0.6294514289205595,14.062558513557962,0.006368463516917056,0.038384213468356077,0.014936444003146837,0.06071357580807668,0.021615786531643977,0.015063555996853176,1.12,1.12,1.12,1.12
0.5965469301793558,0.6294598756426852,14.065906587884328,0.006363947992713115,0.03838979067814963,0.014936442372445888,0.06071809133228062,0.021610209321850427,0.015063557627554125,1.12,1.12,1.12,1.12
0.5959835034432847,0.6294683483724356,14.069253493073857,0.0063594411271153395,0.03839535551696999,0.01493644074611565,0.0607225981978784,0.021604644483030067,0.015063559253884362,1.12,1.12,1.12,1.12
0.5954203801817999,0.6294768469899052,14.072599228292923,0.00635494288477606,0.03840090802803664,0.014936439124130313,0.060727096440217676,0.021599091971963413,0.0150635608758697,1.12,1.12,1.12,1.12
0.5948575603432106,0.6294853713756577,14.075943792708369,0.0063504532304970995,0.038406448254443004,0.01493643750646452,0.06073158609449664,0.02159355174555705,0.015063562493535493,1.12,1.12,1.12,1.12
0.5942950438762518,0.6294939214107225,14.079287185487546,0.006345972129230271,0.038411976239156764,0.014936435893093056,0.060736067195763466,0.02158802376084329,0.015063564106906957,1.12,1.12,1.12,1.12
0.5937328307300817,0.6295024969765928,14.082629405798295,0.0063414995460762125,0.03841749202501982,0.014936434283990899,0.060740539778917524,0.021582507974980236,0.015063565716009114,1.12,1.12,1.12,1.12
0.593170920854279,0.6295110979552249,14.08597045280896,0.00633703544628389,0.03842299565474927,0.014936432679133332,0.06074500387870985,0.021577004345250783,0.01506356732086668,1.12,1.12,1.12,1.12
0.592609314198841,0.6295197242290347,14.089310325688377,0.006332579795250204,0.038428487170941106,0.014936431078495918,0.06074945952974353,0.021571512829058948,0.015063568921504095,1.12,1.12,1.12,1.12
0.5920480107141816,0.6295283756808966,14.09264902360588,0.006328132558519883,0.03843396661607512,0.014936429482054314,0.06075390676647385,0.021566033383924932,0.015063570517945699,1.12,1.12,1.12,1.12
0.591487010351128,0.6295370521941417,14.095986545731316,0.006323693701783817,0.038439434032523145,0.014936427889784595,0.06075834562320992,0.021560565967476908,0.015063572110215417,1.12,1.12,1.12,1.12
0.5909263130609202,0.6295457536525554,14.099322891235028,0.006319263190879665,0.03844488946256258,0.014936426301662864,0.06076277613411407,0.021555110537437472,0.015063573698337149,1.12,1.12,1.12,1.12
0.5903659187952076,0.6295544799403763,14.10265805928786,0.006314840991790471,0.03845033294839434,0.014936424717665542,0.060767198333203265,0.021549667051605714,0.015063575282334471,1.12,1.12,1.12,1.12
0.589805827506046,0.6295632309422928,14.105992049061168,0.0063104270706437204,0.038455764532170034,0.014936423137769342,0.060771612254350016,0.02154423546783002,0.015063576862230671,1.12,1.12,1.12,1.12
0.5892460391458973,0.6295720065434427,14.109324859726811,0.006306021393710282,0.038461184246561364,0.014936421561950991,0.060776017931283455,0.02153881575343869,0.015063578438049022,1.12,1.12,1.12,1.12
0.5886865536676263,0.6295808066294111,14.112656490457164,0.006301623927485123,0.03846659206839437,0.014936419990187647,0.060780415397508614,0.021533407931605686,0.015063580009812366,1.12,1.12,1.12,1.12
0.5881273710244975,0.6295896310862267,14.115986940425103,0.006297234639169924,0.038471988091737686,0.014936418422456549,0.06078480468582381,0.021528011908262368,0.015063581577543464,1.12,1.12,1.12,1.12
0.587568491170172,0.6295984798003545,14.119316208803985,0.0062928534956419035,0.03847737243474397,0.014936416858735146,0.06078918582935183,0.02152262756525608,0.015063583141264866,1.12,1.12,1.12,1.12
0.5870099140587058,0.6296073526586993,14.122644294767687,0.006288480463243318,0.03848274516542144,0.01493641529900111,0.06079355886175042,0.021517254834578614,0.015063584700998903,1.12,1.12,1.12,1.12
0.586451639644552,0.6296162495486106,14.125971197490609,0.0062841155082220546,0.03848810627268573,0.01493641374323229,0.06079792381677168,0.021511893727314324,0.015063586256767722,1.12,1.12,1.12,1.12
0.5858936678825588,0.6296251703578841,14.129296916147702,0.006279758597428631,0.03849345576778884,0.014936412191406817,0.060802280727565106,0.02150654423221121,0.015063587808593196,1.12,1.12,1.12,1.12
0.5853359987279657,0.6296341149747537,14.132621449914444,0.006275409698123735,0.038498793690827926,0.014936410643502901,0.06080662962687,0.021501206309172127,0.015063589356497112,1.12,1.12,1.12,1.12
0.5847786321363995,0.6296430832878888,14.135944797966834,0.006271068777721711,0.03850412014159571,0.014936409099498976,0.060810970547272025,0.021495879858404343,0.015063590900501037,1.12,1.12,1.12,1.12
0.5842215680638734,0.629652075186389,14.139266959481386,0.006266735803408419,0.03850943511102978,0.014936407559373768,0.06081530352158532,0.021490564888970276,0.015063592440626244,1.12,1.12,1.12,1.12
0.5836648064667854,0.6296610905597899,14.142587933635154,0.006262410742821134,0.03851473864020688,0.014936406023106072,0.0608196285821726,0.021485261359793173,0.01506359397689394,1.12,1.12,1.12,1.12
0.5831083473019153,0.6296701292980553,14.14590771960571,0.006258093563733469,0.03852003077009236,0.014936404490674834,0.06082394576126027,0.02147996922990769,0.015063595509325178,1.12,1.12,1.12,1.12
0.5825521905264225,0.6296791912915766,14.149226316571166,0.006253784234053483,0.03852531154153921,0.014936402962059253,0.06082825509094025,0.021474688458460844,0.01506359703794076,1.12,1.12,1.12,1.12
0.581996336097844,0.6296882764311706,14.152543723710142,0.006249482721824295,0.038530580995289,0.014936401437238706,0.06083255660316944,0.021469419004711054,0.015063598562761307,1.12,1.12,1.12,1.12
0.5814407839740924,0.6296973846080782,14.155859940201804,0.006245188995222695,0.03853583917197145,0.014936399916192764,0.06083685032977104,0.0214641608280286,0.01506360008380725,1.12,1.12,1.12,1.12
0.5808855341134532,0.6297065157139619,14.159174965225839,0.006240903022558919,0.03854108611210483,0.014936398398901055,0.06084113630243482,0.021458913887895226,0.015063601601098958,1.12,1.12,1.12,1.12
0.5803305864745844,0.629715669640905,14.162488797962462,0.006236624772276045,0.03854632185609497,0.014936396885343678,0.06084541455271769,0.021453678143905086,0.015063603114656335,1.12,1.12,1.12,1.12
0.5797759410165123,0.6297248462814086,14.165801437592435,0.006232354212949098,0.038551546444236084,0.01493639537550065,0.06084968511204464,0.02144845355576397,0.015063604624499363,1.12,1.12,1.12,1.12
0.5792215976986309,0.6297340455283911,14.169112883297043,0.006228091313284778,0.03855675991671004,0.014936393869352235,0.06085394801170896,0.021443240083290016,0.015063606130647778,1.12,1.12,1.12,1.12
0.5786675564807001,0.629743267275186,14.1724231342581,0.0062238360421207894,0.03856196231358666,0.014936392366878784,0.06085820328287295,0.02143803768641339,0.015063607633121229,1.12,1.12,1.12,1.12
0.5781138173228427,0.6297525114155406,14.175732189657975,0.0062195883684257325,0.03856715367482372,0.014936390868060784,0.060862450956568004,0.021432846325176336,0.015063609131939229,1.12,1.12,1.12,1.12
0.5775603801855427,0.6297617778436129,14.179040048679559,0.0062153482612973265,0.038572334040266,0.014936389372879055,0.06086669106369641,0.021427665959734055,0.015063610627120957,1.12,1.12,1.12,1.12
0.5770072450296441,0.6297710664539719,14.182346710506293,0.0062111156899631315,0.03857750344964617,0.014936387881314392,0.060870923635030605,0.021422496550353887,0.015063612118685621,1.12,1.12,1.12,1.12
0.5764544118163474,0.6297803771415937,14.18565217432215,0.006206890623779271,0.03858266194258403,0.01493638639334778,0.060875148701214465,0.021417338057416024,0.015063613606652232,1.12,1.12,1.12,1.12
0.5759018805072099,0.6297897098018629,14.188956439311653,0.006202673032230155,0.03858780955858693,0.014936384908960404,0.06087936629276358,0.021412190441413126,0.015063615091039609,1.12,1.12,1.12,1.12
0.5753496510641413,0.6297990643305669,14.192259504659864,0.006198462884927647,0.03859294633704913,0.014936383428133568,0.06088357644006609,0.021407053662950926,0.015063616571866445,1.12,1.12,1.12,1.12
0.5747977234494034,0.6298084406238982,14.19556136955239,0.0061942601516108975,0.0385980723172521,0.014936381950848704,0.06088777917338284,0.021401927682747957,0.015063618049151309,1.12,1.12,1.12,1.12
0.5742460976256075,0.6298178385784494,14.198862033175383,0.00619006480214529,0.03860318753836467,0.014936380477087507,0.06089197452284845,0.021396812461635384,0.015063619522912505,1.12,1.12,1.12,1.12
0.5736947735557125,0.6298272580912141,14.202161494715547,0.0061858768065224945,0.038608292039442216,0.014936379006831701,0.06089616251847124,0.021391707960557838,0.015063620993168311,1.12,1.12,1.12,1.12
0.5731437512030235,0.6298366990595841,14.20545975336012,0.006181696134859027,0.038613385859427474,0.014936377540063217,0.06090034319013471,0.02138661414057258,0.015063622459936796,1.12,1.12,1.12,1.12
0.5725930305311895,0.6298461613813473,14.208756808296911,0.006177522757396636,0.03861846903715005,0.01493637607676404,0.0609045165675971,0.021381530962850004,0.015063623923235972,1.12,1.12,1.12,1.12
0.5720426115042008,0.6298556449546873,14.212052658714267,0.006173356644501027,0.03862354161132597,0.014936374616916423,0.06090868268049271,0.02137645838867408,0.01506362538308359,1.12,1.12,1.12,1.12
0.571492494086389,0.6298651496781805,14.215347303801083,0.006169197766662582,0.03862860362055892,0.014936373160502642,0.060912841558331154,0.021371396379441132,0.015063626839497371,1.12,1.12,1.12,1.12
0.570942678242423,0.6298746754507958,14.218640742746814,0.006165046094494031,0.038633655103338715,0.014936371707505156,0.060916993230499705,0.021366344896661338,0.015063628292494857,1.12,1.12,1.12,1.12
0.5703931639373082,0.629884222171892,14.221932974741469,0.006160901598731505,0.038638696098042435,0.014936370257906575,0.06092113772626223,0.021361303901957618,0.015063629742093437,1.12,1.12,1.12,1.12
0.5698439511363852,0.6298937897412163,14.225223998975615,0.006156764250232982,0.038643726642933696,0.01493636881168961,0.060925275074760754,0.021356273357066358,0.015063631188310403,1.12,1.12,1.12,1.12
0.569295039805327,0.6299033780589028,14.228513814640367,0.006152634019978287,0.038648746776163256,0.014936367368837106,0.06092940530501545,0.021351253223836797,0.015063632631162907,1.12,1.12,1.12,1.12
0.568746429910137,0.6299129870254717,14.231802420927407,0.0061485108790681475,0.03865375653576819,0.014936365929332077,0.06093352844592559,0.021346243464231862,0.015063634070667936,1.12,1.12,1.12,1.12
0.568198121417148,0.6299226165418261,14.23508981702897,0.00614439479872414,0.03865875595967305,0.014936364493157606,0.060937644526269596,0.021341244040327,0.015063635506842407,1.12,1.12,1.12,1.12
0.5676501142930203,0.6299322665092524,14.238376002137853,0.006140285750287855,0.038663745085688817,0.014936363060296928,0.06094175357470588,0.021336254914311237,0.015063636939703084,1.12,1.12,1.12,1.12
0.5671024085047389,0.6299419368294162,14.24166097544742,0.006136183705220011,0.03866872395151322,0.014936361630733433,0.060945855619773726,0.021331276048486836,0.01506363836926658,1.12,1.12,1.12,1.12
0.5665550040196129,0.6299516274043637,14.244944736151586,0.006132088635101118,0.0386736925947313,0.014936360204450605,0.06094995068989262,0.021326307405268752,0.015063639795549408,1.12,1.12,1.12,1.12
0.566007900805273,0.6299613381365181,14.248227283444837,0.006128000511629983,0.03867865105281487,0.014936358781432041,0.06095403881336375,0.02132134894718518,0.015063641218567972,1.12,1.12,1.12,1.12
0.5654610988296701,0.629971068928678,14.251508616522226,0.006123919306622927,0.0386835993631226,0.01493635736166149,0.06095812001837081,0.021316400636877453,0.015063642638338523,1.12,1.12,1.12,1.12
0.5649145980610729,0.6299808196840175,14.254788734579364,0.0061198449920145115,0.03868853756290025,0.014936355945122798,0.060962194332979225,0.021311462437099804,0.015063644054877215,1.12,1.12,1.12,1.12
0.5643683984680674,0.6299905903060827,14.258067636812436,0.006115777539855649,0.038693465689280726,0.014936354531799867,0.06096626178513809,0.021306534310719327,0.015063645468200146,1.12,1.12,1.12,1.12
0.5638225000195533,0.6300003806987919,14.261345322418197,0.006111716922314325,0.03869838377928392,0.014936353121676835,0.06097032240267941,0.021301616220716135,0.015063646878323178,1.12,1.12,1.12,1.12
0.5632769026847438,0.6300101907664328,14.264621790593957,0.006107663111674211,0.038703291869816914,0.01493635171473788,0.060974376213319526,0.02129670813018314,0.015063648285262132,1.12,1.12,1.12,1.12
0.5627316064331631,0.630020020413661,14.267897040537614,0.00610361608033444,0.038708189997673836,0.014936350310967308,0.0609784232446593,0.021291810002326217,0.015063649689032704,1.12,1.12,1.12,1.12
0.5621866112346452,0.6300298695455004,14.271171071447622,0.006099575800809276,0.03871307819953662,0.01493634891034952,0.06098246352418446,0.021286921800463432,0.015063651089650493,1.12,1.12,1.12,1.12
0.5616419170593316,0.6300397380673387,14.274443882523018,0.006095542245727559,0.03871795651197413,0.01493634751286907,0.06098649707926618,0.021282043488025926,0.015063652487130944,1.12,1.12,1.12,1.12
0.56109752387767,0.6300496258849281,14.277715472963411,0.0060915153878318695,0.03872282497144275,0.01493634611851058,0.06099052393716187,0.021277175028557305,0.015063653881489433,1.12,1.12,1.12,1.12
0.5605534316604122,0.6300595329043835,14.280985841968977,0.006087495199978754,0.03872768361428658,0.014936344727258785,0.06099454412501498,0.021272316385713474,0.015063655272741228,1.12,1.12,1.12,1.12
0.5600096403786122,0.63006945903218,14.284254988740477,0.006083481655137446,0.038732532476736914,0.014936343339098532,0.06099855766985629,0.02126746752326314,0.015063656660901481,1.12,1.12,1.12,1.12
0.5594661500036262,0.6300794041751523,14.287522912479242,0.006079474726389533,0.03873737159491314,0.01493634195401479,0.0610025645986042,0.021262628405086914,0.015063658045985223,1.12,1.12,1.12,1.12
0.5589229605071083,0.6300893682404933,14.29078961238718,0.0060754743869291805,0.03874220100482223,0.01493634057199264,0.061006564938064556,0.021257798995177823,0.015063659428007373,1.12,1.12,1.12,1.12
0.5583800718610111,0.6300993511357522,14.294055087666782,0.006071480610061908,0.03874702074235914,0.014936339193017192,0.06101055871493183,0.021252979257640914,0.01506366080698282,1.12,1.12,1.12,1.12
0.5578374840375826,0.6301093527688331,14.297319337521117,0.006067493369204313,0.038751830843306745,0.014936337817073708,0.06101454595578942,0.02124816915669331,0.015063662182926305,1.12,1.12,1.12,1.12
0.5572951970093654,0.6301193730479936,14.300582361153833,0.0060635126378836834,0.0387566313433359,0.01493633644414756,0.06101852668711005,0.021243368656664152,0.015063663555852452,1.12,1.12,1.12,1.12
0.556753210749194,0.6301294118818437,14.30384415776916,0.00605953838973744,0.038761422278005775,0.014936335074224191,0.061022500935256296,0.02123857772199428,0.015063664925775822,1.12,1.12,1.12,1.12
0.5562115252301947,0.6301394691793436,14.307104726571911,0.0060555705985126385,0.03876620368276362,0.01493633370728914,0.0610264687264811,0.02123379631723643,0.015063666292710873,1.12,1.12,1.12,1.12
0.5556701404257826,0.6301495448498029,14.31036406676748,0.006051609238065692,0.038770975592945345,0.014936332343328126,0.061030430086928045,0.02122902440705471,0.015063667656671886,1.12,1.12,1.12,1.12
0.5551290563096604,0.6301596388028795,14.313622177561852,0.00604765428236137,0.03877573804377504,0.014936330982326884,0.061034385042632366,0.02122426195622501,0.015063669017673129,1.12,1.12,1.12,1.12
0.5545882728558171,0.6301697509485766,14.31687905816159,0.006043705705473246,0.038780491070365686,0.014936329624271244,0.06103833361952049,0.021219508929634368,0.015063670375728769,1.12,1.12,1.12,1.12
0.5540477900385262,0.6301798811972438,14.320134707773844,0.006039763481582472,0.03878523470771894,0.014936328269147078,0.061042275843411264,0.021214765292281113,0.015063671730852934,1.12,1.12,1.12,1.12
0.5535076078323437,0.6301900294595726,14.323389125606358,0.0060358275849772824,0.03878996899072512,0.014936326916940523,0.061046211740016454,0.021210031009274932,0.01506367308305949,1.12,1.12,1.12,1.12
0.5529677262121069,0.6302001956465972,14.326642310867449,0.006031897990052826,0.038794693954163295,0.014936325567637618,0.06105014133494091,0.021205306045836758,0.015063674432362395,1.12,1.12,1.12,1.12
0.5524281451529328,0.6302103796696921,14.329894262766034,0.006027974671310443,0.03879940963270184,0.014936324221224595,0.06105406465368329,0.02120059036729821,0.015063675778775418,1.12,1.12,1.12,1.12
0.5518888646302167,0.6302205814405717,14.333144980511621,0.006024057603357946,0.03880411606089845,0.014936322877687674,0.06105798172163579,0.0211958839391016,0.015063677122312338,1.12,1.12,1.12,1.12
0.5513498846196306,0.6302308008712889,14.336394463314301,0.006020146760908729,0.03880881327320074,0.014936321537013172,0.06106189256408501,0.021191186726799316,0.01506367846298684,1.12,1.12,1.12,1.12
0.5508112050971209,0.6302410378742327,14.339642710384764,0.006016242118781212,0.03881350130394545,0.0149363201991876,0.061065797206212524,0.0211864986960546,0.015063679800812413,1.12,1.12,1.12,1.12
0.5502728260389079,0.6302512923621268,14.342889720934297,0.006012343651898511,0.03881818018735911,0.01493631886419755,0.061069695673095226,0.021181819812640945,0.015063681135802462,1.12,1.12,1.12,1.12
0.5497347474214834,0.6302615642480307,14.346135494174762,0.006008451335287879,0.03882284995755819,0.014936317532029508,0.06107358798970586,0.02117715004244186,0.015063682467970504,1.12,1.12,1.12,1.12
0.5491969692216093,0.6302718534453338,14.349380029318644,0.006004565144080376,0.038827510648548946,0.01493631620267033,0.06107747418091336,0.021172489351451107,0.015063683797329683,1.12,1.12,1.12,1.12
0.5486594914163168,0.6302821598677584,14.352623325578994,0.006000685053510146,0.0388321622942277,0.014936314876106749,0.06108135427148359,0.021167837705772352,0.015063685123893264,1.12,1.12,1.12,1.12
0.5481223139829038,0.630292483429356,14.355865382169476,0.005996811038914418,0.038836804928381374,0.014936313552325706,0.06108522828607932,0.02116319507161868,0.015063686447674307,1.12,1.12,1.12,1.12
0.5475854368989339,0.6303028240445064,14.35910619830435,0.005992943075732782,0.03884143858468703,0.014936312231314058,0.061089096249260955,0.021158561415313026,0.015063687768685954,1.12,1.12,1.12,1.12
0.5470488601422353,0.6303131816279172,14.362345773198472,0.005989081139506858,0.03884606329671236,0.01493631091305897,0.06109295818548688,0.02115393670328769,0.015063689086941043,1.12,1.12,1.12,1.12
0.546512583690899,0.6303235560946204,14.365584106067292,0.005985225205879685,0.0388506790979159,0.014936309597547534,0.06109681411911405,0.021149320902084157,0.015063690402452479,1.12,1.12,1.12,1.12
0.5459766075232757,0.6303339473599737,14.368821196126865,0.0059813752505955,0.03885528602164706,0.014936308284766955,0.06110066407439824,0.02114471397835299,0.015063691715233057,1.12,1.12,1.12,1.12
0.5454409316179778,0.6303443553396572,14.37205704259384,0.005977531249499124,0.03885988410114605,0.014936306974704563,0.06110450807549461,0.021140115898854006,0.01506369302529545,1.12,1.12,1.12,1.12
0.5449055559538747,0.630354779949673,14.375291644685484,0.005973693178535855,0.03886447336954485,0.014936305667347688,0.06110834614645788,0.021135526630455204,0.015063694332652325,1.12,1.12,1.12,1.12
0.5443704805100925,0.6303652211063439,14.37852500161964,0.0059698610137504105,0.038869053859866165,0.014936304362683825,0.061112178311243326,0.02113094614013389,0.015063695637316188,1.12,1.12,1.12,1.12
0.5438357052660129,0.6303756787263112,14.381757112614778,0.005966034731287373,0.03887362560502472,0.01493630306070054,0.06111600459370636,0.021126374394975334,0.015063696939299473,1.12,1.12,1.12,1.12
0.5433012302012713,0.6303861527265348,14.38498797688996,0.0059622143073899125,0.03887818863782677,0.014936301761385384,0.061119825017603824,0.02112181136217328,0.015063698238614628,1.12,1.12,1.12,1.12
0.5427670552957551,0.6303966430242905,14.388217593664844,0.00595839971840012,0.03888274299097061,0.014936300464726146,0.061123639606593616,0.021117257009029444,0.015063699535273867,1.12,1.12,1.12,1.12
0.5422331805296031,0.6304071495371698,14.391445962159716,0.005954590940757787,0.038887288697046496,0.014936299170710515,0.06112744838423595,0.021112711302953557,0.015063700829289497,1.12,1.12,1.12,1.12
0.5416996058832029,0.6304176721830781,14.39467308159545,0.0059507879510007355,0.03889182578853689,0.014936297879326418,0.061131251373993,0.02110817421146316,0.015063702120673594,1.12,1.12,1.12,1.12
0.5411663313371909,0.6304282108802334,14.397898951193525,0.005946990725764267,0.038896354297817015,0.014936296590561754,0.06113504859922947,0.021103645702183038,0.015063703409438259,1.12,1.12,1.12,1.12
0.5406333568724495,0.6304387655471655,14.401123570176043,0.005943199241780217,0.03890087425715355,0.014936295304404462,0.06113884008321352,0.021099125742846503,0.01506370469559555,1.12,1.12,1.12,1.12
0.5401006824701062,0.6304493361027137,14.4043469377657,0.0059394134758769535,0.03890538569870666,0.014936294020842733,0.06114262584911678,0.02109461430129339,0.01506370597915728,1.12,1.12,1.12,1.12
0.5395683081115324,0.6304599224660268,14.407569053185803,0.0059356334049791015,0.038909888654529934,0.014936292739864646,0.061146405920014635,0.02109011134547012,0.015063707260135367,1.12,1.12,1.12,1.12
0.5390362337783404,0.6304705245565612,14.410789915660288,0.0059318590061067655,0.03891438315656931,0.014936291461458862,0.06115018031888697,0.021085616843430743,0.015063708538541151,1.12,1.12,1.12,1.12
0.5385044594523849,0.6304811422940795,14.414009524413682,0.005928090256375418,0.03891886923666471,0.01493629018561364,0.06115394906861832,0.021081130763335343,0.015063709814386372,1.12,1.12,1.12,1.12
0.5379729851583397,0.6304917755861852,14.417227878343875,0.005924327129786244,0.03892334693578037,0.014936288899276812,0.06115771219520749,0.021076653064219686,0.015063711100723201,1.12,1.12,1.12,1.12
0.537441810834721,0.6305024243658415,14.420444977011897,0.005920569606787052,0.03892781627580605,0.014936287615937974,0.061161469718206685,0.021072183724194005,0.015063712384062039,1.12,1.12,1.12,1.12
0.5369109364641462,0.6305130885537263,14.42366081964385,0.005916817664786189,0.038932277288289685,0.014936286335568871,0.06116522166020755,0.021067722711710368,0.015063713664431141,1.12,1.12,1.12,1.12
0.5363803620294663,0.6305237680708203,14.426875405466465,0.005913071281285764,0.03893673000467185,0.014936285058142235,0.06116896804370797,0.021063269995328204,0.015063714941857778,1.12,1.12,1.12,1.12
0.53585008751388,0.6305344628383168,14.4300887337059,0.005909330433835958,0.038941174456278926,0.014936283783591062,0.06117270889115778,0.021058825543721127,0.015063716216408951,1.12,1.12,1.12,1.12
0.5353201129008858,0.6305451727776673,14.433300803588264,0.005905595100059335,0.03894561067433172,0.014936282511826188,0.0611764442249344,0.021054389325668332,0.015063717488173825,1.12,1.12,1.12,1.12
0.5347904381740086,0.6305558978107723,14.436511614342425,0.005901865257749994,0.03895003868995972,0.014936281242830723,0.06118017406724374,0.021049961310040333,0.01506371875716929,1.12,1.12,1.12,1.12
0.534261063316999,0.6305666378598286,14.439721165197875,0.005898140884792402,0.03895445853418372,0.014936279976588654,0.061183898440201334,0.02104554146581633,0.015063720023411359,1.12,1.12,1.12,1.12
0.5337319883138328,0.6305773928473258,14.442929455384736,0.005894421959161011,0.038958870237917,0.014936278713084922,0.061187617365832725,0.021041129762083055,0.015063721286915091,1.12,1.12,1.12,1.12
0.5332032131487099,0.6305881626960468,14.44613648413375,0.005890708458920146,0.03896327383196563,0.014936277452305247,0.06119133086607359,0.021036726168034425,0.015063722547694766,1.12,1.12,1.12,1.12
0.5326747378060537,0.6305989473290645,14.44934225067629,0.00588700036222356,0.03896766934702839,0.01493627619423614,0.061195038962770176,0.021032330652971665,0.015063723805763873,1.12,1.12,1.12,1.12
0.5321465622705095,0.6306097466697435,14.452546754244349,0.00588329764731399,0.03897205681369753,0.014936274938864652,0.06119874167767975,0.021027943186302522,0.01506372506113536,1.12,1.12,1.12,1.12
0.5316186865269436,0.6306205606417365,14.455749994070548,0.005879600292523213,0.03897643626245889,0.014936273686178406,0.061202439032470524,0.021023563737541162,0.015063726313821607,1.12,1.12,1.12,1.12
0.5310911105604424,0.6306313891689848,14.458951969388124,0.005875908276271435,0.03898080772369239,0.01493627243616552,0.0612061310487223,0.021019192276307663,0.015063727563834492,1.12,1.12,1.12,1.12
0.5305638343563119,0.6306422321757159,14.462152679430943,0.005872221577067127,0.03898517122767209,0.014936271188814437,0.06120981774792661,0.021014828772327965,0.015063728811185575,1.12,1.12,1.12,1.12
0.5300368579000756,0.6306530895864431,14.465352123433489,0.005868540173506354,0.03898952680456674,0.014936269944114039,0.06121349915148738,0.02101047319543331,0.015063730055885974,1.12,1.12,1.12,1.12
0.529510181177474,0.6306639613259641,14.468550300630865,0.005864864044273166,0.038993874484439695,0.014936268702053335,0.06121717528072057,0.02100612551556036,0.015063731297946678,1.12,1.12,1.12,1.12
0.5289838041744632,0.6306748473193606,14.471747210258794,0.005861193168138545,0.03899821429724981,0.014936267462621736,0.06122084615685519,0.021001785702750242,0.015063732537378277,1.12,1.12,1.12,1.12
0.5284577268771279,0.6306857474919685,14.47494285155398,0.005857527523930983,0.039002546272798866,0.014936266225830733,0.06122451180106275,0.020997453727201187,0.01506373377416928,1.12,1.12,1.12,1.12
0.5279319492715238,0.6306966617693297,14.478137223754729,0.005853867090483078,0.03900687044063911,0.014936264991753545,0.06122817223451066,0.020993129559360946,0.015063735008246468,1.12,1.12,1.12,1.12
0.5274064713442598,0.6307075900773716,14.481330326098568,0.005850211846829267,0.03901118683042504,0.014936263760376198,0.06123182747816447,0.020988813169575016,0.015063736239623815,1.12,1.12,1.12,1.12
0.5268812930821581,0.6307185323423014,14.48452215782365,0.005846561772090031,0.03901549547170813,0.014936262531684313,0.061235477552903705,0.020984504528291925,0.0150637374683157,1.12,1.12,1.12,1.12
0.5263564144722529,0.6307294884906032,14.487712718168723,0.005842916845471835,0.03901979639393688,0.01493626130566321,0.0612391224795219,0.020980203606063175,0.015063738694336803,1.12,1.12,1.12,1.12
0.5258318355017882,0.6307404584490389,14.490902006373162,0.005839277046266633,0.039024089626456926,0.014936260082297828,0.0612427622787271,0.020975910373543127,0.015063739917702185,1.12,1.12,1.12,1.12
0.5253075561582181,0.6307514421446453,14.494090021676941,0.0058356423538517554,0.03902837519851127,0.014936258861572488,0.06124639697114198,0.020971624801488786,0.015063741138427525,1.12,1.12,1.12,1.12
0.5247835764292044,0.6307624395047355,14.497276763320667,0.005832012747689741,0.039032653139240925,0.014936257643471479,0.061250026577303995,0.02096734686075913,0.015063742356528534,1.12,1.12,1.12,1.12
0.5242598963026152,0.6307734504568949,14.50046223054555,0.005828388207327451,0.03903692347768428,0.014936256427978856,0.061253651117666286,0.02096307652231577,0.015063743572021157,1.12,1.12,1.12,1.12
0.5237365157665249,0.6307844749289828,14.503646422593423,0.005824768712396844,0.039041186242778414,0.014936255215078229,0.06125727061259689,0.02095881375722164,0.015063744784921784,1.12,1.12,1.12,1.12
0.5232134348092116,0.6307955128491294,14.506829338706735,0.005821154242613258,0.0390454414632343,0.014936254004753138,0.06126088508238048,0.020954558536765755,0.015063745995246874,1.12,1.12,1.12,1.12
0.5226906534191563,0.630806564145736,14.510010978128557,0.005817544777776906,0.03904968916775442,0.014936252796986793,0.06126449454721683,0.020950310832245633,0.01506374720301322,1.12,1.12,1.12,1.12
0.5221681715850418,0.6308176287474732,14.513191340102583,0.005813940297771492,0.03905392938446217,0.01493625159176222,0.061268099027222245,0.020946070615537882,0.015063748408237793,1.12,1.12,1.12,1.12
0.5216459892957517,0.6308287065832806,14.51637042387313,0.005810340782567591,0.03905816214066349,0.014936250389062336,0.061271698542426145,0.020941837859336565,0.015063749610937677,1.12,1.12,1.12,1.12
0.5211241065406412,0.6308397975824633,14.519548228684096,0.005806746212328795,0.03906238746492058,0.01493624918880064,0.06127529311266494,0.020937612535079475,0.015063750811199372,1.12,1.12,1.12,1.12
0.520602523309192,0.630850901674569,14.522724753780286,0.005803156567276813,0.03906660538564488,0.01493624799090923,0.061278882757716924,0.020933394614355172,0.015063752009090783,1.12,1.12,1.12,1.12
0.5200812395908602,0.6308620187893301,14.525899998407981,0.005799571827633299,0.03907081593099743,0.014936246795376765,0.06128246749736044,0.020929184069002627,0.015063753204623248,1.12,1.12,1.12,1.12
0.5195602553752968,0.6308731488567441,14.529073961814085,0.0057959919737033405,0.039075019129029165,0.014936245602191645,0.061286047351290396,0.02092498087097089,0.015063754397808368,1.12,1.12,1.12,1.12
0.5190395706523476,0.6308842918070712,14.532246643246133,0.005792416985873738,0.03907921500767586,0.014936244411342309,0.06128962233912,0.020920784992324193,0.015063755588657704,1.12,1.12,1.12,1.12
0.5185191854120504,0.6308954475708335,14.535418041952289,0.0057888468446139485,0.03908340359475343,0.014936243222817142,0.06129319248037979,0.020916596405246624,0.015063756777182871,1.12,1.12,1.12,1.12
0.5179990996446348,0.6309066160788147,14.538588157181342,0.005785281530475028,0.03908758491795361,0.014936242036604486,0.06129675779451871,0.020912415082046443,0.015063757963395527,1.12,1.12,1.12,1.12
0.5174793133405211,0.630917797262058,14.54175698818272,0.005781721024090025,0.03909175900484246,0.014936240852692476,0.06130031830090371,0.02090824099515759,0.015063759147307537,1.12,1.12,1.12,1.12
0.5169598264903189,0.6309289910518656,14.544924534206476,0.005778165306173533,0.03909592588286237,0.014936239671069412,0.061303874018820204,0.020904074117137683,0.0150637603289306,1.12,1.12,1.12,1.12
0.5164406390848261,0.6309401973797979,14.548090794503292,0.005774614357521968,0.039100085543195884,0.014936238491723305,0.06130742496747177,0.02089991445680417,0.015063761508276707,1.12,1.12,1.12,1.12
0.5159217511150272,0.6309514161776719,14.551255768324484,0.005771068159314219,0.03910423799664209,0.01493623731464197,0.06131097116567952,0.020895762003357965,0.015063762685358043,1.12,1.12,1.12,1.12
0.5154031625720922,0.6309626473775571,14.554419454921986,0.005767526692942171,0.03910838324793736,0.014936236139813541,0.061314512632051565,0.02089161675206269,0.015063763860186472,1.12,1.12,1.12,1.12
0.514884873447374,0.630973890911773,14.557581853548347,0.005763989940057612,0.03911252130010806,0.014936234967226028,0.061318049384936124,0.020887478699891993,0.015063765032773985,1.12,1.12,1.12,1.12
0.5143668837324074,0.6309851467128866,14.560742963456722,0.005760457882581449,0.03911665215210358,0.014936233796867468,0.06132158144241229,0.020883347847896472,0.015063766203132545,1.12,1.12,1.12,1.12
0.5138491934189068,0.6309964147137074,14.563902783900858,0.005756930502734348,0.039120775642609296,0.014936232628725843,0.06132510882225939,0.020879224357390758,0.01506376737127417,1.12,1.12,1.12,1.12
0.5133318024987651,0.6310076948472867,14.567061314135087,0.0057534077843772735,0.0391248909561866,0.014936231462789135,0.06132863154061646,0.020875109043813456,0.015063768537210878,1.12,1.12,1.12,1.12
0.5128147109640466,0.6310189870468976,14.570218553414263,0.005749889718474288,0.0391289952657754,0.014936230299045339,0.06133214960651945,0.020871004734224652,0.015063769700954674,1.12,1.12,1.12,1.12
0.5122979188069638,0.6310302912459558,14.573374500993413,0.005746376319843816,0.03913308059808368,0.014936229137482437,0.06133566300514992,0.020866919401916373,0.015063770862517575,1.12,1.12,1.12,1.12
0.511781426019798,0.6310416073777555,14.576529156126645,0.005742867669870366,0.03913717575095538,0.014936227978088634,0.06133917165512337,0.020862824249044676,0.015063772021911379,1.12,1.12,1.12,1.12
0.5112652325946824,0.6310529353747317,14.579682518064008,0.005739363606621362,0.03914121854233088,0.014936226820852896,0.061342675718372375,0.020858781457669173,0.015063773179147116,1.12,1.12,1.12,1.12
0.5107493385243962,0.6310642751711616,14.582834586062937,0.00573586449274649,0.039141743999777934,0.014936225665762914,0.06134617483224725,0.02085825600022212,0.015063774334237098,1.12,1.12,1.12,1.12
0.5102337438006809,0.6310756266973098,14.585985359363242,0.005732399726232129,0.03913277802542614,0.014936224512799454,0.06134963959876161,0.020867221974573913,0.01506377548720056,1.12,1.12,1.12,1.12
0.5097184483201058,0.6310869895570556,14.589134835818408,0.005729048175346474,0.03911488457794082,0.014936223362137319,0.06135299114964726,0.02088511542205923,0.015063776637862694,1.12,1.12,1.12,1.12
0.5092034517247497,0.6310983624794052,14.59228300956173,0.005725882428145035,0.039089082901381356,0.014936222214513933,0.0613561568968487,0.020910917098618698,0.01506377778548608,1.12,1.12,1.12,1.12
0.5086887534245105,0.6311097433900508,14.595429871301448,0.005722965103938549,0.03905624629154608,0.014936221071173747,0.06135907422105519,0.02094375370845397,0.015063778928826266,1.12,1.12,1.12,1.12
0.5081743526310766,0.6311211295237258,14.598575408790666,0.0057203502725957645,0.03901722987106898,0.01493621993378634,0.06136168905239797,0.020982770128931072,0.015063780066213672,1.12,1.12,1.12,1.12
0.5076602483869973,0.6311325175205749,14.60171960723073,0.0057180837768343595,0.03897273272877427,0.014936218804375886,0.06136395554815938,0.02102726727122578,0.015063781195624126,1.12,1.12,1.12,1.12
0.507146439593431,0.6311439035187392,14.604862449660013,0.005716204701454897,0.038923377451990815,0.014936217685255507,0.06136583462353884,0.02107662254800924,0.015063782314744506,1.12,1.12,1.12,1.12
0.5066329250329135,0.6311552832304429,14.608003917273493,0.005714746148216598,0.03886971568004649,0.014936216578972608,0.06136729317677714,0.021130284319953563,0.015063783421027405,1.12,1.12,1.12,1.12
0.5061197033894296,0.6311666520093188,14.611143989706093,0.005713735948705723,0.03881223537517986,0.014936215488261712,0.061368303376288014,0.021187764624820193,0.015063784511738301,1.12,1.12,1.12,1.12
0.5056067732660096,0.6311780049096767,14.614282645282527,0.005713197302035844,0.03875136790251743,0.01493621441600329,0.06136884202295789,0.021248632097482623,0.015063785583996722,1.12,1.12,1.12,1.12
0.5050941332001246,0.6311893367385721,14.617419861237165,0.005713149340464518,0.038687494488115204,0.014936213365188189,0.06136888998452922,0.02131250551188485,0.015063786634811824,1.12,1.12,1.12,1.12
0.504581781677135,0.6312006421014852,14.620555613907296,0.005713607629579842,0.03862095199778809,0.014936212338886756,0.061368431695413894,0.021379048002211964,0.015063787661113257,1.12,1.12,1.12,1.12
0.5040697171420192,0.6312119154423487,14.623689878902834,0.005714584610056139,0.03855203807412888,0.014936211340222466,0.0613674547149376,0.021447961925871173,0.015063788659777547,1.12,1.12,1.12,1.12
0.5035579380095918,0.6312231510785925,14.626822631255175,0.0057160899875424165,0.038481015690891296,0.014936210372348852,0.06136594933745132,0.021518984309108757,0.015063789627651161,1.12,1.12,1.12,1.12
0.5030464426733893,0.6312343432317802,14.62995384554764,0.005718131076613786,0.038408117185747714,0.014936209438429965,0.06136390824837995,0.02159188281425234,0.015063790561570048,1.12,1.12,1.12,1.12
0.5025352295133869,0.6312454860543681,14.633083496029688,0.005720713104095221,0.038333547828698855,0.0149362085416236,0.061361326220898516,0.021666452171301198,0.015063791458376413,1.12,1.12,1.12,1.12
0.5020242969026836,0.6312565736530353,14.636211556716738,0.005723839476472203,0.038257488978245935,0.014936207685067121,0.06135819984852153,0.02174251102175412,0.015063792314932892,1.12,1.12,1.12,1.12
0.5015136432132852,0.631267600108997,14.639338001477347,0.005727512015578418,0.03818010087213991,0.014936206871865018,0.06135452730941532,0.021819899127860143,0.015063793128134995,1.12,1.12,1.12,1.12
0.5010032668215478,0.6312785594958412,14.64246280410755,0.005731731166448817,0.03810152509481046,0.014936206104960631,0.06135030815854492,0.02189847490518959,0.015063793895039382,1.12,1.12,1.12,1.12
0.5004931661119255,0.6312894458946259,14.645585938398945,0.005736496180038575,0.038021886754464496,0.01493620538726867,0.06134554314495516,0.021978113245535558,0.015063794612731343,1.12,1.12,1.12,1.12
0.49998333948036433,0.6313002534070128,14.648707378197134,0.005741805274234679,0.0379412964153551,0.014936204721740537,0.06134023405075906,0.022058703584644956,0.015063795278259476,1.12,1.12,1.12,1.12
0.49947378533779774,0.6313109761668374,14.651827097450212,0.005747655775808769,0.03785985180175211,0.014936204111266269,0.06133438354918497,0.022140148198247944,0.015063795888733744,1.12,1.12,1.12,1.12
0.49896450211281196,0.6313216083499378,14.654945070251735,0.005754044245216361,0.037777639299874266,0.014936203558669675,0.061327995079777375,0.022222360700125787,0.015063796441330338,1.12,1.12,1.12,1.12
0.4984554882539001,0.6313321441825765,14.658061270877775,0.005760966586416616,0.03769473528764994,0.014936203066704276,0.06132107273857712,0.022305264712350115,0.015063796933295737,1.12,1.12,1.12,1.12
0.4979467422313552,0.6313425779486264,14.661175673818692,0.005768418143453746,0.03761120730955325,0.01493620263805022,0.06131362118153999,0.0223887926904468,0.015063797361949793,1.12,1.12,1.12,1.12
0.49743826253884393,0.6313529039956649,14.664288253806285,0.005776393785359379,0.0375271151145018,0.014936202275312435,0.06130564553963436,0.022472884885498257,0.015063797724687578,1.12,1.12,1.12,1.12
0.496930047694708,0.6313631167401148,14.667398985836888,0.00578488798075355,0.03744251157272793,0.014936201981017666,0.061297151344240186,0.02255748842727212,0.015063798018982347,1.12,1.12,1.12,1.12
0.4964220962430643,0.6313732106715065,14.670507845190357,0.005793894863339644,0.037357443485682706,0.014936201757596912,0.06128814446165409,0.022642556514317347,0.0150637982424031,1.12,1.12,1.12,1.12
0.49591440675453047,0.631383180355745,14.673614807445384,0.0058034082891867955,0.0372719523011793,0.014936201607395616,0.06127863103580694,0.022728047698820752,0.015063798392604397,1.12,1.12,1.12,1.12
0.4954069778269192,0.6313930204385392,14.67671984849591,0.005813421887522541,0.03718607474559643,0.014936201532704155,0.061268617437471196,0.022813925254403622,0.015063798467295858,1.12,1.12,1.12,1.12
0.49489980808592016,0.6314027256476749,14.679822944560769,0.005823929104907644,0.03709984338195205,0.014936201535697038,0.06125811022008609,0.022900156618048007,0.015063798464302974,1.12,1.12,1.12,1.12
0.49439289618531224,0.6314122907947525,14.682924072192849,0.005834923243846213,0.03701328710258783,0.01493620161846676,0.061247116081147523,0.02298671289741222,0.015063798381533253,1.12,1.12,1.12,1.12
0.4938862408071958,0.6314217107766015,14.686023208286246,0.005846397496650169,0.03692643156435926,0.014936201783024058,0.06123564182834357,0.02307356843564079,0.015063798216975954,1.12,1.12,1.12,1.12
0.49337984066212076,0.6314309805763195,14.68912033008178,0.005858344975033403,0.036839299572904494,0.014936202031300763,0.061223694349960334,0.02316070042709556,0.01506379796869925,1.12,1.12,1.12,1.12
0.4928736944611144,0.6314400952734813,14.692215415396342,0.005870758738905246,0.03675191141616102,0.014936202374125906,0.06121128058608849,0.023248088583839033,0.015063797625874106,1.12,1.12,1.12,1.12
0.4923678009991481,0.6314490500156046,14.695308441950349,0.005883631809626422,0.03666428518063847,0.014936202804345461,0.061198407515367315,0.023335714819361586,0.015063797195654552,1.12,1.12,1.12,1.12
0.49186215907194414,0.6314578400476742,14.698399388044644,0.005896957199199526,0.036576436999543605,0.01493620332368388,0.06118508212579421,0.02342356300045645,0.015063796676316132,1.12,1.12,1.12,1.12
0.49135676750338164,0.6314664607021814,14.701488232336162,0.005910727923987391,0.03648838129144377,0.014936203933793135,0.061171311401006345,0.02351161870855628,0.015063796066206878,1.12,1.12,1.12,1.12
0.4908516251452792,0.6314749073988799,14.70457495383785,0.005924937019464893,0.036400130966226574,0.0149362046362546,0.06115710230552884,0.02359986903377348,0.015063795363745414,1.12,1.12,1.12,1.12
0.49034673087713254,0.6314831756443828,14.707659531917859,0.005939577552972808,0.03631169760679076,0.014936205432580507,0.06114246177202093,0.023688302393209293,0.015063794567419506,1.12,1.12,1.12,1.12
0.4898420836058177,0.631491261031615,14.710741946298079,0.0059546426347160675,0.03622309162945214,0.014936206324215606,0.06112739669027767,0.02377690837054791,0.015063793675784407,1.12,1.12,1.12,1.12
0.48933768226526075,0.6314991592391457,14.713822177052188,0.005970125427213091,0.036134322425435184,0.01493620731253939,0.061111913897780645,0.02386567757456487,0.015063792687460623,1.12,1.12,1.12,1.12
0.4888335258160867,0.631506866030415,14.716900204603148,0.005986019153383648,0.03604539848554933,0.01493620839886714,0.06109602017161009,0.023954601514450724,0.015063791601132873,1.12,1.12,1.12,1.12
0.48832961324524593,0.6315143772528753,14.719976009720368,0.0060023171034421785,0.035956327510187736,0.014936209584451784,0.06107972222155156,0.024043672489812318,0.015063790415548228,1.12,1.12,1.12,1.12
0.4878259435656211,0.6315216888370561,14.723049573516471,0.006019012640737786,0.03586711650629548,0.01493621087048555,0.06106302668425595,0.02413288349370457,0.015063789129514463,1.12,1.12,1.12,1.12
0.48732251581562225,0.6315287967955657,14.7261208774438,0.006036099206668977,0.035777771872831765,0.014936212258101683,0.06104594011832476,0.024222228127168288,0.01506378774189833,1.12,1.12,1.12,1.12
0.4868193290587697,0.6315356972220377,14.729189903290655,0.006053570324786872,0.03568829947606689,0.014936213748376226,0.061028469000206864,0.024311700523933166,0.015063786251623787,1.12,1.12,1.12,1.12
0.48631638238326985,0.6315423862900389,14.732256633177318,0.0060714196041865565,0.03559870471590598,0.014936215342329626,0.06101061972080718,0.02440129528409407,0.015063784657670387,1.12,1.12,1.12,1.12
0.4858136749015831,0.6315488602519377,14.735321049551906,0.006089640706395283,0.035508992584282695,0.014936217040928346,0.06099239861859845,0.02449100741571736,0.015063782959071667,1.12,1.12,1.12,1.12
0.4853112057501061,0.631555115438196,14.738383135188085,0.006108227455622506,0.035419167716885525,0.014936218845086335,0.06097381186937123,0.02458083228311453,0.015063781154913677,1.12,1.12,1.12,1.12
0.48480897408849855,0.631561148255281,14.741442873176622,0.00612717373205468,0.035329234437696144,0.014936220755667057,0.060954865592939056,0.02467076556230391,0.015063779244332956,1.12,1.12,1.12,1.12
0.48430697909936155,0.6315669551849243,14.744500246922906,0.006146473509465067,0.03523919679909149,0.014936222773484858,0.06093556581552867,0.024760803200908565,0.015063777226515154,1.12,1.12,1.12,1.12
0.4838052199878008,0.6315725327829114,14.747555240142363,0.006166120856166191,0.03514905861678541,0.01493622489930635,0.060915918468827546,0.024850941383214642,0.015063775100693663,1.12,1.12,1.12,1.12
0.48330369598098727,0.6315778776778622,14.750607836855814,0.006186109935643502,0.035058823500514535,0.014936227133852148,0.060895929389350234,0.024941176499485518,0.015063772866147865,1.12,1.12,1.12,1.12
0.4828024063277219,0.6315829865700087,14.753658021384801,0.006206435006909983,0.03496849488097109,0.014936229477798074,0.060875604318083754,0.025031505119028963,0.015063770522201939,1.12,1.12,1.12,1.12
0.4823013502980043,0.6315878562299713,14.756705778346861,0.00622709042461933,0.034878076033425076,0.014936231931776733,0.060854948900374406,0.025121923966574977,0.01506376806822328,1.12,1.12,1.12,1.12
0.4818005271826028,0.6315924834975342,14.759751092650834,0.006248070638968428,0.03478757009842115,0.014936234496379014,0.06083396868602531,0.025212429901578903,0.015063765503620999,1.12,1.12,1.12,1.12
0.48129993629262985,0.6315968652804269,14.762793949492101,0.006269370195417845,0.03469698009991018,0.014936237172155184,0.06081266912957589,0.025303019900089874,0.015063762827844829,1.12,1.12,1.12,1.12
0.48079957695912356,0.6316009985531109,14.76583433434788,0.0062909837342558506,0.03460630896107664,0.014936239959616349,0.060791055590737886,0.025393691038923416,0.015063760040383664,1.12,1.12,1.12,1.12
0.48029944853263146,0.6316048803555724,14.768872232972516,0.006312905990025819,0.0345155595181767,0.014936242859235893,0.06076913333496792,0.025484440481823356,0.01506375714076412,1.12,1.12,1.12,1.12
0.4797995503828027,0.6316085077921252,14.771907631392779,0.006335131790839166,0.03442473453261907,0.014936245871450482,0.06074690753415457,0.02557526546738098,0.01506375412854953,1.12,1.12,1.12,1.12
0.4792998818979848,0.631611878030224,14.774940515903223,0.006357656057587868,0.034333836701477494,0.01493624899666135,0.06072438326740587,0.02566616329852256,0.015063751003338663,1.12,1.12,1.12,1.12
0.47880044248482573,0.6316149882992879,14.777970873061522,0.006380473803073217,0.0342428686666309,0.01493625223523573,0.06070156552192052,0.025757131333369154,0.015063747764764282,1.12,1.12,1.12,1.12
0.47830123156788357,0.6316178358895368,14.780998689683889,0.006403580131063569,0.03415183302269281,0.01493625558750769,0.06067845919393017,0.02584816697730724,0.015063744412492322,1.12,1.12,1.12,1.12
0.47780224858924253,0.6316204181508414,14.784023952840517,0.0064269702352922065,0.03406073232387785,0.014936259053779433,0.06065506908970153,0.025939267676122202,0.01506374094622058,1.12,1.12,1.12,1.12
0.4773034930081341,0.6316227324915857,14.787046649851053,0.006450639398405733,0.033969569089928486,0.014936262634322295,0.060631399926588,0.026030430910071567,0.015063737365677718,1.12,1.12,1.12,1.12
0.4768049643005662,0.6316247763775444,14.790066768280134,0.0064745829908713914,0.033878345810639976,0.014936266329377862,0.060607456334122345,0.026121654189360077,0.01506373367062215,1.12,1.12,1.12,1.12
0.4763066619589589,0.6316265473307743,14.793084295932948,0.006498796469857238,0.03378706495099515,0.014936270139159075,0.0605832428551365,0.026212935049004904,0.015063729860840938,1.12,1.12,1.12,1.12
0.4758085854917859,0.6316280429285221,14.796099220850877,0.006523275378078841,0.03369572895544354,0.014936274063851063,0.060558763946914895,0.026304271044556515,0.01506372593614895,1.12,1.12,1.12,1.12
0.47531073442322325,0.6316292608021445,14.799111531307146,0.006548015342621227,0.03360434025030634,0.0149362781036122,0.06053402398237251,0.026395659749693712,0.015063721896387813,1.12,1.12,1.12,1.12
0.4748131082928051,0.6316301986360484,14.802121215802574,0.0065730120737533815,0.033512901246474325,0.014936282258575115,0.060509027251240355,0.02648709875352573,0.015063717741424898,1.12,1.12,1.12,1.12
0.4743157066550858,0.6316308541666413,14.80512826306133,0.0065982613637313725,0.03342141434167473,0.014936286528847473,0.060483777961262364,0.026578585658325327,0.01506371347115254,1.12,1.12,1.12,1.12
0.4738185290793088,0.6316312251813012,14.808132662026777,0.006623759085687242,0.03332988192235947,0.014936290914512998,0.060458280239306494,0.02667011807764058,0.015063709085487015,1.12,1.12,1.12,1.12
0.4733215751490816,0.6316313095173606,14.811134401857354,0.006649501192284524,0.033238306365262316,0.014936295415632211,0.06043253813270921,0.026761693634737738,0.015063704584367801,1.12,1.12,1.12,1.12
0.47282484446205797,0.6316311050611054,14.814133471922506,0.006675483714530972,0.03314669003866749,0.01493630003224325,0.060406555610462764,0.02685330996133256,0.015063699967756763,1.12,1.12,1.12,1.12
0.47232833662962626,0.631630609746793,14.817129861798698,0.006701702760602057,0.03305503530342552,0.014936304764362945,0.06038033656439168,0.026944964696574536,0.015063695235637067,1.12,1.12,1.12,1.12
0.47183205127660416,0.6316298215556828,14.820123561265452,0.0067281545146427035,0.032963344513749215,0.014936309611987178,0.06035388481035103,0.027036655486250838,0.015063690388012835,1.12,1.12,1.12,1.12
0.47133598804094057,0.6316287385150825,14.823114560301445,0.006754835235575296,0.03287161664146715,0.014936314575092091,0.06032720408941844,0.027128383358532904,0.015063685424907922,1.12,1.12,1.12,1.12
0.4708401465734229,0.6316273586974118,14.826102849080687,0.006781741285963705,0.03277985804816458,0.014936319653634428,0.06030029803903003,0.027220141951835475,0.015063680346365585,1.12,1.12,1.12,1.12
0.47034452653731,0.631625680218947,14.829088417967197,0.006808869106100179,0.0326880709928995,0.014936324847552848,0.06027317021889356,0.027311929007100555,0.015063675152447165,1.12,1.12,1.12,1.12
0.46984912760802544,0.6316237012387916,14.832071257510716,0.006836215124900014,0.03259625773761793,0.014936330156768304,0.06024582420009372,0.027403742262382125,0.015063669843231708,1.12,1.12,1.12,1.12
0.46935394947313047,0.6316214199590283,14.83505135844779,0.006863775884000334,0.03250442054708752,0.014936335581184415,0.0602182634409934,0.027495579452912533,0.015063664418815598,1.12,1.12,1.12,1.12
0.4688589918319281,0.6316188346233045,14.83802871169571,0.006891547994620606,0.032412561687661545,0.014936341120688201,0.06019049133037313,0.027587438312338508,0.015063658879311811,1.12,1.12,1.12,1.12
0.46836425439519797,0.6316159435159641,14.84100330834888,0.006919528136371256,0.03232068342639788,0.014936346775150905,0.06016251118862248,0.027679316573602175,0.015063653224849108,1.12,1.12,1.12,1.12
0.4678697368849388,0.6316127449611918,14.843975139675296,0.006947713056086158,0.03222878803038093,0.014936352544428377,0.06013432626890758,0.027771211969619125,0.015063647455571635,1.12,1.12,1.12,1.12
0.4673754390341152,0.6316092373221752,14.846944197113041,0.0069760995666744985,0.03213687776584262,0.014936358428362079,0.06010593975831924,0.027863122234157434,0.015063641571637934,1.12,1.12,1.12,1.12
0.4668813605864113,0.6316054190002804,14.849910472266826,0.0070046845459941776,0.03204495489736875,0.014936364426779189,0.06007735477899956,0.027955045102631304,0.015063635573220824,1.12,1.12,1.12,1.12
0.46638750129598866,0.6316012884342413,14.852873956904638,0.007033464935745026,0.03195302168713149,0.014936370539493538,0.06004857438924871,0.028046978312868565,0.015063629460506475,1.12,1.12,1.12,1.12
0.4658938609272507,0.6315968440993646,14.855834642954381,0.007062437740383343,0.0318610803941381,0.014936376766306103,0.060019601584610394,0.028138919605861956,0.01506362323369391,1.12,1.12,1.12,1.12
0.4654004392546125,0.6315920845067478,14.85879252250059,0.0070916000260561884,0.031769133273498396,0.014936383107005277,0.05999043929893755,0.028230866726501658,0.015063616892994736,1.12,1.12,1.12,1.12
0.4649072360622749,0.6315870082025115,14.86174758778121,0.007120948919553782,0.031677182575706786,0.014936389561367808,0.059961090405439954,0.028322817424293267,0.015063610438632205,1.12,1.12,1.12,1.12
0.4644142511440043,0.6315816137670448,14.86469983118441,0.0071504816072831545,0.03158523054594464,0.014936396129158785,0.05993155771771058,0.02841476945405541,0.015063603870841227,1.12,1.12,1.12,1.12
0.4639214843029173,0.6315758998142633,14.867649245245438,0.007180195334258621,0.03149327942339858,0.014936402810132754,0.059901843990735115,0.028506720576601474,0.015063597189867259,1.12,1.12,1.12,1.12
0.4634289353512704,0.6315698649908819,14.87059582264354,0.007210087403112908,0.031401331440598645,0.01493640960403371,0.05987195192188083,0.028598668559401408,0.015063590395966303,1.12,1.12,1.12,1.12
0.46293660411025245,0.6315635079756995,14.873539556198962,0.00724015517312554,0.03130938883029466,0.014936416510596684,0.0598418841518682,0.028690611169705393,0.015063583489403329,1.12,1.12,1.12,1.12
0.4624444904097871,0.6315568274788952,14.876480438869871,0.007270396059198325,0.031217453834459064,0.014936423529546536,0.05981164326579541,0.02878254616554099,0.015063576470453477,1.12,1.12,1.12,1.12
0.4619525940883371,0.6315498222413372,14.879418463749472,0.007300807530762399,0.031125528684736947,0.01493643066059877,0.05978123179423134,0.028874471315263106,0.015063569339401242,1.12,1.12,1.12,1.12
0.46146091499271114,0.6315424910339076,14.88235362406308,0.0073313871108780515,0.03103361560123702,0.01493643790346022,0.059750652214115685,0.028966384398763034,0.015063562096539793,1.12,1.12,1.12,1.12
0.46096945297787806,0.6315348326568379,14.885285913165308,0.0073621323753571555,0.030941716792162843,0.014936445257829487,0.05971990694963658,0.02905828320783721,0.015063554742170526,1.12,1.12,1.12,1.12
0.460478207906783,0.631526845939056,14.888215324537235,0.0073930409518990214,0.030849834453449687,0.014936452723397511,0.059688998373094715,0.029150165546550366,0.015063547276602501,1.12,1.12,1.12,1.12
0.4599871796501706,0.6315185297375445,14.891141851783654,0.007424110519242466,0.030757970768410525,0.014936460299847618,0.05965792880575127,0.029242029231589528,0.015063539700152395,1.12,1.12,1.12,1.12
0.4594963680864096,0.6315098829367086,14.89406548863035,0.0074553388063307025,0.03066612790738571,0.014936467986856133,0.059626700518663034,0.029333872092614344,0.01506353201314388,1.12,1.12,1.12,1.12
0.45900577310132296,0.6315009044477575,14.896986228921412,0.007486723591490663,0.030574308027402353,0.014936475784092684,0.059595315733503074,0.0294256919725977,0.015063524215907328,1.12,1.12,1.12,1.12
0.45851539458802154,0.631491593208094,14.899904066616596,0.0075182627016268655,0.030482513271840816,0.014936483691220609,0.05956377662336687,0.029517486728159237,0.015063516308779404,1.12,1.12,1.12,1.12
0.4580252324467415,0.6314819481807151,14.90281899578872,0.007549954011428328,0.03039074577010964,0.014936491707897293,0.05953208531356541,0.029609254229890414,0.01506350829210272,1.12,1.12,1.12,1.12
0.45753528658468634,0.6314719683536242,14.905731010621098,0.007581795442588912,0.03029900763732768,0.014936499833774375,0.059500243882404824,0.029700992362672374,0.015063500166225638,1.12,1.12,1.12,1.12
0.4570455569158708,0.6314616527392524,14.90864010540501,0.007613784963041548,0.030207300974016194,0.01493650806849825,0.05946825436195219,0.02979269902598386,0.015063491931501763,1.12,1.12,1.12,1.12
0.4565560433609699,0.6314510003738883,14.911546274537221,0.00764592058620539,0.030115627865797523,0.01493651641171026,0.059436118738788346,0.02988437213420253,0.015063483588289753,1.12,1.12,1.12,1.12
0.45606674584717166,0.6314400103171217,14.914449512517528,0.007678200370245747,0.03002399038310455,0.014936524863047113,0.05940383895474799,0.029976009616895505,0.0150634751369529,1.12,1.12,1.12,1.12
0.45557766430803226,0.6314286816512917,14.91734981394633,0.007710622417347102,0.02993239058089714,0.014936533422141143,0.059371416907646635,0.030067609419102914,0.01506346657785887,1.12,1.12,1.12,1.12
0.45508879868333507,0.631417013480948,14.920247173522275,0.007743184872998299,0.029840830498386484,0.01493654208862058,0.05933885445199544,0.03015916950161357,0.015063457911379433,1.12,1.12,1.12,1.12
0.4546001489189528,0.6314050049323218,14.9231415860399,0.007775885925291048,0.02974931215877097,0.014936550862109918,0.05930615339970269,0.030250687841229085,0.015063449137890095,1.12,1.12,1.12,1.12
0.45411171496671304,0.6313926551528027,14.926033046387328,0.007808723804230311,0.02965783756897683,0.014936559742230543,0.059273315520763425,0.030342162431023223,0.01506344025776947,1.12,1.12,1.12,1.12
0.45362349678426894,0.631379963310425,14.928921549543974,0.007841696781054175,0.029566402424426874,0.014936568728600039,0.05924034254393956,0.03043359757557318,0.015063431271399974,1.12,1.12,1.12,1.12
0.4531354943349699,0.631366928593365,14.931807090578316,0.007874803227889027,0.029475015210638,0.014936577820832977,0.05920723609710471,0.030524984789362053,0.015063422179167035,1.12,1.12,1.12,1.12
0.4526477075875918,0.6313535502087781,14.934689664642537,0.007908041493704554,0.02938367784007012,0.014936587018541836,0.05917399783128918,0.030616322159929932,0.015063412981458177,1.12,1.12,1.12,1.12
0.4521601365163685,0.631339827383012,14.937569266973656,0.00794140996719428,0.029292392212813767,0.01493659632133637,0.05914062935779946,0.030707607787186286,0.015063403678663642,1.12,1.12,1.12,1.12
0.45167278110086956,0.6313257593611233,14.940445892891338,0.007974907076093496,0.029201160215768462,0.014936605728824381,0.05910713224890024,0.03079883978423159,0.015063394271175631,1.12,1.12,1.12,1.12
0.4511856413258847,0.6313113454064041,14.943319537795787,0.008008531286516019,0.02910998372190038,0.01493661524061135,0.05907350803847772,0.030890016278099675,0.015063384759388662,1.12,1.12,1.12,1.12
0.4506987171813089,0.6312965847999146,14.946190197165622,0.008042281102305926,0.029018864589566068,0.01493662485630115,0.05903975822268781,0.030981135410433985,0.015063375143698862,1.12,1.12,1.12,1.12
0.45021200866203154,0.6312814768400257,14.949057866555831,0.008076155064405455,0.02892780466190048,0.014936634575496044,0.05900588426058828,0.031072195338099573,0.015063365424503969,1.12,1.12,1.12,1.12
0.44972551576782716,0.6312660208419708,14.951922541595724,0.008110151750238381,0.0288368057662583,0.01493664439779692,0.058971887574755355,0.031163194233741753,0.015063355602203093,1.12,1.12,1.12,1.12
0.4492392385032508,0.6312502161374032,14.954784217986932,0.008144269773106616,0.028745869713707434,0.014936654322803652,0.05893776955188712,0.03125413028629262,0.01506334567719636,1.12,1.12,1.12,1.12
0.4487531768775334,0.6312340620739628,14.957642891501443,0.008178507781601396,0.02865499829856763,0.014936664350115175,0.05890353154339234,0.03134500170143242,0.015063335649884838,1.12,1.12,1.12,1.12
0.4482673309044829,0.6312175580148507,14.960498557979646,0.008212864459027192,0.028564193297989843,0.014936674479329656,0.058869174865966545,0.03143580670201021,0.015063325520670356,1.12,1.12,1.12,1.12
0.4477817006023851,0.6312007033384097,14.963351213328426,0.00824733852283871,0.028473456471573066,0.014936684710044959,0.05883470080215503,0.03152654352842699,0.015063315289955054,1.12,1.12,1.12,1.12
0.44729628599390847,0.6311834974377138,14.96620085351928,0.00828192872408956,0.028382789561063493,0.01493669504185842,0.058800110600904176,0.03161721043893656,0.015063304958141593,1.12,1.12,1.12,1.12
0.44681108708341616,0.6311659397688584,14.96904747501713,0.008316633877717694,0.028292194311640845,0.014936705484517684,0.05876540544727604,0.03170780568835921,0.015063294515482328,1.12,1.12,1.12,1.12
0.4463261039235995,0.6311480297038031,14.97189107348891,0.008351452768915635,0.028201672405810202,0.01493671602765359,0.0587305865560781,0.03179832759418985,0.015063283972346422,1.12,1.12,1.12,1.12
0.4458413365459679,0.6311297666692446,14.974731645062585,0.008386384240062328,0.028111225522682498,0.014936726671506126,0.05869565508493141,0.031888774477317555,0.015063273328493887,1.12,1.12,1.12,1.12
0.44535678502372156,0.6311111500814051,14.977569185551888,0.008421427153978978,0.02802085532419399,0.014936737403097852,0.05866061217101476,0.031979144675806065,0.01506326259690216,1.12,1.12,1.12,1.12
0.44487244937087056,0.6310921794417287,14.980403691646584,0.00845658044606118,0.027930563471501052,0.014936748233821781,0.05862545887893256,0.032069436528499,0.015063251766178232,1.12,1.12,1.12,1.12
0.44438832963451136,0.6310728542234337,14.983235159667785,0.008491843058017534,0.027840351593138135,0.01493675916327529,0.0585901962669762,0.03215964840686192,0.015063240836724723,1.12,1.12,1.12,1.12
0.4439044258655196,0.6310531739117835,14.98606358598878,0.008527213961608049,0.027750221298032368,0.014936770191056312,0.05855482536338569,0.032249778701967685,0.015063229808943701,1.12,1.12,1.12,1.12
0.443420738118473,0.6310331380037291,14.98888896703336,0.008562692158177676,0.02766017417533992,0.014936781316763625,0.05851934716681606,0.032339825824660134,0.015063218683236387,1.12,1.12,1.12,1.12
0.4429372664515759,0.6310127460075567,14.991711299274163,0.008598276678199068,0.02757021179430008,0.01493679253999683,0.05848376264679467,0.03242978820569997,0.015063207460003183,1.12,1.12,1.12,1.12
0.44245401092658565,0.6309919974425432,14.994530579231071,0.008633966580824992,0.02748033570410277,0.014936803860356368,0.058448072744168744,0.03251966429589728,0.015063196139643645,1.12,1.12,1.12,1.12
0.44197097160874055,0.6309708918386149,14.997346803469584,0.008669760953448735,0.027390547433769258,0.01493681527744413,0.058412278371545,0.032609452566230795,0.015063184722555883,1.12,1.12,1.12,1.12
0.4414881485666901,0.6309494287360142,15.000159968599256,0.00870565891127345,0.027300848492046975,0.01493682679086307,0.058376380413720286,0.03269915150795308,0.015063173209136943,1.12,1.12,1.12,1.12
0.44100554187242713,0.630927607684971,15.002970071272138,0.008741659596890605,0.02721124036731637,0.014936838400217589,0.05834037972810313,0.032788759632683684,0.015063161599782424,1.12,1.12,1.12,1.12
0.4405231516012226,0.6309054282453789,15.005777108181231,0.008777762179865645,0.027121724527507662,0.014936850105113308,0.05830427714512809,0.03287827547249239,0.015063149894886704,1.12,1.12,1.12,1.12
0.44004097783155943,0.6308828899864785,15.00858107605898,0.008813965856332151,0.02703230242002838,0.014936861905157583,0.058268073468661585,0.03296769757997167,0.01506313809484243,1.12,1.12,1.12,1.12
0.4395590206450717,0.6308599924865433,15.0113819716758,0.008850269848594217,0.026942975471699854,0.014936873799959116,0.05823176947639952,0.0330570245283002,0.015063126200040897,1.12,1.12,1.12,1.12
0.4390772801264823,0.6308367353325752,15.014179791838572,0.008886673404735868,0.026853745088708025,0.014936885789128301,0.05819536592025787,0.03314625491129203,0.015063114210871711,1.12,1.12,1.12,1.12
0.43859575636354386,0.6308131181199985,15.016974533389213,0.008923175798238148,0.02676461265569166,0.01493689786407984,0.05815886352675559,0.03323538734430839,0.015063102135920173,1.12,1.12,1.12,1.12
0.43811444944671857,0.630789140452421,15.019766193205182,0.008959776327611968,0.026675579537452504,0.014936910032708278,0.05812226299738177,0.03332442046254755,0.015063089967291735,1.12,1.12,1.12,1.12
0.4376333594696473,0.6307648019412266,15.022554768194187,0.00899647431602002,0.026586647078119446,0.014936922294636501,0.058085565008973716,0.03341335292188061,0.015063077705363512,1.12,1.12,1.12,1.12
0.43715248652882865,0.6307401022053449,15.02534025529473,0.009033269110914344,0.026497816601038476,0.014936934649490141,0.05804877021407939,0.03350218339896158,0.015063065350509872,1.12,1.12,1.12,1.12
0.4366718307235646,0.6307150408709655,15.028122651474757,0.009070160083682277,0.026409089408760494,0.014936947096898093,0.05801187924131146,0.03359091059123956,0.01506305290310192,1.12,1.12,1.12,1.12
0.4361913921559071,0.6306896175712604,15.030901953730304,0.009107146629298679,0.026320466783033625,0.014936959636493094,0.05797489269569506,0.03367953321696643,0.015063040363506919,1.12,1.12,1.12,1.12
0.43571117093060785,0.6306638319461109,15.033678159084182,0.009144228165986146,0.026231949984803382,0.014936972267911824,0.05793781115900759,0.03376805001519667,0.015063027732088188,1.12,1.12,1.12,1.12
0.4352311671550766,0.6306376836418451,15.036451264584628,0.009181404134887272,0.026143540254226577,0.014936984990792976,0.057900635190106464,0.033856459745773476,0.015063015009207037,1.12,1.12,1.12,1.12
0.43475138093935517,0.6306111723109903,15.039221267304018,0.009218673999753069,0.0260552388107044,0.01493699780477159,0.05786336532524067,0.03394476118929565,0.015063002195228423,1.12,1.12,1.12,1.12
0.43427181239611845,0.6305842976120433,15.041988164337447,0.009256037246651139,0.025967046852943487,0.014937010709466403,0.0578260020783426,0.034032953147056566,0.01506298929053361,1.12,1.12,1.12,1.12
0.43379246164054525,0.6305570592094277,15.044751952803306,0.00929349338378932,0.025878965559078593,0.014937023704519214,0.05778854594120442,0.03412103444092146,0.015062976295480798,1.12,1.12,1.12,1.12
0.4333133287897053,0.6305294567734434,15.047512629846686,0.00933104194126222,0.0257909960865631,0.014937036789786348,0.05775099738373152,0.03420900391343695,0.015062963210213665,1.12,1.12,1.12,1.12
0.4328344139635791,0.6305014899787276,15.05027019262393,0.009368682470001166,0.02570313957185305,0.014937049964923954,0.05771335685499257,0.034296860428147,0.015062950035076059,1.12,1.12,1.12,1.12
0.43235571728454,0.630473158504776,15.053024638308909,0.00940641454194513,0.025615397130724166,0.01493706322958692,0.05767562478304861,0.03438460286927589,0.015062936770413093,1.12,1.12,1.12,1.12
0.4318772388773203,0.6304444620356912,15.055775964091744,0.009444237749741957,0.025527769858305543,0.014937076583426065,0.05763780157525178,0.03447223014169451,0.015062923416573948,1.12,1.12,1.12,1.12
0.43139897886898937,0.6304154002599364,15.058524167177453,0.009482151706460995,0.02544025882912801,0.014937090026082817,0.05759988761853274,0.034559741170872044,0.015062909973917196,1.12,1.12,1.12,1.12
0.4309209373889685,0.6303859728700939,15.061269244784409,0.009520156045314365,0.025352865097192506,0.014937103557172107,0.05756188327967937,0.03464713490280755,0.015062896442827906,1.12,1.12,1.12,1.12
0.43044311456920836,0.6303561795625428,15.064011194141326,0.009558250419352043,0.0252655896960631,0.01493711717619102,0.05752378890564169,0.03473441030393695,0.015062882823808993,1.12,1.12,1.12,1.12
0.42996551054269416,0.6303260200417162,15.066750012522057,0.009596434504135054,0.02517843364118011,0.014937130883238892,0.05748560482085868,0.034821566358819944,0.015062869116761121,1.12,1.12,1.12,1.12
0.4294881254460558,0.6302954940072727,15.069485697152345,0.0096347079889747,0.025091397922876874,0.014937144677503802,0.057447331336019036,0.03490860207712318,0.01506285532249621,1.12,1.12,1.12,1.12
0.42901095941619727,0.6302646011662753,15.072218245303834,0.0096730705849159,0.025004483513027864,0.01493715855901634,0.05740896874007784,0.03499551648697219,0.015062841440983674,1.12,1.12,1.12,1.12
0.42853401259267354,0.6302333412307292,15.074947654264687,0.009711522023273855,0.02491769136477401,0.014937172527743736,0.05737051730171988,0.035082308635226045,0.015062827472256277,1.12,1.12,1.12,1.12
0.42805728511857527,0.6302017139143019,15.077673921314428,0.00975006205336143,0.02483102241100682,0.014937186583116407,0.057331977271632306,0.03516897758899323,0.015062813416883605,1.12,1.12,1.12,1.12
0.42758077713791637,0.6301697189326193,15.080397043741723,0.009788690442201486,0.024744477563553358,0.01493720072488218,0.05729334888279225,0.035255522436446696,0.015062799275117833,1.12,1.12,1.12,1.12
0.4271044888015008,0.6301373560208863,15.083117018914635,0.009827406987833909,0.024658057727793226,0.014937214952277705,0.05725463233715983,0.03534194227220683,0.015062785047722307,1.12,1.12,1.12,1.12
0.4266286813527318,0.6301060346217963,15.085840740009331,0.00986725092952051,0.024572816878672077,0.014937228760111443,0.057214788395473226,0.035427183121327976,0.01506277123988857,1.12,1.12,1.12,1.12
0.4261533854446981,0.630075938383701,15.08856912548461,0.009908358285610264,0.024488892404743473,0.01493724210283523,0.05717368103938347,0.03551110759525658,0.015062757897164783,1.12,1.12,1.12,1.12
0.4256785945555199,0.6300470516804785,15.091302120641483,0.009950718212079934,0.024406272728096284,0.014937254996359811,0.0571313211129138,0.03559372727190377,0.015062745003640202,1.12,1.12,1.12,1.12
0.42520430226524636,0.6300193590481667,15.094039671154562,0.009994320004750146,0.024324946378006085,0.014937267457823714,0.05708771932024359,0.03567505362199397,0.0150627325421763,1.12,1.12,1.12,1.12
0.42473050224621467,0.6299928451293737,15.096781722795548,0.010039153058554184,0.024244901952525988,0.014937279504877055,0.05704288626643955,0.035755098047474065,0.015062720495122958,1.12,1.12,1.12,1.12
0.42425718826637104,0.6299674946845825,15.099528221480433,0.010085206876206954,0.024166128130039655,0.014937291154785648,0.05699683244878678,0.0358338718699604,0.015062708845214365,1.12,1.12,1.12,1.12
0.42378435418778315,0.6299432925921284,15.102279113277906,0.010132471068076687,0.02408861367080825,0.014937302424413837,0.05694956825691705,0.0359113863291918,0.015062697575586176,1.12,1.12,1.12,1.12
0.42331199397080577,0.6299202238434024,15.105034344354372,0.010180935349561104,0.02401234741784003,0.01493731332813783,0.05690110397543263,0.035987652582160023,0.015062686671862183,1.12,1.12,1.12,1.12
0.42284010164928126,0.6298982735603886,15.107793861231055,0.010230589549657831,0.023937318298458438,0.014937323886316828,0.056851449775335905,0.036062681701541616,0.015062676113683185,1.12,1.12,1.12,1.12
0.42236867136889045,0.6298774269746034,15.110557610421527,0.010281423602256201,0.023863515330393187,0.014937334111316855,0.056800615722737535,0.036136484669606866,0.015062665888683158,1.12,1.12,1.12,1.12
0.4218976973564232,0.6298576694372344,15.113325538680606,0.0103334275484957,0.02379092761530449,0.014937344017509971,0.05674861177649804,0.03620907238469556,0.015062655982490042,1.12,1.12,1.12,1.12
0.4214271739249462,0.6298389864166986,15.116097592957452,0.01038659153593291,0.023719544340999238,0.014937353618941343,0.05669544778906083,0.036280455659000815,0.01506264638105867,1.12,1.12,1.12,1.12
0.42095709547190197,0.6298213634976366,15.118873720400682,0.010440905817588775,0.023649354781103915,0.014937362929588416,0.05664113350740496,0.03635064521889614,0.015062637070411597,1.12,1.12,1.12,1.12
0.4204874564776695,0.6298047863801899,15.121653868362337,0.010496360751266753,0.02358034829503472,0.014937371963283055,0.05658567857372698,0.03641965170496533,0.015062628036716957,1.12,1.12,1.12,1.12
0.42001825150432526,0.6297892408795754,15.124437984402459,0.010552946799110452,0.023512514328380252,0.014937380733649835,0.056529092525883284,0.0364874856716198,0.015062619266350177,1.12,1.12,1.12,1.12
0.41954947517653285,0.6297747129104704,15.127226016311766,0.010610654513439066,0.023445842394074157,0.01493738925892893,0.05647138481155467,0.0365541576059259,0.015062610741071084,1.12,1.12,1.12,1.12
0.4190811222139017,0.6297611885187693,15.130017912104108,0.01066947456463696,0.023380322109630702,0.014937397552974116,0.056412564760356776,0.03661967789036935,0.015062602447025897,1.12,1.12,1.12,1.12
0.4186131874280717,0.6297486538726963,15.1328136199803,0.010729397734458246,0.023315943190928112,0.014937405625291889,0.05635264159053549,0.03668405680907194,0.015062594374708124,1.12,1.12,1.12,1.12
0.4181456657016252,0.6297370952487207,15.135613088372168,0.010790414902632273,0.023252695433505666,0.014937413486638115,0.056291624422361464,0.03674730456649439,0.015062586513361897,1.12,1.12,1.12,1.12
0.4176785520015871,0.6297264990396562,15.138416265908091,0.010852517028818953,0.023190568725125704,0.01493742114474772,0.05622952229617478,0.03680943127487435,0.015062578855252293,1.12,1.12,1.12,1.12
0.41721184133756034,0.6297168517420624,15.141223101593642,0.010915695215995835,0.023129553017858573,0.014937428616712212,0.0561663441089979,0.03687044698214148,0.015062571383287801,1.12,1.12,1.12,1.12
0.41674552881444316,0.6297081399693116,15.144033544566398,0.010979940648340014,0.02306963836277992,0.014937435912344393,0.05610209867665372,0.03693036163722013,0.01506256408765562,1.12,1.12,1.12,1.12
0.4162796096067015,0.6297003504475196,15.146847544228883,0.011045244611200988,0.02301081489544221,0.014937443041896661,0.05603679471379275,0.03698918510455784,0.015062556958103351,1.12,1.12,1.12,1.12
0.4158140789584779,0.6296934700147485,15.149665050242774,0.011111598490615271,0.022953072835933036,0.014937450015617165,0.055970440834378465,0.03704692716406702,0.015062549984382848,1.12,1.12,1.12,1.12
0.4153489321828948,0.6296874856202985,15.152486012528499,0.011178993772749724,0.02289640248857494,0.014937456843579444,0.05590304555224401,0.03710359751142511,0.015062543156420569,1.12,1.12,1.12,1.12
0.4148841646610829,0.6296823843241279,15.155310381267366,0.011247422043398958,0.022840794241555162,0.014937463535617507,0.05583461728159478,0.03715920575844489,0.015062536464382506,1.12,1.12,1.12,1.12
0.41441977184110385,0.629678153296328,15.158138106904676,0.011316874987501668,0.022786238566505662,0.014937470101303502,0.05576516433749207,0.03721376143349439,0.015062529898696511,1.12,1.12,1.12,1.12
0.4139557492368396,0.6296747798165998,15.160969140153039,0.011387344388660348,0.022732726018064864,0.014937476549943346,0.05569469493633339,0.03726727398193519,0.015062523450056667,1.12,1.12,1.12,1.12
0.41349209242688095,0.6296722512737324,15.163803431995717,0.011458822128660062,0.022680247233381856,0.014937482889804302,0.055623217196333674,0.0373197527666182,0.015062517110195711,1.12,1.12,1.12,1.12
0.41302879712372836,0.6296705551735866,15.166640933309054,0.011531300204888406,0.02262879297153994,0.01493748910620235,0.05555073912010533,0.03737120702846011,0.015062510893797662,1.12,1.12,1.12,1.12
0.4125658589570642,0.6296696791064745,15.169481595997642,0.011604770670743225,0.022578353986815625,0.014937495231752404,0.05547726865425051,0.03742164601318443,0.015062504768247609,1.12,1.12,1.12,1.12
0.4121032736936643,0.6296696107872786,15.172325371884277,0.01167922570123009,0.022528921162684068,0.014937501275272963,0.05540281362376365,0.037471078837315985,0.01506249872472705,1.12,1.12,1.12,1.12
0.4116410371605859,0.6296703380371949,15.175172213071669,0.01175465756716465,0.02248048546271389,0.014937507245428902,0.055327381757829086,0.037519514537286164,0.01506249275457111,1.12,1.12,1.12,1.12
0.41117914524419164,0.629671848783361,15.178022071945886,0.011831058634836689,0.022433037930202182,0.014937513150733814,0.05525098069015705,0.03756696206979787,0.015062486849266199,1.12,1.12,1.12,1.12
0.4107175938891723,0.6296741310584194,15.180874901179468,0.011908421365631805,0.022386569687746466,0.014937518999553756,0.05517361795936193,0.03761343031225359,0.015062481000446257,1.12,1.12,1.12,1.12
0.4102563790975762,0.6296771730000374,15.183730653734205,0.0119867383156263,0.022341071936789025,0.014937524800102658,0.05509530100936744,0.03765892806321103,0.015062475199897354,1.12,1.12,1.12,1.12
0.4097954969278476,0.6296809628503963,15.186589282863721,0.012066002135164788,0.022296535957130686,0.014937530560416273,0.05501603718982895,0.03770346404286937,0.01506246943958374,1.12,1.12,1.12,1.12
0.40933494349387695,0.6296854889556599,15.189450742115852,0.012146205568429325,0.022252953106429663,0.014937536288295888,0.05493583375656441,0.03774704689357039,0.015062463711704124,1.12,1.12,1.12,1.12
0.4088747149640642,0.6296907397654293,15.192314985334871,0.01222734145300347,0.022210314819677557,0.014937541991300374,0.054854697871990266,0.037789685180322496,0.015062458008699639,1.12,1.12,1.12,1.12
0.40841480756039383,0.629696703832186,15.195181966663554,0.012309402719434537,0.022168612608151006,0.014937547674874999,0.0547726366055592,0.03783138739184905,0.015062452325125014,1.12,1.12,1.12,1.12
0.4079552175574899,0.6297033698107651,15.198051640545604,0.012392382390821521,0.022127838059051635,0.014937553344517587,0.054689656934172215,0.03787216194094842,0.015062446655482425,1.12,1.12,1.12,1.12
0.40749594128172667,0.6297107264577845,15.200923961727462,0.012476273582384567,0.022087982836236558,0.014937558987872773,0.05460576574260917,0.037912017163763495,0.01506244101212724,1.12,1.12,1.12,1.12
0.4070369751097185,0.6297187626315268,15.203798885266632,0.012561069501250632,0.022049038678534583,0.01493756462652962,0.054520969823743104,0.03795096132146547,0.015062435373470393,1.12,1.12,1.12,1.12
0.4065783154686301,0.6297274672904914,15.206676366520849,0.012646763445600173,0.022010997402182597,0.01493757026638634,0.05443527587939356,0.037989002597817456,0.015062429733613672,1.12,1.12,1.12,1.12
0.4061199588347994,0.6297368294931609,15.209556361154938,0.012733348804913225,0.021973850895314673,0.014937575912904982,0.05434869052008051,0.03802614910468538,0.01506242408709503,1.12,1.12,1.12,1.12
0.4056619017329042,0.6297468383974497,15.212438825142414,0.012820819058533217,0.02193759111960142,0.014937581571342118,0.05426122026646052,0.038062408880398635,0.015062418428657895,1.12,1.12,1.12,1.12
0.405204140735143,0.6297574832601193,15.215323714766779,0.012909167775632446,0.02190220638428722,0.014937587196336616,0.05417287154936129,0.03809779361571283,0.015062412803663397,1.12,1.12,1.12,1.12
0.4047466726184025,0.6297687533763435,15.218210985288223,0.012998388630883706,0.02186765681950137,0.014937592381621609,0.05408365069411003,0.038132343180498685,0.015062407618378404,1.12,1.12,1.12,1.12
0.40428949542239645,0.6297806377275998,15.221100582296486,0.013088475574837555,0.021833905980318147,0.014937597139631248,0.05399356375015618,0.038166094019681907,0.015062402860368765,1.12,1.12,1.12,1.12
0.4038326072782148,0.6297931257971077,15.223992453845067,0.013179423182489103,0.02180092048632265,0.014937601486339727,0.053902616142504634,0.0381990795136774,0.015062398513660286,1.12,1.12,1.12,1.12
0.4033760064004566,0.6298062075265719,15.226886550238738,0.013271226591347107,0.02176866966760993,0.014937605437401677,0.05381081273364663,0.03823133033239012,0.015062394562598336,1.12,1.12,1.12,1.12
0.40291969108017933,0.6298198732780316,15.229782823846818,0.013363881447090054,0.021737125287351916,0.014937609007926428,0.05371815787790368,0.03826287471264814,0.015062390992073585,1.12,1.12,1.12,1.12
0.40246365967857917,0.6298341137996357,15.232681228935622,0.013457383855019989,0.02170626128345754,0.014937612212461163,0.05362465546997375,0.038293738716542514,0.01506238778753885,1.12,1.12,1.12,1.12
0.4020079106213552,0.6298489201950815,15.23558172151882,0.01355173033688345,0.021676053539498613,0.014937615065012247,0.05353030898811029,0.03832394646050144,0.015062384934987766,1.12,1.12,1.12,1.12
0.40155244239367643,0.6298642838962927,15.238484259223586,0.01364691779264604,0.021646479681894037,0.0149376175790739,0.053435121532347696,0.038353520318106016,0.015062382420926113,1.12,1.12,1.12,1.12
0.4010972535356858,0.6298801966389691,15.241388801170821,0.013742943466511393,0.021617518899544552,0.01493761976765702,0.053339095858482344,0.0383824811004555,0.015062380232342992,1.12,1.12,1.12,1.12
0.4006423426384787,0.6298966504406887,15.244295307867784,0.013839804916751908,0.02158915178314097,0.014937621643314886,0.05324223440824183,0.038410848216859084,0.015062378356685127,1.12,1.12,1.12,1.12
0.40018770834050366,0.6299136375812817,15.247203741111885,0.013937499988935564,0.021561360183791428,0.014937623218166496,0.05314453933605817,0.038438639816208625,0.015062376781833517,1.12,1.12,1.12,1.12
0.39973334932433424,0.6299311505852079,15.250114063904242,0.014036026792136391,0.02153412708701863,0.014937624503917155,0.053046012532857345,0.038465872912981425,0.015062375496082858,1.12,1.12,1.12,1.12
0.39927926431374083,0.6299491822057255,15.253026240372215,0.01413538367780981,0.021507436500845356,0.014937625511888111,0.05294665564718393,0.0384925634991547,0.015062374488111901,1.12,1.12,1.12,1.12
0.3988254520710703,0.6299677254106387,15.255940235699551,0.014235569221027367,0.021481273356388886,0.014937626253038308,0.05284647010396637,0.03851872664361117,0.015062373746961705,1.12,1.12,1.12,1.12
0.39837191139503186,0.6299867733693809,15.258856016062108,0.014336582203783421,0.02145562341953322,0.014937626737937235,0.052745457121210315,0.03854437658046683,0.015062373262062778,1.12,1.12,1.12,1.12
0.39791864111849623,0.6300063194414464,15.2617735485716,0.01443842160019665,0.021430473212364715,0.01493762697680924,0.05264361772479709,0.03856952678763534,0.015062373023190773,1.12,1.12,1.12,1.12
0.39746564010658647,0.6300263571658894,15.264692801224044,0.014541086563351235,0.02140580994329669,0.01493762697953277,0.0525409527616425,0.038594190056703365,0.015062373020467243,1.12,1.12,1.12,1.12
0.3970129072549461,0.6300468802518158,15.267613742852994,0.014644576413606114,0.02138162144488623,0.014937626755664027,0.05243746291138762,0.038618378555113825,0.015062373244335986,1.12,1.12,1.12,1.12
0.3965604414881734,0.6300678825697452,15.270536343087148,0.014748890628209332,0.02135789611845318,0.014937626314448282,0.052333148696784404,0.038642103881546874,0.01506237368555173,1.12,1.12,1.12,1.12
0.3961082417583935,0.6300893581437592,15.273460572311713,0.014854028832070654,0.021334622884733978,0.01493762566483077,0.05222801049292308,0.038665377115266075,0.015062374335169243,1.12,1.12,1.12,1.12
0.3956563070439636,0.6301113011443441,15.276386401633214,0.014959990789566446,0.02131179113987758,0.014937624815466677,0.05212204853542729,0.038688208860122475,0.015062375184533336,1.12,1.12,1.12,1.12
0.3952046363482866,0.6301337058818505,15.27931380284737,0.015066776397261172,0.021289390716166423,0.014937623774730985,0.052015262927732564,0.03871060928383363,0.015062376225269028,1.12,1.12,1.12,1.12
0.3947532286987285,0.6301565668005106,15.282242748409622,0.015174385677444668,0.021267411846929152,0.0149376225507276,0.05190765364754907,0.0387325881530709,0.015062377449272413,1.12,1.12,1.12,1.12
0.39430208314562426,0.6301798784729447,15.285173211408143,0.015282818772397233,0.021245845205008163,0.014937621256015943,0.0517992205525965,0.03875415479499189,0.01506237874398407,1.12,1.12,1.12,1.12
0.39385119876424624,0.6302036355918132,15.288105165501246,0.015392075936475569,0.021224681739970885,0.01493761978987812,0.05168996338851817,0.03877531826002917,0.015062380210121892,1.12,1.12,1.12,1.12
0.3934005746479219,0.630227832970766,15.291038584965687,0.015502157535433658,0.021203912713141954,0.014937618159745675,0.05157988178956008,0.0387960872868581,0.015062381840254338,1.12,1.12,1.12,1.12
0.3929502099104194,0.6302524655378243,15.293973444641932,0.015613064041398506,0.021183529681164937,0.014937616372811102,0.05146897528359523,0.03881647031883512,0.01506238362718891,1.12,1.12,1.12,1.12
0.3925001036852244,0.630277528331374,15.296909719914453,0.015724796029299493,0.02116352447579245,0.014937614436035654,0.051357243295694244,0.0388364755242076,0.015062385563964359,1.12,1.12,1.12,1.12
0.3920502551248678,0.6303030164964402,15.2998473866934,0.01583735417370835,0.021143889185735676,0.01493761235616324,0.051244685151285385,0.03885611081426438,0.015062387643836772,1.12,1.12,1.12,1.12
0.3916006634002992,0.6303289252812173,15.302786421397503,0.015950739246044177,0.021124616140329233,0.01493761013971924,0.05113130007894956,0.03887538385967082,0.015062389860280773,1.12,1.12,1.12,1.12
0.39115132770030225,0.6303552500338259,15.305726800938135,0.016064952112105735,0.02110569789482053,0.014937607793008095,0.051017087212888,0.03889430210517952,0.015062392206991917,1.12,1.12,1.12,1.12
0.39070224723094604,0.6303819861992755,15.30866850270434,0.016179993729897035,0.021087127217092966,0.014937605322131287,0.0509020455950967,0.03891287278290709,0.015062394677868726,1.12,1.12,1.12,1.12
0.39025342121507106,0.6304091293166135,15.311611504548807,0.016295865205187943,0.02106889707566867,0.014937602732993355,0.050786174119805794,0.038931102924331384,0.015062397267006658,1.12,1.12,1.12,1.12
0.3898048488918038,0.6304366750162377,15.314555784774651,0.016412567620305574,0.021051000628845767,0.014937600031307244,0.05066947170468816,0.038948999371154286,0.015062399968692769,1.12,1.12,1.12,1.12
0.3893565295161002,0.6304646190173622,15.317501322122936,0.016530102198884233,0.021033431214847964,0.01493759722260013,0.0505519371261095,0.03896656878515209,0.015062402777399883,1.12,1.12,1.12,1.12
0.3889084623583126,0.6304929571256204,15.320448095760877,0.016648470250315794,0.02101618234286806,0.014937594312218444,0.05043356907467794,0.03898381765713199,0.015062405687781569,1.12,1.12,1.12,1.12
0.3884606467037788,0.6305216852307898,15.323396085270634,0.016767673168630648,0.020999247684916122,0.014937591305333425,0.05031436615636309,0.03900075231508393,0.015062408694666587,1.12,1.12,1.12,1.12
0.38801308185243316,0.6305507993046305,15.326345270638694,0.016887712431534196,0.020982621068377977,0.014937588206945879,0.05019432689345954,0.039017378931622076,0.015062411793054134,1.12,1.12,1.12,1.12
0.38756576711843316,0.6305802953988273,15.329295632245735,0.017008589599583512,0.02096629646920578,0.014937585021891478,0.050073449725410224,0.03903370353079427,0.015062414978108535,1.12,1.12,1.12,1.12
0.38711870182980573,0.6306101696430233,15.33224715085695,0.017130306315490063,0.02095026800568009,0.014937581754845303,0.049951733009503674,0.039049731994319964,0.01506241824515471,1.12,1.12,1.12,1.12
0.3866718853281077,0.6306404182429408,15.335199807612799,0.017252864303538173,0.020934529932676416,0.014937578410326613,0.04982917502145556,0.03906547006732364,0.0150624215896734,1.12,1.12,1.12,1.12
0.3862253169680992,0.63067103747858,15.338153584020166,0.017376265369108135,0.020919076636378348,0.014937574992703484,0.0497057739558856,0.039080923363621706,0.015062425007296529,1.12,1.12,1.12,1.12
0.3857789961174327,0.6307020237024917,15.341108461943836,0.017500511398295837,0.020903902629400006,0.01493757150619715,0.0495815279266979,0.03909609737060005,0.015062428493802862,1.12,1.12,1.12,1.12
0.38533292215635195,0.6307333733381134,15.344064423598326,0.017625604357620117,0.020889002546285312,0.014937567955369296,0.04945643496737362,0.03911099745371474,0.015062432044630716,1.12,1.12,1.12,1.12
0.3848870944774172,0.6307650828781581,15.347021451539867,0.017751546293797882,0.020874371139295578,0.014937564344252183,0.049330493031195854,0.039125628860704476,0.01506243565574783,1.12,1.12,1.12,1.12
0.38444151248521463,0.6307971488830799,15.349979528658906,0.01787833933362476,0.02086000327450091,0.014937560676591827,0.04920369999136898,0.03913999672549914,0.015062439323408186,1.12,1.12,1.12,1.12
0.38399617559608157,0.630829567979586,15.352938638172862,0.018005985683908654,0.020845893928135323,0.01493755695600471,0.04907605364108508,0.03915410607186473,0.015062443043995302,1.12,1.12,1.12,1.12
0.3835510832378459,0.6308623368591969,15.355898763619024,0.01813448763146719,0.02083203818318924,0.014937553185985747,0.04894755169352655,0.039167961816810815,0.015062446814014266,1.12,1.12,1.12,1.12
0.38310623484957457,0.6308954522768495,15.35885988884769,0.018263847543187495,0.02081843122621027,0.014937549369911998,0.04881819178180624,0.03918156877378978,0.015062450630088015,1.12,1.12,1.12,1.12
0.38266162988132746,0.6309289110495455,15.361821998015508,0.018394067866157437,0.02080506834429685,0.014937545511045758,0.0486879714588363,0.0391949316557032,0.015062454488954255,1.12,1.12,1.12,1.12
0.38221726779392207,0.6309627100550387,15.364785075579036,0.018525151127783024,0.02079194492225403,0.014937541612338151,0.04855688819721071,0.039208055077746023,0.015062458387661862,1.12,1.12,1.12,1.12
0.381773148058696,0.6309968462305671,15.36774910628855,0.018657099936031873,0.0207790564399086,0.014937537676443652,0.04842493938896186,0.039220943560091454,0.015062462323556361,1.12,1.12,1.12,1.12
0.38132927015727724,0.6310313165716176,15.370714075181994,0.01878991697955662,0.020766398469586472,0.014937533706352701,0.048292122345437116,0.03923360153041358,0.015062466293647311,1.12,1.12,1.12,1.12
0.38088563358138083,0.6310661181307131,15.373679967578948,0.018923605027986456,0.02075396667369886,0.01493752970494891,0.04815843429700728,0.039246033326301194,0.015062470295051103,1.12,1.12,1.12,1.12
0.3804422378325959,0.6311012480162393,15.376646769074831,0.019058166932553522,0.0207417568024455,0.01493752567501272,0.048023872392440214,0.039258243197554554,0.015062474324987293,1.12,1.12,1.12,1.12
0.37999908242218017,0.6311367033913033,15.379614465535308,0.019193605626323662,0.020729764691625407,0.014937521619224098,0.047888433698670074,0.039270235308374646,0.015062478380775915,1.12,1.12,1.12,1.12
0.379556166870858,0.6311724814726216,15.382583043090822,0.01932992412239859,0.020717986260542998,0.014937517540165868,0.04775211520259515,0.039282013739457056,0.015062482459834145,1.12,1.12,1.12,1.12
0.37911349070862477,0.6312085795294355,15.38555248813126,0.019467125519085193,0.020706417510004183,0.01493751344032651,0.04761491380590854,0.03929358248999587,0.015062486559673502,1.12,1.12,1.12,1.12
0.37867105347455504,0.6312449948824521,15.388522787300747,0.019605011225084568,0.02069505452042736,0.014937509322103124,0.04747702809990917,0.039304945479572695,0.01506249067789689,1.12,1.12,1.12,1.12
0.3782288547166168,0.6312817249028119,15.391493927492569,0.01974153346560492,0.02068389345033053,0.014937505187805455,0.047340505859388815,0.03931610654966952,0.015062494812194557,1.12,1.12,1.12,1.12
0.3777868939914901,0.6313187670110736,15.394465895844164,0.01987670462066965,0.020672930534147205,0.014937501039671036,0.04720533470432409,0.03932706946585285,0.015062498960328977,1.12,1.12,1.12,1.12
0.37734517086438707,0.6313561186762314,15.3974386797323,0.020010536978146864,0.020662162080517493,0.014937496879852352,0.04707150234684687,0.03933783791948256,0.01506250312014766,1.12,1.12,1.12,1.12
0.37690368490887804,0.6313937774147519,15.400412266768363,0.020143042737906347,0.020651584470633033,0.01493749271041954,0.04693899658708739,0.03934841552936702,0.015062507289580473,1.12,1.12,1.12,1.12
0.3764624357067226,0.6314317407896344,15.40338664479372,0.020274234009184655,0.020641194156640646,0.014937488533363005,0.04680780531580908,0.03935880584335941,0.015062511466637007,1.12,1.12,1.12,1.12
0.37602142284770235,0.6314700064094922,15.406361801875192,0.020404122811551184,0.020630987660095912,0.014937484350595956,0.04667791651344255,0.03936901233990414,0.015062515649404057,1.12,1.12,1.12,1.12
0.3755806459294604,0.6315085719276532,15.409337726300652,0.020532721074840943,0.020620961570467167,0.01493748016402184,0.046549318250152794,0.03937903842953289,0.015062519835978172,1.12,1.12,1.12,1.12
0.3751401045573428,0.6315474350412784,15.412314406574659,0.020660040638970922,0.020611112543681254,0.014937475975469613,0.046421998686022814,0.0393888874563188,0.0150625240245304,1.12,1.12,1.12,1.12
0.37469979834424544,0.6315865934905034,15.415291831414258,0.020786093254770432,0.020601437311709103,0.014937471786622011,0.046295946070223304,0.03939856268829095,0.015062528213378001,1.12,1.12,1.12,1.12
0.37425972691043513,0.6316260450574402,15.41826998974403,0.020910890584120156,0.020591932661231327,0.014937467599094839,0.04617114874087358,0.039408067338768726,0.015062532400905174,1.12,1.12,1.12,1.12
0.3738198898834211,0.6316657875654826,15.421248870692718,0.02103444420014644,0.020582595435841622,0.014937463414441174,0.046047595124847296,0.03941740456415843,0.015062536585558839,1.12,1.12,1.12,1.12
0.3733802868978215,0.6317058188785745,15.424228463589639,0.021156765587512227,0.020573422540441783,0.014937459234151254,0.04592527373748151,0.03942657745955827,0.015062540765848759,1.12,1.12,1.12,1.12
0.3729409175952203,0.6317461369004178,15.42720875796078,0.02127786614266519,0.020564410939951594,0.01493745505965123,0.045804173182328545,0.03943558906004846,0.015062544940348782,1.12,1.12,1.12,1.12
0.3725017816240286,0.6317867395736967,15.430189743524984,0.02139775717412229,0.020555557658058055,0.014937450892308246,0.04568428215087145,0.039444442341942,0.015062549107691767,1.12,1.12,1.12,1.12
0.37206287863934623,0.6318276248793162,15.433171410190209,0.021516449874440402,0.020546859800128076,0.014937446733432183,0.045565589450553334,0.03945314019987198,0.01506255326656783,1.12,1.12,1.12,1.12
0.3716242083027795,0.6318687908353167,15.43615374804812,0.021633955411265837,0.020538314820674752,0.014937442584277677,0.0454480839137279,0.0394616851793253,0.015062557415722336,1.12,1.12,1.12,1.12
0.3711857702816961,0.6319102354919954,15.439136747349231,0.021750284830486577,0.020529919991663814,0.014937438446047127,0.04533175449450716,0.03947008000833624,0.015062561553952886,1.12,1.12,1.12,1.12
0.37074756424960376,0.6319519569345584,15.442120398516593,0.021865449091066524,0.020521672583377254,0.01493743431989128,0.04521659023392721,0.0394783274166228,0.015062565680108733,1.12,1.12,1.12,1.12
0.3703095898861441,0.6319939532832102,15.445104692146373,0.021979459065418927,0.020513569924600294,0.014937430206910796,0.04510258025957481,0.03948643007539976,0.015062569793089217,1.12,1.12,1.12,1.12
0.36987184687695784,0.6320362226923925,15.448089619004076,0.022092325539729063,0.02050560940162391,0.014937426108157431,0.04498971378526467,0.039494390598376145,0.015062573891842582,1.12,1.12,1.12,1.12
0.36943433491355493,0.632078763350032,15.451075170020836,0.022204059214304295,0.020497788457224442,0.014937422024636104,0.04487798011068944,0.03950221154277561,0.015062577975363908,1.12,1.12,1.12,1.12
0.3689970536931858,0.6321215734768043,15.454061336289765,0.022314670703960815,0.02049010458956424,0.014937417957306062,0.04476736862103292,0.039509895410435814,0.01506258204269395,1.12,1.12,1.12,1.12
0.36856000291871527,0.632164651325412,15.457048109062356,0.02242417053846013,0.02048255535093027,0.014937413907082475,0.044657868786533605,0.03951744464906978,0.015062586092917538,1.12,1.12,1.12,1.12
0.3681231822985014,0.632207995179877,15.46003547974501,0.02253256916300672,0.02047511300362917,0.014937409874837965,0.044549470161987015,0.039524886996370884,0.015062590125162048,1.12,1.12,1.12,1.12
0.3676865915985104,0.6322516037135499,15.463023441737384,0.022639876969166195,0.02046780200342016,0.014937405861288194,0.04444216235582754,0.03953219799657989,0.015062594138711818,1.12,1.12,1.12,1.12
0.36725023053421996,0.6322954752508247,15.466011986645217,0.022746104233306086,0.0204606197332306,0.014937401867233607,0.04433593509168765,0.03953938026676945,0.015062598132766405,1.12,1.12,1.12,1.12
0.3668140988269529,0.6323396081499655,15.469001106242338,0.02285126114864383,0.020453563650525808,0.014937397893434512,0.044230778176349905,0.039546436349474245,0.0150626021065655,1.12,1.12,1.12,1.12
0.3663781962037058,0.6323840008021095,15.471990792465743,0.02295535782568453,0.02044663128299895,0.014937393940612387,0.044126681499309206,0.0395533687170011,0.015062606059387626,1.12,1.12,1.12,1.12
0.36594252239698694,0.6324286516303328,15.47498103741092,0.023058404292406964,0.020439820224647826,0.014937390009451365,0.04402363503258677,0.03956017977535223,0.015062609990548648,1.12,1.12,1.12,1.12
0.3655070771446643,0.6324735590887663,15.477971833327508,0.02316041049467471,0.020433128132189032,0.014937386100599304,0.043921628830319026,0.03956687186781102,0.01506261389940071,1.12,1.12,1.12,1.12
0.36507186018982196,0.6325187216617641,15.48096317261514,0.02326138629663571,0.020426552721762414,0.014937382214669323,0.043820653028358025,0.03957344727823764,0.01506261778533069,1.12,1.12,1.12,1.12
0.36463687128062255,0.6325641378631179,15.48395504781955,0.02336134148094987,0.020420091765875892,0.014937378352240877,0.043720697844043865,0.03957990823412416,0.015062621647759136,1.12,1.12,1.12,1.12
0.36420211017017956,0.6326098062353097,15.486947451628865,0.02346028574943576,0.020413743090544,0.014937374513861013,0.043621753575557976,0.03958625690945605,0.015062625486139,1.12,1.12,1.12,1.12
0.363767576616433,0.6326557253488088,15.489940376870138,0.02355822872354596,0.020407504580301966,0.014937370700045444,0.04352381060144778,0.03959249541969809,0.015062629299954569,1.12,1.12,1.12,1.12
0.3633332703820189,0.6327018938012924,15.492933816505449,0.0236551799446707,0.02040137417960497,0.014937366911279629,0.043426859380323035,0.039598625820395084,0.015062633088720384,1.12,1.12,1.12,1.12
0.36289919123413433,0.6327483102168492,15.495927763627936,0.023751148874539774,0.020395349886994374,0.014937363148020064,0.04333089045045396,0.03960465011300568,0.01506263685197995,1.12,1.12,1.12,1.12
0.36246533894441635,0.6327949732452609,15.498922211458208,0.023846144895634525,0.02038942972662483,0.014937359410695114,0.04323589442935921,0.03961057027337522,0.015062640589304899,1.12,1.12,1.12,1.12
0.36203171328887934,0.6328418815616881,15.501917153342841,0.023940177311637056,0.02038361176913933,0.014937355699706098,0.04314186201335668,0.03961638823086072,0.015062644300293915,1.12,1.12,1.12,1.12
0.3615983140478088,0.6328890338660582,15.504912582751352,0.024033255347855054,0.02037789405632806,0.014937352015427993,0.04304878397713868,0.03962210594367199,0.01506264798457202,1.12,1.12,1.12,1.12
0.36116514100580804,0.632936428883517,15.507908493278617,0.0241253881517432,0.02037227465485636,0.014937348358210437,0.04295665117325054,0.039627725345143694,0.015062651641789576,1.12,1.12,1.12,1.12
0.36073219395173467,0.6329840653641217,15.510904878643437,0.02421658479335881,0.02036675171953431,0.014937344728378113,0.04286545453163493,0.039633248280465744,0.0150626552716219,1.12,1.12,1.12,1.12
0.36029947267851237,0.63303194208164,15.513901732682445,0.024306854265741362,0.020361323473650356,0.014937341126232226,0.042775185059252374,0.0396386765263497,0.015062658873767787,1.12,1.12,1.12,1.12
0.3598669769829817,0.6330800578326262,15.51689904934545,0.024396205485317013,0.02035598819430129,0.01493733755205122,0.04268583383967672,0.039644011805698764,0.015062662447948794,1.12,1.12,1.12,1.12
0.35943470666578436,0.6331284114357021,15.519896822691845,0.02448464729232397,0.020350744202232485,0.014937334006091818,0.04259739203266977,0.03964925579776757,0.015062665993908195,1.12,1.12,1.12,1.12
0.35900266153126525,0.6331770017309811,15.52289504688769,0.02457218845125081,0.02034558985501253,0.014937330488589598,0.04250985087374293,0.03965441014498752,0.015062669511410415,1.12,1.12,1.12,1.12
0.35857084138739065,0.6332258275795886,15.52589371620336,0.024658837651285126,0.020340523542620143,0.014937326999760178,0.04242320167370861,0.03965947645737991,0.015062673000239835,1.12,1.12,1.12,1.12
0.3581392460456758,0.6332748878632404,15.528892825011454,0.024744603506769047,0.02033554368477264,0.014937323539799582,0.04233743581822469,0.039664456315227414,0.01506267646020043,1.12,1.12,1.12,1.12
0.35770787532111625,0.6333241814838635,15.53189236778491,0.024829494557657927,0.0203306676188581,0.014937320108885016,0.04225254476733581,0.03966933238114195,0.015062679891114997,1.12,1.12,1.12,1.12
0.35727672899509477,0.6333737070970085,15.534892337717285,0.024913519246185234,0.020325869320820755,0.014937316707261394,0.0421685200788085,0.0396741306791793,0.015062683292738618,1.12,1.12,1.12,1.12
0.356845806900733,0.633423463722712,15.537892729882063,0.024996685972150934,0.02032114856424541,0.01493731333504314,0.0420853533528428,0.03967885143575464,0.015062686664956873,1.12,1.12,1.12,1.12
0.3564151088718253,0.6334734503823226,15.54089353935639,0.025079003060721916,0.02031650489132497,0.01493730999233435,0.04200303626427182,0.03968349510867508,0.015062690007665663,1.12,1.12,1.12,1.12
0.35598463474331776,0.6335236661017837,15.543894761237915,0.02516047876322841,0.02031193765931072,0.014937306679227658,0.041921560561765325,0.039688062340689334,0.015062693320772355,1.12,1.12,1.12,1.12
0.35555438435168657,0.6335741099142596,15.546896390658311,0.0252411212579009,0.020307446098738302,0.014937303395804305,0.041840918067092836,0.03969255390126175,0.015062696604195708,1.12,1.12,1.12,1.12
0.35512435753519905,0.6336247808619453,15.549898422792591,0.02532093865053414,0.020303029348978735,0.0149373001421335,0.041761100674459595,0.03969697065102132,0.015062699857866513,1.12,1.12,1.12,1.12
0.35469455413409945,0.6336756779973755,15.552900852865836,0.025399938975105896,0.02029868646735089,0.014937296918272669,0.04168210034988784,0.03970131353264916,0.015062703081727344,1.12,1.12,1.12,1.12
0.35426497399077395,0.6337268003846055,15.555903676159332,0.025478130194384774,0.020294416365621792,0.014937293724267359,0.04160390913060896,0.03970558363437826,0.015062706275732654,1.12,1.12,1.12,1.12
0.35383561695003496,0.6337781471012855,15.558906888021319,0.02555552020061741,0.0202902179333668,0.014937290560150834,0.041526519124376327,0.039709782066633253,0.015062709439849178,1.12,1.12,1.12,1.12
0.3534064828591623,0.6338297172390025,15.561910483868811,0.02563211684770289,0.020286090043235172,0.014937287425944606,0.041449922477290846,0.03971390995676488,0.015062712574055406,1.12,1.12,1.12,1.12
0.3529775715679335,0.6338815099035442,15.564914459188987,0.02570792785740389,0.02028203155717484,0.0149372843216585,0.04137411146758985,0.03971796844282521,0.015062715678341512,1.12,1.12,1.12,1.12
0.35254888292864045,0.6339335242150773,15.567918809540178,0.025782960913506126,0.020278041332298963,0.014937281247291087,0.04129907841148761,0.03972195866770109,0.015062718752708926,1.12,1.12,1.12,1.12
0.35212041679609407,0.6339857593082435,15.570923530552424,0.02585722363134596,0.02027411822756786,0.014937278202830098,0.041224815693647776,0.03972588177243219,0.015062721797169915,1.12,1.12,1.12,1.12
0.35169217302761596,0.6340382143321593,15.57392861792751,0.025930723558308333,0.02027026112080904,0.014937275188252455,0.041151315766685403,0.03972973887919101,0.015062724811747558,1.12,1.12,1.12,1.12
0.3512641514829971,0.6340908884501775,15.576934067437804,0.026003468174300604,0.020266468920794672,0.014937272203525101,0.04107857115069313,0.03973353107920538,0.015062727796474912,1.12,1.12,1.12,1.12
0.35083635202443253,0.6341437808394789,15.579939874924179,0.026075464892211186,0.020262740482215907,0.014937269248605098,0.04100657443278255,0.039737259517784146,0.015062730751394915,1.12,1.12,1.12,1.12
0.35040877451661906,0.6341968906918574,15.58294603630016,0.026146721058477596,0.020259074679814054,0.014937266323439904,0.04093531826651614,0.039740925320186,0.015062733676560108,1.12,1.12,1.12,1.12
0.3499814188267101,0.634250217213463,15.585952547550662,0.026217243953556735,0.02025547040823611,0.014937263427967806,0.040864795371437,0.039744529591763944,0.015062736572032207,1.12,1.12,1.12,1.12
0.34955428482427015,0.6343037596245491,15.58895940473072,0.026287040792394356,0.02025192658185382,0.01493726056211804,0.04079499853259938,0.039748073418146235,0.015062739437881972,1.12,1.12,1.12,1.12
0.3491273723812309,0.6343575171592181,15.59196660396426,0.026356118724893907,0.020248442134554845,0.014937257725811504,0.04072592060009983,0.03975155786544521,0.01506274227418851,1.12,1.12,1.12,1.12
0.3487006813718472,0.6344114890651729,15.594974141442858,0.026424484836384765,0.02024501601951184,0.014937254918960918,0.04065755448860897,0.03975498398048821,0.015062745081039094,1.12,1.12,1.12,1.12
0.3482742116726538,0.6344656746034689,15.59798201342451,0.026492146148089146,0.0202416472089334,0.014937252141471125,0.04058989317690459,0.03975835279106665,0.015062747858528888,1.12,1.12,1.12,1.12
0.3478479631624226,0.6345200730482713,15.600990216232425,0.026559109617587895,0.020238334693800375,0.014937249393239677,0.04052292970740584,0.03976166530619968,0.015062750606760336,1.12,1.12,1.12,1.12
0.34742193572212116,0.6345746836866125,15.603998746253847,0.02662538213928617,0.0202350774835931,0.014937246674156898,0.04045665718570757,0.03976492251640695,0.015062753325843115,1.12,1.12,1.12,1.12
0.34699612923487033,0.6346295058181562,15.607007599938868,0.026690970544877457,0.020231874606008893,0.014937243984106424,0.04039106878011628,0.03976812539399116,0.015062756015893589,1.12,1.12,1.12,1.12
0.3465705435859045,0.6346845387549632,15.610016773799273,0.026755881603806653,0.0202287251066742,0.014937241322965283,0.040326157721187084,0.03977127489332585,0.01506275867703473,1.12,1.12,1.12,1.12
0.34614517866253175,0.6347397818212608,15.613026264407399,0.026820122023731796,0.020225628048852556,0.01493723869060451,0.04026191730126194,0.0397743719511475,0.015062761309395503,1.12,1.12,1.12,1.12
0.3457200343540934,0.6347952343532175,15.616036068395015,0.02688369845098526,0.020222582513148762,0.014937236086889155,0.040198340874008476,0.03977741748685129,0.015062763913110858,1.12,1.12,1.12,1.12
0.34529511055192696,0.6348508956987193,15.61904618245222,0.02694661747103344,0.020219587597212013,0.014937233511678666,0.040135421853960296,0.03978041240278804,0.015062766488321347,1.12,1.12,1.12,1.12
0.34487040714932715,0.6349067652171517,15.622056603326346,0.027008885608934607,0.02021664241824328,0.014937230964827186,0.04007315371605913,0.03978335758175677,0.015062769035172827,1.12,1.12,1.12,1.12
0.3444459240415042,0.6349628422791448,15.625067327820705,0.02707050932979299,0.020213746107538233,0.014937228446183864,0.040011529995200745,0.03978625389246182,0.015062771553816148,1.12,1.12,1.12,1.12
0.3440216611255516,0.6350191262663953,15.628078352793697,0.027131495039214193,0.020210897810978734,0.014937225955593034,0.03995054428577954,0.03978910218902132,0.015062774044406979,1.12,1.12,1.12,1.12
0.34359761830041324,0.6350756165714811,15.63108967515791,0.02719184908375083,0.020208096690597588,0.01493722349289453,0.03989019024124291,0.039791903309402465,0.015062776507105483,1.12,1.12,1.12,1.12
0.3431737954668476,0.6351323125976537,15.634101291879059,0.0272515777513882,0.02020534192423057,0.01493722105792375,0.039830461573605536,0.039794658075769485,0.015062778942076263,1.12,1.12,1.12,1.12
0.34275019252739336,0.6351892137586348,15.637113199975015,0.027310687271975553,0.020202632705180357,0.014937218650512119,0.03977135205301818,0.0397973672948197,0.015062781349487894,1.12,1.12,1.12,1.12
0.3423268093863346,0.6352463194784174,15.640125396514808,0.027369183817675835,0.020199968247144262,0.014937216270487219,0.0397128555073179,0.03980003175285579,0.015062783729512794,1.12,1.12,1.12,1.12
0.34190364594965894,0.6353036291909984,15.643137878617239,0.02742707350340673,0.020197347775394447,0.014937213917673026,0.03965496582158701,0.039802652224605606,0.015062786082326987,1.12,1.12,1.12,1.12
0.3414807021250299,0.6353611423402331,15.646150643450223,0.027484362387291406,0.02019477052549279,0.01493721159189007,0.03959767693770233,0.039805229474507264,0.015062788408109942,1.12,1.12,1.12,1.12
0.3410579778217633,0.6354188583797085,15.649163688230132,0.027541056471108882,0.02019223574767276,0.014937209292955736,0.039540982853884854,0.03980776425232729,0.015062790707044277,1.12,1.12,1.12,1.12
0.340635472950795,0.6354767767725529,15.652177010220882,0.02759716170073695,0.020189742706479052,0.01493720702068431,0.03948487762425679,0.039810257293521,0.015062792979315703,1.12,1.12,1.12,1.12
0.34021318742464945,0.6355348969912538,15.655190606732997,0.02765268396659243,0.02018729068042671,0.01493720477488733,0.03942935535840131,0.03981270931957334,0.015062795225112682,1.12,1.12,1.12,1.12
0.3397911211574096,0.6355932185174776,15.65820447512273,0.027707629104070985,0.020184878961675368,0.014937202555373646,0.03937441022092275,0.039815121038324686,0.015062797444626366,1.12,1.12,1.12,1.12
0.3393692740646863,0.6356517408418931,15.661218612791181,0.027762002893984505,0.02018250685675335,0.014937200361949607,0.03932003643100923,0.0398174931432467,0.015062799638050406,1.12,1.12,1.12,1.12
0.338947646063588,0.6357104634639875,15.664233017183363,0.027815811062995077,0.020180173686106667,0.014937198194419354,0.03926622826199866,0.039819826313893386,0.015062801805580658,1.12,1.12,1.12,1.12
0.33852623707269025,0.6357693858918858,15.667247685787327,0.02786905928403921,0.020177878780287622,0.014937196052584978,0.039212980040954526,0.03982212121971243,0.015062803947415035,1.12,1.12,1.12,1.12
0.3381050470120128,0.6358285076422237,15.670262616133513,0.027921753176780584,0.02017562148244273,0.014937193936246485,0.03916028614821315,0.039824378517557324,0.015062806063753528,1.12,1.12,1.12,1.12
0.3376840758029925,0.6358878282399867,15.673277805793969,0.027973898308031597,0.020173401148029263,0.014937191845202091,0.03910814101696214,0.03982659885197079,0.015062808154797921,1.12,1.12,1.12,1.12
0.3372633233684556,0.6359473472183513,15.676293252381537,0.02802550019213257,0.020171217144543174,0.014937189779248378,0.03905653913286117,0.03982878285545688,0.015062810220751635,1.12,1.12,1.12,1.12
0.3368427896325926,0.6360070641185316,15.679308953549118,0.028076564291454054,0.020169068851257077,0.014937187738180396,0.03900547503353968,0.039830931148742976,0.015062812261819616,1.12,1.12,1.12,1.12
0.3364224745209319,0.6360669784896267,15.682324906988882,0.028127096016811626,0.02016695565896784,0.014937185721791979,0.03895494330818211,0.039833044341032214,0.015062814278208034,1.12,1.12,1.12,1.12
0.3360023779603147,0.6361270898884746,15.685341110431562,0.028177100727870108,0.020164876969752582,0.014937183729875445,0.03890493859712363,0.03983512303024747,0.015062816270124568,1.12,1.12,1.12,1.12
0.3355824998788709,0.6361873978795064,15.688357561645727,0.02822658373356418,0.020162832196733232,0.01493718176222221,0.038855455591429555,0.03983716780326682,0.015062818237777803,1.12,1.12,1.12,1.12
0.3351628402059952,0.6362479020346049,15.691374258437069,0.028275550292515828,0.020160820763847287,0.014937179818622609,0.03880648903247791,0.039839179236152766,0.015062820181377404,1.12,1.12,1.12,1.12
0.3347433988723224,0.636308601932967,15.694391198647708,0.02832400561345061,0.020158842105626573,0.0149371778988662,0.03875803371154313,0.03984115789437348,0.015062822101133813,1.12,1.12,1.12,1.12
0.33432417580970597,0.6363694971609665,15.697408380155533,0.028371954855611503,0.020156895666981894,0.014937176002741678,0.03871008446938223,0.03984310433301816,0.015062823997258334,1.12,1.12,1.12,1.12
0.3339051709511951,0.6364305873120224,15.70042580087354,0.028419403129170295,0.02015498090299389,0.0149371741300372,0.03866263619582344,0.03984501909700616,0.015062825869962812,1.12,1.12,1.12,1.12
0.33348638423101146,0.6364918719864685,15.703443458749156,0.028466355495637086,0.02015309727870923,0.014937172280540326,0.03861568382935665,0.03984690272129082,0.015062827719459687,1.12,1.12,1.12,1.12
0.33306781558452947,0.636553350791425,15.706461351763643,0.02851281696826774,0.020151244273489244,0.01493717045403821,0.038569222356725996,0.03984875572651081,0.015062829545961803,1.12,1.12,1.12,1.12
0.33264946494824577,0.6366150233406114,15.709479477931094,0.028558792512462405,0.0201494213764169,0.014937168650317786,0.03852324681253133,0.039850578623583155,0.015062831349682226,1.12,1.12,1.12,1.12
0.3322313322597594,0.636676889254221,15.712497835297867,0.028604287046168464,0.02014762807990897,0.014937166869165533,0.03847775227882527,0.039852371920091084,0.01506283313083448,1.12,1.12,1.12,1.12
0.3318134174577613,0.636738948158885,15.715516421942382,0.028649305440289374,0.020145863885747378,0.014937165110368092,0.03843273388470436,0.039854136114252675,0.01506283488963192,1.12,1.12,1.12,1.12
0.33139572048201454,0.6368011996875538,15.718535235974539,0.028693852519082463,0.020144128304881076,0.014937163373711732,0.03838818680591127,0.03985587169511898,0.015062836626288281,1.12,1.12,1.12,1.12
0.3309782412733343,0.6368636434793777,15.721554275535151,0.028737933060554777,0.020142420857233917,0.014937161658982998,0.03834410626443896,0.039857579142766136,0.015062838341017015,1.12,1.12,1.12,1.12
0.33056097977356863,0.6369262791795939,15.72457353879534,0.028781551796856875,0.02014074107151853,0.014937159965968366,0.03830048752813686,0.03985925892848152,0.015062840034031647,1.12,1.12,1.12,1.12
0.33014393592557917,0.6369891064394131,15.727593023955993,0.028824713414673686,0.02013908848505591,0.014937158294454606,0.03825732591032005,0.03986091151494414,0.015062841705545407,1.12,1.12,1.12,1.12
0.3297271096732235,0.637052124915909,15.73061272924723,0.028867422555613698,0.020137462643599724,0.014937156644228664,0.03821461676938004,0.03986253735640033,0.01506284335577135,1.12,1.12,1.12,1.12
0.3293105009613358,0.6371153342719116,15.733632652927817,0.02890968381659531,0.020135863101165885,0.014937155015077863,0.038172355508398426,0.03986413689883417,0.01506284498492215,1.12,1.12,1.12,1.12
0.32889410973570987,0.6371787341759005,15.736652793284684,0.028951501750231534,0.020134289419866336,0.014937153406789916,0.0381305375747622,0.03986571058013372,0.015062846593210097,1.12,1.12,1.12,1.12
0.3284779359430813,0.637242324301902,15.739673148632392,0.02899288086521129,0.020132741169747587,0.01493715181915306,0.038089158459782446,0.03986725883025247,0.015062848180846952,1.12,1.12,1.12,1.12
0.32806197953111094,0.6373061043293874,15.742693717312633,0.029033825626679832,0.020131217928633344,0.014937150251955869,0.038048213698313904,0.03986878207136671,0.015062849748044144,1.12,1.12,1.12,1.12
0.3276462404483672,0.6373700739431734,15.745714497693722,0.029074340456615222,0.020129719281970743,0.014937148704987774,0.038007698868378514,0.03987028071802931,0.015062851295012239,1.12,1.12,1.12,1.12
0.32723071864431097,0.6374342328333257,15.74873548817012,0.029114429734203362,0.020128244822680774,0.014937147178038623,0.037967609590790374,0.03987175517731928,0.01506285282196139,1.12,1.12,1.12,1.12
0.3268154140692783,0.6374985806950619,15.75175668716195,0.029154097796210143,0.020126794151012317,0.014937145670899099,0.03792794152878359,0.039873205848987736,0.015062854329100914,1.12,1.12,1.12,1.12
0.3264003266744657,0.63756311722866,15.754778093114552,0.029193348937352537,0.020125366874399198,0.014937144183360548,0.0378886903876412,0.039874633125600856,0.015062855816639464,1.12,1.12,1.12,1.12
0.32598545641191407,0.6376278421393646,15.757799704497991,0.0292321874106663,0.020123962607321022,0.014937142715215207,0.03784985191432744,0.03987603739267903,0.015062857284784806,1.12,1.12,1.12,1.12
0.3255708032344938,0.6376927551372985,15.760821519806644,0.02927061742787035,0.02012258097116676,0.014937141266256102,0.03781142189712339,0.039877419028833294,0.015062858733743911,1.12,1.12,1.12,1.12
0.32515636709588985,0.6377578559373736,15.763843537558728,0.029308643159732806,0.02012122159410215,0.014937139836277119,0.03777339616526093,0.0398787784058979,0.015062860163722894,1.12,1.12,1.12,1.12
0.32474214795058765,0.6378231442592043,15.766865756295878,0.029346268736429593,0.020119884110939068,0.014937138425073243,0.037735770588564144,0.039880115889060985,0.01506286157492677,1.12,1.12,1.12,1.12
0.32432814575385827,0.6378886198270239,15.76988817458275,0.02938349824789921,0.020118568163008665,0.01493713703244022,0.03769854107709453,0.03988143183699139,0.015062862967559792,1.12,1.12,1.12,1.12
0.3239143604617448,0.6379542823696002,15.772910791006563,0.029420335744201,0.02011727339803654,0.014937135658175005,0.03766170358079274,0.039882726601963514,0.015062864341825008,1.12,1.12,1.12,1.12
0.32350079203104853,0.6380201316201545,15.775933604176714,0.02945678523586892,0.020115999470021045,0.014937134302075508,0.037625254089124816,0.03988400052997901,0.015062865697924505,1.12,1.12,1.12,1.12
0.3230874404193159,0.6380861673162816,15.77895661272439,0.029492850694262163,0.020114746039114118,0.014937132963940808,0.037589188630731574,0.039885253960885936,0.015062867036059205,1.12,1.12,1.12,1.12
0.3226743055848247,0.6381523891998704,15.78197981530215,0.029528536051913634,0.020113512771504416,0.01493713164357112,0.0375535032730801,0.03988648722849564,0.015062868356428893,1.12,1.12,1.12,1.12
0.3222613874865717,0.6382187970170291,15.785003210583561,0.02956384520287647,0.02011229933930314,0.014937130340767685,0.037518194122117265,0.03988770066069691,0.015062869659232328,1.12,1.12,1.12,1.12
0.32184868608426,0.6382853905180075,15.788026797262813,0.029598782003067425,0.020111105420432096,0.014937129055333065,0.03748325732192631,0.03988889457956796,0.015062870944666948,1.12,1.12,1.12,1.12
0.3214362013382858,0.6383521694571235,15.791050574054339,0.02963335027060815,0.02010993069851394,0.014937127787070945,0.03744868905438559,0.039890069301486114,0.015062872212929068,1.12,1.12,1.12,1.12
0.32102393320972794,0.6384191335926916,15.794074539692481,0.029667553786164313,0.020108774862764994,0.01493712653578634,0.03741448553882942,0.03989122513723506,0.015062873464213672,1.12,1.12,1.12,1.12
0.32061188166033383,0.6384862826869503,15.797098692931097,0.02970139629328189,0.020107637607889944,0.014937125301285492,0.03738064303171185,0.03989236239211011,0.01506287469871452,1.12,1.12,1.12,1.12
0.32020004665250934,0.6385536165059925,15.800123032543251,0.029734881498721444,0.020106518633978776,0.014937124083375983,0.03734715782627229,0.03989348136602128,0.01506287591662403,1.12,1.12,1.12,1.12
0.31978842814930675,0.6386211348196977,15.803147557320827,0.0297680130727897,0.020105417646405943,0.014937122881866674,0.037314026252204036,0.03989458235359411,0.015062877118133339,1.12,1.12,1.12,1.12
0.3193770261144135,0.6386888374016628,15.806172266074238,0.029800794649669005,0.020104334355730946,0.014937121696567746,0.03728124467532473,0.03989566564426911,0.015062878303432267,1.12,1.12,1.12,1.12
0.31896584051214116,0.6387567240291387,15.809197157632052,0.029833229827744112,0.020103268477601854,0.014937120527290793,0.037248809497249624,0.0398967315223982,0.01506287947270922,1.12,1.12,1.12,1.12
0.31855487130741483,0.6388247944829634,15.81222223084071,0.029865322169926933,0.020102219732660104,0.014937119373848715,0.0372167171550668,0.03989778026733995,0.015062880626151298,1.12,1.12,1.12,1.12
0.31814411846576185,0.6388930485474991,15.815247484564171,0.029897075203978496,0.02010118784644707,0.014937118236055896,0.03718496412101524,0.03989881215355298,0.015062881763944116,1.12,1.12,1.12,1.12
0.31773358195330204,0.6389614860105701,15.818272917683629,0.029928492422828523,0.020100172549312845,0.014937117113728055,0.03715354690216521,0.03989982745068721,0.015062882886271958,1.12,1.12,1.12,1.12
0.3173232617367374,0.6390301066634013,15.821298529097191,0.029959577284893513,0.02009917357632679,0.014937116006682433,0.037122462040100224,0.039900826423673263,0.01506288399331758,1.12,1.12,1.12,1.12
0.3169131577833415,0.6390989103005582,15.82432431771958,0.029990333214391318,0.02009819066718954,0.014937114914737579,0.03709170611060242,0.03990180933281051,0.015062885085262434,1.12,1.12,1.12,1.12
0.3165032700609506,0.6391678967198882,15.827350282481845,0.0300207636016539,0.02009722356614735,0.014937113837713623,0.03706127572333984,0.039902776433852705,0.01506288616228639,1.12,1.12,1.12,1.12
0.31609359853795294,0.6392370657224623,15.830376422331067,0.03005087180343774,0.020096272021906947,0.014937112775432013,0.037031167521556,0.039903727978093106,0.015062887224568,1.12,1.12,1.12,1.12
0.3156841431832799,0.6393064171125187,15.833402736230084,0.030080661143231657,0.020095335787553514,0.014937111727715766,0.03700137818176208,0.03990466421244654,0.015062888272284247,1.12,1.12,1.12,1.12
0.31527490396639685,0.6393759506974066,15.836429223157197,0.030110134911562947,0.020094414620469014,0.01493711069438941,0.03697190441343079,0.03990558537953104,0.015062889305610602,1.12,1.12,1.12,1.12
0.31486588085729333,0.639445666287533,15.839455882105902,0.030139296366300028,0.020093508282253036,0.01493710967527892,0.03694274295869371,0.03990649171774702,0.015062890324721093,1.12,1.12,1.12,1.12
0.31445707382647026,0.6395155636963102,15.842482712084692,0.030168148732955147,0.020092616538643915,0.014937108670213417,0.03691389059203859,0.03990738346135614,0.015062891329786596,1.12,1.12,1.12,1.12
0.3140484828449389,0.6395856427400993,15.84550971211667,0.030196695204980917,0.02009173915944326,0.01493710767902226,0.03688534412001282,0.03990826084055679,0.015062892320977753,1.12,1.12,1.12,1.12
0.3136401078842097,0.6396559032381589,15.848536881239347,0.03022493894406708,0.02009087591844061,0.014937106701535904,0.036857100380926655,0.039909124081559444,0.015062893298464108,1.12,1.12,1.12,1.12
0.3132319489162826,0.6397263450125964,15.851564218504397,0.03025288308043511,0.020090026593339805,0.01493710573758636,0.036829156244558625,0.03990997340666025,0.015062894262413654,1.12,1.12,1.12,1.12
0.3128240059136392,0.6397969678883175,15.854591722977382,0.03028053071312975,0.02008919096568651,0.014937104787007188,0.03680150861186399,0.039910809034313544,0.015062895212992825,1.12,1.12,1.12,1.12
0.3124162788492344,0.6398677716929777,15.857619393737554,0.030307884910308724,0.020088368820797897,0.014937103849633426,0.03677415441468501,0.039911631179202156,0.015062896150366586,1.12,1.12,1.12,1.12
0.3120087676964882,0.639938756256934,15.86064722987756,0.030334948709529852,0.02008755994769254,0.01493710292530162,0.036747090615463884,0.03991244005230751,0.015062897074698392,1.12,1.12,1.12,1.12
0.3116014724292786,0.6400099214131976,15.863675230503262,0.030361725118036142,0.02008676413902305,0.014937102013849818,0.036720314206957594,0.039913235860977,0.015062897986150195,1.12,1.12,1.12,1.12
0.3111943930219324,0.640081266997389,15.86670339473346,0.03038821711303813,0.020085981191008656,0.014937101115117701,0.03669382221195561,0.0399140188089914,0.015062898884882311,1.12,1.12,1.12,1.12
0.3107875294492198,0.640152792847692,15.86973172169969,0.030414427641994812,0.020085210904111334,0.014937100228946482,0.036667611682998924,0.03991478909588872,0.015062899771053531,1.12,1.12,1.12,1.12
0.31038088168634365,0.6402244988047983,15.872760210545952,0.030440359622890434,0.0200844530821348,0.01493709935517877,0.0366416797021033,0.03991554691786525,0.015062900644821242,1.12,1.12,1.12,1.12
0.30997444970893384,0.6402963847118661,15.875788860428479,0.030466015944510816,0.0200837075314933,0.014937098493658874,0.03661602338048292,0.03991629246850675,0.01506290150634114,1.12,1.12,1.12,1.12
0.30956823349304097,0.640368450414488,15.878817670515588,0.030491399466718194,0.020082974061927605,0.014937097644232483,0.03659063985827554,0.03991702593807245,0.01506290235576753,1.12,1.12,1.12,1.12
0.3091622330151287,0.6404406957606477,15.881846639987472,0.030516513020722558,0.020082252486442187,0.014937096806746902,0.03656552630427118,0.039917747513557866,0.01506290319325311,1.12,1.12,1.12,1.12
0.3087564482520677,0.6405131206006788,15.884875768035993,0.030541359409351487,0.020081542621245063,0.014937095981050988,0.03654067991564225,0.03991845737875499,0.015062904018949025,1.12,1.12,1.12,1.12
0.30835087918112836,0.6405857247872255,15.887905053864479,0.030565941407316555,0.020080844285687405,0.014937095166995026,0.03651609791767718,0.03991915571431265,0.015062904833004986,1.12,1.12,1.12,1.12
0.3079455257799743,0.6406585081752012,15.890934496687514,0.030590261761478554,0.02008015730220572,0.014937094364430886,0.03649177756351518,0.03991984269779433,0.015062905635569127,1.12,1.12,1.12,1.12
0.3075403880266556,0.6407314706217495,15.893964095730745,0.030614323191110737,0.020079481496264595,0.014937093573211963,0.036467716133883,0.03992051850373546,0.01506290642678805,1.12,1.12,1.12,1.12
0.3071354658996027,0.6408046119862068,15.896993850230707,0.03063812838815899,0.020078816696897428,0.014937092793193094,0.036443910936834745,0.039921183303102625,0.01506290720680692,1.12,1.12,1.12,1.12
0.3067307593776195,0.6408779321300548,15.900023759434571,0.030661680017499637,0.020078162738333682,0.014937092024230728,0.0364203593074941,0.03992183726166637,0.015062907975769285,1.12,1.12,1.12,1.12
0.30632626843987315,0.6409514309168538,15.903053822599809,0.030684980717192778,0.020077519454526627,0.014937091266182798,0.03639705860780096,0.03992248054547343,0.015062908733817215,1.12,1.12,1.12,1.12
0.30592199306589285,0.6410251082122489,15.906084038994202,0.03070803309874065,0.020076886682273837,0.01493709051890868,0.036374006226253086,0.039923113317726217,0.015062909481091333,1.12,1.12,1.12,1.12
0.3055179332355644,0.6410989638839331,15.909114407895721,0.030730839747340033,0.02007626426116227,0.014937089782269292,0.0363511995776537,0.039923735738837784,0.015062910217730721,1.12,1.12,1.12,1.12
0.305114088929124,0.6411729978016129,15.912144928592305,0.030753403222131992,0.020075652033514413,0.014937089056127062,0.036328636102861744,0.03992434796648564,0.01506291094387295,1.12,1.12,1.12,1.12
0.3047104601271519,0.6412472098369734,15.915175600381705,0.030775726056450126,0.020075049845146603,0.014937088340345794,0.03630631326854361,0.03992495015485345,0.015062911659654218,1.12,1.12,1.12,1.12
0.30430704681056664,0.6413215998636327,15.918206422571238,0.030797810758064814,0.02007445754697254,0.014937087634790888,0.03628422856692892,0.03992554245302751,0.015062912365209125,1.12,1.12,1.12,1.12
0.30390384896061473,0.641396167757076,15.921237394477465,0.03081965980942397,0.020073874988764118,0.014937086939329186,0.036262379515569765,0.039926125011235936,0.015062913060670827,1.12,1.12,1.12,1.12
0.3035008665588719,0.6414709133946714,15.924268515426267,0.030841275667900014,0.020073302022892925,0.014937086253829002,0.03624076365709372,0.03992669797710713,0.015062913746171011,1.12,1.12,1.12,1.12
0.3030980995872368,0.6415458366556394,15.927299784752716,0.030862660766028782,0.02007273850427338,0.014937085578160064,0.036219378558964954,0.039927261495726674,0.015062914421839949,1.12,1.12,1.12,1.12
0.3026955480279259,0.6416209374210198,15.93033120180089,0.030883817511748124,0.020072184290308548,0.01493708491219356,0.03619822181324561,0.039927815709691505,0.015062915087806453,1.12,1.12,1.12,1.12
0.302293211863468,0.6416962155736397,15.933362765923714,0.030904748288632433,0.020071639240838268,0.014937084255802105,0.0361772910363613,0.039928360759161785,0.015062915744197908,1.12,1.12,1.12,1.12
0.3018910910767,0.6417716709980823,15.936394476482821,0.030925455456126905,0.020071103218088915,0.014937083608859772,0.03615658386886683,0.03992889678191114,0.01506291639114024,1.12,1.12,1.12,1.12
0.30148918565076044,0.6418473035806583,15.939426332848392,0.030945941349778794,0.02007057608662527,0.014937082971241994,0.03613609797521494,0.039929423913374784,0.015062917028758019,1.12,1.12,1.12,1.12
0.30108749556908565,0.6419231132093748,15.942458334398992,0.030966208281467122,0.020070057713304057,0.014937082342825689,0.036115831043526614,0.039929942286695996,0.015062917657174324,1.12,1.12,1.12,1.12
0.30068602081540485,0.6419990997739062,15.945490480521464,0.030986258539630163,0.020069547967228124,0.014937081723489093,0.036095780785363574,0.03993045203277193,0.01506291827651092,1.12,1.12,1.12,1.12
0.30028476137373483,0.6420752631655667,15.948522770610737,0.031006094389491368,0.020069046719703387,0.014937081113111983,0.03607594493550237,0.039930953280296666,0.01506291888688803,1.12,1.12,1.12,1.12
0.2998837172283757,0.6421516032772815,15.95155520406973,0.031025718073282915,0.020068553844195675,0.014937080511575399,0.03605632125171082,0.03993144615580438,0.015062919488424614,1.12,1.12,1.12,1.12
0.2994828883639065,0.6422281200035599,15.954587780309193,0.03104513181046742,0.02006806921629009,0.014937079918761767,0.03603690751452632,0.03993193078370996,0.015062920081238246,1.12,1.12,1.12,1.12
0.2990822747651804,0.6423048132404688,15.95762049874757,0.03106433779795814,0.02006759271365005,0.014937079334554945,0.036017701527035595,0.03993240728635,0.015062920665445068,1.12,1.12,1.12,1.12
0.29868187641732025,0.6423816828856053,15.96065335881088,0.03108333821033682,0.020067124215978838,0.014937078758839997,0.03599870111465692,0.039932875784021216,0.015062921241160016,1.12,1.12,1.12,1.12
0.2982816933057147,0.6424587288380721,15.963686359932577,0.03110213520006949,0.02006666360498055,0.0149370781915035,0.035979904124924245,0.0399333363950195,0.015062921808496513,1.12,1.12,1.12,1.12
0.29788172541601343,0.6425359509984511,15.966719501553435,0.031120730897720994,0.020066210764323827,0.014937077632433376,0.03596130842727274,0.039933789235676226,0.015062922367566636,1.12,1.12,1.12,1.12
0.29748197273412347,0.6426133492687797,15.969752783121411,0.031139127412167122,0.020065765579604655,0.014937077081518702,0.035942911912826614,0.0399342344203954,0.015062922918481311,1.12,1.12,1.12,1.12
0.2970824352462049,0.642690923552525,15.972786204091534,0.031157326830805465,0.02006532793831145,0.014937076538650021,0.03592471249418827,0.0399346720616886,0.015062923461349992,1.12,1.12,1.12,1.12
0.2966831129386668,0.6427686737545617,15.975819763925774,0.031175331219763402,0.02006489772978995,0.014937076003719171,0.035906708105230334,0.039935102270210104,0.015062923996280841,1.12,1.12,1.12,1.12
0.2962840057981634,0.6428465997811469,15.978853462092935,0.03119314262410533,0.020064474845209734,0.014937075476619183,0.035888896700888406,0.03993552515479032,0.01506292452338083,1.12,1.12,1.12,1.12
0.2958851138115902,0.6429247015398979,15.98188729806854,0.03121076306803744,0.020064059177530347,0.014937074957244459,0.0358712762569563,0.03993594082246971,0.015062925042755554,1.12,1.12,1.12,1.12
0.29548643696608007,0.6430029789397692,15.984921271334706,0.031228194555110833,0.02006365062146967,0.01493707444549068,0.0358538447698829,0.039936349378530384,0.015062925554509332,1.12,1.12,1.12,1.12
0.295087975249,0.643081431891031,15.987955381380043,0.031245439068423198,0.020063249073471623,0.01493707394125482,0.03583660025657054,0.03993675092652843,0.015062926058745194,1.12,1.12,1.12,1.12
0.2946897286479465,0.6431600603052463,15.990989627699545,0.031262498570817754,0.020062854431674965,0.014937073444435012,0.03581954075417598,0.03993714556832509,0.015062926555565001,1.12,1.12,1.12,1.12
0.2942916971507433,0.6432388640952506,15.99402400979448,0.031279375005081766,0.020062466595883482,0.014937072954930658,0.03580266431991197,0.03993753340411657,0.015062927045069355,1.12,1.12,1.12,1.12
0.2938938807454366,0.6433178431751299,15.997058527172292,0.031296070294141776,0.020062085467535407,0.014937072472642449,0.03578596903085196,0.03993791453246465,0.015062927527357564,1.12,1.12,1.12,1.12
0.29349627942029216,0.6433969974602004,16.000093179346475,0.031312586341258386,0.020061710949674627,0.01493707199747231,0.03576945298373535,0.039938289050325426,0.015062928002527703,1.12,1.12,1.12,1.12
0.2930988931637916,0.6434763268669892,16.0031279658365,0.031328925030218724,0.020061342946921634,0.014937071529323331,0.03575311429477501,0.03993865705307842,0.015062928470676681,1.12,1.12,1.12,1.12
0.29270172196463023,0.6435558313132127,16.00616288616771,0.03134508822552734,0.02006098136544629,0.014937071068099717,0.035736951099466396,0.03993901863455376,0.015062928931900296,1.12,1.12,1.12,1.12
0.29230476581171166,0.6436355107177578,16.0091979398712,0.03136107777259467,0.020060626112939406,0.01493707061370704,0.035720961552399066,0.03993937388706065,0.015062929386292973,1.12,1.12,1.12,1.12
0.2919080246941465,0.6437153650006634,16.01223312648375,0.03137689549792527,0.020060277098586238,0.014937070166051919,0.035705143827068464,0.039939722901413816,0.015062929833948094,1.12,1.12,1.12,1.12
0.29151149860124786,0.6437953940831003,16.01526844554771,0.031392543209200874,0.02005993423303984,0.01493706972504219,0.03568949611579286,0.039940065766960214,0.015062930274957823,1.12,1.12,1.12,1.12
0.29111518752252935,0.6438755978873538,16.018303896610927,0.031408022695539106,0.020059597428395165,0.014937069290586844,0.03567401662945463,0.03994040257160489,0.01506293070941317,1.12,1.12,1.12,1.12
0.29071909144770114,0.643955976336804,16.021339479226626,0.03142333572783379,0.02005926659816401,0.014937068862595979,0.035658703597159946,0.03994073340183604,0.015062931137404034,1.12,1.12,1.12,1.12
0.2903232103666671,0.6440365293559105,16.02437519295335,0.03143848405880506,0.02005894165724928,0.014937068440980902,0.035643555266188676,0.039941058342750774,0.01506293155901911,1.12,1.12,1.12,1.12
0.2899275442695222,0.644117256870192,16.027411037354863,0.031453469423179226,0.020058622521921227,0.014937068025653963,0.03562856990181451,0.03994137747807883,0.01506293197434605,1.12,1.12,1.12,1.12
0.2895320931465495,0.6441981588062105,16.030447012000046,0.03146829353786551,0.020058309109792893,0.01493706761652873,0.035613745787128226,0.03994169089020716,0.015062932383471284,1.12,1.12,1.12,1.12
0.28913685698821673,0.6442792350915545,16.033483116462843,0.031482958102131975,0.020058001339797238,0.014937067213519756,0.03559908122286176,0.039941998660202815,0.015062932786480257,1.12,1.12,1.12,1.12
0.2887418357851743,0.6443604856548222,16.036519350322163,0.03149746479778015,0.02005769913216332,0.014937066816542749,0.035584574527213586,0.03994230086783673,0.015062933183457264,1.12,1.12,1.12,1.12
0.28834702952825214,0.6444419104256044,16.039555713161775,0.03151181528931707,0.020057402408394154,0.014937066425514428,0.03557022403567667,0.0399425975916059,0.015062933574485585,1.12,1.12,1.12,1.12
0.2879524382084568,0.6445235093344698,16.042592204570276,0.03152601122412668,0.02005711109124403,0.01493706604035265,0.035556028100867054,0.039942888908756025,0.015062933959647362,1.12,1.12,1.12,1.12
0.287558061816969,0.644605282312948,16.045628824140977,0.03154005423263745,0.020056825104696918,0.014937065660976342,0.03554198509235629,0.039943174895303135,0.01506293433902367,1.12,1.12,1.12,1.12
0.28716390034514117,0.6446872292935142,16.048665571471837,0.03155394592849259,0.020056544373944996,0.014937065287305443,0.03552809339650115,0.03994345562605506,0.01506293471269457,1.12,1.12,1.12,1.12
0.28676995378449466,0.6447693502095752,16.05170244616539,0.031567687908716724,0.020056268825367873,0.014937064919260945,0.03551435141627701,0.03994373117463218,0.015062935080739068,1.12,1.12,1.12,1.12
0.2863762221267169,0.6448516449954529,16.05473944782866,0.03158128175388003,0.02005599838651123,0.014937064556764829,0.035500757571113706,0.03994400161348882,0.015062935443235184,1.12,1.12,1.12,1.12
0.2859827053636595,0.6449341135863702,16.057776576073092,0.031594729028261326,0.020055732986067554,0.014937064199740085,0.03548731029673241,0.0399442670139325,0.015062935800259927,1.12,1.12,1.12,1.12
0.2855894034873356,0.6450167559184368,16.060813830514498,0.03160803128001011,0.020055472553855314,0.014937063848110763,0.03547400804498363,0.03994452744614474,0.01506293615188925,1.12,1.12,1.12,1.12
0.2851963164899172,0.6450995719286345,16.063851210772953,0.0316211900413067,0.020055217020800153,0.014937063501801837,0.035460849283687035,0.0399447829791999,0.015062936498198176,1.12,1.12,1.12,1.12
0.284803444363733,0.6451825615548042,16.066888716472747,0.03163420682852103,0.020054966318915124,0.014937063160739394,0.03544783249647271,0.03994503368108493,0.015062936839260618,1.12,1.12,1.12,1.12
0.28441078710126605,0.645265724735631,16.069926347242323,0.031647083142370136,0.020054720381282615,0.014937062824850272,0.0354349561826236,0.03994527961871744,0.01506293717514974,1.12,1.12,1.12,1.12
0.28401834469515164,0.6453490614106315,16.072964102714188,0.031659820468074085,0.020054479142035175,0.0149370624940625,0.03542221885691965,0.03994552085796488,0.015062937505937513,1.12,1.12,1.12,1.12
0.2836261171381746,0.6454325715201403,16.07600198252487,0.031672420275564106,0.020054242536337585,0.014937062168304885,0.03540961904942963,0.03994575746366247,0.015062937831695128,1.12,1.12,1.12,1.12
0.28323410442326724,0.6455162550052975,16.07903998631483,0.031684884019537896,0.020054010500369535,0.014937061847507316,0.03539715530545584,0.03994598949963052,0.015062938152492697,1.12,1.12,1.12,1.12
0.28284230654350767,0.6456001118080352,16.082078113728414,0.0316972131396383,0.0200537829713075,0.014937061531600432,0.035384826185355434,0.039946217028692554,0.015062938468399581,1.12,1.12,1.12,1.12
0.28245072349211703,0.6456841418710653,16.085116364413796,0.031709409060627414,0.020053559887307892,0.01493706122051594,0.03537263026436632,0.03994644011269216,0.015062938779484072,1.12,1.12,1.12,1.12
0.2820593552624577,0.6457683451378673,16.088154738022904,0.031721473192531824,0.020053341187490414,0.014937060914186423,0.03536056613246191,0.03994665881250964,0.01506293908581359,1.12,1.12,1.12,1.12
0.281668201848031,0.6458527215526761,16.091193234211353,0.03173340693078658,0.020053126811920924,0.014937060612545336,0.03534863239420716,0.03994687318807913,0.015062939387454677,1.12,1.12,1.12,1.12
0.2812772632424753,0.6459372710604703,16.094231852638416,0.0317452116563815,0.020052916747862026,0.014937060315527065,0.035336827668612236,0.03994708325213803,0.015062939684472948,1.12,1.12,1.12,1.12
0.28088653943950953,0.6460219936063306,16.097270592963458,0.03175688873593879,0.020052711065999484,0.014937060023066953,0.03532515058905494,0.03994728893400057,0.01506293997693306,1.12,1.12,1.12,1.12
0.28049603043283505,0.6461068891343071,16.10030945483974,0.03176843952173686,0.020052509728537227,0.014937059735101996,0.03531359980325688,0.03994749027146283,0.015062940264898017,1.12,1.12,1.12,1.12
0.28010573621626567,0.6461919575888934,16.103348437922467,0.0317798653520136,0.0200523126979687,0.014937059451569895,0.03530217397298013,0.039947687302031354,0.015062940548430118,1.12,1.12,1.12,1.12
0.2797156567837276,0.6462771989150227,16.106387541868823,0.03179116755110889,0.020052119944065805,0.014937059172409409,0.035290871773884847,0.03994788005593425,0.015062940827590604,1.12,1.12,1.12,1.12
0.27932579212924996,0.6463626130579702,16.10942676633741,0.031802347429595146,0.020051931445144833,0.014937058897560196,0.03527969189539859,0.03994806855485522,0.015062941102439817,1.12,1.12,1.12,1.12
0.2789361422469551,0.6464481999632379,16.112466110987608,0.031813406284405765,0.020051747189688274,0.014937058626962901,0.03526863304058797,0.03994825281031178,0.015062941373037111,1.12,1.12,1.12,1.12
0.2785467071310467,0.6465339595764164,16.11550557547882,0.03182434539896001,0.02005156717840062,0.01493705836055903,0.03525769392603373,0.03994843282159943,0.015062941639440983,1.12,1.12,1.12,1.12
0.27815748677579616,0.64661989184302,16.11854515946957,0.03183516604328429,0.02005139142678325,0.014937058098291253,0.035246873281709445,0.039948608573216804,0.01506294190170876,1.12,1.12,1.12,1.12
0.27776848117552627,0.6467059967082861,16.121584862616366,0.03184586947412904,0.02005121996828907,0.01493705784010324,0.035236169850864696,0.039948780031710984,0.015062942159896772,1.12,1.12,1.12,1.12
0.2773796903245919,0.6467922741169314,16.12462468457237,0.031856456935081046,0.020051052858019947,0.014937057585939856,0.03522558238991269,0.03994894714198011,0.015062942414060157,1.12,1.12,1.12,1.12
0.27699111421735706,0.6468787240128585,16.127664624985755,0.03186692965667087,0.020050890176612435,0.0149370573357471,0.035215109668322864,0.03994910982338762,0.015062942664252912,1.12,1.12,1.12,1.12
0.27660275284816777,0.6469653463388092,16.130704683497775,0.031877288856474506,0.020050732033096264,0.014937057089472267,0.03520475046851923,0.03994926796690379,0.015062942910527746,1.12,1.12,1.12,1.12
0.276214606211323,0.6470521410359791,16.133744859740617,0.031887535739212325,0.020050578563265226,0.014937056847064117,0.03519450358578141,0.03994942143673483,0.015062943152935895,1.12,1.12,1.12,1.12
0.27582667430104796,0.6471391080436542,16.136785153335364,0.031897671496853464,0.020050430076027193,0.014937056608472915,0.03518436782814027,0.03994956992397286,0.015062943391527098,1.12,1.12,1.12,1.12
0.27543895711130484,0.6472262472968624,16.13982556387898,0.03190769730851034,0.020050287161341107,0.014937056373651114,0.035174342016483395,0.039949712838658946,0.015062943626348899,1.12,1.12,1.12,1.12
0.2750514546354868,0.6473135587225601,16.14286609092312,0.0319176143401832,0.020050129593812,0.014937056142554694,0.03516442498481054,0.039949870406188054,0.015062943857445318,1.12,1.12,1.12,1.12
0.2746641668896457,0.6474010425217428,16.145906735535974,0.031927423775418906,0.02004997638588868,0.014937055915049777,0.03515461554957483,0.039950023614111374,0.015062944084950236,1.12,1.12,1.12,1.12
0.2742770938683278,0.6474886986379416,16.14894749736234,0.031937126757721035,0.02004982741823219,0.014937055691090106,0.0351449125672727,0.03995017258176786,0.015062944308909906,1.12,1.12,1.12,1.12
0.2738902355662896,0.6475765270162381,16.151988376055066,0.031946724419014805,0.020049682579108163,0.01493705547062986,0.03513531490597893,0.03995031742089189,0.015062944529370154,1.12,1.12,1.12,1.12
0.27350359197848695,0.6476645276031651,16.155029371274555,0.031956217879325066,0.020049541775389756,0.01493705525362335,0.03512582144566867,0.0399504582246103,0.015062944746376664,1.12,1.12,1.12,1.12
0.2731171631000514,0.6477527003464538,16.158070482687336,0.031965608232275844,0.020049404930942982,0.014937055040025418,0.03511643109271789,0.03995059506905707,0.015062944959974595,1.12,1.12,1.12,1.12
0.2727309489262694,0.6478410451948062,16.16111170996484,0.03197489658416808,0.020049271983603734,0.014937054829791255,0.03510714274082566,0.03995072801639632,0.015062945170208758,1.12,1.12,1.12,1.12
0.27234494945256654,0.647929562097707,16.164153052782375,0.03198408401988356,0.020049142895882777,0.01493705462287663,0.03509795530511017,0.03995085710411728,0.015062945377123382,1.12,1.12,1.12,1.12
0.2719591646744774,0.648018251005089,16.167194510817247,0.03199317161298493,0.020049017665339286,0.014937054419237858,0.03508886771200881,0.03995098233466077,0.015062945580762155,1.12,1.12,1.12,1.12
0.27157359458760927,0.6481071118668613,16.170236083746175,0.03200216042578247,0.02004889627218942,0.014937054218832,0.03507987889921127,0.03995110372781063,0.015062945781168013,1.12,1.12,1.12,1.12
0.27118823918766,0.6481961446331429,16.17327777124657,0.032011051509477084,0.020048778698716907,0.014937054021616922,0.03507098781551665,0.039951221301283146,0.015062945978383091,1.12,1.12,1.12,1.12
0.2708030984704159,0.6482853492542353,16.176319572996405,0.03201984590427398,0.020048664927806437,0.014937053827550992,0.035062193420719756,0.03995133507219362,0.015062946172449021,1.12,1.12,1.12,1.12
0.2704181724317511,0.6483747256806156,16.179361488674125,0.03202854463949811,0.02004855494514618,0.01493705363659327,0.03505349468549562,0.039951445054853874,0.015062946363406743,1.12,1.12,1.12,1.12
0.27003346106762466,0.6484642738628978,16.182403517958495,0.032037148733708165,0.020048448746153524,0.014937053448703524,0.03504489059128557,0.03995155125384653,0.015062946551296488,1.12,1.12,1.12,1.12
0.2696489643740703,0.6485539937517024,16.18544566052784,0.03204565919479846,0.020048346348927104,0.014937053263842148,0.03503638013019528,0.03995165365107295,0.015062946736157865,1.12,1.12,1.12,1.12
0.26926468234717227,0.6486438852973495,16.18848791605834,0.03205407702008134,0.02004824782460618,0.01493705308197038,0.0350279623049124,0.03995175217539387,0.015062946918029632,1.12,1.12,1.12,1.12
0.26888061498301125,0.6487339484491432,16.191530284220036,0.03206240319632214,0.020048153918819117,0.014937052903050418,0.035019636128671594,0.039951846081180936,0.015062947096949594,1.12,1.12,1.12,1.12
0.26849676227695846,0.6488241831462581,16.194572764626106,0.032070638698852016,0.020048060689474012,0.014937052727048455,0.03501140062614172,0.03995193931052604,0.015062947272951557,1.12,1.12,1.12,1.12
0.26811312422859496,0.6489145893810497,16.19761535718522,0.03207878449854451,0.020047968965549334,0.01493705255391363,0.035003254826449226,0.03995203103445072,0.015062947446086383,1.12,1.12,1.12,1.12
0.2677297008366349,0.6490051671346623,16.200658061743642,0.032086841554766876,0.020047878844778516,0.014937052383599742,0.03499519777022686,0.03995212115522154,0.015062947616400271,1.12,1.12,1.12,1.12
0.2673464920997085,0.6490959163868931,16.203700878139983,0.032094810816316044,0.02004779041772109,0.014937052216061814,0.03498722850867769,0.039952209582278964,0.0150629477839382,1.12,1.12,1.12,1.12
0.2669634980163714,0.6491868371162899,16.20674380620578,0.03210269322084752,0.020047703767895775,0.014937052051256144,0.034979346104146214,0.03995229623210428,0.015062947948743868,1.12,1.12,1.12,1.12
0.2665807185851158,0.6492779293002432,16.209786845765965,0.03211048969315622,0.020047618971826664,0.014937051889140157,0.03497154963183752,0.03995238102817339,0.015062948110859856,1.12,1.12,1.12,1.12
0.26619815380437956,0.6493691929150821,16.21282999663937,0.03211820114926989,0.020047536099056185,0.014937051729672426,0.03496383817572385,0.03995246390094387,0.015062948270327586,1.12,1.12,1.12,1.12
0.2658158036725567,0.6494606279361668,16.215873258639263,0.03212582850456053,0.020047455212167553,0.014937051572812554,0.03495621082043321,0.0399525447878325,0.015062948427187459,1.12,1.12,1.12,1.12
0.26543366818800607,0.6495522343379823,16.218916631573812,0.03213337265759936,0.020047376366835734,0.0149370514185211,0.03494866666739438,0.03995262363316432,0.015062948581478913,1.12,1.12,1.12,1.12
0.265051747349061,0.6496440120942305,16.221960115246617,0.03214083449603916,0.020047299611921254,0.014937051266759732,0.034941204828954575,0.0399527003880788,0.01506294873324028,1.12,1.12,1.12,1.12
0.2646700411540377,0.6497359611779232,16.2250037094572,0.03214821490979175,0.020047224989613283,0.014937051117490927,0.034933824415201986,0.03995277501038677,0.015062948882509086,1.12,1.12,1.12,1.12
0.264288549601244,0.6498280815614703,16.228047414001498,0.032155514760176473,0.02004715253561512,0.014937050970678031,0.03492652456481726,0.03995284746438493,0.015062949029321981,1.12,1.12,1.12,1.12
0.263907272688987,0.6499203732167674,16.231091228672337,0.03216273492444938,0.02004708227936608,0.014937050826285214,0.03491930440054436,0.039952917720633974,0.015062949173714799,1.12,1.12,1.12,1.12
0.26352621041558094,0.6500128361152806,16.234135153259892,0.032169876243584306,0.020047014244290756,0.014937050684277475,0.03491216308140943,0.0399529857557093,0.015062949315722537,1.12,1.12,1.12,1.12
0.26314536277935424,0.6501054702281265,16.237179187552133,0.03217693957483542,0.020046948448072477,0.014937050544620495,0.03490509975015832,0.039953051551927576,0.015062949455379518,1.12,1.12,1.12,1.12
0.2627647297786562,0.6501982755261495,16.24022333133526,0.03218392573218737,0.02004688490292697,0.014937050407281063,0.03489811359280637,0.03995311509707308,0.01506294959271895,1.12,1.12,1.12,1.12
0.262384311411863,0.6502912519799964,16.243267584394093,0.032190835535646556,0.02004682363444929,0.014937050272226443,0.03489120378934718,0.03995317636555076,0.01506294972777357,1.12,1.12,1.12,1.12
0.26200410767736576,0.6503843995599348,16.24631194651107,0.03219766981896277,0.020046764644815085,0.014937050139424202,0.034884369506030966,0.03995323535518497,0.015062949860575811,1.12,1.12,1.12,1.12
0.26162411857360274,0.6504777182361636,16.249356417467897,0.032204429385072675,0.020046707922619117,0.014937050008838937,0.03487760993992106,0.039953292077380936,0.015062949991161076,1.12,1.12,1.12,1.12
0.2612443440990548,0.6505712079790072,16.252400997046795,0.03221111503557722,0.020046653454745877,0.014937049880439784,0.034870924289416516,0.039953346545254176,0.015062950119560228,1.12,1.12,1.12,1.12
0.2608647842522562,0.6506648687589336,16.2554456850305,0.03221772756354535,0.020046601226104938,0.014937049754196241,0.034864311761448386,0.039953398773895116,0.015062950245803772,1.12,1.12,1.12,1.12
0.26048543903179605,0.6507587005465804,16.25849048120244,0.03222426775248238,0.02004655127363708,0.014937049630078317,0.034857771572511353,0.03995344872636297,0.015062950369921696,1.12,1.12,1.12,1.12
0.26010630843626964,0.6508527033120546,16.26153538534277,0.032230736377811875,0.020046503632486445,0.014937049508056799,0.03485130294718186,0.03995349636751361,0.015062950491943214,1.12,1.12,1.12,1.12
0.2597273924642797,0.6509468770249586,16.26458039722857,0.032237134206381024,0.020046458245056714,0.01493704938810314,0.03484490511861271,0.03995354175494334,0.015062950611896872,1.12,1.12,1.12,1.12
0.2593486911145272,0.6510412216556349,16.26762551664075,0.03224346199675193,0.0200464150616389,0.014937049270188907,0.034838577328241804,0.03995358493836115,0.015062950729811106,1.12,1.12,1.12,1.12
0.2589702043858016,0.6511357371750606,16.27067074336352,0.03224972049950031,0.02004637403821352,0.014937049154286147,0.034832318825493425,0.03995362596178653,0.015062950845713866,1.12,1.12,1.12,1.12
0.25859193227697486,0.6512304235547739,16.273716077183977,0.03225591045701465,0.02004633513489701,0.014937049040367106,0.03482612886797909,0.039953664865103045,0.015062950959632906,1.12,1.12,1.12,1.12
0.25821387478699603,0.6513252807668164,16.276761517891746,0.03226203259548599,0.020046298314832706,0.014937048928404376,0.034820006729507746,0.03995370168516735,0.015062951071595637,1.12,1.12,1.12,1.12
0.2578360319148882,0.6514203087836936,16.27980706527883,0.032268087661195544,0.02004626354340877,0.014937048818370866,0.03481395166379819,0.03995373645659128,0.015062951181629147,1.12,1.12,1.12,1.12
0.25745840365974465,0.6515155075783471,16.282852719139402,0.032274076363647874,0.020046230787707453,0.014937048710239834,0.03480796296134586,0.0399537692122926,0.01506295128976018,1.12,1.12,1.12,1.12
0.2570809900207281,0.6516108771241289,16.285898479269694,0.03227999941499049,0.020046200016128557,0.01493704860398419,0.034802039910003246,0.039953799983871496,0.015062951396015822,1.12,1.12,1.12,1.12
0.2567037909970667,0.6517064173947871,16.288944345467925,0.03228585751987234,0.020046171198127877,0.014937048499570102,0.034796181805121396,0.03995382880187218,0.01506295150042991,1.12,1.12,1.12,1.12
0.2563268065880539,0.6518021283644511,16.291990317534193,0.03229165137555695,0.02004614430405255,0.014937048396972033,0.034790387949436785,0.039953855695947504,0.01506295160302798,1.12,1.12,1.12,1.12
0.25595003679304645,0.651898010007619,16.29503639527045,0.03229738167195573,0.020046119305023535,0.014937048296164657,0.03478465765303801,0.03995388069497652,0.015062951703835356,1.12,1.12,1.12,1.12
0.25557348161146304,0.6519940622991497,16.29808257848043,0.032303049091684244,0.020046096172866512,0.014937048197123104,0.03477899023330949,0.03995390382713354,0.015062951802876909,1.12,1.12,1.12,1.12
0.2551971410427834,0.6520902852142516,16.301128866969588,0.03230865431014551,0.020046074880063908,0.014937048099822742,0.034773385014848224,0.039953925119936146,0.015062951900177271,1.12,1.12,1.12,1.12
0.2548210150865466,0.652186678728476,16.3041752605451,0.03231419799560831,0.020046055399723373,0.014937048004239312,0.03476784132938543,0.03995394460027668,0.015062951995760701,1.12,1.12,1.12,1.12
0.2544451037423504,0.652283242817707,16.307221759015775,0.0323196808092846,0.02004603770556096,0.014937047910348888,0.034762358515709135,0.039953962294439094,0.015062952089651124,1.12,1.12,1.12,1.12
0.25406940700985015,0.652379977458156,16.31026836219204,0.03232510340540501,0.020046021773176353,0.014937047818127797,0.03475693591958873,0.0399539782268237,0.015062952181872216,1.12,1.12,1.12,1.12
0.25369392488875564,0.6524768826263347,16.31331506988579,0.03233046643129028,0.020046007579692326,0.014937047727552735,0.03475157289370345,0.03995399242030773,0.015062952272447278,1.12,1.12,1.12,1.12
0.2533186573788308,0.6525739582990373,16.316361881910293,0.032335770527422814,0.020045995099545966,0.014937047638600723,0.03474626879757092,0.03995400490045409,0.01506295236139929,1.12,1.12,1.12,1.12
0.2529436044798942,0.6526712044533736,16.31940879808039,0.03234101633005665,0.02004598430791915,0.014937047551249041,0.03474102299493709,0.0399540156920809,0.015062952448750971,1.12,1.12,1.12,1.12
0.2525687661918187,0.6527686210667624,16.322455818212443,0.03234620446965314,0.02004597518069401,0.01493704746547532,0.0347358348553406,0.039954024819306044,0.015062952534524693,1.12,1.12,1.12,1.12
0.25219414251452993,0.6528662081169205,16.325502942124274,0.03235133556535286,0.020045995795504284,0.014937047381257437,0.03473070375964088,0.03995400420449577,0.015062952618742576,1.12,1.12,1.12,1.12
0.25181973342365005,0.6529639652055667,16.328550167509686,0.032356410188415896,0.020046013878333768,0.014937047298699588,0.03472562913657784,0.039953986121666285,0.015062952701300425,1.12,1.12,1.12,1.12
0.2514455389233538,0.6530618923661342,16.33159749449707,0.032361428951752036,0.020046029960572004,0.014937047217759125,0.0347206103732417,0.03995397003942805,0.015062952782240888,1.12,1.12,1.12,1.12
0.2510715590172894,0.6531599896249729,16.33464492317527,0.032366392461089744,0.020046044642550886,0.014937047138396664,0.03471564686390399,0.03995395535744917,0.015062952861603349,1.12,1.12,1.12,1.12
0.25069779370853523,0.6532582570004171,16.33769245358815,0.03237130131491628,0.02004605825308839,0.014937047060576233,0.03471073801007746,0.039953941746911664,0.01506295293942378,1.12,1.12,1.12,1.12
0.2503242429998475,0.6533566945064164,16.34074008575509,0.03237615610489114,0.020046071081528005,0.01493704698426404,0.034705883220102596,0.03995392891847205,0.015062953015735972,1.12,1.12,1.12,1.12
0.24995090689370372,0.6534553021530591,16.34378781967383,0.03238095741608665,0.020046083382225466,0.014937046909428112,0.03470108190890708,0.03995391661777459,0.015062953090571901,1.12,1.12,1.12,1.12
0.24957778539233974,0.6535540799470372,16.346835655323076,0.032385705827053635,0.020046095378532247,0.014937046836038415,0.0346963334979401,0.039953904621467806,0.015062953163961598,1.12,1.12,1.12,1.12
0.2492048784977838,0.65365302789206,16.349883592664778,0.03239040190993281,0.020046107266331104,0.014937046764066347,0.03469163741506093,0.03995389273366895,0.015062953235933665,1.12,1.12,1.12,1.12
0.2488321862118859,0.6537521459892176,16.352931631646154,0.0323950462305595,0.020046119217174696,0.014937046693484723,0.03468699309443424,0.03995388078282536,0.01506295330651529,1.12,1.12,1.12,1.12
0.2484597085363432,0.653851434237306,16.355979772201486,0.03239963934856621,0.020046131381071863,0.01493704662426773,0.034682399976427525,0.03995386861892819,0.015062953375732283,1.12,1.12,1.12,1.12
0.2480874454727231,0.6539508926331117,16.359028014253724,0.03240418181758192,0.020046143888958257,0.014937046556390596,0.03467785750741181,0.0399538561110418,0.015062953443609417,1.12,1.12,1.12,1.12
0.24771539702248335,0.6540505211716665,16.362076357715857,0.032408674185191055,0.020046156854890806,0.014937046489829714,0.03467336513980268,0.03995384314510925,0.015062953510170299,1.12,1.12,1.12,1.12
0.2473435631869899,0.6541503198464718,16.365124802492215,0.0324131169932913,0.020046170377993666,0.014937046424562311,0.034668922331702434,0.03995382962200639,0.015062953575437701,1.12,1.12,1.12,1.12
0.24697194396753208,0.6542502886496959,16.36817334847952,0.03241751077997551,0.020046184544185497,0.014937046360566544,0.034664528545018225,0.039953815455814556,0.015062953639433468,1.12,1.12,1.12,1.12
0.246600539365336,0.6543504275723507,16.371221995567883,0.032421856075324385,0.020046199427711714,0.01493704629782136,0.03466018324966935,0.03995380057228834,0.015062953702178652,1.12,1.12,1.12,1.12
0.24622934938157723,0.6544507366044461,16.374270743641674,0.032426153403543045,0.020046215092502984,0.014937046236306428,0.03465588592145069,0.03995378490749707,0.015062953763693585,1.12,1.12,1.12,1.12
0.24585837401739072,0.6545512157351263,16.37731959258029,0.03243040328315788,0.020046231593380148,0.014937046176002083,0.034651636041835854,0.039953768406619905,0.01506295382399793,1.12,1.12,1.12,1.12
0.24548761327388047,0.6546518649527933,16.38036854225881,0.03243460622708938,0.02004624897712201,0.014937046116889258,0.03464743309790436,0.03995375102287804,0.015062953883110755,1.12,1.12,1.12,1.12
0.24511706715212683,0.6547526842452105,16.383417592548597,0.03243876274272228,0.020046267283413827,0.014937046058949438,0.034643276582271454,0.03995373271658623,0.015062953941050575,1.12,1.12,1.12,1.12
0.2447467356531944,0.6548536735995998,16.386466743317833,0.032442873331849253,0.020046286545686937,0.01493704600216468,0.03463916599314448,0.03995371345431312,0.015062953997835332,1.12,1.12,1.12,1.12
0.24437661877813766,0.6549548330027225,16.38951599443197,0.0324469384909602,0.020046306791863255,0.0149370459465175,0.03463510083403354,0.0399536932081368,0.015062954053482513,1.12,1.12,1.12,1.12
0.24400671652800618,0.6550561624409534,16.392565345754164,0.03245095871124842,0.020046328045014383,0.01493704589199081,0.03463108061374531,0.03995367195498567,0.015062954108009202,1.12,1.12,1.12,1.12
0.2436370289038502,0.6551576619003466,16.39561479714561,0.03245493447863346,0.020046350323945472,0.014937045838568003,0.03462710484636028,0.03995364967605458,0.01506295416143201,1.12,1.12,1.12,1.12
0.2432675559067235,0.6552593313666887,16.398664348465857,0.032458866273822606,0.020046373643712534,0.014937045786232811,0.03462317305117113,0.03995362635628752,0.015062954213767202,1.12,1.12,1.12,1.12
0.24289829753768766,0.6553611708255525,16.401713999573122,0.032462754572370744,0.020046398016080103,0.014937045734969373,0.03461928475262299,0.03995360198391995,0.01506295426503064,1.12,1.12,1.12,1.12
0.24252925379781498,0.6554631802623382,16.40476375032449,0.032466599844739485,0.020046423449927936,0.01493704568476216,0.03461543948025425,0.03995357655007212,0.015062954315237853,1.12,1.12,1.12,1.12
0.24216042468819074,0.6555653596623124,16.407813600576176,0.03247040255635414,0.020046449951607648,0.014937045635595975,0.0346116367686396,0.039953550048392406,0.015062954364404038,1.12,1.12,1.12,1.12
0.24179181020991625,0.6556677090106429,16.410863550183674,0.03247416316766111,0.02004647752525901,0.0149370455874559,0.03460787615733263,0.03995352247474104,0.015062954412544113,1.12,1.12,1.12,1.12
0.2414234103641098,0.6557702282924256,16.413913599001937,0.0324778821341824,0.020046506173092976,0.014937045540328944,0.034604157190811335,0.03995349382690708,0.015062954459671068,1.12,1.12,1.12,1.12
0.24105522515190947,0.6558729174927133,16.41696374688554,0.0324815599065707,0.020046535895635625,0.014937045494201828,0.034600479418423036,0.03995346410436443,0.015062954505798185,1.12,1.12,1.12,1.12
0.2406872545744732,0.6559757765965353,16.420013993688773,0.03248519693066265,0.020046566691949236,0.014937045449060549,0.034596842394331084,0.03995343330805082,0.015062954550939464,1.12,1.12,1.12,1.12
0.24031949863298108,0.6560788055889182,16.423064339265796,0.03248879364753188,0.020046598559823353,0.014937045404891255,0.03459324567746186,0.0399534014401767,0.015062954595108757,1.12,1.12,1.12,1.12
0.23995195732863622,0.6561820044549033,16.42611478347068,0.03249235049354077,0.020046631495944267,0.014937045361680418,0.03458968883145297,0.039953368504055786,0.015062954638319595,1.12,1.12,1.12,1.12
0.23958463066266447,0.6562853731795611,16.42916532615754,0.03249586790039133,0.020046665496046834,0.014937045319414713,0.03458617142460241,0.03995333450395322,0.0150629546805853,1.12,1.12,1.12,1.12
0.23921751863631685,0.6563889117480033,16.432215967180586,0.0324993462951762,0.020046700555041097,0.014937045278080999,0.034582693029817535,0.039953299444958956,0.015062954721919014,1.12,1.12,1.12,1.12
0.23885062125086842,0.6564926201453938,16.435266706394184,0.032502786100427505,0.020046736667133108,0.014937045237666424,0.03457925322456623,0.039953263332866945,0.015062954762333589,1.12,1.12,1.12,1.12
0.23848393850762017,0.6565964983569595,16.43831754365292,0.032506187734166414,0.020046773859713707,0.014937045198158277,0.03457585159082732,0.039953226140286346,0.015062954801841735,1.12,1.12,1.12,1.12
0.238117470407874,0.6567005463675484,16.441368478809064,0.03250955160990138,0.020046812131936043,0.014937045159544263,0.03457248771509236,0.03995318786806401,0.01506295484045575,1.12,1.12,1.12,1.12
0.23775121695295454,0.6568047641620046,16.444419511714734,0.03251287813671727,0.020046851469900928,0.014937045121812223,0.034569161188276465,0.039953148530099125,0.01506295487818779,1.12,1.12,1.12,1.12
0.23738517814421806,0.656909151725341,16.447470642222857,0.032516167719341016,0.020046891860109717,0.014937045084950251,0.03456587160565272,0.039953108139890336,0.015062954915049762,1.12,1.12,1.12,1.12
0.23701935398305168,0.6570137090427366,16.450521870187185,0.032519420758187145,0.02004693328943366,0.014937045048946565,0.03456261856680659,0.03995306671056639,0.015062954951053448,1.12,1.12,1.12,1.12
0.23665374447087315,0.657118436099529,16.453573195462212,0.03252263764940283,0.020046975745105167,0.014937045013789507,0.034559401675590906,0.03995302425489489,0.015062954986210506,1.12,1.12,1.12,1.12
0.23628834960913014,0.6572233328812103,16.456624617903184,0.03252581878491184,0.02004701921470095,0.014937044979467615,0.034556220540081894,0.0399529807852991,0.015062955020532398,1.12,1.12,1.12,1.12
0.2359231693992997,0.6573283993734247,16.45967613736611,0.03252896455245863,0.020047063686126076,0.014937044945969535,0.03455307477253511,0.03995293631387398,0.015062955054030477,1.12,1.12,1.12,1.12
0.2355582038428879,0.657433635561962,16.462727753707647,0.03253207533565211,0.020047109147595277,0.014937044913284084,0.034549963989341625,0.03995289085240478,0.015062955086715929,1.12,1.12,1.12,1.12
0.23519345294142902,0.6575390414327542,16.46577946678517,0.03253515151400871,0.020047155587624432,0.014937044881400269,0.03454688781098503,0.03995284441237562,0.015062955118599744,1.12,1.12,1.12,1.12
0.2348289166964854,0.657644616971873,16.468831276456694,0.03253819346299469,0.020047202995009616,0.014937044850307168,0.034543845861999045,0.03995279700499044,0.015062955149692844,1.12,1.12,1.12,1.12
0.2344645951096471,0.6577503621655238,16.471883182580896,0.03254120155406892,0.020047251358814466,0.014937044819994083,0.034540837770924815,0.03995274864118559,0.01506295518000593,1.12,1.12,1.12,1.12
0.23410048818253087,0.6578562770000445,16.474935185017067,0.03254417615472449,0.02004730066836108,0.014937044790450368,0.034537863170269245,0.039952699331638974,0.015062955209549644,1.12,1.12,1.12,1.12
0.2337365959167803,0.6579623614619003,16.477987283625097,0.032547117628530076,0.02004735091320725,0.014937044761665588,0.03453492169646366,0.0399526490867928,0.015062955238334425,1.12,1.12,1.12,1.12
0.23337291831406548,0.6580686155376837,16.481039478265483,0.0325500263351709,0.020047402083144372,0.014937044733629473,0.034532012989822836,0.03995259791685568,0.01506295526637054,1.12,1.12,1.12,1.12
0.23300945537608175,0.6581750392141071,16.484091768799278,0.03255290263048982,0.020047454201213177,0.014937044706331795,0.034529136694503915,0.039952545798786876,0.015062955293668218,1.12,1.12,1.12,1.12
0.2326462071045291,0.658281632477566,16.487144155085602,0.032555746866477775,0.020047507328717795,0.014937044679762673,0.03452629245851596,0.03995249267128226,0.01506295532023734,1.12,1.12,1.12,1.12
0.2322831735010869,0.6583883953136311,16.490196636978684,0.032558559391258624,0.020047561434484718,0.014937044653912712,0.03452347993373511,0.039952438565515336,0.0150629553460873,1.12,1.12,1.12,1.12
0.23192035456747606,0.6584953277082711,16.493249214334917,0.03256134054926585,0.020047616490981968,0.014937044628772461,0.03452069877572789,0.039952383509018086,0.015062955371227552,1.12,1.12,1.12,1.12
0.2315577503054554,0.6586024296478071,16.496301887012564,0.032564090681276914,0.02004767247378303,0.014937044604332539,0.03451794864371682,0.039952327526217024,0.015062955395667474,1.12,1.12,1.12,1.12
0.23119536071681904,0.6587097011188687,16.49935465487157,0.032566810124447176,0.020047729361128752,0.01493704458058362,0.03451522920054656,0.0399522706388713,0.015062955419416393,1.12,1.12,1.12,1.12
0.2308331858033945,0.6588171421083633,16.502407517773303,0.0325694992123437,0.020047787133526895,0.014937044557516488,0.034512540112650036,0.03995221286647316,0.015062955442483525,1.12,1.12,1.12,1.12
0.23047122556704,0.6589247526034413,16.505460475580442,0.032572158274980056,0.02004784577343402,0.014937044535121888,0.03450988105001368,0.03995215422656603,0.015062955464878125,1.12,1.12,1.12,1.12
0.23010948000964318,0.6590325325914744,16.508513528156804,0.03257478763885141,0.02004790526496575,0.014937044513390785,0.034507251686142326,0.039952094735034305,0.015062955486609228,1.12,1.12,1.12,1.12
0.2297479491331199,0.6591404820600323,16.51156667536723,0.03257738762696849,0.02004796559366523,0.014937044492314089,0.034504651698025246,0.039952034406334824,0.015062955507685924,1.12,1.12,1.12,1.12
0.22938663293941222,0.6592486009968642,16.51461991707747,0.03257995855791407,0.020048026746282754,0.014937044471882904,0.03450208076707967,0.0399519732537173,0.015062955528117108,1.12,1.12,1.12,1.12
0.22902553143048784,0.6593568893898825,16.51767325315412,0.03258250074644431,0.020048088710602263,0.014937044452088322,0.03449953857854943,0.03995191128939779,0.015062955547911691,1.12,1.12,1.12,1.12
0.22866464460833902,0.6594653472271501,16.5207266834645,0.032585014505862764,0.02004815147530098,0.014937044432921667,0.03449702481913097,0.039951848524699074,0.015062955567078345,1.12,1.12,1.12,1.12
0.22830397247498171,0.6595739744968679,16.523780207876634,0.03258750014588885,0.020048215029806582,0.014937044414374295,0.03449453917910489,0.03995178497019347,0.015062955585625717,1.12,1.12,1.12,1.12
0.22794351503245505,0.6596827711873658,16.52683382625918,0.03258995797274222,0.020048279364192234,0.014937044396437574,0.034492081352251514,0.03995172063580782,0.015062955603562439,1.12,1.12,1.12,1.12
0.22758327228282021,0.6597917372870934,16.529887538481375,0.032592388289364393,0.020048344469080243,0.014937044379103065,0.03448965103562934,0.03995165553091981,0.015062955620896948,1.12,1.12,1.12,1.12
0.2272232442281605,0.6599008727846143,16.532941344413004,0.032594791395448464,0.02004841033556004,0.0149370443623624,0.03448724792954527,0.03995158966444001,0.015062955637637612,1.12,1.12,1.12,1.12
0.22686343087058028,0.6600101776685983,16.535995243924354,0.03259716758747072,0.020048476955125794,0.014937044346207282,0.034484871737523015,0.03995152304487426,0.015062955653792731,1.12,1.12,1.12,1.12
0.22650383221220488,0.6601196519278173,16.53904923688621,0.03259951715871634,0.02004854431960923,0.014937044330629506,0.034482522166277396,0.039951455680390824,0.015062955669370506,1.12,1.12,1.12,1.12
0.22614444825518004,0.6602292955511402,16.542103323169794,0.0326018403993138,0.020048612421135953,0.014937044315620984,0.03448019892567994,0.0399513875788641,0.015062955684379029,1.12,1.12,1.12,1.12
0.22578527900167178,0.6603391085275299,16.545157502646788,0.03260413759629183,0.020048681252077982,0.014937044301173763,0.03447790172870191,0.03995131874792207,0.01506295569882625,1.12,1.12,1.12,1.12
0.2254263244538655,0.6604490908460398,16.548211775189284,0.032606409033594186,0.020048750805025883,0.014937044287279863,0.03447563029139955,0.03995124919497417,0.01506295571272015,1.12,1.12,1.12,1.12
0.2250675846139668,0.6605592424958104,16.551266140669778,0.03260865499211324,0.0200488210727455,0.014937044273931457,0.0344733843328805,0.039951178927254555,0.015062955726068555,1.12,1.12,1.12,1.12
0.22470905948419997,0.6606695634660679,16.554320598961155,0.03261087574972221,0.02004889204816815,0.014937044261120816,0.034471163575271524,0.039951107951831905,0.015062955738879197,1.12,1.12,1.12,1.12
0.22435074906680796,0.6607800537461218,16.5573751499367,0.03261307158130833,0.020048963724355273,0.014937044248840306,0.03446896774368541,0.03995103627564478,0.015062955751159707,1.12,1.12,1.12,1.12
0.22399265336405333,0.6608907133253639,16.56042979347005,0.03261524275880451,0.02004903609449038,0.014937044237082364,0.03446679656618923,0.03995096390550967,0.015062955762917649,1.12,1.12,1.12,1.12
0.22363477237821636,0.661001542193265,16.563484529435218,0.03261738955122134,0.020049109151856703,0.014937044225839496,0.03446464977377239,0.03995089084814335,0.015062955774160516,1.12,1.12,1.12,1.12
0.22327710611159582,0.6611125403393756,16.566539357706596,0.03261951222467746,0.020049182889830375,0.01493704421510439,0.034462527100316276,0.03995081711016968,0.015062955784895624,1.12,1.12,1.12,1.12
0.22291965456650856,0.6612237077533237,16.569594278158903,0.03262161104243144,0.020049257301867685,0.014937044204869757,0.034460428282562294,0.03995074269813237,0.015062955795130256,1.12,1.12,1.12,1.12
0.2225624177452793,0.6613350444248214,16.57264929066732,0.032623686264913576,0.020049332381491397,0.014937044195132629,0.03445835306008016,0.039950667618508656,0.015062955804867384,1.12,1.12,1.12,1.12
0.22220539565023714,0.6614465503436681,16.575704395107547,0.032625738149756944,0.02004940812228917,0.014937044185895795,0.03445630117523679,0.039950591877710884,0.015062955814104217,1.12,1.12,1.12,1.12
0.22184858828374976,0.6615582254997204,16.57875959135538,0.0326277669518204,0.020049484517915384,0.01493704417715308,0.034454272373173334,0.03995051548208467,0.015062955822846932,1.12,1.12,1.12,1.12
0.22149199564820227,0.6616700698829118,16.581814879286934,0.03262977292322222,0.0200495615620771,0.014937044168898309,0.034452266401771514,0.03995043843792295,0.015062955831101704,1.12,1.12,1.12,1.12
0.221135617745997,0.6617820834832471,16.584870258778697,0.032631756313368954,0.02004963924852632,0.014937044161125387,0.03445028301162478,0.039950360751473735,0.015062955838874625,1.12,1.12,1.12,1.12
0.2207794545795533,0.6618942662908055,16.58792572970745,0.03263371736898474,0.020049717571068215,0.01493704415382828,0.034448321956009,0.03995028242893184,0.015062955846171733,1.12,1.12,1.12,1.12
0.2204235061513069,0.6620066182957394,16.590981291950335,0.03263565633413923,0.02004979652355493,0.01493704414700106,0.03444638299085451,0.03995020347644512,0.015062955852998952,1.12,1.12,1.12,1.12
0.22006777246371068,0.6621191394882721,16.594036945384815,0.032637573450276514,0.020049876099892838,0.0149370441406379,0.03444446587471722,0.039950123900107215,0.015062955859362112,1.12,1.12,1.12,1.12
0.2197122535192335,0.6622318298586989,16.59709268988867,0.03263946895624237,0.02004995629413886,0.014937044134732916,0.03444257036875137,0.03995004370586119,0.015062955865267097,1.12,1.12,1.12,1.12
0.21935694932036087,0.6623446893973848,16.60014852534,0.03264134308831207,0.02005003710024611,0.014937044129280375,0.03444069623668167,0.039949962899753944,0.015062955870719638,1.12,1.12,1.12,1.12
0.2190018598695943,0.6624577180947653,16.603204451617252,0.03264319608021787,0.020050118512205756,0.014937044124274684,0.03443884324477586,0.0399498814877943,0.015062955875725328,1.12,1.12,1.12,1.12
0.21864698516945102,0.6625709159413463,16.60626046859916,0.032645028163176104,0.020050200524048656,0.014937044119710169,0.03443701116181763,0.0399497994759514,0.015062955880289844,1.12,1.12,1.12,1.12
0.21829232522246456,0.6626842829277044,16.609316576164805,0.03264683956591369,0.020050283129861846,0.014937044115581388,0.03443519975908005,0.03994971687013821,0.015062955884418625,1.12,1.12,1.12,1.12
0.21793788003118345,0.6627978190444855,16.612372774193577,0.0326486305146948,0.020050366332383773,0.014937044111882819,0.03443340881029894,0.03994963366761628,0.015062955888117194,1.12,1.12,1.12,1.12
0.21758364959816812,0.6629115242822904,16.615429062564527,0.03265040123333418,0.020050450127747643,0.014937044108609132,0.034431638091659555,0.03994954987225241,0.01506295589139088,1.12,1.12,1.12,1.12
0.21722963392599326,0.6630253986317634,16.61848544115687,0.032652151943233065,0.02005053450825578,0.014937044105755054,0.03442988738176067,0.039949465491744274,0.015062955894244959,1.12,1.12,1.12,1.12
0.21687583301724997,0.6631394420836414,16.62154190985028,0.03265388286341048,0.02005061946648279,0.014937044103315394,0.03442815646158326,0.039949380533517265,0.015062955896684618,1.12,1.12,1.12,1.12
0.21652224687454524,0.6632536546287504,16.62459846852486,0.03265559421052833,0.02005070499694178,0.01493704410128499,0.03442644511446541,0.03994929500305827,0.015062955898715022,1.12,1.12,1.12,1.12
0.21616887550050132,0.6633680362579805,16.62765511706101,0.032657286198913504,0.020050791098490506,0.014937044099658764,0.03442475312608023,0.03994920890150955,0.015062955900341249,1.12,1.12,1.12,1.12
0.21581571889775264,0.6634825869622292,16.630711855339097,0.032658959040576585,0.020050877776900705,0.01493704409843169,0.03442308028441715,0.03994912222309935,0.015062955901568323,1.12,1.12,1.12,1.12
0.21546277706894365,0.6635973067323102,16.6337686832389,0.032660612945225875,0.020050965020841416,0.014937044097598967,0.03442142637976786,0.03994903497915864,0.015062955902401046,1.12,1.12,1.12,1.12
0.21511005001673605,0.6637121955591779,16.636825600640943,0.03266224812031743,0.02005105281994396,0.014937044097155724,0.03441979120467631,0.039948947180056094,0.015062955902844288,1.12,1.12,1.12,1.12
0.2147575377438086,0.6638272534339147,16.639882607426436,0.032663864771077744,0.020051141164666775,0.01493704409709716,0.03441817455391599,0.03994885883533328,0.015062955902902853,1.12,1.12,1.12,1.12
0.214405240252856,0.6639424803477203,16.64293970347717,0.032665463100526204,0.020051230046188973,0.014937044097418486,0.03441657622446753,0.03994876995381108,0.015062955902581526,1.12,1.12,1.12,1.12
0.21405315754658877,0.6640578762919033,16.645996888675512,0.03266704330949749,0.020051319456298344,0.014937044098115054,0.034414996015496246,0.03994868054370171,0.015062955901884958,1.12,1.12,1.12,1.12
0.21370128962773194,0.6641734412578713,16.649054162904307,0.0326686055966639,0.020051409387316893,0.014937044099182145,0.034413433728329834,0.03994859061268316,0.015062955900817868,1.12,1.12,1.12,1.12
0.21334963649902586,0.6642891752371263,16.652111526046912,0.032670150158557454,0.020051499832027253,0.014937044100615221,0.03441188916643628,0.0399485001679728,0.015062955899384792,1.12,1.12,1.12,1.12
0.21299819816322466,0.6644050782212564,16.65516897798708,0.03267167718959235,0.020051590783616013,0.014937044102409702,0.034410362135401384,0.03994840921638404,0.01506295589759031,1.12,1.12,1.12,1.12
0.21264697462309662,0.6645211502019329,16.65822651860901,0.03267318688208626,0.020051682235606827,0.014937044104561092,0.03440885244290748,0.039948317764393226,0.01506295589543892,1.12,1.12,1.12,1.12
0.21229596588144029,0.6646373911708903,16.661284147797048,0.032674679426278386,0.020051774181829463,0.014937044107057582,0.03440735989871535,0.03994822581817059,0.015062955892942431,1.12,1.12,1.12,1.12
0.21194517194105497,0.6647538011199468,16.66434186543606,0.03267615501035798,0.02005186661637723,0.014937044109893063,0.03440588431463576,0.039948133383622825,0.01506295589010695,1.12,1.12,1.12,1.12
0.21159459280474888,0.6648703800409955,16.66739967141132,0.03267761382048401,0.020051959533576552,0.01493704411306318,0.03440442550450973,0.0399480404664235,0.015062955886936832,1.12,1.12,1.12,1.12
0.21124422847534285,0.6649871279259969,16.67045756560841,0.032679056040817445,0.0200520529279542,0.014937044116563616,0.03440298328417629,0.03994794707204585,0.015062955883436396,1.12,1.12,1.12,1.12
0.2108940789556705,0.6651040447669753,16.673515547913226,0.03268048185380312,0.020052146794211162,0.014937044120390236,0.034401557471190614,0.03994785320578889,0.015062955879609777,1.12,1.12,1.12,1.12
0.21054414424857734,0.6652211305560188,16.676573618211968,0.03268189143966216,0.020052241127207354,0.014937044124538834,0.03440014788533158,0.0399477588727927,0.015062955875461179,1.12,1.12,1.12,1.12
0.21019442435692143,0.6653383852852759,16.67963177639112,0.03268328497667328,0.020052335921944997,0.014937044129005372,0.03439875434832046,0.039947664078055056,0.01506295587099464,1.12,1.12,1.12,1.12
0.20984491928357266,0.6654558089469538,16.68269002233744,0.032684662641193685,0.020052431173546048,0.014937044133785826,0.03439737668380005,0.039947568826454005,0.015062955866214187,1.12,1.12,1.12,1.12
0.20949562903141264,0.6655734015333167,16.68574835593797,0.03268602460768,0.0200525268772479,0.014937044138876199,0.03439601471731374,0.03994747312275215,0.015062955861123814,1.12,1.12,1.12,1.12
0.20914655360333445,0.665691163036685,16.688806777080007,0.032687371048708724,0.02005262302838151,0.014937044144272563,0.03439466827628501,0.03994737697161854,0.01506295585572745,1.12,1.12,1.12,1.12
0.20879769300224302,0.6658090934494338,16.691865285651094,0.03268870213499658,0.020052719622368043,0.014937044149971074,0.03439333718999715,0.03994728037763201,0.015062955850028939,1.12,1.12,1.12,1.12
0.20844904723105406,0.6659271927639918,16.694923881539037,0.03269001803541999,0.02005281665471323,0.014937044155967985,0.03439202128957375,0.039947183345286824,0.015062955844032028,1.12,1.12,1.12,1.12
0.20810061629269505,0.6660454609728399,16.697982564631886,0.032691318917035694,0.020052914120989918,0.014937044162259494,0.03439072040795804,0.039947085879010136,0.015062955837740519,1.12,1.12,1.12,1.12
0.207752400190104,0.6661638980685108,16.701041334817926,0.032692604945099124,0.020053012016851057,0.014937044168841923,0.03438943437989461,0.039946987983148996,0.01506295583115809,1.12,1.12,1.12,1.12
0.20740439892622994,0.6662825040435877,16.704100191985674,0.032693876283083734,0.020053110337994784,0.014937044175711622,0.03438816304191,0.03994688966200527,0.01506295582428839,1.12,1.12,1.12,1.12
0.20705661250403262,0.6664012788907043,16.7071591360239,0.03269513309269917,0.020053209080190343,0.014937044182865039,0.03438690623229457,0.03994679091980971,0.015062955817134974,1.12,1.12,1.12,1.12
0.20670904092648268,0.6665202226025436,16.710218166821576,0.03269637553390903,0.02005330823924875,0.014937044190298648,0.03438566379108471,0.0399466917607513,0.015062955809701364,1.12,1.12,1.12,1.12
0.20636168419656098,0.6666393351718363,16.713277284267917,0.032697603764948346,0.02005340781104259,0.014937044198008911,0.03438443556004539,0.039946592188957464,0.015062955801991101,1.12,1.12,1.12,1.12
0.2060145423172589,0.6667586165913623,16.71633648825236,0.03269881794233953,0.020053507791483183,0.014937044205992442,0.034383221382654205,0.03994649220851687,0.015062955794007571,1.12,1.12,1.12,1.12
0.205667615291578,0.6668780668539482,16.71939577866455,0.03270001822090868,0.020053608176530346,0.014937044214245812,0.03438202110408506,0.03994639182346971,0.0150629557857542,1.12,1.12,1.12,1.12
0.20532090312253004,0.6669976859524681,16.722455155394353,0.03270120475379995,0.020053708962187056,0.014937044222765747,0.034380834571193786,0.039946291037813,0.015062955777234266,1.12,1.12,1.12,1.12
0.20497440581313706,0.6671174738798422,16.72551461833187,0.03270237769249046,0.020053810144491813,0.014937044231548902,0.03437966163250328,0.03994618985550824,0.015062955768451111,1.12,1.12,1.12,1.12
0.20462812336643027,0.6672374306290361,16.728574167367384,0.03270353718680352,0.020053911719530637,0.01493704424059207,0.034378502138190214,0.039946088280469416,0.015062955759407942,1.12,1.12,1.12,1.12
0.20428205578545144,0.6673575561930621,16.73163380239141,0.03270468338492216,0.020054013683420052,0.014937044249892062,0.034377355940071574,0.03994598631658,0.01506295575010795,1.12,1.12,1.12,1.12
0.20393620307325178,0.6674778505649764,16.734693523294663,0.03270581643340237,0.020054116032321434,0.014937044259445711,0.03437622289159137,0.03994588396767862,0.015062955740554301,1.12,1.12,1.12,1.12
0.20359056523289204,0.6675983137378796,16.737753329968072,0.03270693647718598,0.020054218762428022,0.014937044269249938,0.03437510284780776,0.03994578123757203,0.015062955730750074,1.12,1.12,1.12,1.12
0.20324514226744245,0.6677189457049176,16.74081322230275,0.03270804365961594,0.020054321869968722,0.014937044279301606,0.0343739956653778,0.03994567813003133,0.015062955720698407,1.12,1.12,1.12,1.12
0.20289993417998275,0.6678397464592785,16.74387320019005,0.03270913812245141,0.020054425351204885,0.014937044289597703,0.03437290120254233,0.03994557464879517,0.01506295571040231,1.12,1.12,1.12,1.12
0.20255494097360183,0.6679607159941953,16.746933263521484,0.03271022000588497,0.020054529202434224,0.01493704430013526,0.034371819319108765,0.03994547079756583,0.015062955699864752,1.12,1.12,1.12,1.12
0.20221016265139768,0.6680818543029421,16.74999341218878,0.03271128944856205,0.020054633419990003,0.014937044310911335,0.03437074987643168,0.03994536658001005,0.015062955689088678,1.12,1.12,1.12,1.12
0.20186559921647762,0.6682031613788366,16.753053646083885,0.03271234658760097,0.020054738000231026,0.014937044321922971,0.034369692737392765,0.03994526199976903,0.015062955678077042,1.12,1.12,1.12,1.12
0.20152125067195747,0.668324637215238,16.7561139650989,0.032713391558613414,0.020054842939559836,0.014937044333167337,0.03436864776638032,0.03994515706044022,0.015062955666832675,1.12,1.12,1.12,1.12
0.2011771170209624,0.6684462818055481,16.759174369126157,0.03271442446757217,0.020054948234989156,0.01493704434464159,0.03436761485742157,0.0399450517650109,0.015062955655358423,1.12,1.12,1.12,1.12
0.2008331982666258,0.668568095143201,16.76223485805811,0.03271544547511018,0.020055053883022755,0.01493704435634291,0.03436659384988355,0.0399449461169773,0.015062955643657103,1.12,1.12,1.12,1.12
0.20048949441209,0.6686900772216721,16.76529543178742,0.032716454712634846,0.020055159880023987,0.01493704436826851,0.03436558461235889,0.039944840119976066,0.015062955631731503,1.12,1.12,1.12,1.12
0.20014600546050565,0.6688122280344788,16.76835609020692,0.03271745231012574,0.02005526622239856,0.014937044380415682,0.034364587014868,0.03994473377760149,0.015062955619584331,1.12,1.12,1.12,1.12
0.19980273141503224,0.6689345475751804,16.771416833209663,0.03271843839615768,0.02005537290660442,0.014937044392781679,0.03436360092883606,0.039944627093395635,0.015062955607218334,1.12,1.12,1.12,1.12
0.19945967227883737,0.6690570358373761,16.77447766068889,0.032719413097912875,0.020055479929146525,0.01493704440536385,0.03436262622708086,0.03994452007085353,0.015062955594636163,1.12,1.12,1.12,1.12
0.19911682805509712,0.6691796928147076,16.777538572538024,0.0327203765411872,0.020055587286573084,0.014937044418159545,0.034361662783806535,0.03994441271342697,0.015062955581840468,1.12,1.12,1.12,1.12
0.19877419874699573,0.6693025185008544,16.78059956865068,0.03272132885041079,0.020055694975471383,0.014937044431166141,0.034360710474582945,0.03994430502452867,0.015062955568833872,1.12,1.12,1.12,1.12
0.1984317843577253,0.6694255128895368,16.783660648920662,0.032722270148661914,0.020055802992476113,0.014937044444381042,0.03435976917633182,0.03994419700752394,0.01506295555561897,1.12,1.12,1.12,1.12
0.19808958489048642,0.6695486759745135,16.786721813241943,0.03272320055768185,0.020055911334265153,0.014937044457801668,0.03435883876731188,0.0399440886657349,0.015062955542198345,1.12,1.12,1.12,1.12
0.19774760034848723,0.6696720077495817,16.789783061508697,0.03272412019788895,0.020056019997544666,0.014937044471425492,0.034357919127104786,0.03994398000245539,0.01506295552857452,1.12,1.12,1.12,1.12
0.19740583073494355,0.6697955082085767,16.79284439361525,0.03272502918839287,0.020056128979070775,0.014937044485250017,0.03435701013660086,0.03994387102092928,0.015062955514749996,1.12,1.12,1.12,1.12
0.19706427605307938,0.669919177345371,16.795905809456126,0.032725927647008435,0.02005623827563341,0.014937044499272717,0.0343561116779853,0.039943761724366644,0.015062955500727296,1.12,1.12,1.12,1.12
0.196722936306126,0.6700430151538748,16.79896730892601,0.03272681569026975,0.02005634788405375,0.014937044513491149,0.034355223634723986,0.039943652115946304,0.015062955486508864,1.12,1.12,1.12,1.12
0.1963818114973222,0.6701670216280331,16.802028891919765,0.032727693433444005,0.020056457801196387,0.014937044527902885,0.03435434589154973,0.039943542198803667,0.015062955472097128,1.12,1.12,1.12,1.12
0.19604090162991428,0.6702911967618292,16.805090558332417,0.032728560990544886,0.020056568023954224,0.014937044542505523,0.03435347833444885,0.03994343197604583,0.01506295545749449,1.12,1.12,1.12,1.12
0.19570020670715602,0.6704155405492804,16.80815230805916,0.032729418474345906,0.020056678549259493,0.014937044557296678,0.03435262085064783,0.03994332145074056,0.015062955442703335,1.12,1.12,1.12,1.12
0.1953597267323081,0.6705400529844407,16.811214140995364,0.03273026599639339,0.02005678937407701,0.01493704457227403,0.034351773328600343,0.03994321062592304,0.015062955427725983,1.12,1.12,1.12,1.12
0.19501946170863882,0.6706647340613983,16.81427605703654,0.032731103667020034,0.02005690049540651,0.01493704458743525,0.0343509356579737,0.03994309950459354,0.015062955412564763,1.12,1.12,1.12,1.12
0.19467941163942282,0.6707895837742751,16.817338056078388,0.03273193159535792,0.020057011910276257,0.014937044602778088,0.034350107729635815,0.0399429880897238,0.015062955397221925,1.12,1.12,1.12,1.12
0.19433957652794254,0.6709146021172293,16.820400138016744,0.0327327498893511,0.020057123615745853,0.014937044618300296,0.03434928943564264,0.0399428763842542,0.015062955381699716,1.12,1.12,1.12,1.12
0.1939999563774868,0.6710397890844512,16.823462302747625,0.03273355865576866,0.020057235608916313,0.014937044633999752,0.03434848066922508,0.03994276439108374,0.01506295536600026,1.12,1.12,1.12,1.12
0.1936605511913511,0.6711651446701643,16.826524550167182,0.03273435800021718,0.020057347886912547,0.014937044649874304,0.03434768132477656,0.03994265211308751,0.015062955350125709,1.12,1.12,1.12,1.12
0.1933213609728379,0.6712906688686262,16.82958688017174,0.03273514802715316,0.02005746044689677,0.014937044665921925,0.034346891297840576,0.039942539553103285,0.015062955334078088,1.12,1.12,1.12,1.12
0.19298238572525792,0.6714163616741239,16.832649292657734,0.03273592883989451,0.02005757328605684,0.014937044682139689,0.034346110485099224,0.03994242671394321,0.015062955317860324,1.12,1.12,1.12,1.12
0.1926436254519342,0.6715422230809719,16.835711787521703,0.03273670054063188,0.020057686401616454,0.014937044698522361,0.034345338784361856,0.0399423135983836,0.015062955301477651,1.12,1.12,1.12,1.12
0.19230508015618933,0.6716682530835236,16.838774364660388,0.03273746323044474,0.020057799790823616,0.014937044715067724,0.034344576094548995,0.03994220020917644,0.015062955284932289,1.12,1.12,1.12,1.12
0.1919667498413527,0.6717944516761629,16.841837023970708,0.0327382170093114,0.020057913450961085,0.014937044731773486,0.03434382231568234,0.03994208654903897,0.015062955268226527,1.12,1.12,1.12,1.12
0.19162863451075962,0.6719208188533057,16.84489976534971,0.032738961976120196,0.020058027379337984,0.014937044748637524,0.03434307734887354,0.03994197262066207,0.01506295525136249,1.12,1.12,1.12,1.12
0.19129073416775172,0.6720473546093979,16.847962588694603,0.03273969822868156,0.02005814157329483,0.014937044765657673,0.03434234109631218,0.03994185842670522,0.01506295523434234,1.12,1.12,1.12,1.12
0.1909530488156769,0.6721740589389162,16.851025493902718,0.032740425863739375,0.020058256030204724,0.014937044782831865,0.03434161346125436,0.03994174396979533,0.015062955217168147,1.12,1.12,1.12,1.12
0.19061557845788926,0.672300931836368,16.85408848087154,0.032741144976982606,0.020058370747468246,0.01493704480015802,0.03434089434801113,0.03994162925253181,0.015062955199841993,1.12,1.12,1.12,1.12
0.19027832309774864,0.672427973296289,16.857151549498674,0.03274185566305682,0.020058485722513508,0.014937044817634137,0.03434018366193692,0.039941514277486545,0.015062955182365875,1.12,1.12,1.12,1.12
0.18994128273862085,0.6725551833132455,16.8602146996819,0.03274255801557474,0.020058600952796102,0.014937044835258206,0.034339481309418995,0.03994139904720395,0.015062955164741806,1.12,1.12,1.12,1.12
0.18960445738387782,0.6726825618818317,16.863277931319097,0.032743252127128086,0.020058716435804674,0.014937044853028297,0.03433878719786565,0.03994128356419538,0.015062955146971715,1.12,1.12,1.12,1.12
0.18926784703689725,0.6728101089966709,16.866341244308295,0.032743938089297875,0.020058832169050467,0.014937044870942509,0.03433810123569586,0.03994116783094959,0.015062955129057504,1.12,1.12,1.12,1.12
0.18893145170106226,0.6729378246524155,16.869404638547646,0.032744615992665704,0.020058948150074862,0.014937044888998954,0.03433742333232803,0.03994105184992519,0.015062955111001058,1.12,1.12,1.12,1.12
0.18859527137976181,0.673065708843744,16.872468113935447,0.03274528592682424,0.020059064376452218,0.01493704490719576,0.034336753398169495,0.039940935623547835,0.015062955092804253,1.12,1.12,1.12,1.12
0.18825930607639077,0.6731937615653648,16.875531670370112,0.032745947980387935,0.020059180845781066,0.014937044925531107,0.0343360913446058,0.03994081915421899,0.015062955074468906,1.12,1.12,1.12,1.12
0.1879235557943491,0.6733219828120117,16.878595307750196,0.03274660226924664,0.020059297555682976,0.014937044944003247,0.0343354370557471,0.03994070244431708,0.015062955055996766,1.12,1.12,1.12,1.12
0.18758802053704235,0.6734503725784458,16.881659025974365,0.03274724885109753,0.02005941450381077,0.014937044962610405,0.034334790473896204,0.039940585496189285,0.015062955037389608,1.12,1.12,1.12,1.12
0.18725270030788166,0.6735789308594557,16.88472282494141,0.03274788781157978,0.020059531687849186,0.014937044981350886,0.03433415151341396,0.03994046831215087,0.015062955018649127,1.12,1.12,1.12,1.12
0.18691759511028333,0.673707657649856,16.887786704550255,0.03274851923538474,0.020059649105496624,0.014937045000222943,0.03433352008960899,0.03994035089450343,0.01506295499977707,1.12,1.12,1.12,1.12
0.1865827049476689,0.6738365529444863,16.89085066469995,0.03274914320626593,0.020059766754490227,0.014937045019224979,0.03433289611872781,0.039940233245509826,0.015062954980775034,1.12,1.12,1.12,1.12
0.18624802982346536,0.6739656167382133,16.893914705289635,0.03274975980704942,0.020059884632590785,0.014937045038355273,0.03433227951794432,0.03994011536740927,0.01506295496164474,1.12,1.12,1.12,1.12
0.18591356974110457,0.6740948490259279,16.896978826218607,0.03275036911964474,0.020060002737581822,0.014937045057612258,0.034331670205348996,0.03993999726241823,0.015062954942387755,1.12,1.12,1.12,1.12
0.18557932470402366,0.6742242498025464,16.900043027386246,0.03275097122505649,0.02006015105730463,0.014937045076994365,0.034331068099937245,0.03993984894269542,0.015062954923005648,1.12,1.12,1.12,1.12
0.18524529471282764,0.6743538186765611,16.90310730636725,0.03275156615885749,0.020060295042578224,0.014937045096634488,0.034330473166136244,0.03993970495742183,0.015062954903365525,1.12,1.12,1.12,1.12
0.18491147977198263,0.6744835557011982,16.906171663407836,0.032752154007470724,0.02006043523335116,0.01493704511650805,0.03432988531752301,0.039939564766648894,0.015062954883491964,1.12,1.12,1.12,1.12
0.18457787988580243,0.6746134609227831,16.909236098713365,0.032752734855584775,0.02006057210907225,0.014937045136593247,0.03432930446940896,0.0399394278909278,0.015062954863406766,1.12,1.12,1.12,1.12
0.1842444950584684,0.674743534381512,16.91230061245291,0.03275330878627025,0.02006070609529287,0.014937045156870984,0.034328730538723484,0.039939293904707185,0.015062954843129028,1.12,1.12,1.12,1.12
0.1839113252940468,0.6748737761121414,16.915365204763297,0.032753875881088856,0.02006083756957633,0.01493704517732436,0.03432816344390488,0.039939162430423725,0.015062954822675653,1.12,1.12,1.12,1.12
0.18357837059650528,0.6750041861446032,16.918429875752764,0.03275443622019619,0.02006096686676334,0.014937045197938606,0.034327603104797544,0.03993903313323671,0.015062954802061407,1.12,1.12,1.12,1.12
0.18324563096972635,0.6751347645045496,16.921494625504117,0.03275498988243991,0.020061094283654796,0.014937045218700679,0.034327049442553825,0.03993890571634526,0.015062954781299334,1.12,1.12,1.12,1.12
0.18291310641751923,0.6752655112138393,16.924559454077666,0.03275553694545352,0.02006122008319272,0.01493704523959917,0.034326502379540214,0.03993877991680733,0.015062954760400843,1.12,1.12,1.12,1.12
0.1825807969436303,0.6753964262909717,16.927624361513754,0.032756077485742385,0.02006134449818439,0.014937045260624032,0.03432596183925135,0.03993865550181566,0.01506295473937598,1.12,1.12,1.12,1.12
0.18224870255175266,0.6755275097514698,16.930689347835017,0.03275661157875559,0.020061467734626914,0.014937045281766537,0.034325427746238146,0.03993853226537314,0.015062954718233476,1.12,1.12,1.12,1.12
0.18191682324553385,0.6756587616082245,16.93375441304844,0.03275713929888452,0.020061589974665228,0.014937045303018995,0.03432490002610922,0.039938410025334825,0.015062954696981018,1.12,1.12,1.12,1.12
0.18158515902858322,0.6757901818717983,16.93681955714713,0.032757660719324844,0.020061711379229685,0.01493704532437469,0.03432437860566889,0.03993828862077037,0.015062954675625323,1.12,1.12,1.12,1.12
0.18125370990447803,0.6759217705506974,16.93988478011192,0.03275817591281266,0.020061832090385534,0.014937045345827835,0.03432386341218108,0.03993816790961452,0.015062954654172178,1.12,1.12,1.12,1.12
0.1809224758767682,0.6760535276516105,16.94295008191284,0.032758684950558004,0.020061952233423497,0.014937045367373308,0.03432335437443573,0.039938047766576557,0.015062954632626704,1.12,1.12,1.12,1.12
0.18059145694898193,0.6761854531796261,16.94601546251031,0.03275918790243221,0.020062071918729996,0.014937045389006753,0.03432285142256153,0.03993792808127006,0.01506295461099326,1.12,1.12,1.12,1.12
0.1802606531246289,0.6763175471384184,16.949080921856332,0.03275968482161823,0.020062191243231303,0.014937045410724326,0.03432235450337551,0.03993780875676875,0.015062954589275687,1.12,1.12,1.12,1.12
0.17993006440720472,0.6764498095304234,16.952146459895474,0.03276017579681895,0.020062310289942598,0.014937045432522722,0.03432186352817479,0.039937689710057456,0.01506295456747729,1.12,1.12,1.12,1.12
0.17959969080019295,0.676582240357015,16.955212076565935,0.0327606608956722,0.020062429134096837,0.01493704545439907,0.034321378429321536,0.039937570865903216,0.015062954545600943,1.12,1.12,1.12,1.12
0.17926953230706832,0.6767148396186027,16.958277771800145,0.032761140181874704,0.020062547841616263,0.01493704547635094,0.03432089914311903,0.03993745215838379,0.015062954523649072,1.12,1.12,1.12,1.12
0.17893958893129921,0.6768476073147529,16.96134354552543,0.03276161371930503,0.020062666470171964,0.014937045498376197,0.03432042560568871,0.03993733352982809,0.015062954501623815,1.12,1.12,1.12,1.12
0.17860986067634899,0.6769805434442917,16.964409397664692,0.032762081572360824,0.020062785070113387,0.014937045520473008,0.03431995775263291,0.039937214929886666,0.015062954479527005,1.12,1.12,1.12,1.12
0.17828034754567806,0.6771136480054004,16.967475328136924,0.03276254380431182,0.020062903685302808,0.014937045542639887,0.03431949552068192,0.039937096314697246,0.015062954457360125,1.12,1.12,1.12,1.12
0.1779510495427455,0.6772469209956962,16.970541336857707,0.032763000479136994,0.02006302235385382,0.014937045564875462,0.03431903884585674,0.03993697764614623,0.015062954435124551,1.12,1.12,1.12,1.12
0.17762196667100982,0.6773803624123078,16.97360742373965,0.03276345166024491,0.02006314110878704,0.014937045587178663,0.03431858766474882,0.03993685889121301,0.01506295441282135,1.12,1.12,1.12,1.12
0.17729309893393067,0.6775139722519383,16.976673588692808,0.032763897410293064,0.02006325997862085,0.014937045609548574,0.03431814191470067,0.0399367400213792,0.015062954390451438,1.12,1.12,1.12,1.12
0.1769644463349691,0.6776477505109244,16.979739831624965,0.032764337791142184,0.020063378987893205,0.014937045631984364,0.03431770153385155,0.03993662101210685,0.015062954368015649,1.12,1.12,1.12,1.12
0.1766360088775889,0.6777816971852846,16.982806152441977,0.03276477286358326,0.020063498157618126,0.014937045654485462,0.03431726646141048,0.03993650184238193,0.015062954345514551,1.12,1.12,1.12,1.12
0.17630778656525667,0.6779158122707667,16.98587255104804,0.03276520267159372,0.02006361750570365,0.014937045677051258,0.03431683665340002,0.0399363824942964,0.015062954322948754,1.12,1.12,1.12,1.12
0.17597977940144305,0.6780500957628863,16.988939027345893,0.032765627285384236,0.02006373704732034,0.014937045699681337,0.0343164120396095,0.03993626295267971,0.015062954300318676,1.12,1.12,1.12,1.12
0.1756519873896224,0.6781845476569622,16.992005581237084,0.032766046763189394,0.020063856795226598,0.014937045722375378,0.03431599256180434,0.039936143204773455,0.015062954277624635,1.12,1.12,1.12,1.12
0.17532441053327374,0.6783191679481453,16.995072212622087,0.032766461162574534,0.020063976760054253,0.014937045745133076,0.0343155781624192,0.0399360232399458,0.015062954254866937,1.12,1.12,1.12,1.12
0.1749970488358808,0.6784539566314488,16.99813892140052,0.0327668705555475,0.020064096950565824,0.014937045767954182,0.034315168769446236,0.03993590304943423,0.01506295423204583,1.12,1.12,1.12,1.12
0.17466990230093243,0.6785889137017689,17.00120570747127,0.03276727499672544,0.020064217373886473,0.014937045790838516,0.0343147643282683,0.03993578262611358,0.015062954209161497,1.12,1.12,1.12,1.12
0.17434297093192241,0.6787240391539083,17.00427257073259,0.03276767449672752,0.020064338035700874,0.014937045813785993,0.03431436482826622,0.03993566196429918,0.01506295418621402,1.12,1.12,1.12,1.12
0.1740162547323501,0.6788593329825924,17.007339511082243,0.032768069144898826,0.02006445894043829,0.014937045836796503,0.03431397018009491,0.03993554105956176,0.01506295416320351,1.12,1.12,1.12,1.12
0.1736897537057201,0.6789947951824872,17.010406528417604,0.0327684589986984,0.02006458009143569,0.014937045859869963,0.034313580326295334,0.03993541990856436,0.01506295414013005,1.12,1.12,1.12,1.12
0.17336346785554269,0.6791304257482109,17.013473622635715,0.032768844114294704,0.020064701491063486,0.014937045883006317,0.03431319521069903,0.03993529850893657,0.015062954116993696,1.12,1.12,1.12,1.12
0.17303739718533345,0.6792662246743497,17.016540793633368,0.03276922454199083,0.020064823140863053,0.014937045906197544,0.03431281478300291,0.039935176859137,0.01506295409380247,1.12,1.12,1.12,1.12
0.1727115416986158,0.6794021919554623,17.01960804130716,0.03276960030864301,0.020064945041653515,0.014937045929435358,0.034312439016350726,0.03993505495834654,0.015062954070564655,1.12,1.12,1.12,1.12
0.17238590139891807,0.6795383275860924,17.02267536555356,0.03276997151040889,0.02006506719363299,0.014937045952719191,0.034312067814584846,0.03993493280636706,0.015062954047280822,1.12,1.12,1.12,1.12
0.1720604762897695,0.6796746315607862,17.02574276626902,0.032770338172217806,0.02006518959645831,0.014937045976050778,0.03431170115277593,0.03993481040354174,0.015062954023949235,1.12,1.12,1.12,1.12
0.17173526637470476,0.679811103874087,17.028810243349973,0.032770700344121606,0.020065312249327394,0.014937045999431756,0.03431133898087213,0.03993468775067266,0.015062954000568257,1.12,1.12,1.12,1.12
0.17141027165728817,0.6799477445205225,17.031877796692523,0.03277105807641184,0.020065435151046696,0.014937046022852646,0.034310981248581895,0.03993456484895336,0.015062953977147367,1.12,1.12,1.12,1.12
0.1710854921410827,0.6800845534946378,17.034945426192905,0.03277141141917611,0.020065558300087327,0.014937046046307259,0.034310627905817626,0.039934441699912726,0.015062953953692754,1.12,1.12,1.12,1.12
0.17076092782963515,0.6802215307910155,17.038013131747693,0.03277176042207314,0.020065681694631965,0.014937046069799245,0.0343102789029206,0.03993431830536809,0.015062953930200768,1.12,1.12,1.12,1.12
0.17043657872649792,0.680358676404257,17.041080913253527,0.0327721051342208,0.02006580533263011,0.014937046093332074,0.03430993419077294,0.03993419466736994,0.015062953906667939,1.12,1.12,1.12,1.12
0.1701124448352291,0.6804959903289872,17.044148770607148,0.032772445604154044,0.02006592921183381,0.014937046116908992,0.03430959372083969,0.03993407078816624,0.015062953883091021,1.12,1.12,1.12,1.12
0.16978852615939194,0.6806334725598545,17.047216703705423,0.03277278187981553,0.020066053329836464,0.014937046140533192,0.03430925744517821,0.03993394667016359,0.015062953859466821,1.12,1.12,1.12,1.12
0.16946482270255508,0.6807711230915342,17.05028471244533,0.03277311400856109,0.02006617768409452,0.014937046164207643,0.03430892531643265,0.03993382231590553,0.01506295383579237,1.12,1.12,1.12,1.12
0.16914133446829274,0.6809089419187301,17.053352796723974,0.032773442037172085,0.020066302271965375,0.014937046187935121,0.03430859728782165,0.03993369772803468,0.015062953812064891,1.12,1.12,1.12,1.12
0.16881806146018397,0.6810469290361761,17.05642095643862,0.0327737660118696,0.02006642709072204,0.014937046211718305,0.03430827331312414,0.039933572909278015,0.015062953788281708,1.12,1.12,1.12,1.12
0.16849500368181333,0.6811850844386362,17.059489191486676,0.03277408597832904,0.020066552137579685,0.014937046235559567,0.0343079533466647,0.03993344786242037,0.015062953764440445,1.12,1.12,1.12,1.12
0.16817216113677036,0.681323408120907,17.062557501765713,0.032774401981693235,0.02006667740971088,0.014937046259461156,0.0343076373433005,0.03993332259028917,0.015062953740538856,1.12,1.12,1.12,1.12
0.16784953382864962,0.6814619000778164,17.065625887173443,0.032774714066584665,0.020066802904253445,0.014937046283425182,0.03430732525840907,0.03993319709574661,0.015062953716574831,1.12,1.12,1.12,1.12
0.16752712176105045,0.6816005603042244,17.06869434760778,0.032775022277116594,0.020066928618340196,0.014937046307453489,0.03430701704787714,0.03993307138165986,0.015062953692546524,1.12,1.12,1.12,1.12
0.16720492493757722,0.6817393887950254,17.07176288296675,0.03277532665690247,0.020067054549093022,0.014937046331547715,0.034306712668091266,0.03993294545090703,0.015062953668452297,1.12,1.12,1.12,1.12
0.1668829433618389,0.6818783855451449,17.074831493148576,0.032775627249064965,0.020067180693639886,0.014937046355709444,0.03430641207592877,0.03993281930636017,0.01506295364429057,1.12,1.12,1.12,1.12
0.1665611770374493,0.6820175505495428,17.077900178051657,0.03277592409624369,0.020067307049119992,0.01493704637993995,0.034306115228750045,0.03993269295088006,0.015062953620060063,1.12,1.12,1.12,1.12
0.16623962596802677,0.6821568838032106,17.08096893757453,0.03277621724060259,0.020067433612697638,0.014937046404240414,0.03430582208439115,0.039932566387302415,0.015062953595759598,1.12,1.12,1.12,1.12
0.16591829015719395,0.6822963853011714,17.08403777161591,0.032776506743373346,0.020067560381557936,0.014937046428611878,0.03430553258162039,0.03993243961844212,0.015062953571388135,1.12,1.12,1.12,1.12
0.16559716960857812,0.6824360550384837,17.08710668007469,0.032776792620972606,0.02006768735291592,0.014937046453055103,0.03430524670402113,0.039932312647084134,0.01506295354694491,1.12,1.12,1.12,1.12
0.1652762643258109,0.6825758930102337,17.090175662849894,0.03277707491531906,0.020067814524019456,0.014937046477570798,0.034304964409674676,0.0399321854759806,0.015062953522429215,1.12,1.12,1.12,1.12
0.16495557431252791,0.6827158992115427,17.093244719840733,0.03277735366763018,0.020067941892151886,0.01493704650215949,0.034304685657363554,0.03993205810784817,0.015062953497840523,1.12,1.12,1.12,1.12
0.16463509957236921,0.6828560736375606,17.09631385094657,0.032777628918484625,0.020068069454635157,0.014937046526821623,0.03430441040650911,0.039931930545364897,0.01506295347317839,1.12,1.12,1.12,1.12
0.16431484010897873,0.6829964162834685,17.099383056066916,0.03277790070787012,0.02006819720882963,0.014937046551557392,0.034304138617123614,0.03993180279117042,0.01506295344844262,1.12,1.12,1.12,1.12
0.1639947959260044,0.6831369271444789,17.102452335101436,0.032778169075222074,0.020068325152134803,0.014937046576366964,0.03430387024977166,0.03993167484786525,0.01506295342363305,1.12,1.12,1.12,1.12
0.16367496702709838,0.6832776062158322,17.105521687949967,0.03277843405945413,0.02006845328199361,0.014937046601250337,0.034303605265539605,0.039931546718006444,0.015062953398749676,1.12,1.12,1.12,1.12
0.16335535341591637,0.6834184534927996,17.10859111451247,0.032778695698983173,0.020068581595887564,0.014937046626207443,0.03430334362601056,0.03993141840411249,0.01506295337379257,1.12,1.12,1.12,1.12
0.1630359550961179,0.6835594689706792,17.111660614689082,0.03277895403174946,0.020068710091338426,0.014937046651238017,0.03430308529324427,0.03993128990866163,0.015062953348761995,1.12,1.12,1.12,1.12
0.1627167720713661,0.6837006526447992,17.11473018838005,0.03277920909519011,0.020068838765911035,0.014937046676341784,0.03430283022980363,0.03993116123408902,0.01506295332365823,1.12,1.12,1.12,1.12
0.16239780434532794,0.6838420045105146,17.117799835485783,0.03277946092630557,0.02006896761720539,0.014937046701518325,0.034302578398688166,0.03993103238279466,0.015062953298481688,1.12,1.12,1.12,1.12
0.16207905192167377,0.6839835245632071,17.12086955590683,0.032779709561712,0.020069096642864215,0.014937046726767114,0.034302329763281736,0.03993090335713584,0.015062953273232899,1.12,1.12,1.12,1.12
0.16176051480407755,0.6841252127982866,17.12393934954387,0.03277995503755693,0.020069225840563698,0.014937046752087596,0.03430208428743681,0.039930774159436355,0.015062953247912417,1.12,1.12,1.12,1.12
0.16144219299621634,0.6842670692111885,17.127009216297733,0.032780197389609744,0.020069355208020168,0.014937046777479146,0.03430184193538399,0.039930644791979886,0.015062953222520867,1.12,1.12,1.12,1.12
0.16112408650177096,0.6844090937973739,17.130079156069364,0.03278043665323127,0.020069484742983312,0.014937046802941029,0.034301602671762466,0.03993051525701674,0.015062953197058984,1.12,1.12,1.12,1.12
0.1608061953244252,0.6845512865523316,17.133149168759843,0.032780672863379656,0.020069614443238126,0.014937046828472453,0.03430136646161408,0.03993038555676193,0.01506295317152756,1.12,1.12,1.12,1.12
0.16048851946786613,0.6846936474715725,17.13621925427039,0.03278090605461781,0.02006974430659919,0.014937046854072572,0.03430113327037593,0.03993025569340086,0.01506295314592744,1.12,1.12,1.12,1.12
0.16017105893578398,0.684836176550634,17.139289412502336,0.03278113626111956,0.020069874330913645,0.014937046879740484,0.03430090306387418,0.03993012566908641,0.015062953120259528,1.12,1.12,1.12,1.12
0.15985381373187188,0.6849788737850775,17.14235964335716,0.03278136351665245,0.020070004514058742,0.014937046905475204,0.034300675808341285,0.03992999548594131,0.015062953094524809,1.12,1.12,1.12,1.12
0.15953678385982634,0.6851217391704894,17.145429946736435,0.0327815878546297,0.02007013485393694,0.014937046931275816,0.034300451470364035,0.039929865146063115,0.015062953068724197,1.12,1.12,1.12,1.12
0.15921996932334653,0.685264772702478,17.148500322541885,0.032781809308095655,0.02007026534848161,0.014937046957141292,0.03430023001689808,0.039929734651518445,0.01506295304285872,1.12,1.12,1.12,1.12
0.1589033701261344,0.6854079743766768,17.15157077067533,0.032782027909725564,0.02007039599564875,0.014937046983070551,0.03430001141526817,0.039929604004351305,0.015062953016929462,1.12,1.12,1.12,1.12
0.1585869863351976,0.6855513441318716,17.154641290253732,0.032782243678846246,0.020070526809131906,0.014937046979428728,0.03429979564614749,0.03992947319086815,0.015062953020571285,1.12,1.12,1.12,1.12
0.158270817885313,0.6856948820262754,17.157711882037432,0.03278245666218399,0.020070657770507316,0.014937046978702517,0.03429958266280975,0.03992934222949274,0.015062953021297495,1.12,1.12,1.12,1.12
0.1579548647803872,0.685838588055386,17.16078254592604,0.03278266689126014,0.020070788877824264,0.014937046980778107,0.0342993724337336,0.03992921112217579,0.015062953019221906,1.12,1.12,1.12,1.12
0.15763912702433192,0.6859824622147201,17.163853281819254,0.03278287439724409,0.020070920129147768,0.014937046985541186,0.03429916492774965,0.039929079870852285,0.015062953014458827,1.12,1.12,1.12,1.12
0.15732360462106382,0.6861265044998135,17.166924089616835,0.0327830792109568,0.02007105152256089,0.014937046992877206,0.034298960114036936,0.03992894847743916,0.015062953007122806,1.12,1.12,1.12,1.12
0.15700829757450327,0.6862707149062219,17.169994969218646,0.03278328136287589,0.02007118305616254,0.014937047002671927,0.03429875796211784,0.039928816943837514,0.015062952997328086,1.12,1.12,1.12,1.12
0.15669320588857386,0.6864150934295221,17.173065920524664,0.03278348088313904,0.020071314728066503,0.01493704701481155,0.0342985584418547,0.03992868527193355,0.015062952985188463,1.12,1.12,1.12,1.12
0.1563783295672022,0.6865596400653122,17.17613694343494,0.03278367780154884,0.02007144653640408,0.014937047029183012,0.0342983615234449,0.03992855346359597,0.015062952970817,1.12,1.12,1.12,1.12
0.1560636686143161,0.6867043548092111,17.179208037849676,0.03278387214757622,0.020071578479319646,0.014937047045674237,0.034298167177417516,0.03992842152068041,0.015062952954325776,1.12,1.12,1.12,1.12
0.15574922303384522,0.6868492376568605,17.18227920366918,0.03278406395036476,0.02007171055497381,0.014937047064174494,0.034297975374628975,0.039928289445026244,0.015062952935825519,1.12,1.12,1.12,1.12
0.15543499282971984,0.6869942886039246,17.185350440793872,0.03278425323873457,0.020071842761541336,0.014937047084574495,0.03429778608625916,0.03992815723845872,0.015062952915425518,1.12,1.12,1.12,1.12
0.15512097800626232,0.687139507646183,17.188421749122163,0.032784440041509766,0.020071975108050172,0.014937047106577131,0.03429759928348397,0.03992802489194988,0.015062952893422882,1.12,1.12,1.12,1.12
0.15480717856727289,0.6872848947793904,17.191493128555923,0.03278462438693697,0.020072107603718442,0.01493704713013981,0.03429741493805677,0.03992789239628161,0.015062952869860202,1.12,1.12,1.12,1.12
0.1544935945165304,0.6874304499991821,17.19456457899648,0.03278480630291658,0.02007224024241494,0.014937047155233349,0.034297233022077156,0.03992775975758511,0.015062952844766664,1.12,1.12,1.12,1.12
0.15418022585781374,0.6875761733012693,17.197636100345594,0.03278498581704592,0.02007237301860021,0.014937047181829227,0.03429705350794782,0.039927626981399844,0.015062952818170786,1.12,1.12,1.12,1.12
0.15386707259490287,0.6877220646814325,17.20070769250544,0.032785162956621705,0.02007250592726717,0.014937047209899287,0.03429687636837203,0.03992749407273288,0.015062952790100725,1.12,1.12,1.12,1.12
0.1535541347315783,0.6878681241355123,17.20377935537856,0.03278533774864267,0.020072638963880785,0.01493704723941594,0.03429670157635106,0.03992736103611927,0.015062952760584072,1.12,1.12,1.12,1.12
0.15324141227189242,0.6880143516590028,17.206851088863488,0.032785510219616176,0.020072772124260563,0.014937047270225948,0.03429652910537756,0.03992722787573949,0.015062952729774065,1.12,1.12,1.12,1.12
0.15292890522165187,0.6881607472448741,17.20992289283123,0.032785680394517736,0.020072905404191543,0.014937047301360556,0.034296358930476,0.03992709459580851,0.015062952698639456,1.12,1.12,1.12,1.12
0.15261661358469114,0.6883073108890865,17.21299476718464,0.032785848299474674,0.02007303880030753,0.014937047332777342,0.03429619102551906,0.03992696119969252,0.01506295266722267,1.12,1.12,1.12,1.12
0.1523045373648449,0.6884540425876408,17.216066711826834,0.0327860139603256,0.02007317230954364,0.014937047364434783,0.03429602536466814,0.03992682769045641,0.01506295263556523,1.12,1.12,1.12,1.12
0.15199267656594767,0.6886009423365751,17.21913872666114,0.032786177402623795,0.020073305929102725,0.014937047396292341,0.03429586192236994,0.03992669407089733,0.015062952603707672,1.12,1.12,1.12,1.12
0.15168103119183318,0.6887480101319605,17.222210811591104,0.03278633865163966,0.020073439656426773,0.014937047428310563,0.03429570067335408,0.03992656034357328,0.01506295257168945,1.12,1.12,1.12,1.12
0.15136960124633472,0.6888952459699003,17.22528296652045,0.03278649773236397,0.020073573489171825,0.014937047460451255,0.034295541592629764,0.03992642651082823,0.015062952539548757,1.12,1.12,1.12,1.12
0.1510583867335972,0.689042649846188,17.22835519134886,0.03278665466940106,0.02007370742522105,0.014937047492529984,0.034295384655592676,0.039926292574779004,0.015062952507470029,1.12,1.12,1.12,1.12
0.1507473876578047,0.6891902217566099,17.231427485975686,0.03278680948707502,0.020073841462640518,0.01493704752434552,0.03429522983791872,0.039926158537359535,0.015062952475654492,1.12,1.12,1.12,1.12
0.15043660402319634,0.6893379616969235,17.234499850299713,0.032786962209427284,0.020073975599664867,0.014937047555672489,0.03429507711556645,0.039926024400335186,0.015062952444327524,1.12,1.12,1.12,1.12
0.15012603583409262,0.6894858696628285,17.237572284218803,0.032787112860212686,0.02007410983468466,0.014937047586249017,0.03429492646478105,0.03992589016531539,0.015062952413750996,1.12,1.12,1.12,1.12
0.1498156830948874,0.6896339456499754,17.240644787629996,0.032787261462905615,0.02007424416623238,0.01493704761578063,0.03429477786208812,0.03992575583376767,0.015062952384219383,1.12,1.12,1.12,1.12
0.14950554580943526,0.6897821896553314,17.243717360442083,0.03278740804155422,0.020074378593525538,0.014937047644220713,0.034294631283439514,0.039925621406474515,0.0150629523557793,1.12,1.12,1.12,1.12
0.14919562398183417,0.689930601675234,17.246790002558335,0.03278755261951455,0.020074513115570958,0.014937047671412768,0.03429448670547919,0.039925486884429096,0.015062952328587245,1.12,1.12,1.12,1.12
0.14888591761634148,0.6900791817056752,17.249862713878784,0.032787695219658686,0.020074647731315648,0.014937047697128975,0.03429434410533505,0.039925352268684405,0.015062952302871038,1.12,1.12,1.12,1.12
0.1485764267046598,0.6902279297461619,17.25293549441293,0.03278783585981149,0.02007478242938815,0.014937047727242414,0.03429420346518225,0.039925217570611904,0.015062952272757599,1.12,1.12,1.12,1.12
0.14826715125959564,0.6903768457921444,17.25600834399754,0.03278797456722471,0.020074917217537902,0.014937047757310001,0.03429406475776903,0.03992508278246215,0.015062952242690011,1.12,1.12,1.12,1.12
0.147958091284921,0.6905259298399907,17.259081262538352,0.03278811136400245,0.02007505209469021,0.01493704778733046,0.03429392796099129,0.03992494790530984,0.015062952212669553,1.12,1.12,1.12,1.12
0.1476492467844092,0.6906751818860789,17.26215424994117,0.03278824627200233,0.020075187059829025,0.014937047817302512,0.034293793052991406,0.03992481294017103,0.0150629521826975,1.12,1.12,1.12,1.12
0.14734061776183505,0.6908246019268003,17.26522730611185,0.03278837931283757,0.020075322111989924,0.01493704784722498,0.03429366001215617,0.03992467788801013,0.015062952152775033,1.12,1.12,1.12,1.12
0.14703220422097393,0.6909741899585549,17.268300430956295,0.03278851050787995,0.0200754572502565,0.014937047877096724,0.03429352881711378,0.03992454274974355,0.01506295212290329,1.12,1.12,1.12,1.12
0.1467240061656027,0.6911239459777534,17.271373624380466,0.032788639878262194,0.02007559247375501,0.014937047906916717,0.03429339944673154,0.03992440752624504,0.015062952093083296,1.12,1.12,1.12,1.12
0.14641602359949912,0.6912738699808143,17.27444688629037,0.03278876744488085,0.02007572778165012,0.014937047936683961,0.034293271880112886,0.03992427221834993,0.015062952063316051,1.12,1.12,1.12,1.12
0.14610825652644208,0.6914239619641669,17.277520216592052,0.03278889322839895,0.020075863173141917,0.014937047966397596,0.034293146096594784,0.039924136826858136,0.015062952033602417,1.12,1.12,1.12,1.12
0.14580070495021147,0.691574221924247,17.280593615191606,0.03278901724924854,0.020075998647462012,0.014937047996056857,0.034293022075745194,0.03992400135253804,0.015062952003943156,1.12,1.12,1.12,1.12
0.14549336887458827,0.6917246498574997,17.28366708199515,0.03278913952763385,0.020076134203871027,0.014937048025661079,0.03429289979735989,0.03992386579612903,0.015062951974338934,1.12,1.12,1.12,1.12
0.14518624830335436,0.6918752457603768,17.286740616908865,0.032789260083533944,0.02007626984165581,0.014937048055209678,0.03429277924145979,0.039923730158344245,0.015062951944790334,1.12,1.12,1.12,1.12
0.1448793432402926,0.6920260096293378,17.289814219838945,0.03278937893670569,0.02007640556012763,0.014937048084702281,0.03429266038828804,0.03992359443987242,0.015062951915297731,1.12,1.12,1.12,1.12
0.14457265368918684,0.6921769414608487,17.29288789069162,0.03278949610668741,0.02007654135861936,0.014937048114138457,0.034292543218306326,0.039923458641380694,0.015062951885861556,1.12,1.12,1.12,1.12
0.14426617965382202,0.6923280412513835,17.29596162937316,0.03278961161279309,0.020076677236484042,0.014937048143517984,0.034292427712200646,0.03992332276351601,0.01506295185648203,1.12,1.12,1.12,1.12
0.1439599211379838,0.692479308997421,17.299035435789868,0.03278972547410902,0.020076813193093068,0.014937048172840708,0.034292313850884715,0.039923186806906985,0.015062951827159304,1.12,1.12,1.12,1.12
0.1436538781454589,0.6926307446954472,17.302109309848067,0.032789837709507,0.02007694922783529,0.01493704820210666,0.03429220161548674,0.039923050772164764,0.015062951797893354,1.12,1.12,1.12,1.12
0.14334805068003514,0.6927823483419546,17.305183251454107,0.03278994833764859,0.020077085340115014,0.014937048231315891,0.03429209098734515,0.03992291465988504,0.015062951768684121,1.12,1.12,1.12,1.12
0.14304243874551262,0.6929341199334309,17.30825726051424,0.032790057376988035,0.020077221529355205,0.014937048260462923,0.0342919819480057,0.03992277847064485,0.01506295173953709,1.12,1.12,1.12,1.12
0.14273704234568352,0.6930860594663774,17.31133133693483,0.03279016484578284,0.020077357794989537,0.014937048289546895,0.03429187447921089,0.03992264220501052,0.015062951710453118,1.12,1.12,1.12,1.12
0.14243186148433926,0.6932381669373022,17.314405480622312,0.03279027076234292,0.020077494136463536,0.01493704831856757,0.034291768562650815,0.03992250586353652,0.015062951681432443,1.12,1.12,1.12,1.12
0.14212689616527263,0.6933904423427185,17.31747969148312,0.03279037514474059,0.02007763055323397,0.014937048347524906,0.034291664180253145,0.03992236944676608,0.015062951652475107,1.12,1.12,1.12,1.12
0.14182214639227705,0.6935428856791449,17.32055396942371,0.03279047801056567,0.0200777670447691,0.014937048376418877,0.034291561314428065,0.03992223295523095,0.015062951623581136,1.12,1.12,1.12,1.12
0.1415176121691471,0.6936954969431044,17.32362831435058,0.03279057937724078,0.020077903610547787,0.014937048405249537,0.034291459947752956,0.039922096389452266,0.015062951594750476,1.12,1.12,1.12,1.12
0.14121329349967807,0.6938482761311259,17.326702726170232,0.032790679262016786,0.02007804025005777,0.014937048434017011,0.03429136006297695,0.03992195974994228,0.015062951565983002,1.12,1.12,1.12,1.12
0.14090919038766622,0.694001223239742,17.329777204789192,0.032790777681957706,0.020078176962796512,0.014937048462721536,0.03429126164303603,0.03992182303720354,0.015062951537278477,1.12,1.12,1.12,1.12
0.14060530283690884,0.6941543382654909,17.332851750114024,0.03279087465393776,0.0200783137482701,0.01493704849136343,0.034291164671055974,0.039921686251729954,0.015062951508636582,1.12,1.12,1.12,1.12
0.14030163085120392,0.6943076212049155,17.33592636205128,0.03279097019464061,0.020078450605992837,0.014937048519943014,0.034291069130353125,0.039921549394007216,0.015062951480056999,1.12,1.12,1.12,1.12
0.1399981744343505,0.6944610720545623,17.33900104050755,0.032791064320641106,0.02007858753548708,0.014937048548460743,0.03429097500435263,0.03992141246451297,0.01506295145153927,1.12,1.12,1.12,1.12
0.1396949335901485,0.694614690810983,17.342075785389444,0.0327911570482432,0.020078724536282344,0.01493704857691705,0.034290882276750534,0.03992127546371771,0.015062951423082963,1.12,1.12,1.12,1.12
0.13939190832239873,0.6947684774707329,17.345150596603577,0.032791248393557515,0.020078861607915333,0.014937048605312503,0.03429079093143622,0.03992113839208472,0.01506295139468751,1.12,1.12,1.12,1.12
0.1390890986349028,0.6949224320303717,17.3482254740566,0.03279133837251169,0.02007899874992969,0.014937048633647698,0.034290700952482045,0.039921001250070365,0.015062951366352315,1.12,1.12,1.12,1.12
0.1387865045314632,0.6950765544864641,17.351300417655168,0.03279142700085219,0.020079135961875716,0.014937048661923275,0.034290612324141545,0.03992086403812434,0.015062951338076738,1.12,1.12,1.12,1.12
0.1384841260158836,0.6952308448355775,17.354375427305946,0.03279151429414562,0.02007927324331016,0.01493704869013994,0.03429052503084812,0.039920726756689895,0.015062951309860073,1.12,1.12,1.12,1.12
0.13818196309196826,0.6953853030742844,17.35745050291564,0.03279160026778111,0.020079410593795644,0.014937048718298415,0.03429043905721263,0.03992058940620441,0.015062951281701598,1.12,1.12,1.12,1.12
0.13788001576352235,0.6955399291991603,17.360525644390925,0.03279168493697304,0.020079548012901433,0.01493704874639945,0.034290354388020694,0.03992045198709862,0.015062951253600562,1.12,1.12,1.12,1.12
0.13757828403435185,0.6956947232067846,17.36360085163855,0.03279176831676195,0.020079685500201394,0.014937048774441797,0.03429027100823179,0.03992031449979866,0.015062951225558216,1.12,1.12,1.12,1.12
0.1372767679082638,0.6958496850937416,17.366676124565238,0.032791850421990454,0.02007982305527556,0.014937048802423247,0.03429018890300328,0.039920176944724495,0.015062951197576765,1.12,1.12,1.12,1.12
0.13697546738906588,0.696004814856618,17.36975146307774,0.032791931267366015,0.020079960677709424,0.014937048830344773,0.03429010805762772,0.03992003932229063,0.01506295116965524,1.12,1.12,1.12,1.12
0.13667438248056657,0.6961601124920048,17.372826867082807,0.032792010867435994,0.020080098367093263,0.014937048858207416,0.03429002845755774,0.03991990163290679,0.015062951141792597,1.12,1.12,1.12,1.12
0.1363735131865753,0.6963155779964962,17.375902336487236,0.032792089236588495,0.020080236123002304,0.014937048886012175,0.03428995008840524,0.03991976387699775,0.015062951113987838,1.12,1.12,1.12,1.12
0.13607285951090248,0.6964712113666908,17.3789778711978,0.032792166389059296,0.020080373945040808,0.014937048913760076,0.03428987293593444,0.039919626054959245,0.015062951086239937,1.12,1.12,1.12,1.12
0.13577242145735907,0.6966270125991895,17.382053471121324,0.03279224233892353,0.020080511832819392,0.01493704894145223,0.03428979698607021,0.03991948816718066,0.015062951058547783,1.12,1.12,1.12,1.12
0.135472199029757,0.6967829816905973,17.385129136164593,0.032792317100096724,0.020080649785952975,0.014937048969089733,0.03428972222489701,0.03991935021404708,0.01506295103091028,1.12,1.12,1.12,1.12
0.13517219223190918,0.6969391186375224,17.38820486623446,0.03279239068633738,0.020080787804060585,0.014937048996673696,0.034289648638656356,0.03991921219593947,0.015062951003326316,1.12,1.12,1.12,1.12
0.13487240106762907,0.6970954234365758,17.391280661237765,0.032792463111248615,0.02008092588676541,0.014937049024205215,0.03428957621374512,0.03991907411323464,0.015062950975794798,1.12,1.12,1.12,1.12
0.13457282554073133,0.6972518960843721,17.394356521081335,0.032792534388280004,0.020081064033694362,0.014937049051685455,0.03428950493671373,0.03991893596630569,0.015062950948314557,1.12,1.12,1.12,1.12
0.1342734656550313,0.6974085365775287,17.39743244567205,0.03279260451052585,0.020081202244478846,0.014937049079115569,0.03428943481446789,0.03991879775552121,0.015062950920884444,1.12,1.12,1.12,1.12
0.1339743214143448,0.6975653449126652,17.40050843491677,0.03279267351364279,0.020081348426635948,0.014937049106496778,0.03428936581135095,0.039918651573364106,0.015062950893503235,1.12,1.12,1.12,1.12
0.133675392826984,0.6977223209878849,17.403584488096136,0.03279274139868393,0.020081493482504653,0.014937049133865662,0.0342892979263098,0.0399185065174954,0.01506295086613435,1.12,1.12,1.12,1.12
0.1333766798962464,0.6978794648145089,17.406660605209456,0.03279280818011171,0.020081637548223452,0.014937049161217394,0.034289231144882026,0.0399183624517766,0.015062950838782618,1.12,1.12,1.12,1.12
0.13307818262547996,0.6980367764021754,17.40973678624549,0.03279287387205693,0.020081780745052208,0.014937049188547824,0.03428916545293681,0.039918219254947845,0.015062950811452189,1.12,1.12,1.12,1.12
0.13277990101807818,0.6981942557590257,17.41281303118362,0.03279293848834214,0.0200819231809774,0.014937049215853523,0.0342891008366516,0.03991807681902265,0.01506295078414649,1.12,1.12,1.12,1.12
0.13248183507747655,0.6983519028918672,17.415889339994916,0.03279300204250196,0.0200820649521454,0.014937049243131606,0.034289037282491774,0.03991793504785465,0.015062950756868407,1.12,1.12,1.12,1.12
0.13218398480714777,0.6985097178063185,17.418965712642958,0.03279306454780084,0.020082206144140774,0.014937049270379671,0.03428897477719289,0.03991779385585928,0.015062950729620342,1.12,1.12,1.12,1.12
0.13188635021059847,0.6986677005069425,17.42204214908473,0.032793126017248375,0.020082346833127124,0.014937049297595859,0.03428891330774536,0.03991765316687293,0.015062950702404154,1.12,1.12,1.12,1.12
0.13158893129136628,0.6988258509973596,17.425118649271308,0.032793186463613344,0.020082487086866163,0.014937049324778656,0.03428885286138039,0.03991751291313389,0.015062950675221357,1.12,1.12,1.12,1.12
0.13129172805301673,0.6989841692803543,17.4281952131485,0.03279324589943594,0.02008262696562646,0.014937049351926926,0.034288793425557795,0.03991737303437359,0.015062950648073087,1.12,1.12,1.12,1.12
0.13099474049913074,0.6991426553579748,17.431271840657576,0.03279330433704064,0.020082766522991152,0.01493704937904479,0.034288734987953096,0.0399172334770089,0.015062950620955223,1.12,1.12,1.12,1.12
0.1306979686332972,0.6993013092316233,17.43434853173584,0.03279336178849973,0.020082905806580786,0.01493704940614396,0.034288677536494006,0.03991709419341927,0.015062950593856053,1.12,1.12,1.12,1.12
0.1304014124591518,0.6994601309020873,17.437425286316554,0.032793418265717356,0.020083044858710236,0.014937049433223576,0.03428862105927638,0.03991695514128982,0.015062950566776437,1.12,1.12,1.12,1.12
0.1301050719803489,0.6996191203696309,17.44050210432968,0.032793473780443005,0.020083183716958164,0.014937049460283056,0.03428856554455073,0.03991681628304189,0.015062950539716957,1.12,1.12,1.12,1.12
0.12980894720056027,0.6997782776340551,17.443578985702256,0.03279352834423788,0.020083322414681026,0.014937049487321954,0.03428851098075586,0.03991667758531903,0.015062950512678058,1.12,1.12,1.12,1.12
0.12951303812347348,0.6999376026947458,17.446655930358713,0.03279358196848303,0.020083460981471957,0.014937049514339981,0.034288457356510704,0.0399165390185281,0.015062950485660032,1.12,1.12,1.12,1.12
0.12921734475278987,0.7000970955507247,17.44973293822119,0.03279363466438717,0.02008359944356955,0.014937049541337066,0.034288404660606564,0.039916400556430504,0.015062950458662946,1.12,1.12,1.12,1.12
0.12892186709222414,0.7002567562006882,17.452810009209724,0.032793686442993075,0.020083737824224374,0.014937049568313265,0.03428835288200066,0.03991626217577568,0.015062950431686747,1.12,1.12,1.12,1.12
0.12862660514550228,0.7004165846430432,17.45588714324258,0.03279373731518431,0.020083876144024182,0.014937049595268662,0.034288302009809424,0.03991612385597587,0.015062950404731351,1.12,1.12,1.12,1.12
0.12833155891636158,0.7005765808759432,17.458964340236367,0.03279378729169069,0.02008401442118446,0.014937049622203519,0.034288252033303046,0.039915985578815594,0.015062950377796494,1.12,1.12,1.12,1.12
0.12803672840854868,0.7007367448973147,17.46204160010628,0.03279383638309358,0.020084152671808103,0.01493704964911817,0.03428820294190016,0.03991584732819195,0.015062950350881843,1.12,1.12,1.12,1.12
0.12774211362581928,0.7008970767048839,17.465118922766234,0.032793884599830514,0.02008429091011682,0.014937049676013017,0.03428815472516322,0.03991570908988323,0.015062950323986996,1.12,1.12,1.12,1.12
0.12744771457193727,0.7010575762962008,17.468196308129002,0.032793931952199984,0.020084429148657434,0.014937049702888533,0.03428810737279375,0.03991557085134262,0.01506295029711148,1.12,1.12,1.12,1.12
0.1271535312506738,0.7012182436686589,17.471273756106395,0.03279397845036469,0.02008456739848624,0.014937049729745161,0.034288060874629045,0.03991543260151381,0.015062950270254852,1.12,1.12,1.12,1.12
0.12685956366580725,0.7013790788195134,17.474351266609315,0.032794024104356,0.02008470566933296,0.014937049756583512,0.034288015220637735,0.039915294330667095,0.0150629502434165,1.12,1.12,1.12,1.12
0.1265658118211219,0.7015400817458993,17.477428839547887,0.03279406892407688,0.020084843969747357,0.014937049783404238,0.034287970400916856,0.039915156030252696,0.015062950216595775,1.12,1.12,1.12,1.12
0.12627227572040775,0.7017012524448424,17.480506474831554,0.03279411291930523,0.02008498230722955,0.014937049810207909,0.03428792640568851,0.039915017692770505,0.015062950189792104,1.12,1.12,1.12,1.12
0.12597895536746037,0.7018625909132767,17.483584172369152,0.03279415609969688,0.02008512068834653,0.014937049836995259,0.034287883225296856,0.03991487931165352,0.015062950163004754,1.12,1.12,1.12,1.12
0.12568585076608,0.7020240971480528,17.486661932068984,0.032794198474788205,0.020085259118836657,0.014937049863766927,0.03428784085020553,0.039914740881163396,0.015062950136233086,1.12,1.12,1.12,1.12
0.1253929619200713,0.7021857711459476,17.48973975383887,0.03279424005399845,0.02008539760370115,0.014937049890523649,0.03428779927099529,0.039914602396298904,0.015062950109476364,1.12,1.12,1.12,1.12
0.12510028883342078,0.7023476129035013,17.492817637583904,0.032794280846597246,0.020085536147337546,0.014937049917177786,0.03428775847839649,0.03991446385266251,0.015062950082822227,1.12,1.12,1.12,1.12
0.12480783150995706,0.7025096224173567,17.495895583210924,0.032794320861773474,0.020085674753516636,0.014937049943722733,0.03428771846322026,0.03991432524648342,0.01506295005627728,1.12,1.12,1.12,1.12
0.1245155899534896,0.7026717996841301,17.498973590626743,0.03279436010861053,0.020085813425488375,0.014937049970163263,0.034287679216383204,0.03991418657451168,0.01506295002983675,1.12,1.12,1.12,1.12
0.12422356416783141,0.7028341447003972,17.5020516597379,0.03279439859608385,0.020085952166046306,0.01493704999650411,0.034287640728909885,0.03991404783395375,0.015062950003495904,1.12,1.12,1.12,1.12
0.12393175415679845,0.7029966574626976,17.505129790450713,0.032794436333062504,0.020086090977579296,0.014937050022749879,0.03428760299193123,0.03991390902242076,0.015062949977250134,1.12,1.12,1.12,1.12
0.12364015992420968,0.7031593379675393,17.508207982671255,0.03279447332831126,0.020086229862118388,0.01493705004890522,0.03428756599668248,0.039913770137881666,0.015062949951094792,1.12,1.12,1.12,1.12
0.12334878147388664,0.7033221862114036,17.51128623630545,0.03279450959049196,0.020086368821377626,0.014937050074974645,0.034287529734501776,0.03991363117862243,0.015062949925025368,1.12,1.12,1.12,1.12
0.12305761880965355,0.7034852021907494,17.514364551259032,0.03279454512816521,0.02008650785679056,0.014937050100962648,0.03428749419682853,0.039913492143209495,0.015062949899037364,1.12,1.12,1.12,1.12
0.12276667193533704,0.703648385902016,17.517442927437628,0.03279457994979185,0.02008664696954343,0.014937050126873685,0.03428745937520189,0.03991335303045662,0.015062949873126327,1.12,1.12,1.12,1.12
0.12247594085476608,0.7038117373416258,17.520521364746727,0.03279461406373424,0.020086786160603942,0.014937050152712072,0.034287425261259497,0.03991321383939611,0.01506294984728794,1.12,1.12,1.12,1.12
0.12218542557177169,0.703975256505988,17.523599863091736,0.03279464747825761,0.02008692543074697,0.014937050178482084,0.034287391846736126,0.03991307456925308,0.01506294982151793,1.12,1.12,1.12,1.12
0.12189512609018723,0.7041389433915004,17.526678422377962,0.03279468020153192,0.020087064780577757,0.014937050204187924,0.034287359123461814,0.039912935219422296,0.015062949795812089,1.12,1.12,1.12,1.12
0.12160504241384773,0.7043027979945509,17.529757042510642,0.03279471224163277,0.020087204210552267,0.014937050229833715,0.03428732708336096,0.039912795789447786,0.015062949770166298,1.12,1.12,1.12,1.12
0.12131517454659005,0.7044668203115201,17.532835723394964,0.03279474360654294,0.020087343720995132,0.014937050255423509,0.034287295718450794,0.03991265627900492,0.015062949744576504,1.12,1.12,1.12,1.12
0.12102552249225323,0.7046310103387834,17.535914464936056,0.032794774304153174,0.020087483312116183,0.014937050280961248,0.03428726502084056,0.03991251668788387,0.015062949719038765,1.12,1.12,1.12,1.12
0.12073608625467772,0.7047953680727104,17.53899326703899,0.032794804342263395,0.020087622984024167,0.014937050306450803,0.03428723498273034,0.039912377015975886,0.01506294969354921,1.12,1.12,1.12,1.12
0.12044686583770572,0.7049598935096679,17.54207212960884,0.032794833728584216,0.020087762736739928,0.014937050331896004,0.03428720559640952,0.039912237263260125,0.015062949668104009,1.12,1.12,1.12,1.12
0.12015786124518098,0.7051245866460211,17.545151052550633,0.03279486247073765,0.020087902569998872,0.014937050357300558,0.034287176854256085,0.03991209743000118,0.015062949642699455,1.12,1.12,1.12,1.12
0.11986907248094872,0.7052894474781355,17.54823003576938,0.03279489057625912,0.020088042483108803,0.014937050382668043,0.03428714874873462,0.03991195751689125,0.01506294961733197,1.12,1.12,1.12,1.12
0.11958049954885519,0.7054544760023836,17.551309079170142,0.0327949180525986,0.020088182473866345,0.014937050408002014,0.03428712127239514,0.03991181752613371,0.015062949591997998,1.12,1.12,1.12,1.12
0.11929214245274658,0.7056196722151635,17.554388182658126,0.0327949449071237,0.020088322536942982,0.014937050433305926,0.034287094417870034,0.03991167746305707,0.015062949566694087,1.12,1.12,1.12,1.12
0.11900400119646633,0.7057850361129365,17.557467346138925,0.03279497114712521,0.02008846267128528,0.014937050458583068,0.03428706817786853,0.039911537328714775,0.015062949541416945,1.12,1.12,1.12,1.12
0.11871607578385848,0.7059505676921755,17.560546569518223,0.0327949967798114,0.020088602875921208,0.014937050483836672,0.034287042545182334,0.039911397124078846,0.01506294951616334,1.12,1.12,1.12,1.12
0.11842836621876787,0.7061162669493621,17.563625852701726,0.032795021812309366,0.020088743149952237,0.014937050509069974,0.03428701751268437,0.039911256850047816,0.015062949490930039,1.12,1.12,1.12,1.12
0.11814087250503964,0.7062821338809893,17.566705195595205,0.03279504625166535,0.020088883492546117,0.014937050534285956,0.03428699307332839,0.039911116507453936,0.015062949465714057,1.12,1.12,1.12,1.12
0.11785359464651984,0.7064481684835567,17.569784598104487,0.03279507010484567,0.02008902390292938,0.014937050559487658,0.03428696922014807,0.03991097609707067,0.015062949440512355,1.12,1.12,1.12,1.12
0.1175665326470551,0.7066143707535728,17.572864060135416,0.03279509337873776,0.02008916438038183,0.014937050584677952,0.034286945946255976,0.03991083561961822,0.01506294941532206,1.12,1.12,1.12,1.12
0.11727968651049273,0.7067807406875524,17.575943581593876,0.03279511608015062,0.020089304924231416,0.014937050609859642,0.034286923244843115,0.03991069507576864,0.01506294939014037,1.12,1.12,1.12,1.12
0.116993056240681,0.706947278282017,17.579023162385806,0.03279513821581592,0.02008944553384917,0.01493705063503549,0.034286901109177814,0.03991055446615088,0.015062949364964523,1.12,1.12,1.12,1.12
0.11670664184146831,0.7071139835334943,17.582102802417133,0.032795159792388506,0.020089586208644317,0.014937050660208118,0.03428687953260523,0.03991041379135574,0.015062949339791895,1.12,1.12,1.12,1.12
0.11642044331670452,0.7072808564385172,17.585182501593845,0.032795180816447445,0.020089726948062353,0.014937050685380163,0.03428685850854629,0.0399102730519377,0.01506294931461985,1.12,1.12,1.12,1.12
0.11613446067023969,0.7074478969936231,17.588262259821935,0.03279520129449698,0.02008986775157967,0.01493705071055404,0.03428683803049676,0.03991013224842038,0.015062949289445973,1.12,1.12,1.12,1.12
0.11584869390592507,0.7076151051953551,17.591342077007425,0.03279522123296669,0.02009000861870147,0.014937050735732232,0.03428681809202705,0.03990999138129858,0.01506294926426778,1.12,1.12,1.12,1.12
0.11556314302761242,0.7077824810402604,17.594421953056347,0.03279524063821293,0.02009014954895899,0.01493705076091699,0.034286798686780806,0.03990985045104106,0.015062949239083023,1.12,1.12,1.12,1.12
0.1152778080391542,0.7079500245248893,17.597501887874763,0.03279525951651929,0.02009029054190717,0.014937050786110684,0.034286779808474444,0.039909709458092885,0.015062949213889329,1.12,1.12,1.12,1.12
0.11499268894440383,0.7081177356457966,17.600581881368733,0.03279527787409747,0.020090431597121816,0.014937050811315397,0.034286761450896264,0.03990956840287824,0.015062949188684616,1.12,1.12,1.12,1.12
0.1147077857472155,0.7082856143995404,17.603661933444343,0.03279529571708811,0.020090572714199006,0.014937050836533322,0.03428674360790562,0.03990942728580105,0.01506294916346669,1.12,1.12,1.12,1.12
0.11442309845144423,0.7084536607826826,17.60674204400768,0.032795313051561414,0.02009071389275202,0.014937050861766499,0.03428672627343232,0.03990928610724803,0.015062949138233514,1.12,1.12,1.12,1.12
0.11413862706094556,0.7086218747917864,17.60982221296486,0.032795329883517965,0.020090855132410324,0.014937050887016856,0.03428670944147577,0.03990914486758973,0.015062949112983157,1.12,1.12,1.12,1.12
0.11385437157957622,0.7087902564234203,17.612902440221976,0.03279534621888952,0.02009099643281853,0.014937050912286365,0.034286693106104216,0.03990900356718152,0.015062949087713648,1.12,1.12,1.12,1.12
0.11357033201119333,0.7089588056741527,17.61598272568517,0.03279536206353978,0.020091137793634722,0.014937050937576829,0.03428667726145396,0.03990886220636533,0.015062949062423184,1.12,1.12,1.12,1.12
0.11328650835965517,0.7091275225405573,17.61906306926056,0.03279537742326516,0.02009127921452969,0.014937050962890039,0.03428666190172858,0.039908720785470364,0.015062949037109974,1.12,1.12,1.12,1.12
0.11300290062882033,0.7092964070192075,17.622143470854287,0.032795392303795357,0.02009142069518538,0.014937050988227715,0.03428664702119838,0.03990857930481467,0.015062949011772298,1.12,1.12,1.12,1.12
0.11271950882254891,0.7094654591066807,17.625223930372478,0.032795406710794395,0.02009156223529482,0.014937051013591482,0.03428663261419934,0.039908437764705235,0.01506294898640853,1.12,1.12,1.12,1.12
0.112436332944701,0.7096346787995556,17.62830444772129,0.03279542064986102,0.02009170383456038,0.014937051038982907,0.03428661867513272,0.03990829616543967,0.015062948961017106,1.12,1.12,1.12,1.12
0.11215337299913802,0.7098040660944136,17.63138502280687,0.03279543412652941,0.02009184549269416,0.014937051064403586,0.034286605198464326,0.03990815450730589,0.015062948935596426,1.12,1.12,1.12,1.12
0.11187062898972187,0.7099736209878365,17.634465655535372,0.03279544714627042,0.020091987209416018,0.01493705108985488,0.03428659217872332,0.039908012790584035,0.015062948910145132,1.12,1.12,1.12,1.12
0.11158810092031551,0.7101433434764091,17.637546345812943,0.03279545971449116,0.020092128984217306,0.014937051115338273,0.03428657961050258,0.03990787101578275,0.01506294888466174,1.12,1.12,1.12,1.12
0.11130578879478228,0.7103132335567207,17.64062709354577,0.03279547183653736,0.020092270816836066,0.01493705114085507,0.034286567488456376,0.03990772918316399,0.015062948859144942,1.12,1.12,1.12,1.12
0.11102369261698622,0.7104832912253616,17.64370789864002,0.03279548351769318,0.020092412707016588,0.014937051166406562,0.034286555807300556,0.039907587292983465,0.01506294883359345,1.12,1.12,1.12,1.12
0.11074181239079231,0.7106535164789238,17.646788761001883,0.03279549476318183,0.02009255465450993,0.014937051191994025,0.034286544561811905,0.03990744534549012,0.015062948808005988,1.12,1.12,1.12,1.12
0.11046014812006613,0.7108239093140005,17.649869680537538,0.03279550557816635,0.02009269665907293,0.01493705121761861,0.034286533746827386,0.039907303340927125,0.015062948782381402,1.12,1.12,1.12,1.12
0.11017869980867429,0.7109944697271872,17.652950657153163,0.03279551596774999,0.02009283872046802,0.014937051243281485,0.03428652335724375,0.03990716127953203,0.015062948756718528,1.12,1.12,1.12,1.12
0.10989746746048375,0.7111651977150792,17.656031690754943,0.03279552593697732,0.020092980838463392,0.014937051268983675,0.034286513388016415,0.03990701916153666,0.015062948731016337,1.12,1.12,1.12,1.12
0.10961645107936252,0.7113360932742743,17.65911278124905,0.03279553549083464,0.020093126356648755,0.01493705129472625,0.0342865038341591,0.0399068736433513,0.015062948705273763,1.12,1.12,1.12,1.12
0.10933565067221496,0.7115071563604405,17.66219392827398,0.032795544629323325,0.020093271613879388,0.014937051320525183,0.03428649469567041,0.039906728386120666,0.01506294867947483,1.12,1.12,1.12,1.12
0.1090550662426892,0.7116783869740069,17.665275131760524,0.03279555335783252,0.02009341664251607,0.01493705134637971,0.03428648596716122,0.03990658335748398,0.015062948653620303,1.12,1.12,1.12,1.12
0.10877469779445646,0.7118497851150087,17.66835639163696,0.03279556168164205,0.02009356147144853,0.014937051372289123,0.03428647764335169,0.039906438528551524,0.01506294862771089,1.12,1.12,1.12,1.12
0.10849454533120846,0.7120213507831301,17.671437707829266,0.03279556960592406,0.0200937061264658,0.014937051398252937,0.03428646971906968,0.039906293873534254,0.015062948601747075,1.12,1.12,1.12,1.12
0.10821460885665535,0.7121930839777403,17.674519080261447,0.03279557713575759,0.02009385063058927,0.014937051424270736,0.034286462189236144,0.03990614936941078,0.015062948575729276,1.12,1.12,1.12,1.12
0.10793488837493787,0.7123649846974666,17.67760050884985,0.03279558427601592,0.020093995004460574,0.014937051450130079,0.034286455048977815,0.03990600499553948,0.015062948549869934,1.12,1.12,1.12,1.12
0.10765538388985668,0.7125370529410363,17.68068199351393,0.03279559103153856,0.020094139266391198,0.014937051475803875,0.034286448293455174,0.039905860733608856,0.015062948524196138,1.12,1.12,1.12,1.12
0.10737609540510218,0.7127092887071034,17.683763534173487,0.03279559740712462,0.02009428343270253,0.014937051501328569,0.034286441917869115,0.03990571656729752,0.015062948498671444,1.12,1.12,1.12,1.12
0.1070970229243816,0.7128816919941294,17.686845130747077,0.03279560340750476,0.02009442751796975,0.014937051526737605,0.03428643591748898,0.039905572482030305,0.015062948473262408,1.12,1.12,1.12,1.12
0.10681816645141749,0.7130542628004035,17.68992678315206,0.032795609037342355,0.020094571535206107,0.014937051552061362,0.03428643028765138,0.039905428464793946,0.015062948447938651,1.12,1.12,1.12,1.12
0.10653952598994701,0.7132270011240589,17.693008491304788,0.032795614301233844,0.020094715496029425,0.014937051577327554,0.03428642502375989,0.03990528450397063,0.01506294842267246,1.12,1.12,1.12,1.12
0.1062611015437204,0.7133999069630872,17.696090255120648,0.03279561920370988,0.020094859410810573,0.014937051602561285,0.034286420121283856,0.03990514058918948,0.015062948397438727,1.12,1.12,1.12,1.12
0.10598289311650007,0.7135729803153537,17.699172074514173,0.032795623749236724,0.020095003288805535,0.014937051627785275,0.03428641557575701,0.03990499671119452,0.015062948372214738,1.12,1.12,1.12,1.12
0.10570490071205928,0.7137462211786094,17.702253949399147,0.03279562794221702,0.020095147138274094,0.014937051653020048,0.034286411382776716,0.03990485286172596,0.015062948346979965,1.12,1.12,1.12,1.12
0.1054271243341817,0.7139196295505024,17.705335879688636,0.03279563178699202,0.02009529096658591,0.01493705167828413,0.03428640753800172,0.03990470903341414,0.015062948321715883,1.12,1.12,1.12,1.12
0.10514956398665998,0.7140932054285888,17.7084178652951,0.032795635287842295,0.020095434780315446,0.014937051703594162,0.03428640403715144,0.03990456521968461,0.015062948296405851,1.12,1.12,1.12,1.12
0.10487221967329488,0.7142669488103413,17.711499906130435,0.03279563844898953,0.020095578585326124,0.01493705172896527,0.03428640087600421,0.03990442141467393,0.015062948271034743,1.12,1.12,1.12,1.12
0.1045950913978949,0.7144408596931591,17.714582002106027,0.03279564127459783,0.02009572238684748,0.01493705175441104,0.034286398050395905,0.03990427761315257,0.015062948245588972,1.12,1.12,1.12,1.12
0.1043181791642751,0.7146149380743735,17.717664153132823,0.03279564376877492,0.020095866189541428,0.014937051779943741,0.03428639555621882,0.039904133810458625,0.015062948220056271,1.12,1.12,1.12,1.12
0.10404148297625673,0.7147891839512573,17.72074635912135,0.03279564593557349,0.02009600999756206,0.014937051805574558,0.034286393389420244,0.039903990002437995,0.015062948194425455,1.12,1.12,1.12,1.12
0.10376500283766675,0.7149635973210293,17.723828619981777,0.032795647778992576,0.020096153814612605,0.014937051831313553,0.03428639154600116,0.03990384618538745,0.01506294816868646,1.12,1.12,1.12,1.12
0.10348873875233658,0.715138178180859,17.726910935623952,0.03279564930297835,0.020096297643989902,0.014937051857169911,0.03428639002201539,0.03990370235601015,0.015062948142830102,1.12,1.12,1.12,1.12
0.1032126907241025,0.7153129265278753,17.729993305957418,0.03279565053834005,0.020096441488630823,0.014937051883152072,0.03428638878665369,0.03990355851136923,0.01506294811684794,1.12,1.12,1.12,1.12
0.10293685875680465,0.7154878423591653,17.73307573089146,0.03279565146163771,0.020096585351148555,0.01493705190926771,0.03428638786335603,0.0399034146488515,0.015062948090732303,1.12,1.12,1.12,1.12
0.10266124285428693,0.7156629256717841,17.73615821033513,0.032795652076668624,0.02009672923386796,0.014937051935523957,0.03428638724832511,0.03990327076613209,0.015062948064476056,1.12,1.12,1.12,1.12
0.1023858430203962,0.715838176462754,17.739240744197264,0.03279565238718152,0.020096873138856497,0.014937051961927364,0.03428638693781222,0.039903126861143556,0.015062948038072649,1.12,1.12,1.12,1.12
0.10211065925898254,0.7160135947290698,17.742323332386498,0.032795652396877095,0.020097017067951445,0.014937051988484065,0.03428638692811664,0.03990298293204861,0.015062948011515948,1.12,1.12,1.12,1.12
0.10183569157389863,0.716189180467702,17.745405974811305,0.03279565210940916,0.020097161022783777,0.014937052015199834,0.03428638721558458,0.039902838977216276,0.015062947984800179,1.12,1.12,1.12,1.12
0.10156093996920142,0.7163649336752211,17.748488671376254,0.032795651528186365,0.020097305004702554,0.01493705204198209,0.03428638779680737,0.0399026949952975,0.015062947958017922,1.12,1.12,1.12,1.12
0.10128640444896685,0.716540854348129,17.751571421985382,0.032795650656537334,0.020097449014866764,0.014937052068731693,0.0342863886684564,0.03990255098513329,0.01506294793126832,1.12,1.12,1.12,1.12
0.10101208501703117,0.7167169424833562,17.754654226546997,0.03279564949798203,0.020097593054403395,0.01493705209546732,0.03428638982701171,0.03990240694559666,0.015062947904532692,1.12,1.12,1.12,1.12
0.10073798167723545,0.7168931980778152,17.757737084969342,0.03279564805599883,0.020097737124312898,0.014937052122205627,0.03428639126899491,0.039902262875687156,0.015062947877794386,1.12,1.12,1.12,1.12
0.10046409443342533,0.7170696211284044,17.76081999716047,0.032795646334025264,0.020097881225481173,0.014937052148961433,0.03428639299096847,0.03990211877451888,0.01506294785103858,1.12,1.12,1.12,1.12
0.10019042328945016,0.7172462116320086,17.763902963028364,0.032795644335457785,0.02009802535869476,0.014937052175747895,0.03428639498953595,0.03990197464130529,0.015062947824252118,1.12,1.12,1.12,1.12
0.09991696824916314,0.7174229695854992,17.766985982480886,0.03279564206365282,0.020098169524646603,0.014937052202576587,0.03428639726134092,0.03990183047535345,0.015062947797423426,1.12,1.12,1.12,1.12
0.09964372931642114,0.7175998949857368,17.7700690554258,0.032795639521926545,0.020098313723950573,0.014937052229457737,0.03428639980306719,0.03990168627604948,0.015062947770542276,1.12,1.12,1.12,1.12
0.09937070649508373,0.7177769878295717,17.773152181770783,0.03279563671355579,0.020098457957146987,0.014937052256400365,0.03428640261143795,0.039901542042853066,0.015062947743599647,1.12,1.12,1.12,1.12
0.09909789978901369,0.7179542481138441,17.776235361423442,0.032795633641778454,0.02009860222471216,0.014937052283412328,0.03428640568321528,0.039901397775287895,0.015062947716587685,1.12,1.12,1.12,1.12
0.0988253092020761,0.7181316758353872,17.779318594291308,0.032795630309793544,0.020098746527064615,0.014937052310500423,0.03428640901520019,0.03990125347293544,0.01506294768949959,1.12,1.12,1.12,1.12
0.09855293473813856,0.7183092709910242,17.782401880281824,0.032795626720762194,0.02009889086457095,0.014937052337670537,0.03428641260423154,0.0399011091354291,0.015062947662329476,1.12,1.12,1.12,1.12
0.09828077640107101,0.7184870335775732,17.7854852193024,0.032795622877807795,0.020099035237551632,0.014937052364927789,0.03428641644718594,0.03990096476244842,0.015062947635072224,1.12,1.12,1.12,1.12
0.09800883419474503,0.7186649635918441,17.788568611260388,0.03279561878401632,0.020099179646286547,0.01493705239227655,0.034286420540977414,0.039900820353713506,0.015062947607723462,1.12,1.12,1.12,1.12
0.0977371081230344,0.7188430610306424,17.79165205606307,0.032795614442437004,0.02009932409101778,0.014937052419720431,0.03428642488255673,0.039900675908982275,0.015062947580279581,1.12,1.12,1.12,1.12
0.09746559818981444,0.7190213258907676,17.794735553617702,0.0327956098560826,0.020099468571955992,0.014937052447262553,0.03428642946891114,0.03990053142804406,0.01506294755273746,1.12,1.12,1.12,1.12
0.0971943043989621,0.7191997581690135,17.797819103831475,0.032795605027930164,0.020099613089281126,0.014937052474905399,0.03428643429706357,0.03990038691071893,0.015062947525094614,1.12,1.12,1.12,1.12
0.0969232267543557,0.7193783578621705,17.80090270661155,0.03279559996092091,0.02009975764314803,0.01493705250265101,0.03428643936407283,0.03990024235685202,0.015062947497349002,1.12,1.12,1.12,1.12
0.09665236525987493,0.7195571249670242,17.803986361865057,0.03279559465796095,0.020099902233688183,0.014937052530500941,0.03428644466703279,0.03990009776631187,0.015062947469499072,1.12,1.12,1.12,1.12
0.09638171991940064,0.7197360594803559,17.807070069499087,0.03279558912192182,0.020100046861011023,0.014937052558456426,0.034286450203071916,0.03989995313898903,0.015062947441543587,1.12,1.12,1.12,1.12
0.09611129073681522,0.7199151613989448,17.810153829420695,0.032795583355640645,0.020100191525208755,0.014937052586518285,0.03428645596935309,0.0398998084747913,0.015062947413481728,1.12,1.12,1.12,1.12
0.09584107771600144,0.7200944307195649,17.8132376415369,0.03279557736192035,0.02010033622635743,0.014937052614687085,0.03428646196307339,0.039899663773642624,0.015062947385312928,1.12,1.12,1.12,1.12
0.09557108086084387,0.7202738674389887,17.81632150575471,0.03279557114353082,0.02010048096451647,0.014937052642963022,0.034286468181462915,0.03989951903548358,0.01506294735703699,1.12,1.12,1.12,1.12
0.09530130017522725,0.7204534715539842,17.81940542198109,0.03279556470320838,0.02010062573973359,0.014937052671346124,0.03428647462178536,0.03989937426026646,0.015062947328653889,1.12,1.12,1.12,1.12
0.09503173566303783,0.720633243061318,17.82248939012299,0.0327955580436568,0.020100770552044345,0.01493705269983614,0.034286481281336934,0.03989922944795571,0.015062947300163873,1.12,1.12,1.12,1.12
0.09476238732816214,0.7208131819577531,17.825573410087333,0.03279555116754723,0.02010091540147363,0.014937052728432654,0.034286488157446504,0.039899084598526424,0.015062947271567359,1.12,1.12,1.12,1.12
0.0944932551744881,0.7209932882400518,17.82865748178102,0.03279554407751906,0.020101060288036654,0.014937052757135,0.03428649524747468,0.0398989397119634,0.015062947242865013,1.12,1.12,1.12,1.12
0.09422433920589741,0.7211735619049908,17.831741605111084,0.03279553677619279,0.020101205211750878,0.014937052785945162,0.034286502548800946,0.039898794788249176,0.01506294721405485,1.12,1.12,1.12,1.12
0.09395563942626302,0.7213540029493745,17.83482577998479,0.03279552926617785,0.020101350172641475,0.014937052814869137,0.03428651005881589,0.03989864982735858,0.015062947185130876,1.12,1.12,1.12,1.12
0.09368715583947776,0.7215346113699482,17.837910006308903,0.032795521550013695,0.020101495170697037,0.014937052843904383,0.03428651777498004,0.039898504829303016,0.01506294715609563,1.12,1.12,1.12,1.12
0.09341888844943479,0.721715387163457,17.840994283990174,0.03279551363020933,0.020101640205900717,0.014937052873048376,0.03428652569478441,0.039898359794099336,0.015062947126951637,1.12,1.12,1.12,1.12
0.0931508372600277,0.7218963303266449,17.844078612935338,0.03279550550924454,0.02010178527823106,0.014937052902298617,0.0342865338157492,0.03989821472176899,0.015062947097701396,1.12,1.12,1.12,1.12
0.09288300227515026,0.722077440856253,17.84716299305112,0.032795497189569145,0.020101930387662087,0.014937052931652706,0.03428654213542459,0.039898069612337966,0.015062947068347307,1.12,1.12,1.12,1.12
0.09261538349869665,0.7222587187490241,17.850247424244245,0.0327954886736041,0.020102075534163544,0.0149370529611082,0.034286550651389636,0.03989792446583651,0.015062947038891814,1.12,1.12,1.12,1.12
0.09234798093456127,0.7224401640016975,17.85333190642141,0.032795479963741325,0.02010222071770229,0.01493705299066278,0.03428655936125241,0.03989777928229776,0.015062947009337233,1.12,1.12,1.12,1.12
0.09208079458665974,0.7226217766109836,17.856416439488996,0.032795471062334436,0.02010236593824255,0.014937053020303404,0.0342865682626593,0.0398976340617575,0.01506294697969661,1.12,1.12,1.12,1.12
0.09181382445977003,0.7228035565724128,17.85950102333984,0.03279546197130562,0.02010251119578521,0.014937053049568827,0.03428657735368812,0.03989748880421484,0.015062946950431186,1.12,1.12,1.12,1.12
0.09154707055748564,0.7229855038831817,17.86258565788564,0.03279545269315337,0.020102656490326554,0.014937053078614385,0.034286586631840366,0.0398973435096735,0.015062946921385628,1.12,1.12,1.12,1.12
0.09128053288347866,0.7231676185403608,17.86567034303671,0.03279544323029271,0.020102801821845484,0.014937053107554735,0.03428659609470103,0.03989719817815457,0.015062946892445278,1.12,1.12,1.12,1.12
0.09101421144147422,0.7233499005409343,17.86875507870247,0.03279543358507303,0.020102947190307335,0.014937053136476891,0.034286605739920706,0.03989705280969272,0.015062946863523122,1.12,1.12,1.12,1.12
0.09074810623523587,0.7235323498818259,17.87183986479168,0.032795423759790054,0.02010309259566795,0.014937053165448105,0.03428661556520368,0.039896907404332105,0.015062946834551907,1.12,1.12,1.12,1.12
0.0904822172685548,0.7237149665599131,17.874924701212635,0.032795413756693315,0.020103238037875726,0.014937053194521266,0.03428662556830042,0.03989676196212433,0.015062946805478747,1.12,1.12,1.12,1.12
0.09021654454524355,0.7238977505720405,17.878009587873255,0.032795403577991544,0.02010338351687535,0.014937053223738284,0.03428663574700219,0.0398966164831247,0.01506294677626173,1.12,1.12,1.12,1.12
0.08995108806913099,0.7240807019150269,17.881094524681167,0.03279539322585684,0.02010352903260565,0.01493705325313259,0.0342866460991369,0.039896470967394404,0.015062946746867423,1.12,1.12,1.12,1.12
0.08968584784405911,0.724263820585671,17.884179511543824,0.03279538270242727,0.020103674585005393,0.014937053282730872,0.03428665662256647,0.03989632541499466,0.01506294671726914,1.12,1.12,1.12,1.12
0.08942082387388056,0.7244471065807536,17.887264548368446,0.0327953720098092,0.02010382017400919,0.014937053312554294,0.03428666731518454,0.03989617982599086,0.015062946687445719,1.12,1.12,1.12,1.12
0.08915601616245682,0.7246305598970437,17.89034963506214,0.03279536115007892,0.020103965799551787,0.014937053342619577,0.03428667817491482,0.039896034200448266,0.015062946657380435,1.12,1.12,1.12,1.12
0.08889142471365688,0.7248141805312985,17.89343477153186,0.03279535012528417,0.020104111461566265,0.01493705337293949,0.034286689199709564,0.03989588853843379,0.015062946627060522,1.12,1.12,1.12,1.12
0.08862704953135632,0.7249979684802663,17.89651995768449,0.032795338937445184,0.020104257159985872,0.014937053403523678,0.03428670038754855,0.03989574284001418,0.015062946596476334,1.12,1.12,1.12,1.12
0.08836289061943603,0.7251819237406869,17.899605193426794,0.0327953275885553,0.020104402894744522,0.014937053434378872,0.034286711736438436,0.03989559710525553,0.015062946565621141,1.12,1.12,1.12,1.12
0.08809894798178233,0.7253660463092937,17.902690478665455,0.03279531608058228,0.02010454866577563,0.014937053465509303,0.034286723244411454,0.039895451334224424,0.01506294653449071,1.12,1.12,1.12,1.12
0.08783522162228544,0.7255503361828135,17.90577581330711,0.032795304415468685,0.02010469447301183,0.014937053496917069,0.03428673490952505,0.03989530552698822,0.015062946503082944,1.12,1.12,1.12,1.12
0.08757171154484,0.7257347933579684,17.9088611972583,0.03279529259513264,0.02010484031638865,0.014937053528602223,0.034286746729861095,0.0398951596836114,0.01506294647139779,1.12,1.12,1.12,1.12
0.08730841775334418,0.725919417831476,17.911946630425543,0.032795280621468026,0.02010498619584125,0.014937053560563046,0.03428675870352571,0.0398950138041588,0.015062946439436967,1.12,1.12,1.12,1.12
0.08704534025169917,0.7261042096000486,17.915032112715263,0.03279526849634545,0.02010513211130635,0.014937053592796332,0.03428677082864828,0.0398948678886937,0.015062946407203681,1.12,1.12,1.12,1.12
0.08678247904380978,0.7262891686603958,17.918117644033867,0.032795256221612334,0.02010527806272072,0.014937053625297264,0.0342867831033814,0.03989472193727933,0.015062946374702749,1.12,1.12,1.12,1.12
0.08651983413358288,0.7264742950092234,17.921203224287716,0.03279524379909343,0.020105424050023052,0.014937053658059918,0.034286795525900304,0.039894575949977,0.015062946341940095,1.12,1.12,1.12,1.12
0.08625740552492833,0.7266595886432339,17.92428885338312,0.03279523123059119,0.020105570073152446,0.014937053691077049,0.03428680809440254,0.03989442992684761,0.015062946308922964,1.12,1.12,1.12,1.12
0.08599519322175829,0.7268450495591274,17.927374531226366,0.032795218517886304,0.020105716132049256,0.014937053724340427,0.03428682080710743,0.0398942838679508,0.015062946275659586,1.12,1.12,1.12,1.12
0.08573319722798659,0.7270306777536009,17.93046025772368,0.03279520566273775,0.02010586222665639,0.014937053757840893,0.03428683366225599,0.03989413777334366,0.01506294624215912,1.12,1.12,1.12,1.12
0.08547141754752947,0.7272164732233503,17.933546032781297,0.03279519266688313,0.020106008356916283,0.014937053791568455,0.034286846658110604,0.03989399164308377,0.015062946208431557,1.12,1.12,1.12,1.12
0.08520985418430445,0.7274024359650675,17.936631856305397,0.03279517953203953,0.020106154522772368,0.014937053825512414,0.034286859792954205,0.039893845477227685,0.015062946174487599,1.12,1.12,1.12,1.12
0.08494850714223068,0.7275885659754447,17.939717728202147,0.032795166259903086,0.02010630072417055,0.014937053859661528,0.03428687306509065,0.0398936992758295,0.015062946140338485,1.12,1.12,1.12,1.12
0.0846873764252285,0.7277748632511716,17.94280364837769,0.032795152852149734,0.02010644696105718,0.014937053894004015,0.034286886472844,0.039893553038942875,0.015062946105995997,1.12,1.12,1.12,1.12
0.08442646203721944,0.727961327788937,17.94588961673815,0.03279513931043543,0.02010659323337982,0.014937053928527788,0.03428690001455831,0.03989340676662023,0.015062946071472225,1.12,1.12,1.12,1.12
0.08416576398212557,0.7281479595854278,17.948975633189644,0.03279512563639653,0.020106739541086827,0.014937053963220523,0.03428691368859721,0.03989326045891323,0.01506294603677949,1.12,1.12,1.12,1.12
0.0839052822638696,0.7283347586373312,17.952061697638264,0.03279511183164979,0.02010688588412818,0.014937053998069702,0.034286927493343944,0.039893114115871875,0.01506294600193031,1.12,1.12,1.12,1.12
0.08364501688637499,0.7285217249413336,17.95514780999011,0.032795097897792946,0.020107032262453695,0.014937054033062905,0.03428694142720079,0.03989296773754636,0.015062945966937108,1.12,1.12,1.12,1.12
0.08338496785356489,0.7287088584941215,17.958233970151255,0.03279508383640489,0.02010717867601497,0.014937054068185768,0.034286955488588844,0.039892821323985084,0.015062945931814245,1.12,1.12,1.12,1.12
0.08312513516936249,0.7288961592923805,17.9613201780278,0.03279506964904594,0.020107325124764458,0.014937054103424177,0.0342869696759478,0.039892674875235595,0.015062945896575836,1.12,1.12,1.12,1.12
0.08286551883769051,0.7290836273327976,17.96440643352583,0.03279505533725824,0.020107471608654726,0.014937054138766476,0.0342869839877355,0.03989252839134533,0.015062945861233537,1.12,1.12,1.12,1.12
0.08260611886207725,0.7292712626125475,17.96749273655733,0.03279504090268354,0.020107618127550186,0.014937054174414599,0.0342869984223102,0.03989238187244987,0.015062945825585414,1.12,1.12,1.12,1.12
0.08234693524610229,0.7294590651287536,17.970579087033585,0.032795026346940315,0.02010776468133718,0.014937054210540937,0.03428701297805342,0.03989223531866287,0.015062945789459076,1.12,1.12,1.12,1.12
0.08208796799362822,0.7296470348781905,17.973665484861662,0.0327950116715473,0.020107911269968415,0.01493705424716335,0.034287027653446434,0.03989208873003164,0.015062945752836662,1.12,1.12,1.12,1.12
0.08182921710851652,0.7298351718576358,17.976751929948655,0.03279499687800641,0.020108057893398312,0.014937054284300422,0.034287042446987326,0.03989194210660174,0.015062945715699591,1.12,1.12,1.12,1.12
0.08157068259462737,0.730023476063869,17.979838422201667,0.03279498196780334,0.020108204551581854,0.014937054321971413,0.0342870573571904,0.0398917954484182,0.0150629456780286,1.12,1.12,1.12,1.12
0.08131236445581883,0.7302119474936734,17.98292496152785,0.032794966942407355,0.020108351244474743,0.01493705436019653,0.03428707238258638,0.03989164875552531,0.015062945639803482,1.12,1.12,1.12,1.12
0.08105426269594701,0.7304005861438526,17.986011547834494,0.03279495180329223,0.020108497972053885,0.014937054398995786,0.03428708752170151,0.03989150202794617,0.015062945601004227,1.12,1.12,1.12,1.12
0.08079637731984511,0.7305893920101666,17.98909818101521,0.032794936551802045,0.020108644734703918,0.014937054437846264,0.03428710277319169,0.039891355265296136,0.015062945562153748,1.12,1.12,1.12,1.12
0.08053870833181792,0.7307783650887982,17.99218486097018,0.03279492118918165,0.020108791532444714,0.014937054476531778,0.03428711813581209,0.03989120846755534,0.015062945523468235,1.12,1.12,1.12,1.12
0.08028125573619352,0.7309675053759043,17.99527158759922,0.03279490571665694,0.02010893836530786,0.014937054514824355,0.034287133608336795,0.03989106163469219,0.015062945485175658,1.12,1.12,1.12,1.12
0.08002401953738936,0.7311568128675581,17.998358360800978,0.0327948901354424,0.020109085233379065,0.014937054552447121,0.034287149189551336,0.03989091476662099,0.015062945447552892,1.12,1.12,1.12,1.12
0.07976699973988022,0.7313462875597762,18.001445180473315,0.032794874446752,0.020109232136778427,0.014937054589092322,0.03428716487824174,0.03989076786322163,0.015062945410907691,1.12,1.12,1.12,1.12
0.07951019634816725,0.7315359294485483,18.00453204651371,0.032794858651782166,0.020109379075644473,0.014937054624439228,0.03428718067321157,0.03989062092435558,0.015062945375560785,1.12,1.12,1.12,1.12
0.07925360936676121,0.731725738529851,18.007618958819503,0.032794842751701914,0.02010952605012195,0.014937054658163751,0.03428719657329182,0.0398904739498781,0.015062945341836262,1.12,1.12,1.12,1.12
0.07899723880016413,0.7319157147996669,18.010705917288117,0.03279482674766526,0.020109673060354438,0.01493705468994877,0.034287212577328474,0.039890326939645615,0.015062945310051243,1.12,1.12,1.12,1.12
0.07874108465285685,0.7321058582539971,18.01379292181725,0.03279481064081241,0.020109820106478077,0.014937054719491,0.034287228684181326,0.039890179893521976,0.015062945280509013,1.12,1.12,1.12,1.12
0.07848514692929856,0.7322961688888636,18.016879972304853,0.03279479443227035,0.02010996718862168,0.014937054746501324,0.03428724489272339,0.03989003281137837,0.015062945253498689,1.12,1.12,1.12,1.12
0.078229425633914,0.7324866467003193,18.019967068649358,0.03279477812315351,0.020110114306899907,0.014937054770698857,0.034287261201840225,0.03988988569310015,0.015062945229301156,1.12,1.12,1.12,1.12
0.07797392077109278,0.732677291684453,18.02305421074963,0.03279476171456458,0.020110257899135675,0.014937054791834992,0.03428727761042916,0.03988974210086438,0.015062945208165021,1.12,1.12,1.12,1.12
0.07771863234026562,0.7328681038799139,18.026141398794604,0.032794745212843035,0.02011040201670833,0.014937054809668837,0.0342872941121507,0.039889597983291725,0.015062945190331176,1.12,1.12,1.12,1.12
0.07746356034635477,0.7330590832770816,18.029228632645204,0.03279472861829996,0.020110546607781637,0.01493705482399997,0.034287310706693774,0.039889453392218416,0.015062945176000042,1.12,1.12,1.12,1.12
0.07720870479418612,0.7332502298669857,18.032315912166958,0.0327947119313205,0.02011069162594925,0.014937054834649216,0.03428732739367324,0.0398893083740508,0.015062945165350797,1.12,1.12,1.12,1.12
0.07695406568849622,0.7334415436412413,18.035403237229513,0.032794695152355724,0.0201108370296591,0.014937054841457964,0.03428734417263801,0.03988916297034095,0.015062945158542049,1.12,1.12,1.12,1.12
0.07669964303393902,0.7336330245919895,18.038490607706315,0.0327946782819149,0.020110982781700454,0.014937054844287506,0.034287361043078834,0.0398890172182996,0.015062945155712507,1.12,1.12,1.12,1.12
0.0764454368350922,0.7338246727118469,18.041578023474187,0.032794661320559304,0.020111128848743498,0.014937054843018133,0.03428737800443443,0.039888871151256555,0.01506294515698188,1.12,1.12,1.12,1.12
0.07619144701517921,0.7340164880874558,18.044665485591782,0.032794644283353824,0.020111275171693338,0.014937054882909778,0.03428739504163991,0.039888724828306715,0.015062945117090235,1.12,1.12,1.12,1.12
0.07593767365208547,0.7342084706284191,18.047752992881545,0.03279462715844994,0.020111421750676706,0.014937054922524243,0.034287412166543796,0.03988857824932335,0.01506294507747577,1.12,1.12,1.12,1.12
0.07568411675000913,0.7344006203288038,18.050840545231864,0.03279460994661382,0.02011156856166238,0.014937054961866009,0.03428742937837992,0.039888431438337674,0.015062945038134004,1.12,1.12,1.12,1.12
0.07543077631311981,0.7345929371829603,18.053928142533024,0.03279459264863688,0.020111715583108536,0.014937055000939517,0.03428744667635686,0.03988828441689152,0.015062944999060496,1.12,1.12,1.12,1.12
0.07517765234556162,0.7347854211854914,18.057015784677,0.032794575265331916,0.020111862795700153,0.014937055039749153,0.03428746405966182,0.0398881372042999,0.01506294496025086,1.12,1.12,1.12,1.12
0.0749247448514554,0.7349780723312268,18.060103471557287,0.032794557797529544,0.02011201015784639,0.014937055078299288,0.03428748152746419,0.039887989842153665,0.015062944921700724,1.12,1.12,1.12,1.12
0.07467205383486673,0.7351708906154886,18.06319120307072,0.032794540246110115,0.020112157639467998,0.014937055116594128,0.03428749907888362,0.039887842360532055,0.015062944883405885,1.12,1.12,1.12,1.12
0.07441957929982057,0.7353638760339538,18.066278979116547,0.03279452261198634,0.020112305230686633,0.014937055154637904,0.03428751671300739,0.03988769476931342,0.015062944845362108,1.12,1.12,1.12,1.12
0.07416732125033025,0.7355570285824147,18.069366799594793,0.032794504896073995,0.02011245292264824,0.01493705519242583,0.03428753442891974,0.039887547077351815,0.015062944807574183,1.12,1.12,1.12,1.12
0.07391527969039813,0.7357503482567683,18.072454664406163,0.032794487099290615,0.020112600707413553,0.014937055229918145,0.03428755222570312,0.0398873992925865,0.015062944770081868,1.12,1.12,1.12,1.12
0.07366345462401584,0.7359438350530042,18.075542573452026,0.03279446922255397,0.020112748577864464,0.014937055267120192,0.03428757010243977,0.03988725142213559,0.015062944732879821,1.12,1.12,1.12,1.12
0.0734118460551663,0.7361374889671947,18.07863052663426,0.03279445126678143,0.020112896527618163,0.01493705530403737,0.034287588058212304,0.03988710347238189,0.015062944695962643,1.12,1.12,1.12,1.12
0.0731604539878247,0.7363313099954869,18.081718523855294,0.03279443323288794,0.020113044550950088,0.014937055340675201,0.03428760609210579,0.039886955449049966,0.015062944659324812,1.12,1.12,1.12,1.12
0.07290927842595929,0.736525298134094,18.084806565017953,0.032794415121785714,0.020113192642724653,0.014937055377039266,0.03428762420320802,0.0398868073572754,0.015062944622960747,1.12,1.12,1.12,1.12
0.07265831937353165,0.7367194533792873,18.087894650025493,0.032794396934383296,0.020113340798333712,0.014937055413135197,0.03428764239061044,0.03988665920166634,0.015062944586864815,1.12,1.12,1.12,1.12
0.07240757683449797,0.7369137757273929,18.090982778781513,0.03279437867158447,0.020113489013641406,0.014937055448968867,0.03428766065340927,0.03988651098635865,0.015062944551031146,1.12,1.12,1.12,1.12
0.07215705081280914,0.737108265174784,18.094070951189924,0.032794360334288064,0.020113637284935038,0.01493705548454613,0.03428767899070567,0.039886362715065016,0.015062944515453883,1.12,1.12,1.12,1.12
0.07190674131241152,0.737302921717875,18.097159167154942,0.032794341923387316,0.02011378560888083,0.014937055519873024,0.03428769740160642,0.039886214391119224,0.015062944480126989,1.12,1.12,1.12,1.12
0.07165664833724704,0.7374977453531208,18.10024742658102,0.03279432343977068,0.020113933982506327,0.01493705555521313,0.03428771588522306,0.039886066017493726,0.015062944444786883,1.12,1.12,1.12,1.12
0.07140677189125925,0.7376927360770005,18.103335729372752,0.032794304884319114,0.020114082403151823,0.014937055590704462,0.03428773444067462,0.03988591759684823,0.01506294440929555,1.12,1.12,1.12,1.12
0.07115711197839084,0.7378878938860205,18.10642407543491,0.032794286257905425,0.02011423086842784,0.014937055626358983,0.03428775306708831,0.03988576913157221,0.01506294437364103,1.12,1.12,1.12,1.12
0.07090766860258153,0.7380832187767132,18.109512464672434,0.032794267561395585,0.020114379376187708,0.01493705566218935,0.03428777176359815,0.039885620623812346,0.015062944337810663,1.12,1.12,1.12,1.12
0.0706584417677683,0.7382787107456363,18.11260089699042,0.03279424879564785,0.0201145279245018,0.014937055698209037,0.034287790529345885,0.03988547207549825,0.015062944301790976,1.12,1.12,1.12,1.12
0.07040943147788581,0.7384743697893672,18.11568937229411,0.03279422996151288,0.020114676511636342,0.014937055734432478,0.03428780936348086,0.03988532348836371,0.015062944265567535,1.12,1.12,1.12,1.12
0.07016063773686669,0.7386701959045043,18.11877789048888,0.032794211059833434,0.020114825133854042,0.014937055770874993,0.0342878282651603,0.03988517486614601,0.01506294422912502,1.12,1.12,1.12,1.12
0.06991206054863822,0.7388661890876874,18.121866451480376,0.032794192091447516,0.020114973788895096,0.014937055807552863,0.03428784723354622,0.03988502621110496,0.01506294419244715,1.12,1.12,1.12,1.12
0.06966369991712451,0.7390623493355823,18.124955055174443,0.03279417305718613,0.020115122475893865,0.014937055844483516,0.03428786626780761,0.03988487752410619,0.015062944155516497,1.12,1.12,1.12,1.12
0.06941555584624895,0.7392586766448643,18.12804370147696,0.032794153957871386,0.020115271194057455,0.014937055881685535,0.03428788536712235,0.0398847288059426,0.015062944118314478,1.12,1.12,1.12,1.12
0.06916762833993371,0.739455171012215,18.13113239029388,0.03279413479431681,0.02011541994271432,0.014937055919178752,0.03428790453067693,0.039884580057285735,0.015062944080821261,1.12,1.12,1.12,1.12
0.06891991740210046,0.7396518324343244,18.134221121531187,0.032794115567326754,0.0201155687212623,0.014937055956984427,0.03428792375766698,0.03988443127873775,0.015062944043015586,1.12,1.12,1.12,1.12
0.06867242303667002,0.7398486609078878,18.137309895094894,0.03279409627769675,0.020115717529161387,0.014937055995125223,0.03428794304729699,0.03988428247083867,0.01506294400487479,1.12,1.12,1.12,1.12
0.06842514524756287,0.7400456564296048,18.14039871089105,0.03279407692621372,0.02011586636592838,0.01493705603362544,0.034287962398780014,0.03988413363407167,0.015062943966374573,1.12,1.12,1.12,1.12
0.06817808403869856,0.7402428189961798,18.143487568825744,0.03279405751365544,0.020116015231131323,0.014937056072511057,0.0342879818113383,0.03988398476886873,0.015062943927488956,1.12,1.12,1.12,1.12
0.06793123941399677,0.7404401486043212,18.146576468805062,0.03279403804079112,0.02011616412438505,0.014937056111810024,0.03428800128420262,0.039883835875615004,0.015062943888189989,1.12,1.12,1.12,1.12
0.0676846113773765,0.7406376452507399,18.149665410735143,0.03279401850838137,0.020116313045347334,0.01493705615155222,0.03428802081661236,0.03988368695465272,0.015062943848447793,1.12,1.12,1.12,1.12
0.06743819993276082,0.7408353089321257,18.152754394521928,0.03279399891715651,0.02011646199369474,0.014937056191768966,0.03428804040783723,0.039883538006305314,0.015062943808231047,1.12,1.12,1.12,1.12
0.0671920050840643,0.7410331396451806,18.15584342007152,0.03279397926783917,0.020116610969135862,0.014937056232498913,0.03428806005715457,0.03988338903086419,0.0150629437675011,1.12,1.12,1.12,1.12
0.06694602683519513,0.7412311373866287,18.158932487290198,0.03279395956115988,0.020116759971425757,0.014937056273785582,0.034288079763833856,0.039883240028574296,0.015062943726214431,1.12,1.12,1.12,1.12
0.06670026519006211,0.7414293021531949,18.162021596084216,0.032793939797840066,0.02011690900034957,0.01493705631567488,0.03428809952715367,0.03988309099965048,0.015062943684325134,1.12,1.12,1.12,1.12
0.06645472015257496,0.7416276339416034,18.165110746359847,0.03279391997859221,0.02011705805571995,0.014937056358215337,0.034288119346401524,0.039882941944280104,0.015062943641784676,1.12,1.12,1.12,1.12
0.06620939172664451,0.741826132748577,18.16819993802332,0.03279390010412003,0.020117207137376025,0.014937056401458287,0.034288139220873703,0.03988279286262403,0.015062943598541725,1.12,1.12,1.12,1.12
0.06596427991618255,0.7420247985708379,18.171289170980856,0.03279388017511825,0.020117356245180268,0.014937056445458188,0.034288159149875486,0.039882643754819785,0.015062943554541824,1.12,1.12,1.12,1.12
0.0657193847251024,0.7422236314051057,18.174378445138657,0.032793860192273205,0.020117505379018463,0.014937056490272826,0.03428817913272053,0.03988249462098159,0.015062943509727186,1.12,1.12,1.12,1.12
0.0654747061573187,0.742422631248099,18.177467760402887,0.03279384015626269,0.02011765453879749,0.014937056535963764,0.03428819916873105,0.03988234546120256,0.01506294346403625,1.12,1.12,1.12,1.12
0.06523024421674709,0.7426217980965335,18.1805571166797,0.03279382006775666,0.020117803724444883,0.014937056582596892,0.034288219257237074,0.03988219627555517,0.015062943417403121,1.12,1.12,1.12,1.12
0.06498599890731285,0.7428211319471161,18.183646513875118,0.03279379992741627,0.020117952935911232,0.01493705663023813,0.03428823939757747,0.03988204706408882,0.015062943369761883,1.12,1.12,1.12,1.12
0.06474197023314031,0.7430206327963348,18.186735951892295,0.03279377973588876,0.02011810217327037,0.014937056678842264,0.034288259589104975,0.039881897826729684,0.015062943321157748,1.12,1.12,1.12,1.12
0.06449815819811988,0.7432203006409517,18.189825430637843,0.032793759493843666,0.020118251436512857,0.01493705672850748,0.03428827983115007,0.039881748563487196,0.015062943271492532,1.12,1.12,1.12,1.12
0.06425456280614768,0.7434201354777206,18.192914950018274,0.03279373920194545,0.020118400725651936,0.0149370567793356,0.03428830012304829,0.03988159927434812,0.015062943220664413,1.12,1.12,1.12,1.12
0.06401118406112198,0.7436201373033899,18.196004509940057,0.032793718860847754,0.020118550040714056,0.014937056831435508,0.03428832046414598,0.039881449959286,0.015062943168564505,1.12,1.12,1.12,1.12
0.0637680219669459,0.7438203061147015,18.19909411030956,0.032793698471195676,0.02011869938174174,0.0149370568849225,0.03428834085379806,0.039881300618258314,0.015062943115077512,1.12,1.12,1.12,1.12
0.06352507652752717,0.7440206419083863,18.202183751033076,0.032793678033625484,0.020118848748794216,0.014937056939919077,0.03428836129136825,0.03988115125120584,0.015062943060080936,1.12,1.12,1.12,1.12
0.06328234774677886,0.7442211446811688,18.205273432016785,0.0327936575487649,0.020118998141946287,0.014937056996555759,0.03428838177622884,0.039881001858053766,0.015062943003444254,1.12,1.12,1.12,1.12
0.06303983562861948,0.7444218144297615,18.208363153166793,0.032793637017232646,0.02011914756128802,0.014937057054972391,0.03428840230776109,0.03988085243871203,0.015062942945027621,1.12,1.12,1.12,1.12
0.06279754017697288,0.7446226511508682,18.211452914389064,0.03279361643964035,0.020119297007374748,0.014937057115319397,0.03428842288535339,0.039880702992625305,0.015062942884680616,1.12,1.12,1.12,1.12
0.06255546139576888,0.744823654841177,18.214542715589452,0.03279359581658886,0.020119446480386105,0.014937057177759519,0.034288443508404876,0.03988055351961395,0.015062942822240494,1.12,1.12,1.12,1.12
0.062313599288942756,0.7450248254973646,18.21763255667368,0.03279357514867087,0.020119595980369664,0.014937057242469381,0.034288464176322864,0.03988040401963039,0.015062942757530631,1.12,1.12,1.12,1.12
0.06207195386043445,0.745226163116099,18.220722437547387,0.03279355443647003,0.020119745507399173,0.014937057309641899,0.03428848488852371,0.03988025449260088,0.015062942690358114,1.12,1.12,1.12,1.12
0.06183052511418823,0.7454276676940381,18.223812358116124,0.03279353368056226,0.020119895061573523,0.0149370573794885,0.03428850564443148,0.03988010493842653,0.015062942620511513,1.12,1.12,1.12,1.12
0.06158931305415179,0.7456293392278323,18.22690231828536,0.032793512881515496,0.020120044643015894,0.014937057452242206,0.03428852644347824,0.03987995535698416,0.015062942547757807,1.12,1.12,1.12,1.12
0.061348317684275955,0.7458311777141221,18.22999231796048,0.03279349203988913,0.020120194251872392,0.014937057528160519,0.03428854728510461,0.03987980574812766,0.015062942471839494,1.12,1.12,1.12,1.12
0.06110753900851913,0.7460331831495293,18.233082357046683,0.03279347115622888,0.020120343888309078,0.014937057607529058,0.034288568168764855,0.039879656111690975,0.015062942392470954,1.12,1.12,1.12,1.12
0.060866977030818115,0.7462353555307003,18.236172435449507,0.03279345023108271,0.020120493552511276,0.014937057690677186,0.034288589093911026,0.03987950644748878,0.015062942309322827,1.12,1.12,1.12,1.12
0.060626631755082185,0.746437694854321,18.23926255307491,0.032793429265007945,0.020120643244688152,0.014937057777986332,0.03428861005998579,0.0398793567553119,0.015062942222013681,1.12,1.12,1.12,1.12
0.06038650319597721,0.7466402011114373,18.24235270971052,0.032793408265195834,0.020120792978139956,0.01493705786283965,0.0342886310597979,0.0398792070218601,0.015062942137160362,1.12,1.12,1.12,1.12
0.06014659133871243,0.7468428743062288,18.24544290545447,0.03279338721810848,0.020120942727768376,0.014937057958221103,0.03428865210688525,0.03987905727223168,0.01506294204177891,1.12,1.12,1.12,1.12
0.059906896203917454,0.7470457144215157,18.248533139998894,0.032793366128892554,0.020121092508193744,0.01493705805417532,0.03428867319610118,0.03987890749180631,0.015062941945824693,1.12,1.12,1.12,1.12
0.05966741777807201,0.7472487214772585,18.251623413524346,0.03279334500321124,0.020121242315153,0.014937058161326108,0.0342886943217825,0.039878757684847055,0.015062941838673904,1.12,1.12,1.12,1.12
0.059428849472966366,0.7474508115352011,18.254701872891424,0.03279294529685017,0.02012139239348748,0.014936675583494402,0.03428909402814356,0.03987860760651257,0.01506332441650561,1.12,1.12,1.12,1.12
0.05919123505975028,0.7476519138210854,18.257767750870517,0.03279214295977889,0.020121543700801825,0.014935888903735997,0.034289896365214845,0.03987845629919823,0.015064111096264016,1.12,1.12,1.12,1.12
0.05895457072653994,0.7478520318522351,18.26082109289421,0.03279093995109983,0.02012169745389314,0.014934703134107191,0.03429109937389391,0.039878302546106914,0.015065296865892822,1.12,1.12,1.12,1.12
0.05871885267540727,0.7480511691286456,18.263861944226626,0.032789338252094236,0.020121855065440952,0.014933123233814335,0.0342927010728995,0.0398781449345591,0.015066876766185677,1.12,1.12,1.12,1.12
0.058484077123492864,0.748249329129349,18.266890349933043,0.032787339864781107,0.020122018116568052,0.01493115412602651,0.03429469946021263,0.039877981883432,0.015068845873973502,1.12,1.12,1.12,1.12
0.05825024030303636,0.7484465153108412,18.269906354870237,0.03278494681114158,0.02012218833182572,0.014928800690585442,0.034297092513852157,0.039877811668174334,0.01507119930941457,1.12,1.12,1.12,1.12
0.05801733846133117,0.7486427311058684,18.272910003679577,0.03278216113242277,0.020122367556901888,0.014926067764270287,0.034299878192570965,0.039877632443098165,0.015073932235729726,1.12,1.12,1.12,1.12
0.05778536786077009,0.7488379799222943,18.275901340779782,0.032778984888434615,0.020122557738792735,0.014922960141197289,0.03430305443655912,0.03987744226120732,0.015077039858802724,1.12,1.12,1.12,1.12
0.057554324778614246,0.7490322651425828,18.278880410365606,0.03277542015701751,0.020122760908154735,0.014919482573354736,0.03430661916797623,0.03987723909184532,0.015080517426645276,1.12,1.12,1.12,1.12
0.05732420550707858,0.7492255901229194,18.281847256401804,0.03277146903332723,0.020122979163580135,0.014915639770947259,0.03431057029166651,0.03987702083641992,0.015084360229052754,1.12,1.12,1.12,1.12
0.057095006353105895,0.7494179581929767,18.284801922623405,0.03276713362932199,0.020123214657633226,0.014911436402897549,0.03431490569567175,0.03987678534236683,0.015088563597102464,1.12,1.12,1.12,1.12
0.056866723638409195,0.7496093726554142,18.287744452532248,0.03276241607315089,0.020123469584480802,0.014906877097181775,0.034319623251842846,0.03987653041551925,0.015093122902818237,1.12,1.12,1.12,1.12
0.05663935369938802,0.7497998367856269,18.2906748893961,0.032757318508560285,0.020123746168852485,0.014901966441228182,0.03432472081643345,0.03987625383114757,0.015098033558771831,1.12,1.12,1.12,1.12
0.056412892887121306,0.7499893538316018,18.293593276247602,0.03275184309441587,0.02012404665639747,0.014896708982249304,0.03433019623057787,0.03987595334360258,0.015103291017750708,1.12,1.12,1.12,1.12
0.05618733756727883,0.7501779270139123,18.29649965588487,0.032745992004197644,0.020124373305070026,0.014891109227616231,0.03433604732079609,0.03987562669493003,0.015108890772383782,1.12,1.12,1.12,1.12
0.05596268412009056,0.7503655595257435,18.299394070871728,0.03273976742553014,0.020124728377571205,0.014885171645186143,0.034342271899463594,0.03987527162242885,0.01511482835481387,1.12,1.12,1.12,1.12
0.05573892894025545,0.7505522545329761,18.302276563538722,0.032733171559631236,0.020125114134552285,0.014878900663667163,0.0343488677653625,0.03987488586544777,0.01512109933633285,1.12,1.12,1.12,1.12
0.0555160684368889,0.7507380151743407,18.30514717598436,0.032726206620841414,0.020125532828707438,0.014872300672944413,0.03435583270415232,0.039874467171292616,0.0151276993270556,1.12,1.12,1.12,1.12
0.055294099033468894,0.7509228445616293,18.30800595007658,0.0327188748361647,0.020125986699579684,0.014865376024399968,0.034363164488829034,0.03987401330042037,0.015134623975600045,1.12,1.12,1.12,1.12
0.055073017167778106,0.7511067457799556,18.31085292745462,0.03271117844481802,0.020126477969002354,0.01485813103122842,0.03437086088017571,0.0398735220309977,0.015141868968771593,1.12,1.12,1.12,1.12
0.05485281929184689,0.7512897218880531,18.31368814953108,0.032703119697791216,0.020127008837108523,0.014850569968745689,0.03437891962720252,0.03987299116289153,0.015149430031254324,1.12,1.12,1.12,1.12
0.05463350187189571,0.7514717759186068,18.31651165749414,0.03269470085741616,0.020127581478851464,0.01484269707469224,0.03438733846757758,0.03987241852114859,0.015157302925307772,1.12,1.12,1.12,1.12
0.05441506138827856,0.7516529108786157,18.31932349231001,0.032685924195465954,0.020128198028668887,0.014834516407871687,0.03439611512952778,0.03987180197133117,0.015165483592128326,1.12,1.12,1.12,1.12
0.05419749433542651,0.7518331297498897,18.322123694726155,0.032676791995724985,0.020128860603879473,0.01482603227329532,0.03440524732926875,0.03987113939612058,0.015173967726704693,1.12,1.12,1.12,1.12
0.05398079722179072,0.7520124354893339,18.324912305273248,0.032667306552080555,0.020129571288570042,0.014817248797719007,0.03441473277291318,0.03987042871143001,0.015182751202281006,1.12,1.12,1.12,1.12
0.05376496656978676,0.75219083102938,18.32768936426801,0.03265747016812787,0.020130332131676004,0.014808170071484994,0.03442456915686587,0.03986966786832405,0.015191829928515019,1.12,1.12,1.12,1.12
0.053549998915738195,0.7523683192784256,18.330454911816073,0.032647285156781336,0.020131145145348667,0.01479880014880093,0.0344347541682124,0.03986885485465139,0.015201199851199082,1.12,1.12,1.12,1.12
0.05333589080982142,0.7525449031212917,18.333208987814967,0.032636753839894395,0.020132012303578195,0.014789143048014791,0.03444528548509934,0.03986798769642186,0.015210856951985222,1.12,1.12,1.12,1.12
0.053122638816009454,0.7527205854196861,18.33595163195712,0.03262587854788512,0.020132935541043034,0.014779202751886572,0.03445616077710861,0.03986706445895702,0.01522079724811344,1.12,1.12,1.12,1.12
0.05291023951201699,0.7528953690126756,18.338682883732943,0.03261466161936938,0.020133916752163444,0.014768983207856134,0.03446737770562436,0.03986608324783661,0.015231016792143878,1.12,1.12,1.12,1.12
0.052698689489245124,0.7530692567171648,18.341402782433878,0.032603105400800414,0.020134957790334085,0.01475848832830809,0.03447893392419332,0.03986504220966597,0.015241511671691924,1.12,1.12,1.12,1.12
0.052487985352726786,0.753242251328379,18.344111367155556,0.03259121224611439,0.020136060467317196,0.014747721990833573,0.03449082707887935,0.03986393953268286,0.01525227800916644,1.12,1.12,1.12,1.12
0.052278123721071615,0.7534143556203464,18.346808676800897,0.03257898451638219,0.02013722655277908,0.01473668803848921,0.034503054808611544,0.03986277344722097,0.015263311961510803,1.12,1.12,1.12,1.12
0.052069101226411264,0.7535855723463896,18.34949475008325,0.03256642457946812,0.020138457773952678,0.014725390280053333,0.034515614745525613,0.039861542226047375,0.01527460971994668,1.12,1.12,1.12,1.12
0.05186091451434627,0.7537559042396055,18.352169625529534,0.032553534809690976,0.020139755815411192,0.014713832490279119,0.03452850451530276,0.03986024418458886,0.015286167509720894,1.12,1.12,1.12,1.12
0.05165356024389145,0.7539253540133569,18.354833341483335,0.03254031758749404,0.020141122318943022,0.014702018410145942,0.0345417217374997,0.03985887768105703,0.01529798158985407,1.12,1.12,1.12,1.12
0.05144703508742188,0.7540939243617532,18.357485936108045,0.03252677529911946,0.020142558883514405,0.01468995174710798,0.03455526402587428,0.03985744111648565,0.015310048252892033,1.12,1.12,1.12,1.12
0.051241335730619536,0.7542616179601341,18.360127447389928,0.03251291033628778,0.020144067065309246,0.014677636175340486,0.034569128988705955,0.03985593293469081,0.015322363824659527,1.12,1.12,1.12,1.12
0.0510364588724201,0.7544284374655471,18.36275791314125,0.03249872509588231,0.020145648377839165,0.014665075335984004,0.03458331422911143,0.03985435162216089,0.015334924664016009,1.12,1.12,1.12,1.12
0.05083240122495916,0.7545943855172244,18.365377371003266,0.03248422197963918,0.02014730429211259,0.014652272837386293,0.03459781734535455,0.039852695707887464,0.01534772716261372,1.12,1.12,1.12,1.12
0.05062915951351998,0.7547594647370524,18.367985858449288,0.03246940339384147,0.020149036236858042,0.01463923225534236,0.03461263593115227,0.03985096376314201,0.015360767744657652,1.12,1.12,1.12,1.12
0.05042673047648059,0.7549236777300374,18.370583412787653,0.03245427174901894,0.02015084559879443,0.014625957133332451,0.0346277675759748,0.03984915440120562,0.015374042866667562,1.12,1.12,1.12,1.12
0.050225110865260984,0.755087027084768,18.37317007116471,0.03243882945965165,0.02015273372294213,0.014612450982757846,0.034643209865342084,0.039847266277057924,0.015387549017242166,1.12,1.12,1.12,1.12
0.05002429744427093,0.7552495153738701,18.375745870567727,0.03242307894387908,0.02015470191296931,0.014598717283175341,0.034658960381114656,0.039845298087030745,0.015401282716824671,1.12,1.12,1.12,1.12
0.0498242869908585,0.7554111451544581,18.378310847827777,0.03240702262321332,0.020156751431390868,0.01458475948252927,0.034675016701780415,0.039843248568609185,0.015415240517470744,1.12,1.12,1.12,1.12
0.04962507629525699,0.7555719189685777,18.380865039622645,0.03239066292225634,0.02015888350032652,0.014570580997382024,0.034691376402737395,0.039841116499673535,0.015429419002617989,1.12,1.12,1.12,1.12
0.049426662160534374,0.7557318393436461,18.383408482479574,0.032374002268421964,0.020161099301814145,0.014556185213143127,0.03470803705657177,0.03983890069818591,0.015443814786856885,1.12,1.12,1.12,1.12
0.04922904140254119,0.7558909087928808,18.385941212778093,0.032357043091662596,0.02016339997819272,0.014541575484296243,0.03472499623333114,0.039836600021807334,0.01545842451570377,1.12,1.12,1.12,1.12
0.049032210849859405,0.7560491298157244,18.388463266752726,0.03233978782419933,0.020165786632567545,0.014526755134624758,0.03474225150079441,0.03983421336743251,0.015473244865375255,1.12,1.12,1.12,1.12
0.048836167343751624,0.7562065048982665,18.390974680495688,0.032322238900257094,0.02016826032929203,0.014511727457435564,0.03475980042473664,0.03983173967070802,0.015488272542564449,1.12,1.12,1.12,1.12
0.04864090773811008,0.7563630365136524,18.393475489959567,0.032304398755802655,0.020170822094459806,0.01449649571578121,0.03477764056919108,0.03982917790554025,0.015503504284218803,1.12,1.12,1.12,1.12
0.04844642889940585,0.7565187271224896,18.3959657309599,0.032286269828288916,0.020173472916408197,0.014481063142680634,0.03479576949670482,0.039826527083591856,0.01551893685731938,1.12,1.12,1.12,1.12
0.04825272770663878,0.7566735791732477,18.39844543917777,0.03226785455640041,0.020176213746228605,0.014465432941338369,0.034814184768593326,0.03982378625377145,0.015534567058661644,1.12,1.12,1.12,1.12
0.04805980105128676,0.756827595102649,18.400914650162342,0.03224915537980477,0.02017904549828417,0.014449608285362014,0.034832883945188964,0.03982095450171588,0.015550391714637998,1.12,1.12,1.12,1.12
0.04786764583725631,0.7569807773360536,18.40337339933331,0.03223017473890749,0.02018196905073183,0.014433592318978478,0.034851864586086245,0.039818030949268224,0.015566407681021535,1.12,1.12,1.12,1.12
0.04767625898083208,0.7571331282878371,18.405821721983408,0.03221091507460999,0.020184985246048476,0.014417388157248523,0.034871124250383745,0.03981501475395158,0.01558261184275149,1.12,1.12,1.12,1.12
0.047485637410627925,0.7572846503617632,18.408259653280748,0.03219137882807238,0.020188094891559483,0.01440099888628013,0.034890660496921355,0.03981190510844057,0.015599001113719882,1.12,1.12,1.12,1.12
0.0472957780675368,0.7574353459513475,18.410687228271218,0.03217156844047908,0.020191298759968945,0.014384427563440133,0.034910470884514655,0.03980870124003111,0.01561557243655988,1.12,1.12,1.12,1.12
0.04710667790468235,0.7575852174402151,18.413104481880787,0.032151486352808845,0.020194597589889646,0.014367677217564698,0.03493055297218489,0.03980540241011041,0.015632322782435315,1.12,1.12,1.12,1.12
0.046918333901322475,0.7577342671742449,18.41551144864043,0.03213113499134118,0.020197992079544036,0.014350750841970142,0.034950904333652555,0.03980200792045602,0.01564924915802987,1.12,1.12,1.12,1.12
0.04673074302030336,0.7578824975483356,18.417908163536033,0.032110516811519774,0.020201482908783486,0.014333651416580051,0.03497152251347396,0.03979851709121657,0.01566634858341996,1.12,1.12,1.12,1.12
0.04654390225119176,0.7580299109183998,18.42029466114624,0.03208963425228056,0.02020507071707242,0.01431638188586315,0.03499240507271317,0.03979492928292763,0.015683618114136863,1.12,1.12,1.12,1.12
0.04635780859557559,0.7581765096318401,18.422670975938868,0.03206848975146831,0.020208756111889714,0.014298945166594232,0.035013549573525427,0.03979124388811034,0.01570105483340578,1.12,1.12,1.12,1.12
0.046172459067016995,0.758322296027873,18.42503714227299,0.03204708574562537,0.020212539669252627,0.01428134414805693,0.035034953579368366,0.039787460330747426,0.015718655851943084,1.12,1.12,1.12,1.12
0.04598785069100493,0.758467272437847,18.427393194401006,0.0320254246697827,0.020216421934238393,0.014263581692245203,0.03505661465521104,0.03978357806576166,0.01573641830775481,1.12,1.12,1.12,1.12
0.045803980504909525,0.7586114411855527,18.42973916647065,0.032003508957255344,0.020220403421503275,0.014245660634063267,0.03507853036773839,0.03977959657849678,0.015754339365936745,1.12,1.12,1.12,1.12
0.04562084555793566,0.7587548045875265,18.432075092526965,0.03198134103944017,0.02022448461579701,0.014227583781523945,0.035100698285553567,0.03977551538420304,0.015772416218476068,1.12,1.12,1.12,1.12
0.04543844291107777,0.7588973649533488,18.434401006514253,0.03195892334561795,0.020228665972473636,0.014209353915945716,0.035123115979375785,0.03977133402752642,0.015790646084054297,1.12,1.12,1.12,1.12
0.04525676963707484,0.7590391245859323,18.4367169422779,0.03193625830275765,0.020232947917998317,0.014190973792148343,0.03514578102223609,0.039767052082001736,0.01580902620785167,1.12,1.12,1.12,1.12
0.04507582282036569,0.7591800857818071,18.439022933566317,0.031913348335324276,0.02023733085044993,0.014172446138647168,0.03516869098966946,0.03976266914955012,0.015827553861352844,1.12,1.12,1.12,1.12
0.044895599557044634,0.7593202508313995,18.441319014032647,0.03189019586508973,0.020241815140017383,0.014153773657846147,0.035191843459904004,0.03975818485998267,0.015846226342153866,1.12,1.12,1.12,1.12
0.04471609695481722,0.7594596220193021,18.443605217236595,0.03186680331094621,0.02024640112949322,0.01413495902622977,0.035215236014047524,0.039753598870506834,0.015865040973770242,1.12,1.12,1.12,1.12
0.044537312132955975,0.7595982016245396,18.445881576646133,0.03184317308872314,0.02025108913475887,0.014116004894553807,0.035238866236270594,0.03974891086524118,0.015883995105446205,1.12,1.12,1.12,1.12
0.044359242222255714,0.7597359919208286,18.44814812563923,0.03181930761100554,0.0202558794452668,0.014096913888035287,0.035262731713988194,0.03974412055473325,0.015903086111964726,1.12,1.12,1.12,1.12
0.04418188436498958,0.7598729951768315,18.45040489750546,0.03179520928695717,0.020260772324516008,0.01407768860654119,0.035286830038036565,0.039739227675484046,0.015922311393458823,1.12,1.12,1.12,1.12
0.04400523571489874,0.7600092136563483,18.452651925447107,0.03177088052212418,0.02026576801052124,0.014058331624756983,0.03531115880286956,0.03973423198947881,0.01594166837524303,1.12,1.12,1.12,1.12
0.04382929343725626,0.7601446496183831,18.454889242578766,0.03174632371820696,0.02027086671628292,0.014038845492311242,0.03533571560678678,0.03972913328371713,0.01596115450768877,1.12,1.12,1.12,1.12
0.043654054708613145,0.7602793053177307,18.4571168819327,0.03172154127301208,0.020276068630249666,0.014019232734080761,0.03536049805198166,0.03972393136975039,0.015980767265919252,1.12,1.12,1.12,1.12
0.04347951671670778,0.7604131830052729,18.459334876461135,0.03169653558029678,0.02028137391675569,0.013999495850402714,0.035385503744696956,0.03971862608324436,0.0160005041495973,1.12,1.12,1.12,1.12
0.04330567666042469,0.7605462849282021,18.461543259037704,0.03167130902960169,0.020286782716465973,0.013979637317256703,0.035410730295392046,0.03971321728353408,0.01602036268274331,1.12,1.12,1.12,1.12
0.043132531749864624,0.7606786133300519,18.463742062456888,0.031645864006028535,0.020292295146822653,0.013959659586380527,0.0354361753189652,0.0397077048531774,0.016040340413619486,1.12,1.12,1.12,1.12
0.04296007920631402,0.7608101704508988,18.465931319435228,0.03162020289007744,0.0202979113020772,0.013939565085444416,0.035461836434916294,0.039702088697922855,0.016060434914555596,1.12,1.12,1.12,1.12
0.042788316262174365,0.7609409585276146,18.468111062613236,0.03159432805750534,0.02030363125263074,0.013919356218245624,0.0354877112674884,0.039696368747369315,0.01608064378175439,1.12,1.12,1.12,1.12
0.04261724016090001,0.76107097979412,18.470281324557188,0.031568241879182,0.020309455049296904,0.013899035364897047,0.035513797445811734,0.03969054495070315,0.016100964635102966,1.12,1.12,1.12,1.12
0.04244684815698405,0.761200236481516,18.472442137759796,0.031541946720927194,0.02031538272129052,0.01387860488199015,0.03554009260406654,0.03968461727870953,0.016121395118009862,1.12,1.12,1.12,1.12
0.04227713751590807,0.7613287308182972,18.4745935346417,0.03151544494336783,0.02032141427665063,0.013858067102775984,0.035566594381625904,0.039678585723349424,0.01614193289722403,1.12,1.12,1.12,1.12
0.04210810551409292,0.7614564650305513,18.476735547552874,0.03148873890179793,0.020327549702660208,0.013837424337344327,0.035593300423195806,0.039672450297339845,0.016162575662655686,1.12,1.12,1.12,1.12
0.041939749438849906,0.7615834413421592,18.47886820877397,0.031461830946040104,0.02033378896625926,0.013816678872801184,0.03562020837895363,0.039666211033740795,0.01618332112719883,1.12,1.12,1.12,1.12
0.041772066588333705,0.7617096619749835,18.480991550517643,0.03143472342030934,0.020340132014453394,0.013795832973444923,0.035647315904684396,0.03965986798554666,0.01620416702655509,1.12,1.12,1.12,1.12
0.04160505427149613,0.7618351291490543,18.48310560492981,0.031407418663079445,0.020346578774715074,0.013774888880940729,0.03567462066191429,0.03965342122528498,0.016225111119059284,1.12,1.12,1.12,1.12
0.041438709808043366,0.7619598450827438,18.48521040409088,0.031379919006949475,0.020353129153235505,0.013753848814491848,0.03570212031804426,0.03964687084676455,0.016246151185508165,1.12,1.12,1.12,1.12
0.041273030528387135,0.7620838119929645,18.487305980017048,0.0313522267785169,0.020359783039296225,0.013732714971011382,0.035729812546476836,0.03964021696070383,0.01626728502898863,1.12,1.12,1.12,1.12
0.041108013773596457,0.7622070320953247,18.489392364661494,0.031324344298250095,0.020366540304587566,0.01371148952529682,0.03575769502674364,0.03963345969541249,0.016288510474703193,1.12,1.12,1.12,1.12
0.04094365689536033,0.762329507604282,18.491469589915344,0.031296273880361436,0.020373400802753405,0.013690174630196825,0.0357857654446323,0.03962659919724665,0.016309825369803188,1.12,1.12,1.12,1.12
0.04077995725595432,0.7624512407332443,18.493537687608377,0.031268017832632056,0.020380364369724235,0.013668772416778226,0.03581402149236168,0.03961963563027582,0.016331227583221787,1.12,1.12,1.12,1.12
0.04061691222820288,0.7625722336947732,18.49559668951031,0.031239578456356387,0.020387430824165886,0.013647284994482603,0.03584246086863735,0.03961256917583417,0.01635271500551741,1.12,1.12,1.12,1.12
0.040454519195418606,0.7626924887007758,18.497646627332273,0.031210958046251125,0.020394599967867327,0.01362571445129969,0.03587108127874261,0.039605400032132726,0.016374285548700324,1.12,1.12,1.12,1.12
0.04029277555137148,0.7628120079625975,18.499687532727364,0.03118215889028836,0.020401871586057108,0.013604062853931315,0.03589988043470538,0.039598128413942946,0.016395937146068698,1.12,1.12,1.12,1.12
0.04013167870024703,0.7629307936911647,18.50171943729167,0.031153183269583218,0.02040924544776343,0.01358233224795391,0.03592885605541052,0.03959075455223662,0.016417667752046103,1.12,1.12,1.12,1.12
0.03997122605660524,0.7630488480971188,18.503742372565213,0.03112403345828313,0.020416721306166674,0.013560524657981028,0.03595800586671061,0.03958327869383338,0.016439475342018985,1.12,1.12,1.12,1.12
0.03981141504533876,0.7631661733909546,18.505756370032877,0.03109471172345829,0.020424298898946425,0.01353864208782473,0.035987327601535446,0.03957570110105363,0.016461357912175283,1.12,1.12,1.12,1.12
0.03965224310163214,0.7632827717831456,18.507761461125302,0.031065220324994758,0.020431977948621338,0.013516686520656088,0.03601681899999898,0.039568022051378715,0.016483313479343925,1.12,1.12,1.12,1.12
0.03949370767091978,0.7633986454842708,18.50975767721982,0.031035561515488974,0.02043975816288554,0.013494659919164653,0.03604647780950476,0.03956024183711451,0.01650534008083536,1.12,1.12,1.12,1.12
0.03933580620884589,0.7635137967051375,18.511745049641252,0.031005737540145628,0.020447639234938086,0.013472564225717,0.03607630178484811,0.03955236076506197,0.016527435774283013,1.12,1.12,1.12,1.12
0.03917853618122327,0.7636282276568986,18.513723609662804,0.03097575063667607,0.020455620843808198,0.013450401362514228,0.03610628868831767,0.039544379156191856,0.016549598637485785,1.12,1.12,1.12,1.12
0.03902189506399259,0.7637419405511656,18.51569338850681,0.03094560303520011,0.020463702654674648,0.013428173231748608,0.03613643628979363,0.039536297345325405,0.016571826768251405,1.12,1.12,1.12,1.12
0.0388658803431825,0.7638549376001227,18.51765441734562,0.030915296958149152,0.020471884319180622,0.01340588171575937,0.036166742366844584,0.03952811568081943,0.016594118284240643,1.12,1.12,1.12,1.12
0.03871048951486827,0.7639672210166302,18.519606727302293,0.03088483462017183,0.02048016547574341,0.013383528677187152,0.036197204704821906,0.03951983452425664,0.01661647132281286,1.12,1.12,1.12,1.12
0.0385557200851328,0.7640787930143316,18.52155034945137,0.03085421822804124,0.020488545749860254,0.01336111595912795,0.036227821096952495,0.0395114542501398,0.016638884040872062,1.12,1.12,1.12,1.12
0.038401569570025766,0.7641896558077538,18.523485314819624,0.0308234499805648,0.020497024754406956,0.01333864538528591,0.03625858934442894,0.0395029752455931,0.016661354614714102,1.12,1.12,1.12,1.12
0.038248035495524225,0.7642998116124029,18.525411654386776,0.030792532068494805,0.020505602089935765,0.013316118760125298,0.03628950725649893,0.03949439791006429,0.016683881239874715,1.12,1.12,1.12,1.12
0.03809511539749253,0.7644092626448593,18.52732939908612,0.030761466674443128,0.02051427734496547,0.013293537869021314,0.03632057265055061,0.03948572265503458,0.0167064621309787,1.12,1.12,1.12,1.12
0.037942806821643506,0.7645180111228694,18.529238579805273,0.03073025597279605,0.02052305009626887,0.0132709044784102,0.036351783352197686,0.039476949903731184,0.016729095521589812,1.12,1.12,1.12,1.12
0.03779110732349822,0.7646260592654314,18.531139227386785,0.030698902129631556,0.02053191990915476,0.013248220335938504,0.03638313719536218,0.03946808009084529,0.01675177966406151,1.12,1.12,1.12,1.12
0.03764001446834726,0.7647334092928818,18.533031372628766,0.030667407302638505,0.020540886337746395,0.013225487170611047,0.03641463202235523,0.03945911366225366,0.016774512829388966,1.12,1.12,1.12,1.12
0.0374895258312117,0.7648400634269763,18.53491504628553,0.03063577364103809,0.02054994892525633,0.01320270669293852,0.03644626568395565,0.039450051074743725,0.016797293307061492,1.12,1.12,1.12,1.12
0.037339638996802725,0.7649460238909689,18.536790279068168,0.030604003285504222,0.020559107204252774,0.013179880595084556,0.036478036039489514,0.03944089279574728,0.016820119404915457,1.12,1.12,1.12,1.12
0.03719035155948385,0.7650512929096873,18.53865710164513,0.03057209836809044,0.02056836069692708,0.013157010551010914,0.0365099409569033,0.039431639303072974,0.0168429894489891,1.12,1.12,1.12,1.12
0.03704166112323439,0.7651558727096065,18.540515544642776,0.030540061012159003,0.020577708915362092,0.013134098216619962,0.03654197831283473,0.03942229108463796,0.01686590178338005,1.12,1.12,1.12,1.12
0.036893565301609366,0.7652597655189188,18.54236563864592,0.030507893332307356,0.020587151361784573,0.013111145229900159,0.03657414599268638,0.03941284863821548,0.016888854770099854,1.12,1.12,1.12,1.12
0.036746061717700985,0.7653629735676004,18.544207414198354,0.03047559743429812,0.0205966875288201,0.013088153211068591,0.03660644189069562,0.03940331247117995,0.01691184678893142,1.12,1.12,1.12,1.12
0.03659914800410089,0.7654654990874774,18.54604090180337,0.03044317541499031,0.02060631689974346,0.01306512376271312,0.03663886391000343,0.039393683100256593,0.016934876237286893,1.12,1.12,1.12,1.12
0.03645282180286169,0.7655673443122867,18.54786613192423,0.030410629362273955,0.020616038948724658,0.01304205846993349,0.03667140996271978,0.039383961051275396,0.016957941530066523,1.12,1.12,1.12,1.12
0.03630708076545952,0.7656685114777366,18.54968313498467,0.030377961355004646,0.02062585314107182,0.013018958900481346,0.03670407796998909,0.03937414685892823,0.016981041099518666,1.12,1.12,1.12,1.12
0.0361619225527563,0.7657690028215628,18.55149194136932,0.030345173462941133,0.020635758933470277,0.012995826604899736,0.0367368658620526,0.039364241066529776,0.017004173395100276,1.12,1.12,1.12,1.12
0.03601734483496166,0.7658688205835832,18.553292581424195,0.030312267746683774,0.0206457557742189,0.012972663116661523,0.03676977157830996,0.039354244225781154,0.01702733688333849,1.12,1.12,1.12,1.12
0.03587334529159638,0.7659679670057491,18.555085085457083,0.030279246257615078,0.020655843103461247,0.012949469952307002,0.03680279306737866,0.03934415689653881,0.01705053004769301,1.12,1.12,1.12,1.12
0.03572992161145452,0.7660664443321958,18.556869483737987,0.03024611103784125,0.020666020353413972,0.01292624861158067,0.036835928287152486,0.03933397964658608,0.017073751388419343,1.12,1.12,1.12,1.12
0.0355870714925667,0.7661642548092895,18.558645806499484,0.030212864120136518,0.02067628694859261,0.012903000577567096,0.03686917520485722,0.039323713051407444,0.017096999422432917,1.12,1.12,1.12,1.12
0.035444792642162826,0.766261400685671,18.56041408393718,0.030179507527887617,0.020686642306032704,0.012879727316826073,0.03690253179710612,0.03931335769396735,0.01712027268317394,1.12,1.12,1.12,1.12
0.03530308277663559,0.7663578842122988,18.562174346210004,0.030146043275041057,0.020697085835508083,0.012856430279526695,0.03693599604995268,0.03930291416449197,0.017143569720473317,1.12,1.12,1.12,1.12
0.0351619396215038,0.7664537076424903,18.563926623440608,0.030112473366051218,0.020707616939746376,0.012833110899580925,0.03696956595894252,0.03929238306025368,0.017166889100419087,1.12,1.12,1.12,1.12
0.03502136091137542,0.766548873231958,18.56567094571569,0.03007879979583017,0.020718235014639708,0.012809770594775928,0.03700323952916357,0.039281764985360346,0.017190229405224085,1.12,1.12,1.12,1.12
0.034881344389912215,0.766643383238847,18.567407343086348,0.03004502454969915,0.02072893944945392,0.012786410766906037,0.037037014775294586,0.03927106055054613,0.017213589233093976,1.12,1.12,1.12,1.12
0.03474188780979231,0.766737239923768,18.56913584556836,0.03001114960334139,0.020739729627033826,0.01276303280190344,0.037070889721652345,0.03926027037296623,0.017236967198096573,1.12,1.12,1.12,1.12
0.034602988932675154,0.7668304455498283,18.570856483142524,0.029977176922756532,0.020750604923964522,0.012739638069968306,0.037104862402237204,0.03924939507603553,0.017260361930031706,1.12,1.12,1.12,1.12
0.0344646455291648,0.7669230023826622,18.57256928575491,0.02994310846421616,0.02076156471084456,0.012716227925698105,0.037138930860777575,0.03923843528915549,0.017283772074301908,1.12,1.12,1.12,1.12
0.03432685537877505,0.76701491269046,18.574274283317163,0.02990894617422135,0.020772608352454536,0.012692803708215933,0.037173093150772385,0.03922739164754552,0.01730719629178408,1.12,1.12,1.12,1.12
0.03418961626989292,0.7671061787439903,18.575971505706768,0.02987469198946119,0.020783735207943715,0.012669366741298281,0.03720734733553255,0.03921626479205634,0.01733063325870173,1.12,1.12,1.12,1.12
0.03405292599974361,0.7671968028166264,18.577660982767306,0.02984034783677303,0.02079494463102116,0.012645918333501774,0.03724169148822071,0.03920505536897889,0.01735408166649824,1.12,1.12,1.12,1.12
0.03391678237435514,0.7672867871843665,18.579342744308665,0.02980591563310364,0.020806235970141612,0.012622459778289262,0.037276123691890095,0.03919376402985844,0.01737754022171075,1.12,1.12,1.12,1.12
0.03378118320852308,0.7673761341258548,18.5810168201073,0.029771397285472234,0.020817608568691914,0.012598992354155042,0.0373106420395215,0.03918239143130814,0.01740100764584497,1.12,1.12,1.12,1.12
0.03364612632577564,0.7674648459223988,18.582683239906448,0.029736794690934876,0.020829061765170687,0.012575517324749194,0.03734524463405886,0.03917093823482937,0.01742448267525082,1.12,1.12,1.12,1.12
0.033511609558338366,0.7675529248579855,18.584342033416327,0.02970210973654952,0.020840594893369174,0.012552035939001463,0.037379929588444216,0.03915940510663088,0.01744796406099855,1.12,1.12,1.12,1.12
0.03337763074709832,0.7676403732192973,18.58599323031435,0.029667344299340814,0.020852207282541696,0.012528549431245158,0.03741469502565292,0.03914779271745836,0.017471450568754855,1.12,1.12,1.12,1.12
0.03324418774157128,0.7677271932957228,18.587636860245297,0.029632500246271398,0.020863898257586777,0.012505059021337667,0.03744953907872234,0.039136101742413276,0.017494940978662346,1.12,1.12,1.12,1.12
0.03311127839986754,0.7678133873793691,18.58927295282146,0.029597579434212207,0.020875667139216847,0.012481565914781285,0.03748445989078153,0.039124332860783206,0.017518434085218727,1.12,1.12,1.12,1.12
0.032978900588656844,0.7678989577650728,18.590901537622877,0.02956258370991155,0.02088751324412591,0.012458071302844667,0.03751945561508219,0.03911248675587414,0.017541928697155346,1.12,1.12,1.12,1.12
0.03284705218313393,0.767983906750404,18.59252264419741,0.029527514909966968,0.020899435885340545,0.012434576362682526,0.03755452441502677,0.03910056411465951,0.017565423637317487,1.12,1.12,1.12,1.12
0.0327157310669846,0.7680682366356755,18.594136302060946,0.029492374860798753,0.02091143437552112,0.012411082257455089,0.03758966446419498,0.03908856562447893,0.017588917742544924,1.12,1.12,1.12,1.12
0.032584935132351854,0.7681519497239215,18.595742540697362,0.029457165378624306,0.02092350802012069,0.012387590136450202,0.03762487394636943,0.03907649197987936,0.01761240986354981,1.12,1.12,1.12,1.12
0.0324546622798017,0.7682350483209268,18.597341389558824,0.029421888269433927,0.020935656121221946,0.012364101135196232,0.03766015105555981,0.03906434387877811,0.01763589886480378,1.12,1.12,1.12,1.12
0.03232491041829002,0.7683175347352308,18.598932878065888,0.029386545328967395,0.020947877977690377,0.01234061637557872,0.03769549399602634,0.03905212202230968,0.017659383624421293,1.12,1.12,1.12,1.12
0.032195677465128594,0.768399411278126,18.600517035607606,0.029351138342692484,0.020960172885323203,0.012317136965956495,0.03773090098230125,0.03903982711467685,0.017682863034043518,1.12,1.12,1.12,1.12
0.03206696134595188,0.7684806802636569,18.60209389154164,0.029315669085783647,0.02097254013699895,0.012293664001276877,0.03776637023921009,0.0390274598630011,0.017706335998723136,1.12,1.12,1.12,1.12
0.0319387599946837,0.7685613440086181,18.60366347519433,0.02928013932310264,0.020984979022821426,0.012270198563190157,0.0378019000018911,0.03901502097717863,0.017729801436809856,1.12,1.12,1.12,1.12
0.031811071353504076,0.7686414048325503,18.60522581586081,0.029244550809179926,0.020997488830263034,0.012246741720163268,0.03783748851581381,0.03900251116973702,0.017753258279836745,1.12,1.12,1.12,1.12
0.03168389337281648,0.7687208650577362,18.606780942805035,0.029208905288197584,0.021010068844305396,0.012223294527592764,0.03787313403679615,0.03898993115569466,0.01777670547240725,1.12,1.12,1.12,1.12
0.03155722401121448,0.7687997270091902,18.608328885259887,0.02917320449397237,0.02102271834757835,0.012199858027917065,0.037908834831021365,0.0389772816524217,0.017800141972082947,1.12,1.12,1.12,1.12
0.03143106123544977,0.7688779930146563,18.60986967242722,0.029137450149941013,0.021035436620495285,0.012176433250727814,0.03794458917505272,0.03896456337950477,0.0178235667492722,1.12,1.12,1.12,1.12
0.031305403020398616,0.7689556654045943,18.611403333477906,0.029101643969145996,0.02104822294138764,0.012153021212881032,0.03798039535584774,0.03895177705861241,0.01784697878711898,1.12,1.12,1.12,1.12
0.03118024734902978,0.769032746512173,18.612929897551876,0.029065787654222575,0.02106107658663614,0.01212962291860703,0.03801625167077116,0.03893892341336391,0.017870377081392982,1.12,1.12,1.12,1.12
0.03105559221237533,0.7691092386732529,18.614449393758115,0.029029882897387116,0.02107399683080252,0.012106239359617577,0.03805215642760662,0.03892600316919753,0.017893760640382436,1.12,1.12,1.12,1.12
0.030931435609500558,0.7691851442263723,18.615961851174664,0.02899393138042594,0.021086982946758565,0.012082871515213083,0.038088107944567795,0.03891301705324149,0.01791712848478693,1.12,1.12,1.12,1.12
0.03080777554745824,0.7692604655127502,18.61746729884882,0.028957934774684224,0.02110003420580106,0.01205952035239971,0.03812410455030951,0.03889996579419899,0.017940479647600302,1.12,1.12,1.12,1.12
0.030684610041265038,0.7693352048762597,18.618965765797064,0.028921894741058163,0.021113149877781068,0.012036186825990808,0.038160144583935574,0.038886850122218986,0.017963813174009205,1.12,1.12,1.12,1.12
0.030561937113869675,0.7694093646634157,18.62045728100503,0.028885812929986654,0.021126329231223706,0.012012871878713416,0.03819622639500708,0.03887367076877635,0.017987128121286597,1.12,1.12,1.12,1.12
0.030439754796121578,0.7694829472233539,18.621941873427527,0.028849690981444742,0.02113957153344842,0.011989576441313876,0.038232348343548994,0.03886042846655163,0.018010423558686137,1.12,1.12,1.12,1.12
0.030318061126742048,0.7695559549078053,18.623419571988453,0.02881353052492852,0.021152876050678115,0.011966301432662071,0.038268508800065215,0.03884712394932194,0.01803369856733794,1.12,1.12,1.12,1.12
0.030196854152294783,0.7696283900710708,18.6248904055807,0.028777333179446585,0.021166242048149597,0.011943047759855135,0.03830470614554715,0.038833757951850456,0.018056952240144877,1.12,1.12,1.12,1.12
0.03007613192714205,0.7697002550700418,18.626354403066514,0.02874110055354745,0.021179668790253348,0.011919816318325116,0.03834093877144629,0.038820331209746706,0.018080183681674897,1.12,1.12,1.12,1.12
0.029955892513420724,0.7697715522641554,18.627811593277247,0.028704834245296962,0.021193155540628117,0.011896607991939576,0.038377205079696775,0.038806844459371936,0.018103392008060437,1.12,1.12,1.12,1.12
0.029836133981011682,0.7698422840153718,18.62926200501335,0.0286685358422763,0.02120670156226867,0.011873423653103739,0.03841350348271744,0.03879329843773138,0.018126576346896274,1.12,1.12,1.12,1.12
0.02971685440750829,0.7699124526881529,18.630705667044282,0.028632206921580472,0.021220306117634008,0.011850264162862167,0.038449832403413264,0.038779693882366045,0.018149735837137845,1.12,1.12,1.12,1.12
0.029598051878186118,0.7699820606494372,18.63214260810854,0.0285958490498181,0.021233968468750558,0.011827130370999639,0.038486190275175636,0.038766031531249495,0.018172869629000374,1.12,1.12,1.12,1.12
0.029479724485971873,0.7700511102686168,18.63357285691358,0.028559463783111638,0.021247687877316374,0.011804023116141288,0.0385225755418821,0.03875231212268368,0.018195976883858725,1.12,1.12,1.12,1.12
0.029361870331412954,0.7701196039175126,18.63499644213575,0.028523052667098314,0.02126146360480069,0.011780943225852256,0.03855898665789542,0.03873853639519936,0.018219056774147757,1.12,1.12,1.12,1.12
0.029244487522647012,0.770187543970346,18.636413392420263,0.028486617236932854,0.02127529491254415,0.011757891516736466,0.03859542208806088,0.0387247050874559,0.018242108483263547,1.12,1.12,1.12,1.12
0.02912757417537151,0.7702549328037146,18.637823736381105,0.028450159017290477,0.02128918106185612,0.011734868794534808,0.03863188030770326,0.03871081893814393,0.018265131205465204,1.12,1.12,1.12,1.12
0.029011128412813572,0.7703217727965633,18.639227502601006,0.028413679522369895,0.021303121314109108,0.011711875854222668,0.03866835980262384,0.038696878685890945,0.018288124145777344,1.12,1.12,1.12,1.12
0.028895148365693225,0.7703880663301188,18.6406247196312,0.028377180255835188,0.02131711493075933,0.011688913480120092,0.03870485906915855,0.038682885069240724,0.01831108651987992,1.12,1.12,1.12,1.12
0.02877963217220896,0.7704538157879303,18.64201541599159,0.028340662710944042,0.02133116117358344,0.011665982445960343,0.038741376614049694,0.03866883882641661,0.01833401755403967,1.12,1.12,1.12,1.12
0.028664577977999886,0.7705190235558099,18.64339962017058,0.02830412837050189,0.02134525930470632,0.011643083514998251,0.038777910954491845,0.03865474069529373,0.018356916485001762,1.12,1.12,1.12,1.12
0.028549983936115186,0.7705836920218003,18.64477736062502,0.028267578706861418,0.02135940858668106,0.01162021744010637,0.03881446061813232,0.03864059141331899,0.018379782559893643,1.12,1.12,1.12,1.12
0.028435848206984506,0.7706478235761426,18.646148665780032,0.028231015181930108,0.02137360828257573,0.01159738496386939,0.03885102414306363,0.038626391717424324,0.018402615036130623,1.12,1.12,1.12,1.12
0.028322168958388617,0.7707114206112439,18.647513564029012,0.028194439247179293,0.02138785765605844,0.01157458681867754,0.038887600077814444,0.03861214234394161,0.018425413181322473,1.12,1.12,1.12,1.12
0.02820894436542978,0.770774485521646,18.64887208373347,0.02815785234365309,0.02140215597148032,0.011551823726819642,0.03892418698134065,0.038597844028519734,0.01844817627318037,1.12,1.12,1.12,1.12
0.028096172610502592,0.7708370207039922,18.650224253222948,0.02812125590197856,0.021416502493958545,0.011529096400575298,0.03896078342301518,0.03858349750604151,0.018470903599424715,1.12,1.12,1.12,1.12
0.027983851883264868,0.7708990285569929,18.65157010079491,0.02808465134237642,0.02143089648945465,0.011506405542306454,0.038997387982617315,0.038569103510545405,0.01849359445769356,1.12,1.12,1.12,1.12
0.027871980380608497,0.7709605114813924,18.652909654714673,0.02804804007467232,0.02144533722485542,0.011483751844548529,0.039033999250321416,0.03855466277514463,0.018516248155451484,1.12,1.12,1.12,1.12
0.027760556306630768,0.7710214718799326,18.65424294321523,0.028011423498309318,0.021459823968047853,0.011461135990100582,0.03907061582668442,0.0385401760319522,0.01853886400989943,1.12,1.12,1.12,1.12
0.027649577872605226,0.7710819121573194,18.65556999449718,0.027974803002360715,0.02147435598799599,0.011438558652115155,0.03910723632263302,0.03852564401200406,0.018561441347884858,1.12,1.12,1.12,1.12
0.02753904329695338,0.7711418347201857,18.6568908367286,0.027938179965543097,0.021488932554814044,0.01141602049418737,0.03914385935945064,0.03851106744518601,0.018583979505812642,1.12,1.12,1.12,1.12
0.02742895080521577,0.7712012419770558,18.658205498044925,0.027901555756231267,0.021503558556722813,0.01139352217044319,0.03918048356876247,0.03849644144327724,0.018606477829556822,1.12,1.12,1.12,1.12
0.02731929863004803,0.771260136301504,18.65951400634731,0.027864931734988663,0.02151822715328383,0.011371064333108277,0.039217107590005074,0.03848177284671622,0.018628935666891736,1.12,1.12,1.12,1.12
0.027210085011141683,0.7713185201091575,18.660816389724637,0.02782830924946028,0.02153293767157341,0.011348647616966329,0.039253730075533455,0.03846706232842664,0.018651352383033684,1.12,1.12,1.12,1.12
0.027101308195222808,0.7713763958170539,18.662112676230723,0.02779168963700379,0.021547689434660178,0.01132627264766426,0.039290349687989945,0.038452310565339876,0.018673727352335752,1.12,1.12,1.12,1.12
0.02699296643602378,0.7714337658436414,18.663402893884353,0.027755074224706466,0.021562481762216146,0.011303940041790986,0.03932696510028727,0.03843751823778391,0.018696059958209027,1.12,1.12,1.12,1.12
0.026885057994255137,0.7714906326087747,18.664687070669384,0.027718464329402004,0.021577313971112067,0.011281650406956265,0.03936357499559173,0.03842268602888799,0.018718349593043748,1.12,1.12,1.12,1.12
0.026777581137577756,0.7715469985337052,18.665965234534774,0.02768186125768768,0.021592185375924944,0.011259404341869783,0.03940017806730606,0.03840781462407511,0.01874059565813023,1.12,1.12,1.12,1.12
0.026670534140575075,0.7716028660410714,18.667237413394584,0.02764526630594283,0.021607095289400302,0.011237202436420082,0.03943677301905091,0.03839290471059975,0.01876279756357993,1.12,1.12,1.12,1.12
0.02656391528472564,0.7716582375548834,18.668503635127962,0.02760868076034767,0.021622043022875626,0.011215045271753418,0.039473358564646066,0.03837795697712443,0.018784954728246595,1.12,1.12,1.12,1.12
0.02645772285837507,0.7717131155005034,18.669763927579133,0.0275721058969024,0.02163702788666616,0.011192933420352574,0.03950993342809134,0.03836297211333389,0.01880706657964744,1.12,1.12,1.12,1.12
0.026351955156708896,0.7717675023046265,18.67101831855739,0.027535542981447392,0.021652049190413247,0.011170867446115444,0.039546496343546345,0.038347950809586806,0.01882913255388457,1.12,1.12,1.12,1.12
0.0262466104817253,0.7718214003952574,18.672266835837007,0.027498993269683802,0.021667106243405954,0.011148847904433302,0.039583046055309934,0.0383328937565941,0.01885115209556671,1.12,1.12,1.12,1.12
0.02614168714220764,0.7718748122016846,18.673509507157156,0.027462458007194768,0.021682198354869342,0.011126875342268965,0.03961958131779897,0.03831780164513071,0.018873124657731048,1.12,1.12,1.12,1.12
0.026037183453697477,0.7719277401544528,18.674746360221903,0.027425938429467556,0.021697324834231313,0.01110495029823469,0.03965610089552618,0.03830267516576874,0.018895049701765324,1.12,1.12,1.12,1.12
0.02593309773846757,0.7719801866853362,18.675977422700075,0.027389435761914827,0.02171248499136369,0.011083073302669638,0.03969260356307891,0.038287515008636364,0.018916926697330375,1.12,1.12,1.12,1.12
0.025829428325494865,0.7720321542273041,18.677202722225154,0.027352951219897892,0.02172767813680443,0.011061244877717036,0.039729088105095844,0.038272321863195624,0.018938755122282977,1.12,1.12,1.12,1.12
0.025726173550433808,0.7720836452144916,18.678422286395218,0.027316486008750418,0.021742903581960626,0.011039465537400955,0.03976555331624332,0.03825709641803943,0.018960534462599057,1.12,1.12,1.12,1.12
0.025623331755589663,0.7721346620821662,18.6796361427728,0.02728004132380185,0.021758160639294644,0.01101773578770298,0.039801998001191885,0.03824183936070541,0.018982264212297033,1.12,1.12,1.12,1.12
0.02552090128989173,0.7721852072666908,18.680844318884773,0.027243618350402232,0.021773448622494584,0.010996056126637968,0.039838420974591504,0.03822655137750547,0.019003943873362045,1.12,1.12,1.12,1.12
0.025418880508867227,0.7722352832054903,18.682046842222245,0.027207218263947064,0.021788766846631724,0.010974427044329951,0.03987482106104667,0.03821123315336833,0.01902557295567006,1.12,1.12,1.12,1.12
0.025317267774614606,0.7722848923370136,18.683243740240414,0.02717084222990257,0.021804114628305338,0.01095284902308713,0.03991119709509117,0.038195885371694716,0.019047150976912883,1.12,1.12,1.12,1.12
0.025216061455777396,0.7723340371006965,18.68443504035844,0.02713449140383184,0.021819491285776427,0.010931322537476904,0.0399475479211619,0.03818050871422363,0.01906867746252311,1.12,1.12,1.12,1.12
0.02511525992751822,0.7723827199369238,18.685620769959293,0.027098166931421086,0.021834896139090898,0.010909848054399887,0.03998387239357265,0.038165103860909155,0.019090151945600126,1.12,1.12,1.12,1.12
0.025014861571492377,0.7724309432869882,18.686800956389643,0.02706186994850651,0.021850328510193084,0.01088842603316413,0.040020169376487225,0.03814967148980697,0.019111573966835882,1.12,1.12,1.12,1.12
0.02491486477582221,0.7724787095930525,18.687975626959677,0.02702560158110151,0.021865787723031882,0.010867056925558338,0.040056437743892226,0.03813421227696817,0.019132943074441675,1.12,1.12,1.12,1.12
0.024815267935071186,0.7725260212981088,18.689144808942967,0.026989362945424922,0.021881273103659477,0.010845741175924878,0.040092676379568815,0.03811872689634058,0.019154258824075135,1.12,1.12,1.12,1.12
0.024716069450218116,0.7725728808459364,18.69030852957632,0.026953155147928565,0.02189678398032091,0.01082447922123226,0.04012888417706517,0.03810321601967914,0.019175520778767753,1.12,1.12,1.12,1.12
0.02461726772863151,0.772619290681061,18.691466816059595,0.026916979285326437,0.021912319683540404,0.010803271491147154,0.0401650600396673,0.03808768031645965,0.01919672850885286,1.12,1.12,1.12,1.12
0.024518861184044116,0.7726652532487134,18.692619695555603,0.026880836444623635,0.021927879546199625,0.010782118408105862,0.0402012028803701,0.03807212045380043,0.01921788159189415,1.12,1.12,1.12,1.12
0.024420848236527484,0.7727107709947865,18.693767195189864,0.026844727703146443,0.021943462903613375,0.010761020387385203,0.040237311621847294,0.03805653709638668,0.01923897961261481,1.12,1.12,1.12,1.12
0.02432322731246668,0.7727558463657923,18.69490934205051,0.026808654128570197,0.02195906909358375,0.010739977837018605,0.04027338519642354,0.038040930906416304,0.019260022162981408,1.12,1.12,1.12,1.12
0.024225996844534903,0.7728004818088202,18.696046163188086,0.026772616778949543,0.021974697456470127,0.010718991158051874,0.040309422546044194,0.038025302543529926,0.01928100884194814,1.12,1.12,1.12,1.12
0.024129155271668215,0.7728446797714924,18.697177685615397,0.02673661670275035,0.021990347335259786,0.010698060744708922,0.04034542262224339,0.03800965266474027,0.01930193925529109,1.12,1.12,1.12,1.12
0.024032701039041093,0.7728884427019201,18.69830393630735,0.026700654938881074,0.022006018075625966,0.01067718698433335,0.04038138438611266,0.03799398192437409,0.019322813015666664,1.12,1.12,1.12,1.12
0.023936632598040887,0.7729317730486619,18.699424942200732,0.026664732516724243,0.02202170902598022,0.010656370257457262,0.04041730680826949,0.037978290974019835,0.01934362974254275,1.12,1.12,1.12,1.12
0.023840948406243314,0.7729746732606767,18.700540730194113,0.02662885045616814,0.02203741953752278,0.010635610937869036,0.040453188868825596,0.037962580462477274,0.019364389062130977,1.12,1.12,1.12,1.12
0.023745646927387967,0.7730171457872839,18.701651327147623,0.02659300976764245,0.022053148964295277,0.01061490939268031,0.040489029557351286,0.037946851035704776,0.019385090607319702,1.12,1.12,1.12,1.12
0.023650726631352727,0.773059193078117,18.702756759882803,0.026557211452147178,0.022068896663218873,0.010594265982394047,0.04052482787284656,0.03793110333678118,0.019405734017605966,1.12,1.12,1.12,1.12
0.023556185994129477,0.7731008175830768,18.703857055182432,0.026521456501282403,0.02208466199413428,0.010573681060971514,0.04056058282371133,0.03791533800586577,0.0194263189390285,1.12,1.12,1.12,1.12
0.023462023497799578,0.7731420217522884,18.704952239790313,0.026485745897284696,0.022100444319845758,0.01055315497590227,0.04059629342770904,0.037899555680154295,0.019446845024097742,1.12,1.12,1.12,1.12
0.023368237630510172,0.7731828080360569,18.706042340411162,0.02645008061306231,0.022116243006173847,0.01053268806844336,0.040631958711931426,0.037883756993826206,0.019467311931556652,1.12,1.12,1.12,1.12
0.023274826886449287,0.7732231788848222,18.707127383710368,0.026414461612227047,0.022132057421978102,0.010512280673311128,0.04066757771276669,0.03786794257802195,0.019487719326688885,1.12,1.12,1.12,1.12
0.023181789765821928,0.7732631367491145,18.708207396313867,0.02637888984912834,0.022147886939180184,0.010491933118940408,0.0407031494758654,0.03785211306081987,0.019508066881059605,1.12,1.12,1.12,1.12
0.023089124774826077,0.7733026840795092,18.70928240480792,0.02634336626889139,0.022163730932851233,0.010471645727548412,0.04073867305610235,0.03783626906714882,0.0195283542724516,1.12,1.12,1.12,1.12
0.02299683042562828,0.7733418233265814,18.710352435738994,0.026307891807445027,0.022179588781146287,0.010451418815198552,0.04077414751754871,0.03782041121885377,0.01954858118480146,1.12,1.12,1.12,1.12
0.022904905236340412,0.7733805569408629,18.71141751561352,0.026272467391559418,0.02219545986537752,0.010431252691863346,0.04080957193343432,0.03780454013462253,0.019568747308136666,1.12,1.12,1.12,1.12
0.022813347730994905,0.7734188873727943,18.712477670897773,0.026237093938882072,0.022211343570046088,0.010411147661487263,0.040844945386111664,0.037788656429953965,0.01958885233851275,1.12,1.12,1.12,1.12
0.022722156439522048,0.7734568170726842,18.71353292801767,0.02620177235797272,0.022227239282868183,0.010391104022048632,0.04088026696702102,0.03777276071713187,0.01960889597795138,1.12,1.12,1.12,1.12
0.02263132988308274,0.7734943485168353,18.714583313634794,0.026166503556039056,0.02224314639372038,0.010371122074323419,0.04091553576895468,0.03775685360627967,0.019628877925676594,1.12,1.12,1.12,1.12
0.022540866617671407,0.7735314841293897,18.71562885382269,0.02613128841579132,0.0222590642975945,0.010351202095981837,0.040950750909202416,0.037740935702405554,0.019648797904018175,1.12,1.12,1.12,1.12
0.02245076519077176,0.7735682263599734,18.71666957488509,0.026096127818733383,0.02227499239198466,0.010331344367470616,0.04098591150626035,0.03772500760801539,0.019668655632529397,1.12,1.12,1.12,1.12
0.022361024155672028,0.7736045776578981,18.717705503084616,0.026061022637426767,0.022290930077694088,0.010311549163513387,0.04102101668756697,0.037709069922305966,0.019688450836486626,1.12,1.12,1.12,1.12
0.022271642071441635,0.7736405404721163,18.718736664642666,0.026025973735527175,0.02230687675885723,0.010291816753170563,0.04105606558946656,0.03769312324114282,0.01970818324682945,1.12,1.12,1.12,1.12
0.022182617502908286,0.773676117251174,18.719763085739196,0.025990981967821514,0.02232283184295683,0.010272147399898512,0.04109105735717222,0.03767716815704322,0.0197278526001015,1.12,1.12,1.12,1.12
0.02209394902063391,0.7737113104431682,18.720784792512546,0.02595604818026437,0.022338794740843104,0.01025254136160883,0.04112599114472937,0.03766120525915695,0.019747458638391183,1.12,1.12,1.12,1.12
0.022005635200893582,0.7737461224957027,18.72180181105929,0.025921173210017523,0.02235476486675378,0.01023299889072539,0.04116086611497621,0.037645235133246274,0.019767001109274623,1.12,1.12,1.12,1.12
0.021917674625651664,0.773780555855841,18.72281416743403,0.025886357885487155,0.02237074163832886,0.010213520234242858,0.04119568143950658,0.03762925836167119,0.019786479765757155,1.12,1.12,1.12,1.12
0.021830065882539218,0.7738146129700647,18.723821887649244,0.025851603026361247,0.022386724476627817,0.010194105633783888,0.04123043629863249,0.037613275523372236,0.019805894366216124,1.12,1.12,1.12,1.12
0.021742807564831514,0.7738482962842275,18.72482499767508,0.02581690944364834,0.022402712806143532,0.010174755325656128,0.0412651298813454,0.03759728719385652,0.019825244674343885,1.12,1.12,1.12,1.12
0.021655898271425136,0.7738816082435106,18.725823523439235,0.02578227793971527,0.02241870605481755,0.010155469540908672,0.041299761385278466,0.0375812939451825,0.01984453045909134,1.12,1.12,1.12,1.12
0.02156933660681575,0.7739145512923798,18.726817490826722,0.025747709308326316,0.02243470365405209,0.010136248505387885,0.04133433001666742,0.03756529634594796,0.019863751494612128,1.12,1.12,1.12,1.12
0.02148312118107576,0.7739471278745408,18.727806925679758,0.025713204334681605,0.022450705038724622,0.010117092439793071,0.04136883499031213,0.03754929496127543,0.01988290756020694,1.12,1.12,1.12,1.12
0.021397250609832066,0.7739793404328954,18.728791853797528,0.02567876379545625,0.022466709647199046,0.010098001559731423,0.04140327552953749,0.03753329035280101,0.01990199844026859,1.12,1.12,1.12,1.12
0.02131172351424362,0.7740111914094969,18.729772300936077,0.025644388458839595,0.022482716921336354,0.010078976075772676,0.04143765086615414,0.0375172830786637,0.019921023924227337,1.12,1.12,1.12,1.12
0.021226538520979513,0.774042683245509,18.730748292808087,0.025610079084574133,0.022498726306507538,0.010060016193503302,0.0414719602404196,0.037501273693492515,0.01993998380649671,1.12,1.12,1.12,1.12
0.02114169426219701,0.7740738183811589,18.731719855082755,0.025575836423995302,0.02251473725160147,0.010041122113580166,0.041506202900998435,0.037485262748398585,0.019958877886419847,1.12,1.12,1.12,1.12
0.02105718937551959,0.7741045992556956,18.732687013385586,0.025541661220071177,0.022530749209035528,0.01002229403178393,0.04154037810492256,0.037469250790964526,0.019977705968216082,1.12,1.12,1.12,1.12
0.02097302250401505,0.774135028307348,18.73364979329823,0.02550755420743983,0.022546761634763712,0.010003532139071625,0.041574485117553905,0.03745323836523634,0.019996467860928388,1.12,1.12,1.12,1.12
0.020889192296173767,0.7741651079732791,18.734608220358353,0.025473516112284655,0.02256277398828571,0.009984836621633728,0.04160852321270908,0.03743722601171434,0.020015163378366285,1.12,1.12,1.12,1.12
0.020805697405887003,0.7741948406895448,18.735562320059415,0.025439547652714667,0.02257878573264588,0.00996620766094039,0.04164249167227907,0.037421214267354175,0.020033792339059622,1.12,1.12,1.12,1.12
0.020722536492425638,0.774224228891052,18.73651211785056,0.025405649538657038,0.022594796334456713,0.009947645433791188,0.0416763897863367,0.03740520366554334,0.020052354566208824,1.12,1.12,1.12,1.12
0.02063970822041812,0.7742532750115139,18.737457639136395,0.025371822471844052,0.02261080526388043,0.009929150112369146,0.041710216853149684,0.037389194736119624,0.020070849887630866,1.12,1.12,1.12,1.12
0.020557211259829566,0.774281981483409,18.73839890927689,0.025338067145884657,0.022626811994645224,0.009910721864291608,0.04174397217910908,0.03737318800535483,0.020089278135708405,1.12,1.12,1.12,1.12
0.02047504428594027,0.774310350737939,18.739335953587172,0.025304384246303435,0.022642816004079636,0.009892360852660473,0.0417776550786903,0.03735718399592042,0.02010763914733954,1.12,1.12,1.12,1.12
0.020393205979324328,0.774338385204986,18.740268797337375,0.025270774450580624,0.02265881677309517,0.009874067236111825,0.04181126487441311,0.037341183226904884,0.020125932763888188,1.12,1.12,1.12,1.12
0.020311695025828726,0.7743660873130719,18.74119746575248,0.025237238428192366,0.022674813786189657,0.009855841168865662,0.04184480089680137,0.037325186213810396,0.02014415883113435,1.12,1.12,1.12,1.12
0.020230510116564383,0.7743934594892921,18.742121984011934,0.025203776840644565,0.022690806531452,0.009837682800767439,0.04187826248434917,0.03730919346854805,0.020162317199232574,1.12,1.12,1.12,1.12
0.020149649947876026,0.7744205041592935,18.74304237724966,0.025170390341518856,0.022706794500565453,0.009819592277342193,0.04191164898347488,0.0372932054994346,0.02018040772265782,1.12,1.12,1.12,1.12
0.020069113221305158,0.7744472237472624,18.743958670554203,0.025137079576522448,0.02272277718880894,0.009801569739852557,0.04194495974847129,0.03727722281119111,0.020198430260147456,1.12,1.12,1.12,1.12
0.019988898643582022,0.7744736206758568,18.74487088896832,0.025103845183522766,0.022738754095061986,0.00978361532533828,0.04197819414147097,0.03726124590493807,0.020216384674661733,1.12,1.12,1.12,1.12
0.019909004926605436,0.7744996973661697,18.745779057488875,0.025070687792587976,0.022754724721805175,0.009765729166663961,0.04201135153240576,0.03724527527819488,0.02023427083333605,1.12,1.12,1.12,1.12
0.01982943078742179,0.7745254562376851,18.746683201066613,0.025037608026028613,0.022770688575121656,0.009747911392565776,0.042044431298965124,0.0372293114248784,0.020252088607434236,1.12,1.12,1.12,1.12
0.019750174948204705,0.77455089970824,18.747583344606056,0.025004606498439108,0.02278664516469872,0.009730162127698255,0.04207743282655463,0.03721335483530133,0.020269837872301757,1.12,1.12,1.12,1.12
0.01967123613623403,0.7745760301939818,18.74847951296535,0.024971683816739254,0.02280259400382867,0.009712481492680239,0.04211035550825448,0.037197405996171384,0.020287518507319774,1.12,1.12,1.12,1.12
0.01959261308387621,0.7746008501093314,18.74937173095609,0.024938840580216337,0.022818534609408747,0.009694869604140913,0.0421431987447774,0.037181465390591306,0.0203051303958591,1.12,1.12,1.12,1.12
0.019514304528563065,0.7746253618669402,18.750260023343216,0.02490607738056666,0.02283446650194132,0.009677326574764979,0.042175961944427076,0.037165533498058734,0.020322673425235034,1.12,1.12,1.12,1.12
0.019436309212772198,0.7746495678776543,18.751144414844838,0.024873394801937287,0.022850389205532756,0.009659852513337897,0.04220864452305645,0.0371496107944673,0.020340147486662116,1.12,1.12,1.12,1.12
0.019358625884006345,0.7746734705504722,18.752024930132098,0.02484079342096812,0.0228663022478931,0.009642447524790265,0.042241245904025615,0.03713369775210695,0.020357552475209748,1.12,1.12,1.12,1.12
0.01928125329477348,0.774697072292508,18.75290159382902,0.02480827380683398,0.022882205160334623,0.009625111710242239,0.042273765518159756,0.03711779483966543,0.020374888289757774,1.12,1.12,1.12,1.12
0.019204190202566807,0.7747203755089516,18.753774430512394,0.024775836521286176,0.022898097477769386,0.009607845167047394,0.04230620280370756,0.03710190252223067,0.02039215483295262,1.12,1.12,1.12,1.12
0.019127435369844695,0.7747433826030294,18.754643464711606,0.02474348211869487,0.022913978738708485,0.009590647988835979,0.042338557206298866,0.03708602126129157,0.020409352011164034,1.12,1.12,1.12,1.12
0.0190509875640108,0.7747660959759687,18.75550872090852,0.02471121114609104,0.022929848485259086,0.009573520265558327,0.0423708281789027,0.03707015151474097,0.020426479734441685,1.12,1.12,1.12,1.12
0.018974845557394284,0.7747885180269576,18.756370223537342,0.024679024143208883,0.022945706263120508,0.009556462083527395,0.04240301518178485,0.037054293736879546,0.020443537916472618,1.12,1.12,1.12,1.12
0.018899008127229958,0.7748106511531072,18.757227996984465,0.024646921642526964,0.022961551621582837,0.009539473525461195,0.04243511768246677,0.037038448378417216,0.020460526474538818,1.12,1.12,1.12,1.12
0.018823474055638778,0.7748324977494158,18.758082065588354,0.02461490416931217,0.022977384113522348,0.009522554670524819,0.04246713515568157,0.037022615886477706,0.020477445329475194,1.12,1.12,1.12,1.12
0.018748242129608173,0.7748540602087298,18.758932453639428,0.024582972241660783,0.022993203295398446,0.009505705594371944,0.04249906708333295,0.03700679670460161,0.02049429440562807,1.12,1.12,1.12,1.12
0.018673311140972617,0.7748753409217084,18.759779185379895,0.024551126370540965,0.02300900872724823,0.009488926369186301,0.04253091295445277,0.03699099127275182,0.02051107363081371,1.12,1.12,1.12,1.12
0.018598679886393965,0.7748963422767858,18.76062228500362,0.024519367059834984,0.023024799972683502,0.00947221706372231,0.04256267226515875,0.03697520002731655,0.020527782936277703,1.12,1.12,1.12,1.12
0.01852434716734237,0.7749170666601345,18.761461776656056,0.024487694806381632,0.023040576598884394,0.009455577743345905,0.042594344518612104,0.03695942340111566,0.020544422256654107,1.12,1.12,1.12,1.12
0.01845031179007686,0.7749375164556311,18.762297684434042,0.024456110100018413,0.023056338176596247,0.009439008470074492,0.04262592922497532,0.036943661823403806,0.02056099152992552,1.12,1.12,1.12,1.12
0.018376572565626238,0.7749576940448174,18.763130032385742,0.02442461342362362,0.023072084280122307,0.009422509302616844,0.042657425901370116,0.036927915719877746,0.02057749069738317,1.12,1.12,1.12,1.12
0.0183031283097697,0.7749776018068669,18.763958844510476,0.024393205253159023,0.023087814487319447,0.009406080296412628,0.042688834071834714,0.036912185512680606,0.020593919703587385,1.12,1.12,1.12,1.12
0.01822997784301834,0.774997242118549,18.76478414475864,0.024361886057711946,0.023103528379591454,0.009389721503671372,0.04272015326728179,0.0368964716204086,0.02061027849632864,1.12,1.12,1.12,1.12
0.018157119990595574,0.7750166173541931,18.765605957031532,0.024330656299537845,0.023119225541882504,0.00937343297341145,0.04275138302545589,0.03688077445811755,0.020626567026588563,1.12,1.12,1.12,1.12
0.018084553582418516,0.7750357298856545,18.766424305181285,0.024299516434101998,0.023134905562671504,0.009357214751498255,0.04278252289089174,0.03686509443732855,0.020642785248501758,1.12,1.12,1.12,1.12
0.018012277453114667,0.7750545820822152,18.76723921301005,0.024268466910105424,0.023150568033969365,0.009341066880660984,0.04281357241488831,0.03684943196603069,0.02065893311933903,1.12,1.12,1.12,1.12
0.01794029044195833,0.7750731763106296,18.768050704270742,0.02423750816954756,0.023166212551305493,0.009324989400557676,0.042844531155446175,0.03683378744869456,0.020675010599442337,1.12,1.12,1.12,1.12
0.01786859139285113,0.7750915149350934,18.76885880266691,0.024206640647769506,0.02318183871371965,0.009308982347813112,0.04287539867722423,0.036818161286280404,0.0206910176521869,1.12,1.12,1.12,1.12
0.01779717915431509,0.7751096003171878,18.769663531852473,0.024175864773490707,0.023197446123758764,0.009293045756048696,0.04290617455150303,0.03680255387624129,0.020706954243951317,1.12,1.12,1.12,1.12
0.01772605257947424,0.7751274348158459,18.77046491543151,0.0241451809688511,0.02321303438746572,0.009277179655919066,0.04293685835614264,0.036786965612534334,0.020722820344080947,1.12,1.12,1.12,1.12
0.01765521052603618,0.7751450207873202,18.77126297695827,0.02411458964945329,0.02322860311437419,0.009261384075148538,0.04296744967554045,0.03677139688562586,0.020738615924851475,1.12,1.12,1.12,1.12
0.017584651856273805,0.7751623605851479,18.77205773993693,0.024084091224404858,0.023244151917498623,0.009245659038567125,0.04299794810058888,0.03675584808250143,0.020754340961432888,1.12,1.12,1.12,1.12
0.017514375437007068,0.7751794565601187,18.772849227821602,0.024053686096359994,0.02325968041332549,0.009230004568146183,0.04302835322863374,0.036740319586674564,0.02076999543185383,1.12,1.12,1.12,1.12
0.017444380139584936,0.7751963110602432,18.773637464016172,0.024023374661562014,0.02327518822180641,0.009214420683033901,0.04305866466343172,0.036724811778193645,0.02078557931696611,1.12,1.12,1.12,1.12
0.017374664839867028,0.7752129264307199,18.77442247187419,0.023993157309884938,0.023290674966346736,0.009198907399590346,0.0430888820151088,0.03670932503365332,0.020801092600409667,1.12,1.12,1.12,1.12
0.017305228418205764,0.7752293050139024,18.775204274698787,0.02396303442487585,0.023306140273797155,0.009183464731422133,0.043119004900117885,0.0366938597262029,0.02081653526857788,1.12,1.12,1.12,1.12
0.01723606975942844,0.7752454491492682,18.775982895742587,0.02393300638379675,0.023321583774445626,0.009168092689416929,0.043149032941196985,0.03667841622555443,0.020831907310583084,1.12,1.12,1.12,1.12
0.0171671877528194,0.7752613611733881,18.77675835820758,0.023903073557666132,0.02333700510200587,0.009152791281777511,0.043178965767327604,0.03666299489799418,0.0208472087182225,1.12,1.12,1.12,1.12
0.01709858129210202,0.7752770434198933,18.777530685245036,0.023873236311301282,0.02335240389360821,0.009137560514055607,0.043208803013692454,0.036647596106391844,0.020862439485944406,1.12,1.12,1.12,1.12
0.017030249275421294,0.7752924982194478,18.77829989995542,0.023843495003359583,0.02336777978979021,0.009122400389185395,0.043238544321634154,0.03663222021020984,0.020877599610814618,1.12,1.12,1.12,1.12
0.016962190605325757,0.7753077278997127,18.779066025388257,0.02381384998638053,0.023383132434484977,0.009107310907516653,0.043268189338613205,0.03661686756551508,0.02089268909248336,1.12,1.12,1.12,1.12
0.016894404188750347,0.77532273478532,18.779829084542122,0.023784301606827485,0.0233984614750114,0.009092292066847633,0.04329773771816625,0.03660153852498865,0.02090770793315238,1.12,1.12,1.12,1.12
0.016826888936998553,0.7753375211978414,18.780589100364445,0.023754850205129074,0.023413766562064536,0.009077343862457649,0.04332718911986466,0.03658623343793552,0.020922656137542364,1.12,1.12,1.12,1.12
0.01675964376572514,0.7753520894557582,18.78134609575152,0.02372549611572078,0.023429047349703025,0.009062466287139276,0.04335654320927296,0.03657095265029703,0.020937533712860737,1.12,1.12,1.12,1.12
0.016692667594918744,0.7753664418744313,18.782100093548344,0.02369623966708645,0.02344430349533924,0.009047659331230501,0.04338579965790729,0.03655569650466081,0.020952340668769512,1.12,1.12,1.12,1.12
0.01662595934888449,0.7753805807660735,18.782851116548578,0.023667081181799665,0.023459534659728443,0.009032922982646158,0.04341495814319407,0.03654046534027161,0.020967077017353855,1.12,1.12,1.12,1.12
0.016559517956226743,0.7753945084397196,18.78359918749442,0.023638020976565144,0.023474740506955694,0.009018257226909507,0.04344401834842859,0.03652525949304436,0.020981742773090506,1.12,1.12,1.12,1.12
0.016493342349832043,0.7754082272011973,18.784344329076593,0.023609059362260154,0.02348992070442718,0.009003662047183128,0.04347297996273358,0.03651007929557287,0.020996337952816885,1.12,1.12,1.12,1.12
0.01642743146685204,0.7754217393531004,18.785086563934158,0.02358019664397526,0.0235050749228555,0.008989137424299964,0.04350184268101848,0.03649492507714455,0.02101086257570005,1.12,1.12,1.12,1.12
0.01636178424868624,0.7754350471947588,18.785825914654556,0.02355143312105601,0.023520202836250004,0.00897468333679352,0.04353060620393773,0.03647979716375005,0.021025316663206492,1.12,1.12,1.12,1.12
0.01629639964096521,0.7754481530222126,18.786562403773438,0.02352276908714357,0.0235353041219043,0.00896029976092838,0.04355927023785017,0.036464695878095754,0.021039700239071632,1.12,1.12,1.12,1.12
0.016231276593533652,0.7754610591281831,18.787296053774618,0.02349420483021475,0.02355037846038399,0.008945986670729933,0.04358783449477899,0.03644962153961606,0.02105401332927008,1.12,1.12,1.12,1.12
0.016166414060433534,0.7754737678020472,18.78802688709003,0.023465740632624688,0.023565425535514217,0.008931744038014125,0.04361629869236905,0.036434574464485836,0.021068255961985888,1.12,1.12,1.12,1.12
0.016101810999887344,0.7754862813298079,18.788754926099603,0.023437376771146656,0.023580445034367625,0.008917571832416787,0.04364466255384708,0.03641955496563243,0.021082428167583225,1.12,1.12,1.12,1.12
0.016037466374281363,0.7754986019940708,18.78948019313124,0.023409113517013358,0.023595436647252332,0.008903470021422749,0.04367292580798038,0.03640456335274772,0.021096529978577264,1.12,1.12,1.12,1.12
0.015973379150149205,0.7755107320740153,18.790202710460687,0.023380951135956896,0.02361040006769774,0.008889438570394655,0.04370108818903684,0.03638959993230231,0.021110561429605358,1.12,1.12,1.12,1.12
0.015909548298154965,0.7755226738453701,18.790922500311552,0.023352889888249684,0.023625334992443597,0.00887547744260151,0.04372914943674405,0.036374665007556456,0.021124522557398502,1.12,1.12,1.12,1.12
0.015845972793076958,0.7755344295803864,18.791639584855155,0.023324930028744917,0.02364024112142632,0.008861586599246955,0.04375710929624882,0.036359758878573734,0.021138413400753057,1.12,1.12,1.12,1.12
0.015782651613791155,0.7755460015478131,18.79235398621052,0.02329707180691659,0.023655118157765526,0.008847765999497291,0.043784967518077145,0.03634488184223453,0.021152234000502722,1.12,1.12,1.12,1.12
0.01571958374325493,0.7755573920128701,18.79306572644429,0.023269315466899754,0.02366996580775138,0.00883401560050913,0.04381272385809398,0.03633003419224867,0.021165984399490884,1.12,1.12,1.12,1.12
0.015656768168490577,0.7755686032372264,18.793774827570648,0.023241661247530965,0.023684783780831553,0.008820335357457028,0.04384037807746277,0.0363152162191685,0.021179664642542985,1.12,1.12,1.12,1.12
0.015594203880569292,0.7755796374789722,18.794481311551305,0.023214109382387882,0.02369957178959764,0.008806725223560553,0.043867929942605854,0.03630042821040241,0.02119327477643946,1.12,1.12,1.12,1.12
0.015531889874594907,0.7755904969925971,18.795185200295407,0.02318666009982956,0.02371432954977143,0.008793185150111252,0.04389537922516418,0.036285670450228624,0.02120681484988876,1.12,1.12,1.12,1.12
0.015469825149687644,0.7756011840289636,18.795886515659486,0.023159313623036026,0.02372905678019152,0.008779715086499384,0.04392272570195771,0.03627094321980853,0.02122028491350063,1.12,1.12,1.12,1.12
0.015408008708968435,0.775611700835286,18.796585279447417,0.023132070170047925,0.023743753202799728,0.008766314980240372,0.04394996915494581,0.036256246797200326,0.02123368501975964,1.12,1.12,1.12,1.12
0.015346439559542492,0.7756220496551038,18.797281513410343,0.02310492995380653,0.023758418542628,0.00875298477700083,0.043977109371187206,0.03624158145737205,0.021247015222999183,1.12,1.12,1.12,1.12
0.01528511671248376,0.7756322327282622,18.79797523924664,0.02307789318219261,0.02377305252778325,0.008739724420624692,0.044004146142801126,0.0362269474722168,0.02126027557937532,1.12,1.12,1.12,1.12
0.015224039182818805,0.7756422522908853,18.79866647860189,0.02305096005806634,0.023787654889434406,0.008726533853158816,0.0440310792669274,0.03621234511056565,0.021273466146841197,1.12,1.12,1.12,1.12
0.015163205989511309,0.7756521105753565,18.799355253068775,0.02302413077930615,0.023802225361797852,0.008713413014878234,0.044057908545687585,0.0361977746382022,0.02128658698512178,1.12,1.12,1.12,1.12
0.015102616155445992,0.7756618098102944,18.800041584187092,0.02299740553884816,0.023816763682123487,0.008700361844311624,0.04408463378614558,0.036183236317876566,0.02129963815568839,1.12,1.12,1.12,1.12
0.015042268707413299,0.7756713522205319,18.800725493443657,0.022970784524725063,0.023831269590680437,0.00868738027826596,0.04411125480026867,0.036168730409319616,0.021312619721734052,1.12,1.12,1.12,1.12
0.01498216267609367,0.7756807400270921,18.801407002272317,0.022944267920104844,0.023845742830743366,0.008674468251851378,0.04413777140488889,0.03615425716925669,0.021325531748148635,1.12,1.12,1.12,1.12
0.014922297096041738,0.7756899754471696,18.802086132053855,0.022917855903330175,0.023860183150854003,0.00866162569850562,0.04416418342166356,0.03613981684914605,0.021338374301494392,1.12,1.12,1.12,1.12
0.014862671005671402,0.7756990606940983,18.802762904115934,0.02289154864795878,0.02387459030020106,0.008648852550021825,0.044190490677034955,0.036125409699798994,0.021351147449978188,1.12,1.12,1.12,1.12
0.014803283447239891,0.7757079979773391,18.803437339733094,0.022865346322800184,0.023888964030888027,0.00863614873656579,0.04421669300219355,0.036111035969112026,0.021363851263434222,1.12,1.12,1.12,1.12
0.014744133466832744,0.7757167895024619,18.804109460126735,0.022839249091953173,0.02390330409797814,0.008623514186683764,0.04424279023304056,0.036096695902021914,0.02137648581331625,1.12,1.12,1.12,1.12
0.014685220114348408,0.7757254374711231,18.804779286465077,0.022813257114844887,0.023917610259481026,0.008610948827366835,0.04426878221014885,0.03608238974051903,0.021389051172633178,1.12,1.12,1.12,1.12
0.014626542443483005,0.7757339440810477,18.805446839863105,0.022787370546268615,0.023931882276337246,0.008598452584052271,0.04429466877872512,0.03606811772366281,0.02140154741594774,1.12,1.12,1.12,1.12
0.014568099511715005,0.775742311526006,18.806112141382567,0.022761589536421767,0.023946119912401975,0.008586025380646359,0.04432044978857197,0.03605388008759808,0.021413974619353654,1.12,1.12,1.12,1.12
0.014509890380290581,0.7757505419957976,18.80677521203191,0.022735914230944176,0.023960322934428735,0.008573667139547485,0.04434612509404956,0.03603967706557132,0.021426332860452528,1.12,1.12,1.12,1.12
0.014451914114208054,0.7757586376762298,18.80743607276629,0.022710344770955404,0.023974491112054352,0.008561377781668635,0.04437169455403833,0.0360255088879457,0.021438622218331378,1.12,1.12,1.12,1.12
0.014394169782203203,0.7757666007490995,18.80809474448752,0.022684881293092596,0.02398862421778275,0.008549157226459617,0.04439715803190114,0.0360113757822173,0.021450842773540396,1.12,1.12,1.12,1.12
0.01433665645673421,0.7757744333921726,18.808751248044047,0.02265952392954801,0.02400272202696957,0.008537005391929517,0.04442251539544573,0.035997277973030484,0.021462994608070496,1.12,1.12,1.12,1.12
0.014279373213966952,0.7757821377791688,18.809405604230935,0.022634272808106204,0.02401678431780685,0.008524922194668327,0.04444776651688753,0.035983215682193204,0.021475077805331685,1.12,1.12,1.12,1.12
0.014222319133759865,0.7757897160797399,18.81005783378984,0.022609128052181404,0.02403081087130554,0.008512907549868817,0.04447291127281233,0.03596918912869451,0.021487092450131196,1.12,1.12,1.12,1.12
0.014165493299649647,0.7757971704594537,18.810707957409,0.022584089780854744,0.024044801471282518,0.00850096137134801,0.04449794954413899,0.035955198528717536,0.021499038628652004,1.12,1.12,1.12,1.12
0.014108894798836237,0.7758045030797759,18.811355995723176,0.022559158108910626,0.024058755904343643,0.008489083571568398,0.04452288121608311,0.03594124409565641,0.021510916428431615,1.12,1.12,1.12,1.12
0.01405252272216826,0.7758117160980533,18.812001969313695,0.022534333146874308,0.024072673959867813,0.008477274061659101,0.04454770617811943,0.03592732604013224,0.02152272593834091,1.12,1.12,1.12,1.12
0.013996376164128455,0.7758188116674944,18.81264589870838,0.022509615001047756,0.02408655542999183,0.008465532751436508,0.04457242432394598,0.035913444570008224,0.021534467248563505,1.12,1.12,1.12,1.12
0.013940454224060385,0.7758257919349556,18.813287804357874,0.022485003773216328,0.02410040010776504,0.008453859548606543,0.04459703555177741,0.03589959989223501,0.02154614045139347,1.12,1.12,1.12,1.12
0.01388475600388186,0.7758326590449214,18.81392770667883,0.022460499561219316,0.02411420778936596,0.008442254360299217,0.04462153976377442,0.03588579221063409,0.021557745639700795,1.12,1.12,1.12,1.12
0.013829280608666528,0.7758394151384661,18.814565626042732,0.02243610245889599,0.02412797827516805,0.008430717092678862,0.044645936866097746,0.035872021724832004,0.02156928290732115,1.12,1.12,1.12,1.12
0.01377402714707987,0.7758460623524366,18.815201582767255,0.022411812556006716,0.024141711368223684,0.008419247650666942,0.04467022676898702,0.03585828863177637,0.02158075234933307,1.12,1.12,1.12,1.12
0.01371899473136251,0.7758526028194398,18.815835597116283,0.022387629938267983,0.02415540687424575,0.008407845937964002,0.04469440938672575,0.035844593125754304,0.02159215406203601,1.12,1.12,1.12,1.12
0.013664182477313203,0.7758590386678291,18.816467689299966,0.022363554687388987,0.024169064601596457,0.008396511857070743,0.04471848463760475,0.035830935398403596,0.02160348814292927,1.12,1.12,1.12,1.12
0.013609589504273868,0.7758653720216966,18.817097879474733,0.022339586881108764,0.024182684361271467,0.008385245309308204,0.04474245244388497,0.035817315638728586,0.02161475469069181,1.12,1.12,1.12,1.12
0.013555214935113514,0.7758716050008565,18.81772618774334,0.022315726593234553,0.024196265966890923,0.008374046194837358,0.044766312731759184,0.03580373403310913,0.021625953805162655,1.12,1.12,1.12,1.12
0.013501057896213498,0.775877739720837,18.818352634154863,0.022291973893678263,0.024209809234685353,0.00836291441267871,0.04479006543131547,0.0357901907653147,0.021637085587321303,1.12,1.12,1.12,1.12
0.013447117517452423,0.7758837782928647,18.818977238704747,0.022268328848492502,0.024223313983482514,0.008351849860731612,0.044813710476501234,0.03577668601651754,0.0216481501392684,1.12,1.12,1.12,1.12
0.013393392932191439,0.7758897228238544,18.81960002133478,0.02224479151990455,0.02423678003469043,0.008340852435793689,0.044837247805089187,0.03576321996530962,0.021659147564206324,1.12,1.12,1.12,1.12
0.013339883277588305,0.7758955754158396,18.820221001926985,0.022221361966337616,0.024250207212499708,0.008329922033347592,0.04486067735865612,0.035749792787500345,0.02167007796665242,1.12,1.12,1.12,1.12
0.013286587694777908,0.7759013381656525,18.820840200300047,0.02219804024247768,0.024263595344046873,0.008319058547435601,0.04488399908251606,0.03573640465595318,0.021680941452564412,1.12,1.12,1.12,1.12
0.013233505327536577,0.775907013167114,18.82145763623398,0.02217482639933316,0.024276944258491362,0.008308261871620273,0.04490721292566058,0.03572305574150869,0.02169173812837974,1.12,1.12,1.12,1.12
0.013180635323072077,0.7759126025096686,18.822073329455094,0.022151720484221593,0.024290253787514454,0.008297531898433415,0.04493031884077214,0.0357097462124856,0.021702468101566598,1.12,1.12,1.12,1.12
0.013127976832009348,0.7759181082783693,18.822687299636,0.022128722540803447,0.024303523765302648,0.008286868519393586,0.04495331678419029,0.035696476234697405,0.021713131480606426,1.12,1.12,1.12,1.12
0.013075529008376253,0.7759235325538691,18.823299566395644,0.022105832609116638,0.0243167540285342,0.008276271625024686,0.0449762067158771,0.035683245971465855,0.021723728374975326,1.12,1.12,1.12,1.12
0.013023291009588434,0.7759288774124085,18.82391014929933,0.022083050725610565,0.024329944416362048,0.00826574110487402,0.04499898859938317,0.035670055583638005,0.021734258895125994,1.12,1.12,1.12,1.12
0.012971261996435857,0.7759341449258033,18.824519067858738,0.022060376923179192,0.02434309477039942,0.008255276847529552,0.045021662401814544,0.03565690522960063,0.02174472315247046,1.12,1.12,1.12,1.12
0.01291944113306891,0.7759393371614355,18.825126341531956,0.022037811231194526,0.02435620493470267,0.00824487874063752,0.04504422809379921,0.035643795065297385,0.021755121259362492,1.12,1.12,1.12,1.12
0.012867827586975534,0.7759444561822598,18.82573198972369,0.022015353675552407,0.024369274755765252,0.008234546670923173,0.04506668564944133,0.0356307252442348,0.02176545332907684,1.12,1.12,1.12,1.12
0.012816420528966166,0.7759495040467996,18.82633603178529,0.021993004278711425,0.024382304082506467,0.008224280524207997,0.04508903504628231,0.035617695917493586,0.021775719475792016,1.12,1.12,1.12,1.12
0.01276521913319142,0.775954482809061,18.82693848701415,0.021970763059676657,0.024395292766221682,0.008214080185413183,0.04511127626531708,0.03560470723377837,0.02178591981458683,1.12,1.12,1.12,1.12
0.012714222577106594,0.7759593945185714,18.82753937465415,0.021948630034063,0.024408240660587638,0.008203945538586124,0.04513340929093074,0.035591759339412415,0.02179605446141389,1.12,1.12,1.12,1.12
0.012663430041458403,0.7759642412203711,18.828138713895715,0.02192660521412776,0.024421147621645628,0.008193876466916605,0.04515543411086598,0.035578852378354425,0.021806123533083407,1.12,1.12,1.12,1.12
0.012612840710271335,0.7759690249550021,18.828736523875822,0.021904688608803125,0.024434013507786345,0.00818387285275319,0.04517735071619061,0.03556598649221371,0.021816127147246824,1.12,1.12,1.12,1.12
0.012562453770834203,0.7759737477584985,18.829332823678033,0.02188288022372925,0.0244468381797337,0.008173934577619113,0.045199159101264486,0.035553161820266355,0.0218260654223809,1.12,1.12,1.12,1.12
0.012512268413686734,0.7759784116623769,18.82992763233252,0.0218611800612854,0.02445962150053055,0.008164061522228303,0.045220859263708335,0.035540378499469505,0.02183593847777171,1.12,1.12,1.12,1.12
0.01246228383260668,0.7759830186936272,18.83052096881614,0.021839588120623032,0.024472363335521885,0.00815425356650068,0.045242451204370704,0.03552763666447817,0.021845746433499333,1.12,1.12,1.12,1.12
0.012412499224596108,0.7759875708747034,18.831112852052378,0.021818104397697158,0.02448506355233948,0.008144510589577922,0.04526393492729658,0.03551493644766057,0.02185548941042209,1.12,1.12,1.12,1.12
0.012362913774593087,0.7759920702518599,18.831703301210418,0.021796728890855543,0.02449772201651057,0.008134832479724033,0.04528531043413819,0.03550227798348948,0.02186516752027598,1.12,1.12,1.12,1.12
0.01231352670122221,0.775996518810012,18.832292334808702,0.021775461583663835,0.024510338603877246,0.008125219104754881,0.0453065777413299,0.03548966139612281,0.02187478089524513,1.12,1.12,1.12,1.12
0.012264337211084353,0.7760009185579362,18.832879971610893,0.021754302462647035,0.024522913188800066,0.00811567034157213,0.0453277368623467,0.03547708681119999,0.021884329658427883,1.12,1.12,1.12,1.12
0.012215344513952031,0.7760052714998411,18.83346623032746,0.021733251538850196,0.024535445647868387,0.00810618606635917,0.04534878778614354,0.035464554352131666,0.021893813933640843,1.12,1.12,1.12,1.12
0.012166547822757147,0.7760095796353585,18.83405112961576,0.02171230876267477,0.024547935859884684,0.008096766154595508,0.045369730562318966,0.03545206414011537,0.021903233845404504,1.12,1.12,1.12,1.12
0.012117946353577925,0.7760138449595362,18.834634688080058,0.02169147411005984,0.02456038370584973,0.008087410481071061,0.0453905652149339,0.03543961629415032,0.02191258951892895,1.12,1.12,1.12,1.12
0.012069539325626356,0.7760180694628285,18.835216924271556,0.02167074755462206,0.02457278906894722,0.00807811891990029,0.045411291770371676,0.03542721093105283,0.021921881080099723,1.12,1.12,1.12,1.12
0.012021325961236153,0.7760222551310904,18.835797856688426,0.02165012907183045,0.024585151834528307,0.008068891344536214,0.04543191025316329,0.035414848165471746,0.0219311086554638,1.12,1.12,1.12,1.12
0.011973305485849562,0.776026403945568,18.83637750377585,0.021629618636039016,0.024597471890096423,0.008059727627784244,0.04545242068895472,0.03540252810990363,0.02194027237221577,1.12,1.12,1.12,1.12
0.011925477144377661,0.7760305178550354,18.836955883615854,0.02160921620931494,0.024609749137389503,0.00805062762990287,0.045472823115678795,0.03539025086261055,0.021949372370097142,1.12,1.12,1.12,1.12
0.011877840152136977,0.7760345988594928,18.83753301485761,0.021588921731378774,0.024621983456983465,0.00804159123425615,0.04549311759361496,0.03537801654301659,0.021958408765743863,1.12,1.12,1.12,1.12
0.011830393727256095,0.7760386489538837,18.838108916099056,0.021568735182911303,0.02463417472863616,0.008032618324180466,0.045513304142082434,0.03536582527136389,0.021967381675819547,1.12,1.12,1.12,1.12
0.01178313712406638,0.7760426700730995,18.838683605261227,0.021548656522245357,0.024646322861512443,0.008023708757687542,0.04553338280274838,0.03535367713848761,0.02197629124231247,1.12,1.12,1.12,1.12
0.011736069583362686,0.7760466641752558,18.839257100525145,0.021528685703863848,0.024658427753655177,0.008014862404550432,0.04555335362112989,0.03534157224634488,0.02198513759544958,1.12,1.12,1.12,1.12
0.011689190348980683,0.7760506332138079,18.839829420018976,0.02150882267950921,0.024670489305164883,0.008006079133971826,0.04557321664548453,0.03532951069483517,0.021993920866028187,1.12,1.12,1.12,1.12
0.01164249866778011,0.7760545791375537,18.840400581818177,0.02148906739821843,0.02468250741818756,0.007997358814599106,0.045592971926775305,0.03531749258181249,0.022002641185400906,1.12,1.12,1.12,1.12
0.011595993789631455,0.7760585038906305,18.84097060394558,0.02146941980635425,0.02469448199690022,0.007988701314537536,0.045612619518639486,0.035305518003099834,0.022011298685462477,1.12,1.12,1.12,1.12
0.011549674967403646,0.7760624094125101,18.841539504371426,0.021449879847634135,0.024706412947497758,0.007980106501362813,0.0456321594773596,0.035293587052502295,0.0220198934986372,1.12,1.12,1.12,1.12
0.011503541456952471,0.7760662976379937,18.842107301013414,0.02143044746315953,0.024718300178176555,0.007971574242133406,0.045651591861834206,0.0352816998218235,0.022028425757866607,1.12,1.12,1.12,1.12
0.011457592517108317,0.7760701704972057,18.842674011736783,0.0214111225914439,0.02473014359912057,0.007963104403402851,0.04567091673354984,0.035269856400879485,0.02203689559659716,1.12,1.12,1.12,1.12
0.011411827409664711,0.7760740299155894,18.84323965435432,0.021391905168442027,0.024741943122485593,0.00795469685123179,0.04569013415655171,0.03525805687751446,0.022045303148768222,1.12,1.12,1.12,1.12
0.01136624539936606,0.7760778778139014,18.84380424662644,0.021372795127577393,0.024753698662385,0.007946351451200082,0.04570924419741634,0.035246301337615055,0.02205364854879993,1.12,1.12,1.12,1.12
0.01132084575389607,0.7760817161082078,18.84436780626123,0.021353792399771587,0.02476541013487432,0.007938068068418458,0.04572824692522215,0.03523458986512573,0.022061931931581555,1.12,1.12,1.12,1.12
0.011275627743866146,0.7760855467098802,18.844930350914503,0.0213348969134714,0.024777077457937086,0.007929846567540394,0.045747142411522335,0.03522292254206297,0.02207015343245962,1.12,1.12,1.12,1.12
0.011230590642803497,0.7760893715255897,18.845491898189863,0.021316108594677308,0.02478870055146995,0.00792168681277354,0.04576593073031643,0.0352112994485301,0.022078313187226473,1.12,1.12,1.12,1.12
0.01118573372713967,0.7760931924573046,18.846052465638756,0.02129742736697071,0.024800279337268194,0.00791358866789127,0.045784611958023025,0.03519972066273186,0.022086411332108744,1.12,1.12,1.12,1.12
0.011141056276198791,0.7760970114022854,18.84661207076053,0.02127885315154182,0.024811813739011257,0.007905551996243994,0.045803186173451915,0.035188186260988796,0.02209444800375602,1.12,1.12,1.12,1.12
0.011096557572186062,0.7761008302530826,18.847170731002485,0.021260385867216902,0.02482330368224689,0.00789757666077033,0.045821653457776834,0.035176696317753164,0.022102423339229682,1.12,1.12,1.12,1.12
0.011052236900176426,0.7761046508975309,18.84772846375997,0.02124202543048548,0.024834749094377995,0.007889662524008148,0.04584001389450826,0.03516525090562206,0.022110337475991865,1.12,1.12,1.12,1.12
0.011008093548103082,0.7761084752187494,18.84828528637637,0.021223771755527587,0.024846149904647674,0.0078818094481055,0.04585826756946615,0.03515385009535238,0.022118190551894512,1.12,1.12,1.12,1.12
0.01096412680674579,0.7761123050951348,18.84884121614326,0.021205624754240315,0.024857506044124622,0.00787401729483149,0.04587641457075342,0.03514249395587543,0.022125982705168523,1.12,1.12,1.12,1.12
0.010920335969719863,0.7761161424003616,18.84939627030039,0.02118758433626472,0.02486881744568889,0.007866285925586927,0.045894454988729017,0.03513118255431116,0.022133714074413086,1.12,1.12,1.12,1.12
0.01087672033346463,0.7761199890033779,18.849950466035807,0.021169650409012586,0.02488008404401751,0.007858615201414926,0.04591238891598115,0.035119915955982545,0.022141384798585087,1.12,1.12,1.12,1.12
0.010833279197232405,0.7761238467684027,18.85050382048588,0.02115182287769246,0.024891305775570305,0.007851004983011403,0.045930216447301275,0.03510869422442975,0.02214899501698861,1.12,1.12,1.12,1.12
0.01079001186307682,0.7761277175549248,18.85105635073539,0.02113410164533691,0.024902482578574775,0.007843455130735248,0.045947937679656825,0.03509751742142528,0.022156544869264765,1.12,1.12,1.12,1.12
0.010746917635842257,0.7761316032177006,18.851608073817594,0.021116486612826835,0.024913614393013428,0.007835965504618694,0.0459655527121669,0.035086385606986625,0.02216403449538132,1.12,1.12,1.12,1.12
0.010703995823152068,0.7761355056067505,18.85215900671427,0.021098977678918385,0.024924701160608242,0.00782853596437734,0.04598306164607535,0.03507529883939181,0.022171464035622673,1.12,1.12,1.12,1.12
0.010661245735398018,0.7761394265673585,18.852709166355844,0.02108157474026834,0.024935742824806678,0.007821166369420172,0.0460004645847254,0.035064257175193375,0.02217883363057984,1.12,1.12,1.12,1.12
0.010618666685728995,0.7761433679400711,18.85325856962139,0.021064277691459965,0.02494673933076863,0.007813856578859427,0.04601776163353377,0.03505326066923142,0.022186143421140586,1.12,1.12,1.12,1.12
0.010576257990039828,0.7761473315606952,18.853807233338742,0.02104708642502834,0.024957690625351248,0.007806606451520273,0.0460349528999654,0.035042309374648806,0.02219339354847974,1.12,1.12,1.12,1.12
0.010534018966960712,0.7761513192602966,18.854355174284567,0.021030000831485707,0.024968596657095804,0.007799415845950626,0.04605203849350803,0.03503140334290425,0.022200584154049387,1.12,1.12,1.12,1.12
0.010491948937846019,0.7761553328652003,18.854902409184415,0.02101302079934647,0.024979457376213016,0.007792284620430384,0.046069018525647265,0.03502054262378704,0.02220771537956963,1.12,1.12,1.12,1.12
0.010450047226763504,0.7761593741969883,18.85544895471284,0.02099614621516993,0.02499027273456944,0.007785212632981167,0.046085893109823806,0.03500972726543061,0.022214787367018846,1.12,1.12,1.12,1.12
0.010408313160483474,0.7761634450724989,18.855994827493397,0.020979376963583762,0.025001042685674657,0.007778199741375454,0.046102662361409974,0.034998957314325396,0.02222180025862456,1.12,1.12,1.12,1.12
0.010366746068467948,0.776167547303828,18.856540044098804,0.020962712927258653,0.025011767184665634,0.007771245803145754,0.04611932639773508,0.03498823281533442,0.02222875419685426,1.12,1.12,1.12,1.12
0.010325345282860044,0.7761716826983263,18.85708462105096,0.020946153986966365,0.025022446188294467,0.007764350675593765,0.04613588533802737,0.034977553811705586,0.022235649324406248,1.12,1.12,1.12,1.12
0.010284110138473147,0.7761758530586015,18.857628574821042,0.02092970002160316,0.025033079654914747,0.0077575142157993715,0.04615233930339058,0.034966920345085306,0.02224248578420064,1.12,1.12,1.12,1.12
0.010243039972780199,0.7761800601825168,18.85817192182958,0.020913350908214723,0.025043667544466047,0.007750736280629514,0.046168688416779013,0.034956332455534006,0.0222492637193705,1.12,1.12,1.12,1.12
0.010202134125903229,0.7761843058631914,18.858714678446574,0.020897106522019482,0.025054209818464096,0.007744016726746891,0.046184932802974255,0.03494579018153596,0.02225598327325312,1.12,1.12,1.12,1.12
0.010161391940602817,0.7761885918890015,18.85925686099149,0.02088096673643275,0.025064706439983375,0.007737355410618721,0.04620107258856099,0.03493529356001668,0.022262644589381292,1.12,1.12,1.12,1.12
0.01012081276227006,0.7761929200435742,18.85979848573338,0.02086493142308815,0.025075157373645768,0.007730752188523718,0.046217107901905585,0.034924842626354285,0.022269247811476295,1.12,1.12,1.12,1.12
0.01008039593891339,0.7761972921057944,18.860339568890943,0.020849000451863386,0.025085562585606735,0.007724206916562143,0.04623303887313035,0.03491443741439332,0.02227579308343787,1.12,1.12,1.12,1.12
0.010040140821146348,0.7762017098498109,18.860880126632708,0.020833173690904705,0.025095922043542718,0.007717719450665295,0.04624886563408903,0.034904077956457336,0.022282280549334718,1.12,1.12,1.12,1.12
0.010000046762179027,0.7762061750450302,18.86142017507703,0.020817451006648557,0.025106235716637615,0.007711289646602559,0.04626458831834518,0.03489376428336244,0.022288710353397453,1.12,1.12,1.12,1.12
0.009960113117807668,0.776210689456121,18.86195973029222,0.020801832263844633,0.02511650357556855,0.007704917359989752,0.0462802070611491,0.034883496424431504,0.02229508264001026,1.12,1.12,1.12,1.12
0.00992033924640423,0.7762152548430143,18.862498808296586,0.020786317325578896,0.025126725592494542,0.007698602446297109,0.04629572199941484,0.03487327440750551,0.022301397553702904,1.12,1.12,1.12,1.12
0.00988072450890627,0.7762198729609034,18.863037425058558,0.0207709060532959,0.025136901741042383,0.007692344760857256,0.046311133271697835,0.03486309825895767,0.022307655239142757,1.12,1.12,1.12,1.12
0.009841268268806536,0.7762245455602488,18.86357559649673,0.020755598306821332,0.02514703199629395,0.007686144158873129,0.046326441018172404,0.0348529680037061,0.022313855841126884,1.12,1.12,1.12,1.12
0.009801969892143126,0.7762292743867767,18.864113338480017,0.02074039394438465,0.025157128569395865,0.007680000495425679,0.04634164538060909,0.03484287143060419,0.022319999504574334,1.12,1.12,1.12,1.12
0.00976282874754868,0.7762340611451285,18.864650666699134,0.020725292842098952,0.025167178079782748,0.0076739136485274514,0.046356746482894784,0.034832821920217305,0.02232608635147256,1.12,1.12,1.12,1.12
0.009723844206115119,0.7762389075754149,18.865187596939336,0.020710294853488354,0.025177180621194117,0.007667883470878198,0.04637174447150538,0.034822819378805936,0.022332116529121815,1.12,1.12,1.12,1.12
0.00968501564144968,0.7762438154126218,18.865724144934752,0.020695399830702732,0.025187136277354416,0.0076619098152962,0.046386639494291004,0.03481286372264564,0.022338090184703813,1.12,1.12,1.12,1.12
0.009646342429664624,0.7762487863866515,18.866260326368717,0.020680607624525116,0.02519704512310217,0.007655992534704406,0.04640143170046862,0.034802954876897885,0.022344007465295607,1.12,1.12,1.12,1.12
0.009607823949367544,0.776253822222364,18.86679615687397,0.020665918084379065,0.025206907225407305,0.007650131482118183,0.04641612124061467,0.03479309277459275,0.02234986851788183,1.12,1.12,1.12,1.12
0.009569459581650942,0.7762589246396134,18.86733165203291,0.02065133105833783,0.02521672264428476,0.007644326510635249,0.04643070826665591,0.03478327735571529,0.022355673489364764,1.12,1.12,1.12,1.12
0.00953124871008253,0.776264095353279,18.86786682737781,0.020636846393134456,0.025226491433614384,0.007638577473427076,0.04644519293185928,0.03477350856638567,0.022361422526572937,1.12,1.12,1.12,1.12
0.009493190720695167,0.7762693360732972,18.86840169839101,0.02062246393417283,0.025236213641878114,0.0076328842237319144,0.046459575390820906,0.03476378635812194,0.0223671157762681,1.12,1.12,1.12,1.12
0.009455285001977032,0.776274648504686,18.868936280505146,0.02060818352553928,0.02524588931282229,0.007627246614848759,0.046473855799454455,0.034754110687177764,0.022372753385151253,1.12,1.12,1.12,1.12
0.00941753094486182,0.7762800343475729,18.8694705891033,0.020594005010015792,0.025255518486053535,0.007621664500132942,0.046488034314977944,0.03474448151394652,0.02237833549986707,1.12,1.12,1.12,1.12
0.009379927942719003,0.7762854952972154,18.870004639519177,0.020579928229092603,0.025265101197570333,0.007616137732992481,0.04650211109590113,0.03473489880242972,0.02238386226700753,1.12,1.12,1.12,1.12
0.009342475391343853,0.7762910330440234,18.87053844703732,0.020565953022982142,0.02527463748024389,0.007610666166885549,0.046516086302011594,0.034725362519756164,0.022389333833114464,1.12,1.12,1.12,1.12
0.009305172688947838,0.7762966492735757,18.871072026893184,0.020552079230633735,0.025284127364247844,0.007605249655318565,0.04652996009436,0.03471587263575221,0.022394750344681448,1.12,1.12,1.12,1.12
0.009268019236149129,0.7763023456666416,18.8716053942734,0.02053830668974771,0.025293570877444882,0.0075998880518452355,0.04654373263524603,0.03470642912255517,0.022400111948154777,1.12,1.12,1.12,1.12
0.009231014435962725,0.7763081238991948,18.872138564315815,0.020524635236790933,0.025302968045731122,0.007594581210066176,0.0465574040882028,0.03469703195426893,0.022405418789933837,1.12,1.12,1.12,1.12
0.009194157693791017,0.7763139856424286,18.872671552109725,0.02051106470701225,0.025312318893348368,0.007589328983629226,0.046570974617981487,0.034687681106651685,0.022410671016370787,1.12,1.12,1.12,1.12
0.009157448417414038,0.7763199325627709,18.873204372695962,0.020497594934458074,0.025321623443161467,0.007584131226229959,0.04658444439053566,0.034678376556838586,0.022415868773770053,1.12,1.12,1.12,1.12
0.0091208860169818,0.7763259663218952,18.87373704106703,0.020484225751987828,0.025330881716907228,0.00757898779161216,0.04659781357300591,0.034669118283092826,0.022421012208387853,1.12,1.12,1.12,1.12
0.00908446990500158,0.7763320885767376,18.874269572167268,0.020470956991291256,0.02534009373541818,0.007573898533571252,0.04661108233370248,0.034659906264581875,0.02242610146642876,1.12,1.12,1.12,1.12
0.009048199496329668,0.7763383009795062,18.874801980893007,0.020457788482904193,0.025349259518821443,0.00756886330595577,0.04662425084208954,0.03465074048117861,0.022431136694044243,1.12,1.12,1.12,1.12
0.009012074208162213,0.7763446051776941,18.875334282092627,0.020444720056225163,0.025358379086718008,0.007563881962669321,0.04663731926876857,0.034641620913282045,0.022436118037330692,1.12,1.12,1.12,1.12
0.008976093460026124,0.7763510028140866,18.875866490566754,0.02043175153953175,0.025367452458341266,0.007558954357673231,0.046650287785461986,0.03463254754165879,0.022441045642326782,1.12,1.12,1.12,1.12
0.008940256673769431,0.7763574955267748,18.87639862106831,0.02041888275999737,0.025376479652700984,0.0075540803449894445,0.046663156564996366,0.03462352034729907,0.02244591965501057,1.12,1.12,1.12,1.12
0.008904563273552357,0.7763640849491624,18.87693068830272,0.02040611354370797,0.025385460688710088,0.007549259778703445,0.046675925781285765,0.034614539311289966,0.022450740221296568,1.12,1.12,1.12,1.12
0.008869012685837818,0.7763707727099773,18.87746270692794,0.020393443715678805,0.02539439558529749,0.0075444925129677515,0.04668859560931493,0.03460560441470256,0.02245550748703226,1.12,1.12,1.12,1.12
0.008833604339382406,0.7763775604332791,18.877994691554655,0.020380873099871355,0.025403284361509793,0.007539778402005232,0.04670116622512238,0.03459671563849026,0.02246022159799478,1.12,1.12,1.12,1.12
0.008798337665227062,0.7763844497384688,18.878526656746345,0.020368401519209878,0.02541212703660084,0.007535117300112651,0.04671363780578386,0.03458787296339921,0.022464882699887362,1.12,1.12,1.12,1.12
0.008763212096688023,0.7763914422402971,18.879058617019453,0.020356028795598835,0.025420923630111614,0.007530509061664442,0.0467260105293949,0.03457907636988844,0.02246949093833557,1.12,1.12,1.12,1.12
0.00872822706934775,0.7763985395488732,18.879590586843456,0.020343754749938936,0.025429674161940252,0.007525953541116542,0.0467382845750548,0.0345703258380598,0.02247404645888347,1.12,1.12,1.12,1.12
0.008693382021045836,0.7764057432696725,18.880122580641,0.020331579202144345,0.025438378652405697,0.007521450593010237,0.04675046012284939,0.03456162134759436,0.022478549406989776,1.12,1.12,1.12,1.12
0.008658676391869858,0.7764130550035448,18.880654612788028,0.020319501971159393,0.025447037122302563,0.007517000071976157,0.046762537353834344,0.03455296287769749,0.022482999928023856,1.12,1.12,1.12,1.12
0.008624109624146614,0.7764204763467225,18.881186697613884,0.020307522874975226,0.025455649592949603,0.007512601832738261,0.04677451645001851,0.03454435040705045,0.022487398167261752,1.12,1.12,1.12,1.12
0.008589681162433083,0.7764280088908289,18.881718849401416,0.020295641730646352,0.025464216086233338,0.007508255730117944,0.046786397594347384,0.034535783913766716,0.02249174426988207,1.12,1.12,1.12,1.12
0.008555390453507528,0.776435654222885,18.882251082387135,0.02028385835430735,0.02547273662464461,0.007503961619038199,0.04679818097068639,0.034527263375355444,0.022496038380961814,1.12,1.12,1.12,1.12
0.008521236946362842,0.7764434139253128,18.882783410761228,0.02027217256118774,0.025481211231312584,0.007499719354526174,0.046809866763805996,0.03451878876868747,0.02250028064547384,1.12,1.12,1.12,1.12
0.008487220092222626,0.7764512895758928,18.883315848667195,0.020260584165611217,0.025489639930029062,0.007495528791702857,0.04682145515938252,0.03451036006997099,0.022504471208297155,1.12,1.12,1.12,1.12
0.008453339344474032,0.7764592827478909,18.883848410203154,0.0202490929810501,0.02549802274527721,0.007491389785822422,0.04683294634394364,0.03450197725472284,0.02250861021417759,1.12,1.12,1.12,1.12
0.00841959415868998,0.7764673950100006,18.884381109421344,0.02023769882012233,0.025506359702252346,0.0074873021922572044,0.04684434050487141,0.03449364029774771,0.02251269780774281,1.12,1.12,1.12,1.12
0.008385983992620671,0.7764756279263555,18.88491396032819,0.02022640149460725,0.02551465082687862,0.007483265866501998,0.04685563783038649,0.03448534917312143,0.022516734133498015,1.12,1.12,1.12,1.12
0.00835250830618457,0.7764839830565313,18.885446976884474,0.020215200815461853,0.02552289614582609,0.007479280664178162,0.04686683850953188,0.03447710385417396,0.02252071933582185,1.12,1.12,1.12,1.12
0.00831916656145988,0.7764924619555583,18.8859801730054,0.020204096592837117,0.02553109568652273,0.0074753464410377835,0.04687794273215662,0.03446890431347732,0.02252465355896223,1.12,1.12,1.12,1.12
0.008285958222675794,0.7765010661739263,18.886513562560754,0.02019308863609315,0.025539249477164072,0.007471463052967878,0.04688895068890059,0.03446075052283598,0.022528536947032135,1.12,1.12,1.12,1.12
0.008252882803556539,0.7765097971682279,18.887047158416518,0.020182176752093106,0.02554735758046861,0.007467630320350277,0.04689986257290063,0.03445264241953144,0.022532369679649736,1.12,1.12,1.12,1.12
0.008219939725287118,0.7765186565682902,18.88758097530664,0.020171360747766542,0.02555541998934785,0.007463848135887546,0.046910678577227194,0.034444580010652204,0.022536151864112466,1.12,1.12,1.12,1.12
0.008187128458451598,0.7765276459111038,18.88811502696626,0.020160640430093246,0.02556343673419645,0.007460116355953811,0.04692139889490049,0.034436563265803605,0.022539883644046202,1.12,1.12,1.12,1.12
0.008154448475774912,0.7765367667291083,18.888649327085073,0.020150015605326976,0.025571407846219196,0.0074564348370555755,0.04693202371966676,0.03442859215378086,0.022543565162944437,1.12,1.12,1.12,1.12
0.008121899252040876,0.7765460205503463,18.889183889308953,0.02013948607904531,0.02557933335741991,0.007452803435883157,0.046942553245948426,0.034420666642580144,0.022547196564116856,1.12,1.12,1.12,1.12
0.008089480264120841,0.7765554088983988,18.889718727239305,0.02012905165614215,0.02558721330060315,0.007449222009291961,0.04695298766885159,0.0344127866993969,0.02255077799070805,1.12,1.12,1.12,1.12
0.008057190990964625,0.7765649332923907,18.890253854433208,0.020118712140841988,0.02559504770937293,0.0074456904143066355,0.04696332718415175,0.03440495229062712,0.022554309585693377,1.12,1.12,1.12,1.12
0.008025030913592569,0.7765745952470013,18.890789284403503,0.020108467336714675,0.02560283661813234,0.007442208508125089,0.04697357198827906,0.03439716338186771,0.022557791491874923,1.12,1.12,1.12,1.12
0.007992999515086875,0.7765843962724704,18.891325030618937,0.02009831704668913,0.025610580062079946,0.007438776148122453,0.04698372227830461,0.03438941993792011,0.02256122385187756,1.12,1.12,1.12,1.12
0.007961096233850152,0.7765943379704924,18.891861107471318,0.020088261100668248,0.025618278075505374,0.007435393220831053,0.04699377822432549,0.03438172192449468,0.02256460677916896,1.12,1.12,1.12,1.12
0.007929320604658585,0.7766044217458273,18.89239752735932,0.020078299275784195,0.02562593070123248,0.007432059553350731,0.04700374004920954,0.03437406929876757,0.02256794044664928,1.12,1.12,1.12,1.12
0.00789767211689867,0.7766146490951039,18.892934303616492,0.020068431373109374,0.025633537976925996,0.007428775003494814,0.04701360795188436,0.03436646202307406,0.0225712249965052,1.12,1.12,1.12,1.12
0.007866150261998951,0.7766250215105179,18.893471449532484,0.02005865719312222,0.025641099941032197,0.007425539429262301,0.047023382131871516,0.034358900058967856,0.02257446057073771,1.12,1.12,1.12,1.12
0.007834754533421728,0.7766355404798397,18.89400897835315,0.02004897653572074,0.025648616632773513,0.007422352688841463,0.047033062789272995,0.03435138336722654,0.02257764731115855,1.12,1.12,1.12,1.12
0.007803484426654839,0.7766462074864228,18.89454690328068,0.020039389200237456,0.02565608809214398,0.0074192146406135695,0.04704265012475628,0.03434391190785607,0.022580785359386443,1.12,1.12,1.12,1.12
0.007772339439203524,0.7766570240092133,18.895085237473722,0.02002989498545288,0.025663514359903106,0.007416125143156288,0.04705214433954086,0.03433648564009695,0.022583874856843725,1.12,1.12,1.12,1.12
0.007741319070582575,0.7766679915227584,18.895623994047487,0.020020493689609786,0.02567089547757101,0.007413084055247286,0.04706154563538395,0.034329104522429044,0.022586915944752727,1.12,1.12,1.12,1.12
0.0077104228223081606,0.7766791114972151,18.89616318607391,0.02001118511042671,0.02567823148742082,0.007410091235867708,0.047070854214567026,0.03432176851257923,0.022589908764132305,1.12,1.12,1.12,1.12
0.00767965019788992,0.7766903853983586,18.896702826581702,0.02000196904511159,0.025685522432473407,0.007407146544205531,0.04708007027988215,0.03431447756752665,0.02259285345579448,1.12,1.12,1.12,1.12
0.007649000702822795,0.7767018146875938,18.89724292855655,0.01999284529037587,0.02569276835648976,0.007404249839658955,0.047089194034617865,0.034307231643510294,0.022595750160341058,1.12,1.12,1.12,1.12
0.0076184738445792995,0.7767134008219607,18.897783504941174,0.019983813642447,0.02569996930396487,0.007401400981839779,0.047098225682546735,0.03430003069603518,0.022598599018160234,1.12,1.12,1.12,1.12
0.007588069132601483,0.776725145254146,18.898324568635488,0.01997487389708269,0.02570712532012076,0.007398599830576599,0.047107165427911046,0.03429287467987929,0.022601400169423413,1.12,1.12,1.12,1.12
0.00755778607829325,0.7767370494324921,18.898866132496703,0.019966025849583402,0.02571423645089893,0.007395846245918089,0.047116013475410334,0.03428576354910112,0.022604153754081924,1.12,1.12,1.12,1.12
0.007527624195012139,0.7767491148010053,18.89940820933947,0.019957269294805846,0.025721302742953034,0.007393140088136199,0.04712477003018789,0.03427869725704702,0.022606859911863814,1.12,1.12,1.12,1.12
0.007497582998061959,0.7767613427993662,18.89995081193598,0.019948604027175687,0.025728324243642242,0.00739048121772936,0.04713343529781805,0.03427167575635781,0.022609518782270653,1.12,1.12,1.12,1.12
0.007467662004684784,0.7767737348629388,18.900493953016095,0.01994002984070048,0.025735301001022726,0.0073878694954253935,0.04714200948429326,0.03426469899897733,0.02261213050457462,1.12,1.12,1.12,1.12
0.007437860734053237,0.7767862924227802,18.90103764526748,0.01993154652898249,0.02574223306384124,0.0073853047821847845,0.047150492796011245,0.03425776693615881,0.02261469521781523,1.12,1.12,1.12,1.12
0.007408178707262714,0.7767990169056491,18.90158190133571,0.01992315388523097,0.02574912048152661,0.007382786939203578,0.047158885439762765,0.03425087951847344,0.022617213060796434,1.12,1.12,1.12,1.12
0.007378615447323745,0.7768119097340174,18.90212673382442,0.019914851702275194,0.02575596330418317,0.007380315827916366,0.04716718762271854,0.03424403669581688,0.022619684172083647,1.12,1.12,1.12,1.12
0.007349170479154532,0.7768249723260775,18.902672155295402,0.01990663977257634,0.02576276158258184,0.007377891309999225,0.047175399552417396,0.034237238417418214,0.022622108690000788,1.12,1.12,1.12,1.12
0.007319843329573006,0.7768382060957553,18.903218178268737,0.01989851788823982,0.025769515368153695,0.007375513247372602,0.04718352143675392,0.03423048463184636,0.02262448675262741,1.12,1.12,1.12,1.12
0.007290633527289448,0.7768516124527157,18.903764815222917,0.019890485841027872,0.02577622471298152,0.007373181502204125,0.047191553483965865,0.03422377528701853,0.022626818497795888,1.12,1.12,1.12,1.12
0.007261540602898853,0.7768651928023766,18.90431207859501,0.019882543422371002,0.025782889669791947,0.007370895936911398,0.047199495902622735,0.034217110330208106,0.022629104063088615,1.12,1.12,1.12,1.12
0.007232564088873428,0.7768789485459167,18.904859980780707,0.01987469042338036,0.025789510291948398,0.007368656414164829,0.04720734890161338,0.034210489708051656,0.022631343585835184,1.12,1.12,1.12,1.12
0.007203703519555127,0.7768928810802859,18.90540853413452,0.019866926634859228,0.025796086633442405,0.0073664627968902385,0.04721511269013451,0.03420391336655765,0.022633537203109774,1.12,1.12,1.12,1.12
0.00717495843114806,0.7769069917982151,18.905957750969865,0.019859251847315074,0.025802618748887396,0.007364314948271583,0.04722278747767866,0.03419738125111266,0.02263568505172843,1.12,1.12,1.12,1.12
0.007146328361711207,0.7769212820882277,18.906507643559205,0.019851665850970812,0.025809106693509498,0.007362212731753526,0.047230373474022924,0.034190893306490555,0.022637787268246487,1.12,1.12,1.12,1.12
0.007117812851150918,0.7769357533346487,18.907058224134182,0.019844168435776466,0.025815550523140884,0.007360156011044193,0.04723787088921727,0.03418444947685917,0.02263984398895582,1.12,1.12,1.12,1.12
0.00708941144121349,0.7769504069176139,18.907609504885716,0.019836759391420655,0.025821950294211,0.007358144650117485,0.04724527993357308,0.034178049705789054,0.022641855349882528,1.12,1.12,1.12,1.12
0.007061123675478021,0.7769652442130823,18.90816149796416,0.01982943850734148,0.025828306063739842,0.007356178513215697,0.04725260081765226,0.03417169393626021,0.022643821486784316,1.12,1.12,1.12,1.12
0.007032949099348951,0.776980266592847,18.908714215479403,0.019822205572738227,0.02583461788933078,0.007354257464852014,0.04725983375225551,0.03416538211066927,0.022645742535148,1.12,1.12,1.12,1.12
0.007004887260048509,0.7769954754245424,18.909267669501034,0.019815060376581872,0.02584088582916133,0.007352381369812935,0.047266978948411864,0.03415911417083872,0.022647618630187077,1.12,1.12,1.12,1.12
0.0069769377066100985,0.7770108720716582,18.909821872058426,0.019808002707626338,0.025847109941977198,0.00735055009316056,0.0472740366173674,0.034152890058022856,0.022649449906839453,1.12,1.12,1.12,1.12
0.0069490999898702555,0.7770264578935466,18.910376835140884,0.019801032354419323,0.025853290287083525,0.007348763500235063,0.04728100697057441,0.03414670971291653,0.02265123649976495,1.12,1.12,1.12,1.12
0.006921373662462305,0.7770422342454375,18.91093257069777,0.019794149105312964,0.025859426924338624,0.007347021456656944,0.04728789021968077,0.03414057307566143,0.02265297854334307,1.12,1.12,1.12,1.12
0.0068937582788084935,0.7770582024784439,18.911489090638632,0.01978735274847454,0.025865519914145152,0.007345323828329212,0.047294686576519196,0.0341344800858549,0.0226546761716708,1.12,1.12,1.12,1.12
0.006866253395113109,0.777074363939577,18.91204640683332,0.01978064307189692,0.02587156931744347,0.007343670481439871,0.04730139625309682,0.03412843068255658,0.022656329518560142,1.12,1.12,1.12,1.12
0.006838858569355466,0.7770907199717544,18.912604531112144,0.019774019863409042,0.025877575195704355,0.007342061282463848,0.047308019461584694,0.0341224248042957,0.022657938717536165,1.12,1.12,1.12,1.12
0.00681157336128262,0.7771072719138123,18.91316347526596,0.019767482910686363,0.025883537610921215,0.007340496098165297,0.047314556414307374,0.03411646238907884,0.022659503901834716,1.12,1.12,1.12,1.12
0.0067843973324024365,0.7771240211005161,18.91372325104634,0.019761032001260503,0.02588945662560327,0.007338974795599647,0.04732100732373323,0.034110543374396785,0.022661025204400366,1.12,1.12,1.12,1.12
0.0067573300459764065,0.7771409688625703,18.914283870165665,0.019754666922530195,0.025895332302767693,0.007337497242115798,0.04732737240246354,0.03410466769723236,0.022662502757884215,1.12,1.12,1.12,1.12
0.006730371067013019,0.7771581165266315,18.914845344297266,0.019748387461770878,0.025901164705932567,0.007336063305358076,0.04733365186322286,0.03409883529406749,0.022663936694641937,1.12,1.12,1.12,1.12
0.006703519962260263,0.7771754654153183,18.91540768507557,0.01974219340614447,0.02590695389910941,0.007334672853268276,0.047339845918849266,0.034093046100890645,0.022665327146731737,1.12,1.12,1.12,1.12
0.006676776300199006,0.7771930168472212,18.915970904096213,0.01973608454270942,0.025912699946796902,0.007333325754087676,0.047345954782284316,0.03408730005320315,0.022666674245912337,1.12,1.12,1.12,1.12
0.006650139651035891,0.7772107721369166,18.91653501291615,0.01973006065843036,0.025918402913972516,0.007332021876358945,0.04735197866656338,0.03408159708602754,0.022667978123641068,1.12,1.12,1.12,1.12
0.0066236095866967215,0.7772287325949764,18.917100023053823,0.0197241215401876,0.025924062866086395,0.007330761088928085,0.047357917784806136,0.03407593713391366,0.022669238911071928,1.12,1.12,1.12,1.12
0.006597185680819484,0.7772468995279782,18.91766594598927,0.019718266974787124,0.025929679869053618,0.007329543260946272,0.04736377235020661,0.034070320130946435,0.02267045673905374,1.12,1.12,1.12,1.12
0.0065708675087472026,0.7772652742385193,18.918232793164243,0.019712496748969133,0.025935253989247842,0.00732836826187179,0.047369542576024604,0.03406474601075221,0.022671631738128223,1.12,1.12,1.12,1.12
0.006544654647521542,0.7772838580252254,18.91880057598237,0.01970681064941837,0.025940785293493224,0.007327235961471709,0.047375228675575365,0.03405921470650683,0.022672764038528304,1.12,1.12,1.12,1.12
0.006518546675875836,0.7773026521827641,18.91936930580924,0.019701208462772513,0.025946273849058427,0.007326146229823791,0.047380830862221224,0.03405372615094163,0.022673853770176222,1.12,1.12,1.12,1.12
0.006492543174228205,0.7773216580018544,18.919938993972565,0.019695689975631925,0.02595171972364982,0.007325098937318156,0.04738634934936181,0.034048280276350235,0.022674901062681857,1.12,1.12,1.12,1.12
0.006466643724675203,0.7773408767692802,18.92050965176231,0.019690254974568333,0.025957122985403508,0.007324093954659036,0.0473917843504254,0.034042877014596545,0.022675906045340977,1.12,1.12,1.12,1.12
0.006440847910984715,0.7773603097679,18.92108129043082,0.01968490324613381,0.025962483702878902,0.007323131152866487,0.047397136078859925,0.03403751629712115,0.022676868847133526,1.12,1.12,1.12,1.12
0.006415155318589516,0.7773799582766604,18.921653921192917,0.019679634576869942,0.02596780194505216,0.007322210403277948,0.047402404748123794,0.03403219805494789,0.022677789596722064,1.12,1.12,1.12,1.12
0.006389565534580477,0.7773998235706057,18.922227555226073,0.01967444875331603,0.02597307778130964,0.007321331577549953,0.047407590571677705,0.034026922218690414,0.02267866842245006,1.12,1.12,1.12,1.12
0.006364078147700081,0.777419906920891,18.922802203670535,0.01966934556201816,0.025978311281439542,0.007320494547659678,0.04741269376297558,0.03402168871856051,0.022679505452340334,1.12,1.12,1.12,1.12
0.006338692748335717,0.7774402095947933,18.923377877629427,0.019664324789537835,0.025983502515627283,0.007319699185906539,0.0474177145354559,0.03401649748437277,0.022680300814093474,1.12,1.12,1.12,1.12
0.006313408928513065,0.7774607328557233,18.923954588168908,0.019659386222460107,0.025988651554447267,0.007318945364913669,0.04742265310253363,0.034011348445552786,0.022681054635086344,1.12,1.12,1.12,1.12
0.006288226281889875,0.7774814779632377,18.924532346318284,0.01965452964740222,0.025993758468856765,0.007318232957629414,0.04742750967759152,0.03400624153114329,0.0226817670423706,1.12,1.12,1.12,1.12
0.006263144403748911,0.7775024461730512,18.925111163070156,0.019649754851021772,0.025998823330188714,0.007317561837328915,0.047432284473971964,0.03400117666981134,0.022682438162671098,1.12,1.12,1.12,1.12
0.006238162890992039,0.7775236387370456,18.925691049380525,0.019645061620025273,0.026003846210145398,0.007316931877615326,0.047436977704968464,0.033996153789854655,0.022683068122384686,1.12,1.12,1.12,1.12
0.006213281342133126,0.777545056903286,18.92627201616896,0.019640449741175625,0.026008827180791727,0.007316342952421534,0.04744158958381811,0.033991172819208326,0.02268365704757848,1.12,1.12,1.12,1.12
0.006188499357292177,0.7775667019160301,18.926854074318687,0.01963591900130085,0.026013766314548936,0.007315794936011227,0.047446120323692886,0.03398623368545112,0.022684205063988785,1.12,1.12,1.12,1.12
0.006163816538188716,0.7775885750157402,18.92743723467675,0.01963146918730141,0.026018663684187454,0.00731528770298049,0.04745057013769233,0.0339813363158126,0.022684712297019523,1.12,1.12,1.12,1.12
0.006139232488135304,0.7776106774390966,18.928021508054126,0.019627100086158755,0.026023519362819908,0.007314821128258944,0.04745493923883498,0.033976480637180145,0.02268517887174107,1.12,1.12,1.12,1.12
0.006114746812030969,0.7776330104190079,18.928606905225873,0.01962281148494366,0.026028333423895544,0.007314395087111195,0.04745922784005008,0.03397166657610451,0.022685604912888818,1.12,1.12,1.12,1.12
0.006090359116355426,0.7776555751846246,18.929193436931232,0.019618603170821425,0.02603310594119329,0.007314009455138014,0.04746343615417231,0.03396689405880676,0.022685990544862,1.12,1.12,1.12,1.12
0.006066069009162467,0.7776783729613506,18.929781113873776,0.019614474931061443,0.026037836988814733,0.007313664108277551,0.04746756439393229,0.03396216301118532,0.02268633589172246,1.12,1.12,1.12,1.12
0.006041876100073562,0.777701404970855,18.930369946721548,0.019610426553043958,0.026042526641178343,0.007313358922806719,0.04747161277194978,0.03395747335882171,0.022686641077193294,1.12,1.12,1.12,1.12
0.0060177800002716,0.7777246724310848,18.930959946107194,0.019606457824267898,0.026047174973012732,0.007313093775342151,0.04747558150072584,0.03395282502698732,0.02268690622465786,1.12,1.12,1.12,1.12
0.005993780322494713,0.7777481765562766,18.93155112262805,0.01960256853235809,0.026051782059349382,0.007312868542841508,0.04747947079263565,0.03394821794065067,0.022687131457158505,1.12,1.12,1.12,1.12
0.00596987668103055,0.7777719185569704,18.932143486846325,0.01959875846507253,0.02605634797551737,0.007312683102604564,0.047483280859921206,0.033943652024482684,0.02268731689739545,1.12,1.12,1.12,1.12
0.0059460686917089944,0.7777958996400192,18.932737049289223,0.019595027410309385,0.02606087279713659,0.007312537332274327,0.04748701191468435,0.03393912720286346,0.022687462667725686,1.12,1.12,1.12,1.12
0.005922355971896876,0.7778201210086032,18.933331820449048,0.01959137515611442,0.026065356600110556,0.007312431109838147,0.047490664168879315,0.0339346433998895,0.022687568890161866,1.12,1.12,1.12,1.12
0.005898738140491799,0.7778445838622423,18.933927810783352,0.01958780149068784,0.02606979946062124,0.007312364313628653,0.0474942378343059,0.03393020053937881,0.02268763568637136,1.12,1.12,1.12,1.12
0.005875214817915486,0.7778692893968074,18.93452503071507,0.0195843062023911,0.026074201455121793,0.007312336822324933,0.04749773312260264,0.03392579854487826,0.02268766317767508,1.12,1.12,1.12,1.12
0.005851785626108042,0.7778942388045336,18.93512349063264,0.019580889079753805,0.02607856266033115,0.007312348514953458,0.04750115024523993,0.0339214373396689,0.022687651485046555,1.12,1.12,1.12,1.12
0.005828450188521961,0.777919433274032,18.935723200890138,0.019577549911480585,0.026082883153227487,0.0073123992708890445,0.04750448941351315,0.033917116846772566,0.022687600729110968,1.12,1.12,1.12,1.12
0.005805208130115869,0.7779448739903021,18.93632417180743,0.019574288486457758,0.02608716301104158,0.007312488969855896,0.04750775083853598,0.03391283698895847,0.022687511030144117,1.12,1.12,1.12,1.12
0.005782059077348656,0.7779705621347457,18.936926413670253,0.019571104593759936,0.02609140231125137,0.007312617491928394,0.0475109347312338,0.03390859768874868,0.02268738250807162,1.12,1.12,1.12,1.12
0.005759002658173396,0.7779964988851771,18.937529936730392,0.019567998022656352,0.026095601131575885,0.007312784717532134,0.047514041302337384,0.03390439886842417,0.02268721528246788,1.12,1.12,1.12,1.12
0.005736038502031216,0.7780226854158374,18.938134751205798,0.01956496856261747,0.026099759549969292,0.007312990527444704,0.04751707076237627,0.03390024045003076,0.02268700947255531,1.12,1.12,1.12,1.12
0.005713166239845791,0.7780491228974067,18.938740867280714,0.01956201600332136,0.02610387764461486,0.007313234802796616,0.04752002332167238,0.033896122355385194,0.022686765197203397,1.12,1.12,1.12,1.12
0.005690385504016904,0.7780758124970156,18.93934829510579,0.019559140134660202,0.02610795549392017,0.007313517425072115,0.047522899190333534,0.03389204450607988,0.022686482574927898,1.12,1.12,1.12,1.12
0.005667695928415029,0.7781027553782599,18.939957044798263,0.019556340746745837,0.02611199317651086,0.0073138382761099505,0.0475256985782479,0.03388800682348919,0.022686161723890062,1.12,1.12,1.12,1.12
0.005645097148374934,0.7781299527012108,18.940567126442023,0.019553617629916642,0.026115990771225478,0.007314197238104267,0.047528421695077094,0.033884009228774575,0.022685802761895746,1.12,1.12,1.12,1.12
0.005622588800690354,0.7781574056224292,18.9411785500878,0.019550970574743254,0.026119948357110734,0.007314594193605237,0.04753106875025048,0.03388005164288932,0.022685405806394776,1.12,1.12,1.12,1.12
0.005600170523607684,0.7781851152949776,18.94179132575326,0.019548399372034675,0.02612386601341618,0.007315029025519934,0.04753363995295906,0.03387613398658387,0.02268497097448008,1.12,1.12,1.12,1.12
0.00557784195682034,0.778213082868433,18.942405463423153,0.01954590381284388,0.026127743819589738,0.007315501617112988,0.04753613551214986,0.033872256180410315,0.022684498382887025,1.12,1.12,1.12,1.12
0.005555602741463295,0.7782413094889,18.943020973049432,0.019543483688474028,0.0261315818552737,0.007316011852007254,0.04753855563651971,0.03386841814472635,0.02268398814799276,1.12,1.12,1.12,1.12
0.0055334525201069075,0.7782697962990224,18.943637864551395,0.019541138790484358,0.026135380200299485,0.007316559614184648,0.04754090053450938,0.03386461979970057,0.022683440385815365,1.12,1.12,1.12,1.12
0.005511390936751193,0.7782985444379968,18.94425614781581,0.019538868910695284,0.02613913893468517,0.007317144787986611,0.04754317041429845,0.033860861065314884,0.0226828552120134,1.12,1.12,1.12,1.12
0.005489417636820315,0.7783275550415862,18.944875832697036,0.01953667384119495,0.02614285813863096,0.007317767258114977,0.047545365483798785,0.033857141861369094,0.022682232741885036,1.12,1.12,1.12,1.12
0.005467532267156683,0.7783568292421293,18.945496929017157,0.019534553374343566,0.026146537892516475,0.007318426909632421,0.04754748595065017,0.03385346210748358,0.022681573090367592,1.12,1.12,1.12,1.12
0.0054457344760156625,0.7783863681685583,18.94611944656615,0.019532507302780278,0.026150178276898306,0.007319123627963206,0.04754953202221346,0.03384982172310175,0.022680876372036807,1.12,1.12,1.12,1.12
0.005424023913059362,0.7784161729464073,18.94674339510195,0.01953053541942762,0.02615377937250732,0.00731985729889377,0.04755150390556612,0.033846220627492735,0.022680142701106243,1.12,1.12,1.12,1.12
0.005402400229351523,0.778446244697828,18.947368784350626,0.019528637517497283,0.026157341260246575,0.007320627808573177,0.047553401807496454,0.03384265873975348,0.022679372191426836,1.12,1.12,1.12,1.12
0.005380863077351439,0.7784765845416006,18.947995624006488,0.019526813390495557,0.026160864021190167,0.007321435043513916,0.04755522593449818,0.03383913597880989,0.022678564956486097,1.12,1.12,1.12,1.12
0.0053594121109088455,0.7785071935931474,18.948623923732253,0.019525062832228157,0.026164347736582327,0.007322278890592379,0.04755697649276558,0.033835652263417726,0.022677721109407634,1.12,1.12,1.12,1.12
0.005338046985258017,0.7785380729645457,18.94925369315912,0.019523385636806057,0.026167792487836627,0.00732315923704932,0.04755865368818768,0.033832207512163426,0.022676840762950692,1.12,1.12,1.12,1.12
0.005316767357012609,0.7785692237645417,18.94988494188694,0.019521781598649868,0.026171198356535585,0.0073240759704905345,0.04756025772634387,0.03382880164346447,0.02267592402950948,1.12,1.12,1.12,1.12
0.00529557288415945,0.7786006470985607,18.95051767948435,0.01952025051249562,0.02617456542443114,0.007325028978887385,0.04756178881249812,0.03382543457556891,0.022674971021112628,1.12,1.12,1.12,1.12
0.005274463226053828,0.7786323440687222,18.95115191548887,0.019518792173399413,0.026177893773444982,0.007326018150577304,0.04756324715159432,0.03382210622655507,0.02267398184942271,1.12,1.12,1.12,1.12
0.005253438043413539,0.7786643157738521,18.951787659407053,0.01951740637674254,0.026181183485672666,0.007327043374264264,0.047564632948251195,0.03381881651432739,0.02267295662573575,1.12,1.12,1.12,1.12
0.0052324969983137855,0.7786965633094955,18.952424920714627,0.019516092918236416,0.026184434643713672,0.007328104539019463,0.04756594640675732,0.03381556535628638,0.02267189546098055,1.12,1.12,1.12,1.12
0.005211639754181175,0.7787290877679299,18.953063708856593,0.019514851593928906,0.026187647330473712,0.007329201534282549,0.04756718773106483,0.03381235266952634,0.022670798465717464,1.12,1.12,1.12,1.12
0.005190865975789017,0.7787618902381782,18.95370403324741,0.019513682200208604,0.026190821628938543,0.0073303342498624025,0.04756835712478513,0.03380917837106151,0.02266966575013761,1.12,1.12,1.12,1.12
0.005170175329251548,0.7787949718060194,18.954345903271044,0.019512584533809385,0.02619395762216814,0.007331502575937496,0.04756945479118435,0.03380604237783191,0.022668497424062517,1.12,1.12,1.12,1.12
0.005149567482018603,0.7788283335540058,18.95498932828119,0.019511558391815342,0.02619705539328865,0.007332706403056138,0.047570480933178394,0.033802944606711405,0.022667293596943874,1.12,1.12,1.12,1.12
0.00512904210287024,0.7788619765614719,18.95563431760133,0.019510603571664398,0.026200115025484694,0.007333945622136774,0.04757143575332934,0.03379988497451536,0.02266605437786324,1.12,1.12,1.12,1.12
0.005108598861911684,0.778895901904551,18.956280880524883,0.019509719871153852,0.02620313660060719,0.007335220124468078,0.047572319453839884,0.03379686339939286,0.022664779875531935,1.12,1.12,1.12,1.12
0.005088237430567722,0.7789301106561857,18.956929026315347,0.019508907088440497,0.026206120200677585,0.0073365298017060016,0.04757313223655324,0.03379387979932247,0.02266347019829401,1.12,1.12,1.12,1.12
0.005067957481577601,0.7789646038861421,18.957578764206406,0.019508165022045887,0.0262090659093486,0.0073378745458741595,0.04757387430294785,0.03379093409065145,0.022662125454125853,1.12,1.12,1.12,1.12
0.005047758688989746,0.7789993826610234,18.958230103402048,0.0195074934708635,0.02621197381032514,0.007339254249367787,0.047574545854130235,0.03378802618967491,0.022660745750632226,1.12,1.12,1.12,1.12
0.005027640728156602,0.7790344480442807,18.95888305307674,0.01950689223416341,0.026214843987359487,0.007340668804953945,0.04757514709083033,0.033785156012640566,0.022659331195046067,1.12,1.12,1.12,1.12
0.005007603275729178,0.7790698010962274,18.959537622375525,0.019506361111595816,0.026217676524246836,0.007342118105771657,0.04757567821339792,0.03378232347575322,0.022657881894228356,1.12,1.12,1.12,1.12
0.004987646009645541,0.7791054428740669,18.960193820414307,0.01950589990319712,0.026220471508421217,0.007343602045337294,0.047576139421796615,0.033779528491578836,0.02265639795466272,1.12,1.12,1.12,1.12
0.004967768608801837,0.779141374432602,18.96085165628712,0.01950550840949078,0.026223229024571276,0.007345120517794568,0.04757653091550296,0.03377677097542878,0.022654879482205445,1.12,1.12,1.12,1.12
0.0049479707537017255,0.7791775968228403,18.9615111390518,0.019505186431349297,0.02622594915676435,0.007346673417404692,0.04757685289364444,0.0337740508432357,0.02265332658259532,1.12,1.12,1.12,1.12
0.004928252126139166,0.7792141110926782,18.962172277737046,0.019504933770040422,0.026228631989138607,0.007348260638791945,0.047577105554953314,0.03377136801086145,0.022651739361208068,1.12,1.12,1.12,1.12
0.004908612409201263,0.7792509182868941,18.962835081342327,0.019504750227223477,0.026231277605891612,0.007349882076939457,0.04757728909777026,0.03376872239410844,0.022650117923060556,1.12,1.12,1.12,1.12
0.004889051287280389,0.7792880194471273,18.963499558837672,0.01950463560493504,0.026233886091261843,0.0073515376271809305,0.0475774037200587,0.03376611390873821,0.022648462372819082,1.12,1.12,1.12,1.12
0.004869568476501752,0.7793254155459807,18.964165718490644,0.019504589700574948,0.026236457548240444,0.007353227161361969,0.04757744962441879,0.03376354245175961,0.022646772838638043,1.12,1.12,1.12,1.12
0.004850163603330727,0.7793631077498553,18.964833570551143,0.01950461232679862,0.026238992023770447,0.007354950623164033,0.047577426998195116,0.03376100797622961,0.02264504937683598,1.12,1.12,1.12,1.12
0.004830836386304283,0.7794010970255739,18.965503123232793,0.01950470328178,0.026241489620704883,0.0073567078850816925,0.047577336043213736,0.03375851037929517,0.02264329211491832,1.12,1.12,1.12,1.12
0.004811586514588751,0.7794393844032032,18.966174385397807,0.01950486236924459,0.026243950423207985,0.00735849884414122,0.047577176955749145,0.03375604957679207,0.022641501155858793,1.12,1.12,1.12,1.12
0.004792413678788421,0.779477970909394,18.966847365876085,0.01950508939328882,0.026246374515536963,0.007360323397594154,0.047576949931704915,0.03375362548446309,0.02263967660240586,1.12,1.12,1.12,1.12
0.004773317570744506,0.779516857567816,18.967522073469645,0.01950538415843578,0.026248761981936597,0.007362181443065816,0.04757665516655796,0.033751238018063456,0.022637818556934197,1.12,1.12,1.12,1.12
0.004754297883531278,0.7795560453991748,18.968198516952796,0.01950574646963754,0.02625111290662943,0.007364072878555276,0.047576292855356195,0.03374888709337062,0.022635927121444736,1.12,1.12,1.12,1.12
0.004735354311450113,0.7795955354212201,18.968876705072205,0.01950617613227884,0.02625342737380537,0.007365997602435281,0.047575863192714896,0.03374657262619468,0.02263400239756473,1.12,1.12,1.12,1.12
0.004716486550025501,0.7796353286487631,18.969556646547048,0.019506672952180004,0.026255705467611967,0.0073679555134521235,0.04757536637281373,0.033744294532388086,0.02263204448654789,1.12,1.12,1.12,1.12
0.004697694295999977,0.7796754260936849,18.970238350069128,0.019507236735599787,0.026257947272144033,0.007369946510725409,0.04757480258939395,0.03374205272785602,0.022630053489274604,1.12,1.12,1.12,1.12
0.004678977247329019,0.7797158287649533,18.970921824303,0.0195078672892387,0.026260152874390985,0.007371970493747951,0.047574172035755036,0.03373984712560907,0.022628029506252062,1.12,1.12,1.12,1.12
0.004660335103177138,0.7797565376686342,18.971607077886148,0.019508564420248786,0.026262322358964973,0.007374027362392746,0.04757347490474495,0.03373767764103508,0.022625972637607267,1.12,1.12,1.12,1.12
0.004641767563911748,0.7797975538079038,18.97229411942904,0.01950932793623117,0.026264455810217358,0.007376117016907199,0.04757271138876257,0.033735544189782696,0.022623882983092813,1.12,1.12,1.12,1.12
0.004623274331099658,0.7798388781830647,18.9729829575153,0.019510157645238613,0.026266553312461416,0.007378239357912465,0.047571881679755124,0.03373344668753864,0.022621760642087547,1.12,1.12,1.12,1.12
0.004604855107501127,0.7798805117915558,18.973673600701805,0.019511053355778407,0.026268614949964825,0.007380394286403219,0.04757098596921533,0.03373138505003523,0.022619605713596794,1.12,1.12,1.12,1.12
0.004586509597065947,0.7799224556279672,18.97436605751881,0.019512014876815365,0.02627064080694158,0.007382581703747629,0.04757002444817837,0.03372935919305847,0.022617418296252384,1.12,1.12,1.12,1.12
0.004568237504929718,0.7799647106840504,18.975060336470065,0.01951304201777515,0.026272630967546118,0.007384801511685801,0.047568997307218586,0.033727369032453935,0.02261519848831421,1.12,1.12,1.12,1.12
0.004550038537406343,0.7800072779487366,18.97575644603297,0.019514134588546228,0.02627458551586226,0.007387053612332231,0.04756790473644751,0.033725414484137795,0.02261294638766778,1.12,1.12,1.12,1.12
0.004531912401984295,0.7800501584081472,18.97645439465871,0.019515292399482465,0.0262765045358975,0.0073893379081746285,0.04756674692551127,0.033723495464102554,0.022610662091825384,1.12,1.12,1.12,1.12
0.004513858827517092,0.7800933530008133,18.977154190298876,0.019516515271598367,0.02627838814182737,0.007391654281696684,0.04756552405339537,0.033721611858172684,0.02260834571830333,1.12,1.12,1.12,1.12
0.004495877503077272,0.7801368627531637,18.97785584183822,0.019517803005563217,0.026280236386263006,0.007394002657255774,0.04756423631943052,0.03371976361373705,0.02260599734274424,1.12,1.12,1.12,1.12
0.004477968139810384,0.7801806886426246,18.97855935764644,0.019519155413098455,0.02628204935302264,0.007396382938331572,0.04756288391189528,0.03371795064697741,0.02260361706166844,1.12,1.12,1.12,1.12
0.00446013044989444,0.7802248316441323,18.979264746070164,0.019520572306472028,0.026283827125807735,0.007398795028858568,0.04756146701852171,0.03371617287419232,0.022601204971141445,1.12,1.12,1.12,1.12
0.004442364146656041,0.7802692927298882,18.979972015430487,0.019522053498429115,0.026285569788203456,0.0074012388331464035,0.04755998582656462,0.0337144302117966,0.02259876116685361,1.12,1.12,1.12,1.12
0.004424668944565369,0.7803140728693674,18.98068117402306,0.019523598802194564,0.02628727742367365,0.007403714255879337,0.04755844052279917,0.033712722576326404,0.022596285744120675,1.12,1.12,1.12,1.12
0.004407044559232221,0.7803591730293334,18.981392230118256,0.01952520803147506,0.026288950115554932,0.007406221202115509,0.047556831293518675,0.03371104988444512,0.022593778797884503,1.12,1.12,1.12,1.12
0.0043894907074094386,0.7804045941738318,18.98210519196105,0.019526881000458962,0.026290587947053246,0.007408759577280863,0.047555158324534774,0.03370941205294681,0.02259124042271915,1.12,1.12,1.12,1.12
0.004372007107005293,0.7804503372641668,18.982820067770803,0.01952861752381213,0.02629219100124619,0.007411329287155738,0.047553421801181606,0.03370780899875386,0.022588670712844275,1.12,1.12,1.12,1.12
0.00435459347701439,0.7804964032590574,18.983536865742828,0.01953041741670386,0.026293759361052133,0.007413930237922792,0.047551621908289876,0.03370624063894792,0.02258606976207722,1.12,1.12,1.12,1.12
0.004337249537554122,0.7805427931145575,18.98425559404756,0.019532280494793997,0.026295293109241225,0.007416562336135482,0.04754975883019974,0.03370470689075883,0.02258343766386453,1.12,1.12,1.12,1.12
0.004319975009860988,0.7805895077840703,18.984976260830713,0.019534206574235047,0.026296792328429852,0.007419225488717492,0.04754783275075869,0.0337032076715702,0.02258077451128252,1.12,1.12,1.12,1.12
0.004302769616285929,0.7806365482183598,18.985698874213337,0.0195361954716744,0.026298257101077,0.007421919602962089,0.047545843853319336,0.033701742898923054,0.022578080397037924,1.12,1.12,1.12,1.12
0.004285633080289841,0.7806839153655627,18.986423442292015,0.019538247004256326,0.026299687509477865,0.007424644586531595,0.04754379232073741,0.03370031249052219,0.022575355413468418,1.12,1.12,1.12,1.12
0.004268565126439583,0.7807316101712033,18.987149973138916,0.01954036098962414,0.026301083635760836,0.0074274003474568,0.0475416783353696,0.03369891636423922,0.022572599652543213,1.12,1.12,1.12,1.12
0.004251565480403441,0.7807796335782046,18.98787847480195,0.01954253724592181,0.02630244556188216,0.007430186794136401,0.04753950207907193,0.033697554438117894,0.022569813205863612,1.12,1.12,1.12,1.12
0.004234633868946603,0.7808279865269006,18.988608955304873,0.01954477559179607,0.02630377336962192,0.007433003835336377,0.047537263733197666,0.033696226630378134,0.022566996164663636,1.12,1.12,1.12,1.12
0.00421777001992707,0.7808766699550511,18.989341422647396,0.01954707584639842,0.02630506714057934,0.007435851380189373,0.047534963478595316,0.03369493285942071,0.02256414861981064,1.12,1.12,1.12,1.12
0.004200973662291263,0.7809256847978523,18.990075884805336,0.019549437829386562,0.026306326956169024,0.007438729338194103,0.047532601495607174,0.03369367304383103,0.02256127066180591,1.12,1.12,1.12,1.12
0.0041842445260698025,0.78097503198795,18.990812349730685,0.019551861360926348,0.02630755289761688,0.007441637619214889,0.04753017796406739,0.03369244710238317,0.022558362380785124,1.12,1.12,1.12,1.12
0.004167582342372978,0.7810247124554532,18.991550825351773,0.019554346261693445,0.026308745045955706,0.007444576133480756,0.04752769306330029,0.03369125495404435,0.022555423866519257,1.12,1.12,1.12,1.12
0.004150986843386617,0.7810747271279462,18.992291319573358,0.01955689235287511,0.02630990348202142,0.007447544791585117,0.047525146972118626,0.033690096517978635,0.022552455208414895,1.12,1.12,1.12,1.12
0.0041344577623679156,0.7811250769305004,18.99303384027677,0.01955949945617147,0.026311028286449406,0.007450543504484944,0.04752253986882227,0.03368897171355065,0.02254945649551507,1.12,1.12,1.12,1.12
0.004117994833641081,0.781175762785688,18.99377839531998,0.019562167393797292,0.02631211956401988,0.0074535721835002,0.047519871931196445,0.03368788043598017,0.022546427816499813,1.12,1.12,1.12,1.12
0.004101597792592937,0.7812267856136081,18.994524992538132,0.019564895988541553,0.026313177472733346,0.00745663074037603,0.04751714333645218,0.03368682252726671,0.022543369259623983,1.12,1.12,1.12,1.12
0.004085266375669638,0.7812781463319323,18.995273639744433,0.019567685063897167,0.026314202090444327,0.007459719087420172,0.04751435426109657,0.033685797909555726,0.02254028091257984,1.12,1.12,1.12,1.12
0.004069000320371475,0.7813298458558761,18.996024344729175,0.019570534443872967,0.02631519349533129,0.007462837137295564,0.04751150488112077,0.03368480650466876,0.02253716286270445,1.12,1.12,1.12,1.12
0.0040527993652487385,0.7813818850982117,18.99677711525976,0.019573443952996872,0.026316151765888862,0.007465984803021172,0.047508595371996865,0.03368384823411119,0.02253401519697884,1.12,1.12,1.12,1.12
0.004036663249897776,0.7814342649692831,18.99753195908092,0.019576413416317995,0.026317076980813092,0.0074691619979728174,0.04750562590867574,0.03368292301918696,0.022530838002027195,1.12,1.12,1.12,1.12
0.004020591714956634,0.7814869863770145,18.998288883914782,0.019579442659408863,0.02631796921898788,0.007472368635883374,0.04750259666558487,0.03368203078101217,0.02252763136411664,1.12,1.12,1.12,1.12
0.004004584502101061,0.7815400502269269,18.999047897460997,0.019582531508367917,0.026318828559452556,0.007475604630843319,0.04749950781662582,0.0336811714405475,0.022524395369156694,1.12,1.12,1.12,1.12
0.003988641354040023,0.7815934574221489,18.99980900739687,0.01958567978982123,0.02631965508136927,0.007478869897301024,0.047496359535172505,0.033680344918630784,0.02252113010269899,1.12,1.12,1.12,1.12
0.003972762014512199,0.7816472088634305,19.000572221377496,0.019588887330924787,0.026320448863992818,0.0074821643500629365,0.04749315199406895,0.033679551136007235,0.022517835649937076,1.12,1.12,1.12,1.12
0.003956946228281177,0.781701305449154,19.001337547035842,0.019592153959366254,0.026321209986643335,0.007485487904293757,0.04748988536562748,0.03367879001335672,0.022514512095706256,1.12,1.12,1.12,1.12
0.003941193741133375,0.7817557480753461,19.002104991982854,0.019595479503367208,0.026321935555480458,0.0074888404755150545,0.04748655982162653,0.033678064444519595,0.02251115952448496,1.12,1.12,1.12,1.12
0.003925504299857607,0.781810537633435,19.002874563759015,0.019598863784437592,0.026322628860364822,0.007492221971808995,0.047483175540556144,0.03367737113963523,0.022507778028191018,1.12,1.12,1.12,1.12
0.00390987765227,0.7818656750148021,19.003646269934404,0.019602306632379773,0.026323289959731627,0.0074956323100552474,0.04747973269261396,0.033676710040268426,0.022504367689944765,1.12,1.12,1.12,1.12
0.0038943135471953385,0.7819211611085122,19.00442011805722,0.019605807877490278,0.026323918914285205,0.007499071407435831,0.04747623144750346,0.03367608108571485,0.02250092859256418,1.12,1.12,1.12,1.12
0.0038788117344633836,0.7819769968013276,19.00519611565397,0.019609367350565177,0.026324515786765645,0.007502539181440997,0.04747267197442856,0.03367548421323441,0.022497460818559016,1.12,1.12,1.12,1.12
0.0038633719649047386,0.7820331829777211,19.005974270229583,0.019612984882906914,0.026325080641738052,0.007506035549874418,0.04746905444208682,0.033674919358262,0.022493964450125595,1.12,1.12,1.12,1.12
0.00384799399034681,0.7820897205198885,19.006754589267562,0.019616660306329248,0.026325613545402526,0.007509560430857966,0.04746537901866449,0.03367438645459753,0.022490439569142047,1.12,1.12,1.12,1.12
0.0038326775636130074,0.7821466103077537,19.00753708023002,0.019620393453161133,0.026326114565423248,0.007513113742833671,0.0474616458718326,0.033673885434576806,0.02248688625716634,1.12,1.12,1.12,1.12
0.0038174224385126632,0.7822038532189954,19.00832175055799,0.019624184156253943,0.026326583770771628,0.007516695404572005,0.04745785516873979,0.033673416229228426,0.022483304595428008,1.12,1.12,1.12,1.12
0.0038022283698400552,0.7822614501290555,19.009108607671486,0.019628032248984184,0.0263270212315862,0.007520305335173144,0.04745400707600955,0.03367297876841385,0.02247969466482687,1.12,1.12,1.12,1.12
0.0037870951133702315,0.7823194019111489,19.009897658969606,0.019631937565257884,0.026327427019046806,0.007523943454070002,0.04745010175973585,0.03367257298095325,0.02247605654593001,1.12,1.12,1.12,1.12
0.0037720224258553704,0.7823777094362783,19.0106889118307,0.019635899939513923,0.026327801205259627,0.0075276096810308266,0.04744613938547981,0.03367219879474043,0.022472390318969186,1.12,1.12,1.12,1.12
0.003757010065020872,0.782436373573246,19.011482373612477,0.01963991920672775,0.026328143863154047,0.007531303936161596,0.047442120118265985,0.03367185613684601,0.022468696063838417,1.12,1.12,1.12,1.12
0.0037420577895614484,0.7824953951886683,19.01227805165212,0.019643995202413944,0.02632845506638859,0.007535026139908078,0.04743804412257979,0.033671544933611464,0.022464973860091934,1.12,1.12,1.12,1.12
0.0037271653591374855,0.7825547751469863,19.013075953266444,0.019648127762629697,0.02632873488926707,0.007538776213057714,0.04743391156236404,0.033671265110732984,0.0224612237869423,1.12,1.12,1.12,1.12
0.0037123325343707326,0.7826145143104797,19.013876085752006,0.019652316723977437,0.02632898340666137,0.007542554076741356,0.0474297226010163,0.03367101659333868,0.022457445923258657,1.12,1.12,1.12,1.12
0.003697559076840884,0.7826746135392805,19.014678456385223,0.01965656192360693,0.026329200693942734,0.007546359652434553,0.047425477401386806,0.03367079930605732,0.02245364034756546,1.12,1.12,1.12,1.12
0.0036828447490815375,0.7827350736913847,19.015483072422505,0.01966086319921817,0.026329386826919154,0.00755019286195905,0.047421176125775566,0.0336706131730809,0.022449807138040963,1.12,1.12,1.12,1.12
0.003668189314576331,0.7827958956226656,19.016289941100364,0.019665220389063487,0.026329541881778024,0.00755405362748366,0.04741681893593025,0.03367045811822203,0.022445946372516352,1.12,1.12,1.12,1.12
0.0036535925377554346,0.7828570801868866,19.017099069635563,0.0196696333319491,0.02632966593503544,0.007557941871525378,0.04741240599304464,0.03367033406496461,0.022442058128474635,1.12,1.12,1.12,1.12
0.0036390541839914636,0.7829186282357142,19.01791046522523,0.019674101867238003,0.02632975906348972,0.007561857516950106,0.04740793745775573,0.03367024093651033,0.022438142483049907,1.12,1.12,1.12,1.12
0.0036245740195957944,0.7829805406187313,19.018724135046938,0.019678625834851582,0.026329821344178828,0.007565800486973459,0.047403413490142154,0.033670178655821226,0.022434199513026554,1.12,1.12,1.12,1.12
0.0036101518118150547,0.7830428181834483,19.0195400862589,0.01968320507527005,0.02632985285434236,0.007569770705161238,0.04739883424972369,0.03367014714565769,0.022430229294838774,1.12,1.12,1.12,1.12
0.003595787328826905,0.7831054617753189,19.02035832600001,0.019687839429535114,0.02632985367138696,0.007573768095429943,0.04739419989545862,0.03367014632861309,0.02242623190457007,1.12,1.12,1.12,1.12
0.003581480339736887,0.7831684722377491,19.02117886139002,0.019692528739251147,0.026329823872854707,0.007577792582047244,0.04738951058574259,0.033670176127145346,0.02242220741795277,1.12,1.12,1.12,1.12
0.0035672306145740685,0.7832318504121132,19.022001699529635,0.019697272846586678,0.026329763536394657,0.007581844089632216,0.04738476647840706,0.033670236463605396,0.022418155910367797,1.12,1.12,1.12,1.12
0.0035530379242879385,0.7832955971377656,19.02282684750062,0.019702071594275783,0.026329672739736687,0.007585922543155613,0.04737996773071795,0.033670327260263366,0.0224140774568444,1.12,1.12,1.12,1.12
0.003538902040744585,0.783359713252052,19.023654312365963,0.019706924825619254,0.02632955156066774,0.007590027867939997,0.04737511449937448,0.03367044843933231,0.022409972132060016,1.12,1.12,1.12,1.12
0.0035248227367226993,0.7834241995903245,19.02448410116992,0.019711832384485817,0.026329400077019838,0.00759415998965985,0.04737020694050792,0.033670599922980216,0.022405840010340163,1.12,1.12,1.12,1.12
0.00351079978591029,0.7834890569859537,19.025316220938205,0.01971679411531313,0.026329218366650642,0.0075983188343417135,0.047365245209680606,0.03367078163334941,0.0224016811656583,1.12,1.12,1.12,1.12
0.003496832962901042,0.7835542862703394,19.026150678678054,0.019721809863108952,0.026329006507402247,0.007602504328364124,0.047360229461884784,0.033670993492597806,0.02239749567163589,1.12,1.12,1.12,1.12
0.0034829220431903175,0.7836198882729266,19.026987481378367,0.01972687947345214,0.026328764577098707,0.007606716398457572,0.047355159851541595,0.03367123542290135,0.02239328360154244,1.12,1.12,1.12,1.12
0.0034690668031720495,0.7836858638212155,19.02782663600982,0.019732002792493375,0.02632849265353132,0.0076109549717044075,0.04735003653250036,0.03367150734646873,0.022389045028295605,1.12,1.12,1.12,1.12
0.0034552670201347447,0.7837522137407753,19.028668149524975,0.019737179666956317,0.026328190814444874,0.007615219975538712,0.04734485965803742,0.03367180918555518,0.0223847800244613,1.12,1.12,1.12,1.12
0.0034415224722581963,0.7838189388552567,19.029512028858395,0.01974240994413823,0.026327859137524945,0.007619511337746118,0.04733962938085551,0.03367214086247511,0.022380488662253895,1.12,1.12,1.12,1.12
0.0034278329386097984,0.7838860399864052,19.030358280926755,0.019747693471910577,0.02632749770038645,0.007623828986463563,0.04733434585308316,0.033672502299613605,0.02237617101353645,1.12,1.12,1.12,1.12
0.0034141981991409054,0.7839535179540715,19.031206912628978,0.01975303009872037,0.02632710658056292,0.007628172850179207,0.047329009226273366,0.03367289341943713,0.022371827149820805,1.12,1.12,1.12,1.12
0.003400618034683456,0.7840213735762268,19.032057930846314,0.0197584196735901,0.026326685855496718,0.007632542857731975,0.04732361965140364,0.033673314144503336,0.022367457142268038,1.12,1.12,1.12,1.12
0.0033870922269464646,0.7840896076689742,19.03291134244248,0.019763862046118963,0.02632623560252964,0.007636938938311411,0.04731817727887477,0.03367376439747041,0.022363061061688602,1.12,1.12,1.12,1.12
0.0033736205585122915,0.7841582210465609,19.03376715426377,0.019769357066483084,0.026325755898894965,0.007641361021457335,0.04731268225851065,0.03367424410110509,0.022358638978542678,1.12,1.12,1.12,1.12
0.003360202812833313,0.7842272145213912,19.034625373139146,0.01977490458543646,0.026325246821709003,0.007645809037059512,0.04730713473955728,0.03367475317829105,0.0223541909629405,1.12,1.12,1.12,1.12
0.0033468387742285888,0.7842965889040387,19.035486005880394,0.019780504454311065,0.02632470844796414,0.0076502829153572705,0.04730153487068267,0.03367529155203591,0.022349717084642742,1.12,1.12,1.12,1.12
0.0033335282278800895,0.7843663450032597,19.036349059282184,0.01978615652501786,0.026324140854521866,0.0076547825869392044,0.047295882799975875,0.03367585914547819,0.02234521741306081,1.12,1.12,1.12,1.12
0.003320270959829408,0.7844364836260049,19.037214540122225,0.019791860650046622,0.02632354411808957,0.0076593079827427385,0.047290178674947114,0.03367645588191048,0.022340692017257274,1.12,1.12,1.12,1.12
0.0033070667569743417,0.7845070055774311,19.038082455161355,0.019797616682467045,0.02632291831521416,0.007663859034053679,0.04728442264252669,0.03367708168478589,0.022336140965946334,1.12,1.12,1.12,1.12
0.003293915407065473,0.7845779116609161,19.03895281114364,0.019803424475928588,0.026322263522286504,0.007668435672505761,0.04727861484906515,0.03367773647771355,0.022331564327494252,1.12,1.12,1.12,1.12
0.003280816698702527,0.784649202678068,19.03982561479654,0.019809283884661244,0.026321579815535512,0.007673037830080234,0.04727275544033249,0.03367842018446454,0.02232696216991978,1.12,1.12,1.12,1.12
0.003267770421331484,0.7847208794287408,19.040700872830936,0.019815194763475208,0.02632086727102123,0.007677665439105308,0.04726684456151853,0.03367913272897882,0.022322334560894705,1.12,1.12,1.12,1.12
0.003254776365240586,0.7847929427110437,19.04157859194132,0.019821156967761988,0.02632012596462907,0.007682318432255704,0.04726088235723175,0.03367987403537098,0.02231768156774431,1.12,1.12,1.12,1.12
0.003241834321557402,0.7848653933213559,19.04245877880586,0.019827170353494183,0.02631935597206364,0.007686996742552243,0.04725486897149955,0.03368064402793641,0.02231300325744777,1.12,1.12,1.12,1.12
0.003228944082245322,0.7849382320543378,19.043341440086508,0.019833234777225706,0.026318557368842865,0.007691700303361221,0.04724880454776803,0.03368144263115719,0.022308299696638792,1.12,1.12,1.12,1.12
0.003216105440100181,0.7850114597029432,19.044226582429147,0.019839350096092223,0.026317730230291936,0.0076964290483939185,0.04724268922890151,0.03368226976970812,0.022303570951606094,1.12,1.12,1.12,1.12
0.0032033181887471066,0.785085077058433,19.04511421246366,0.019845516167811328,0.026316874631537507,0.007701182911706045,0.04723652315718241,0.033683125368462546,0.022298817088293968,1.12,1.12,1.12,1.12
0.003190582122636787,0.7851590849103854,19.04600433680406,0.01985173285068209,0.026315990647501952,0.007705961827697214,0.047230306474311645,0.0336840093524981,0.0222940381723028,1.12,1.12,1.12,1.12
0.0031778970370427654,0.7852334840467088,19.04689696204859,0.01985800000358623,0.026315078352897314,0.0077107657311103125,0.04722403932140751,0.03368492164710274,0.0222892342688897,1.12,1.12,1.12,1.12
0.003165262728057661,0.7853082752536562,19.047792094779837,0.019864317485987215,0.026314137822219696,0.007715594557031004,0.04721772183900652,0.03368586217778036,0.02228440544296901,1.12,1.12,1.12,1.12
0.003152678992590108,0.7853834593158334,19.048689741564836,0.019870685157930834,0.026313169129743158,0.007720448240887023,0.0472113541670629,0.033686830870256895,0.02227955175911299,1.12,1.12,1.12,1.12
0.003140145628361424,0.7854590370162159,19.04958990895518,0.01987710288004524,0.02631217234951405,0.007725326718447632,0.0472049364449485,0.033687827650486,0.02227467328155238,1.12,1.12,1.12,1.12
0.0031276624339024563,0.785535009136156,19.050492603487125,0.01988357051354056,0.02631114755534497,0.0077302299258229235,0.047198468811453176,0.03368885244465508,0.02226977007417709,1.12,1.12,1.12,1.12
0.0031152292085502077,0.7856113764553992,19.051397831681715,0.019890087920209243,0.026310094820808927,0.0077351577994631965,0.04719195140478449,0.033689905179191126,0.022264842200536816,1.12,1.12,1.12,1.12
0.0031028457524446386,0.7856881397520943,19.05230560004485,0.019896654962425875,0.026309014219233373,0.007740110276158341,0.04718538436256786,0.03369098578076668,0.022259889723841672,1.12,1.12,1.12,1.12
0.003090511866525736,0.7857652998028055,19.053215915067426,0.019903271503147135,0.026307905823694078,0.0077450872930370646,0.0471787678218466,0.033692094176305976,0.022254912706962948,1.12,1.12,1.12,1.12
0.0030782273525297834,0.7858428573825246,19.054128783225416,0.01990993740591146,0.026306769707009264,0.007750088787566264,0.04717210191908228,0.03369323029299079,0.02224991121243375,1.12,1.12,1.12,1.12
0.003065992012986607,0.7859208132646833,19.05504421098003,0.019916652534838986,0.026305605941733645,0.007755114697550268,0.04716538679015475,0.03369439405826641,0.022244885302449745,1.12,1.12,1.12,1.12
0.0030538056512162018,0.7859991682211647,19.05596220477772,0.019923416754631773,0.026304414600152426,0.007760164961130148,0.04715862257036196,0.03369558539984763,0.022239835038869865,1.12,1.12,1.12,1.12
0.003041668071325754,0.7860779230223166,19.056882771050393,0.019930229930572807,0.02630319575427509,0.007765239516782985,0.04715180939442093,0.033696804245724965,0.022234760483217028,1.12,1.12,1.12,1.12
0.0030295790782062237,0.7861570784369607,19.05780591621544,0.01993709192852644,0.026301949475829728,0.007770338303321064,0.047144947396467296,0.033698050524170325,0.02222966169667895,1.12,1.12,1.12,1.12
0.003017538477529369,0.786236635232407,19.05873164667588,0.019944002614937673,0.026300675836257004,0.007775461259891113,0.047138036710056064,0.03369932416374305,0.0222245387401089,1.12,1.12,1.12,1.12
0.0030055460757447694,0.7863165941744656,19.05965996882045,0.019950961856832206,0.026299374906704448,0.0077806083259734996,0.04713107746816153,0.033700625093295605,0.022219391674026513,1.12,1.12,1.12,1.12
0.002993601680076452,0.7863969560274559,19.060590889023693,0.019957969521815888,0.026298046758020527,0.007785779441381466,0.04712406980317785,0.033701953241979526,0.022214220558618547,1.12,1.12,1.12,1.12
0.002981705098519827,0.7864777215542216,19.061524413646108,0.019965025478074383,0.026296691460749005,0.0077909745462602376,0.04711701384691935,0.03370330853925105,0.022209025453739775,1.12,1.12,1.12,1.12
0.002969856139838756,0.7865588915161397,19.062460549034174,0.01997212959437289,0.026295309085123425,0.007796193581086304,0.04710990973062085,0.03370469091487663,0.02220380641891371,1.12,1.12,1.12,1.12
0.0029580546135624,0.7866404666731346,19.06339930152056,0.01997928174005542,0.026293899701061912,0.007801436486666424,0.047102757584938315,0.03370610029893814,0.02219856351333359,1.12,1.12,1.12,1.12
0.0029463003299821547,0.786722447783688,19.064340677424106,0.01998648178504464,0.0262924633781616,0.007806703204136796,0.047095557539949096,0.03370753662183845,0.022193296795863217,1.12,1.12,1.12,1.12
0.0029345931001484972,0.7868048356048514,19.06528468305003,0.019993729599841525,0.026291000185693775,0.007811993674962325,0.04708830972515221,0.03370899981430628,0.022188006325037687,1.12,1.12,1.12,1.12
0.0029229327358682336,0.7868876308922581,19.066231324689955,0.02000102505552437,0.026289510192599314,0.007817307840935497,0.04708101426946937,0.03371048980740074,0.022182692159064515,1.12,1.12,1.12,1.12
0.0029113190497010778,0.7869708344001325,19.067180608622046,0.02000836802374867,0.026287993467483367,0.007822645644175605,0.04707367130124507,0.033712006532516686,0.022177354355824408,1.12,1.12,1.12,1.12
0.0028997518549571224,0.7870544468813044,19.06813254111112,0.020015758376746517,0.026286450078611412,0.00782800702712784,0.04706628094824722,0.03371354992138864,0.022171992972872173,1.12,1.12,1.12,1.12
0.002888230965693284,0.787138469087219,19.06908712840869,0.02002319598732577,0.026284880093905005,0.007833391932562245,0.047058843337667966,0.03371511990609505,0.022166608067437768,1.12,1.12,1.12,1.12
0.0028767561967109503,0.7872229017679484,19.070044376753128,0.020030680728869765,0.026283283580937566,0.007838800303572924,0.04705135859612397,0.03371671641906249,0.02216119969642709,1.12,1.12,1.12,1.12
0.0028653273635521614,0.7873077456722039,19.071004292369736,0.020038212475336326,0.026281660606930907,0.007844232083576971,0.04704382684965741,0.03371833939306915,0.02215576791642304,1.12,1.12,1.12,1.12
0.002853944282497567,0.7873930015473459,19.071966881470843,0.02004579110125765,0.026280011238751566,0.00784968721631353,0.04703624822373609,0.03371998876124849,0.022150312783686482,1.12,1.12,1.12,1.12
0.0028426067705629612,0.7874786701393961,19.072932150255905,0.020053416481738973,0.02627833554290715,0.007855165645842911,0.047028622843254764,0.033721664457092904,0.0221448343541571,1.12,1.12,1.12,1.12
0.002831314645526373,0.7875647521929807,19.073900104910948,0.02006108849243088,0.026276633585533893,0.007860667316528132,0.04702095083256286,0.03372336641446616,0.02213933268347188,1.12,1.12,1.12,1.12
0.002820067725867137,0.7876512484514745,19.074870751609943,0.020068807009580525,0.026274905432410345,0.007866192173068304,0.04701323231541321,0.03372509456758971,0.02213380782693171,1.12,1.12,1.12,1.12
0.0028088658307865444,0.7877381596569558,19.075844096514366,0.020076571910009833,0.026273151148948237,0.007871740160483032,0.047005467414983904,0.033726848851051816,0.02212825983951698,1.12,1.12,1.12,1.12
0.0027977087802096624,0.787825486550209,19.076820145773222,0.020084383071111434,0.026271370800188654,0.007877311224109007,0.0469976562538823,0.0337286291998114,0.022122688775891006,1.12,1.12,1.12,1.12
0.0027865963947822704,0.7879132298707359,19.077798905523125,0.020092240370847503,0.026269564450798033,0.007882905309598974,0.046989798954146234,0.03373043554920202,0.02211709469040104,1.12,1.12,1.12,1.12
0.0027755284958679294,0.7880013903567668,19.07878038188839,0.02010014368774904,0.026267732165065533,0.007888522362920702,0.0469818956372447,0.03373226783493452,0.02211147763707931,1.12,1.12,1.12,1.12
0.0027645049055448293,0.7880899687452703,19.079764580981138,0.020108092900915198,0.026265874006899115,0.007894162330355933,0.04697394642407854,0.03373412599310094,0.02210583766964408,1.12,1.12,1.12,1.12
0.002753525446603478,0.7881789657719663,19.08075150890139,0.020116087890012346,0.02626399003982194,0.007899825158499393,0.04696595143498139,0.033736009960178115,0.02210017484150062,1.12,1.12,1.12,1.12
0.00274258994254355,0.7882683821713352,19.081741171737164,0.020124128535273067,0.026262080326966863,0.007905510794257664,0.04695791078972067,0.03373791967303319,0.02209448920574235,1.12,1.12,1.12,1.12
0.002731698217570955,0.7883582186766301,19.082733575564568,0.020132214717495545,0.02626014493107226,0.0079112191848481,0.04694982460749819,0.03373985506892779,0.022088780815151914,1.12,1.12,1.12,1.12
0.0027208500965953068,0.7884484760198863,19.083728726447877,0.020140346318042512,0.026258183914475652,0.007916950277797832,0.046941693006951224,0.0337418160855244,0.02208304972220218,1.12,1.12,1.12,1.12
0.0027100454052270797,0.7885391549319334,19.08472663043964,0.02014852321884003,0.02625619733910578,0.007922704020942507,0.046933516106153705,0.03374380266089427,0.022077295979057505,1.12,1.12,1.12,1.12
0.0026992839697742355,0.7886302561424053,19.085727293580796,0.020156745302376877,0.02625418526647505,0.007928480362425404,0.04692529402261686,0.033745814733525004,0.02207151963757461,1.12,1.12,1.12,1.12
0.002688565617240313,0.788721780379751,19.086730721900715,0.0201650124517036,0.026252147757669597,0.007934279250696022,0.046917026873290135,0.033747852242330456,0.02206572074930399,1.12,1.12,1.12,1.12
0.002677890175321185,0.7888137283712459,19.087736921417324,0.020173324550430916,0.02625008487333802,0.007940100634509034,0.04690871477456282,0.03374991512666203,0.02205989936549098,1.12,1.12,1.12,1.12
0.002667257472401952,0.7889061008430005,19.088745898137194,0.020181681482729197,0.026247996673677776,0.007945944462923085,0.04690035784226454,0.03375200332632228,0.022054055537076928,1.12,1.12,1.12,1.12
0.00265666733755503,0.788998898519973,19.089757658055632,0.020190083133327097,0.02624588321842042,0.00795181068529946,0.04689195619166664,0.033754116781579635,0.022048189314700553,1.12,1.12,1.12,1.12
0.0026461196005367785,0.7890921221259788,19.09077220715675,0.020198529387510156,0.02624374456681383,0.007957699251300882,0.04688350993748358,0.03375625543318622,0.02204230074869913,1.12,1.12,1.12,1.12
0.002635614091784611,0.7891857723837005,19.091789551413566,0.020207020131119913,0.026241580777603413,0.007963610110890057,0.046875019193873824,0.03375841922239664,0.022036389889109956,1.12,1.12,1.12,1.12
0.002625150642415042,0.7892798500146987,19.092809696788102,0.020215555250552242,0.026239391909009285,0.007969543214328328,0.046866484074441495,0.03376060809099077,0.022030456785671684,1.12,1.12,1.12,1.12
0.002614729084220402,0.7893743557394217,19.093832649231455,0.02022413463275602,0.026237178018701568,0.007975498512174203,0.04685790469223772,0.033762821981298485,0.02202450148782581,1.12,1.12,1.12,1.12
0.0026043492496660827,0.7894692902772157,19.09485841468389,0.02023275816523179,0.02623493916377448,0.007981475955281779,0.046849281159761946,0.033765060836225574,0.022018524044718234,1.12,1.12,1.12,1.12
0.00259401097188805,0.7895646543463342,19.09588699907491,0.02024142573603005,0.02623267540071489,0.00798747549479907,0.04684061358896369,0.033767324599285164,0.022012524505200942,1.12,1.12,1.12,1.12
0.0025837140846903584,0.7896604486639478,19.09691840832336,0.020250137233749688,0.026230386785371207,0.007993497082166304,0.04683190209124405,0.033769613214628846,0.02200650291783371,1.12,1.12,1.12,1.12
0.002573458422541908,0.7897566739461551,19.097952648337486,0.02025889254753588,0.026228073372918992,0.007999540669114125,0.04682314677745786,0.03377192662708106,0.022000459330885888,1.12,1.12,1.12,1.12
0.002563243820574268,0.7898533309079897,19.098989725015034,0.02026769156707864,0.026225746407649214,0.008005606207661622,0.0468143477579151,0.03377425359235084,0.02199439379233839,1.12,1.12,1.12,1.12
0.0025530701146463386,0.7899504202951819,19.100029644594017,0.020276534213361896,0.026223394280693646,0.00801169368459951,0.04680550511163184,0.03377660571930641,0.021988306315400503,1.12,1.12,1.12,1.12
0.0025429371412037938,0.7900479428200313,19.10107241294176,0.020285420376074337,0.026221017123326834,0.008017803050978115,0.0467966189489194,0.03377898287667322,0.021982196949021898,1.12,1.12,1.12,1.12
0.0025328447373474286,0.790145899193988,19.102118035917535,0.02029434994564533,0.026218615060104256,0.00802393425837472,0.04678768937934841,0.0337813849398958,0.021976065741625292,1.12,1.12,1.12,1.12
0.002522792740830582,0.7902442901276543,19.103166519372454,0.02030332281322933,0.02621618820948618,0.008030087258873143,0.04677871651176441,0.033783811790513874,0.02196991274112687,1.12,1.12,1.12,1.12
0.002512780990056207,0.7903431163307829,19.104217869149466,0.02031233887069045,0.026213736684404965,0.008036262005044911,0.04676970045430329,0.03378626331559509,0.0219637379949551,1.12,1.12,1.12,1.12
0.0025028093240746507,0.7904423785122815,19.105272091083307,0.020321398010588798,0.026211260592775815,0.008042458449932496,0.04676064131440494,0.03378873940722424,0.021957541550067516,1.12,1.12,1.12,1.12
0.002492877582580544,0.7905420773802119,19.106329191000466,0.020330500126168438,0.026208760037956746,0.008048676547033735,0.0467515391988253,0.03379123996204331,0.021951323452966277,1.12,1.12,1.12,1.12
0.002482985605910626,0.7906422136417964,19.107389174719238,0.020339645111345894,0.026206235119166532,0.008054916250288036,0.04674239421364784,0.03379376488083352,0.021945083749711977,1.12,1.12,1.12,1.12
0.002473133235040903,0.7907427880034194,19.108452048049653,0.020348832860700272,0.02620368593186151,0.0080611775140636,0.046733206464293464,0.033796314068138544,0.021938822485936413,1.12,1.12,1.12,1.12
0.0024633203115842052,0.7908438011706338,19.109517816793517,0.02035806326946371,0.02620111256807478,0.008067460293146006,0.046723976055530025,0.03379888743192527,0.021932539706854007,1.12,1.12,1.12,1.12
0.0024535466777876104,0.7909452538481644,19.110586486744474,0.02036733623351311,0.026198515116723636,0.00807376454272761,0.046714703091480625,0.03380148488327642,0.021926235457272403,1.12,1.12,1.12,1.12
0.002443812176529736,0.7910471467399159,19.111658063687948,0.020376651649362254,0.026195893663888692,0.00808009021839811,0.04670538767563148,0.03380410633611136,0.021919909781601903,1.12,1.12,1.12,1.12
0.00243411665131843,0.7911494805489774,19.112732553401244,0.02038600941415497,0.02619324829306313,0.008086437276135817,0.046696029910838766,0.03380675170693692,0.021913562723864195,1.12,1.12,1.12,1.12
0.0024244599462880604,0.7912522559776287,19.113809961653544,0.020395409425658595,0.026190579085381055,0.008092805672299877,0.04668662989933514,0.033809420914619,0.021907194327700136,1.12,1.12,1.12,1.12
0.0024148419061971182,0.7913554737273499,19.114890294205978,0.0204048515822583,0.026187886119821868,0.008099195363622948,0.04667718774273544,0.033812113880178185,0.021900804636377065,1.12,1.12,1.12,1.12
0.002405262376425732,0.7914591344988262,19.115973556811667,0.02041433578295143,0.026185169473395387,0.008105606307204825,0.046667703542042305,0.03381483052660467,0.021894393692795187,1.12,1.12,1.12,1.12
0.0023957212029730446,0.791563238991958,19.11705975521577,0.020423861927342857,0.026182429221310255,0.008112038460506274,0.04665817739765088,0.0338175707786898,0.02188796153949374,1.12,1.12,1.12,1.12
0.002386218232454773,0.7916677879058668,19.11814889515552,0.020433429915640455,0.026179665437125743,0.008118491781343815,0.04664860940935328,0.03382033456287431,0.021881508218656198,1.12,1.12,1.12,1.12
0.002376753312100766,0.7917727819389055,19.11924098236035,0.02044303964865085,0.026176878192889497,0.008124966227884653,0.046638999676342885,0.03382312180711056,0.02187503377211536,1.12,1.12,1.12,1.12
0.002367326289752514,0.7918782217886658,19.120336022551875,0.02045269102777575,0.026174067559261105,0.008131461758642003,0.04662934829721799,0.03382593244073895,0.02186853824135801,1.12,1.12,1.12,1.12
0.0023579370138608006,0.7919841081519886,19.121434021444006,0.020462383955008656,0.026171233605625482,0.008137978332471235,0.04661965536998508,0.03382876639437457,0.021862021667528778,1.12,1.12,1.12,1.12
0.0023485853334830778,0.792090441724972,19.122534984743037,0.020472118332931222,0.026168376400194454,0.008144515908565936,0.046609920992062515,0.0338316235998056,0.021855484091434077,1.12,1.12,1.12,1.12
0.002339271098281204,0.7921972232029794,19.12363891814765,0.020481894064710737,0.02616549601010093,0.008151074446454368,0.046600145260283,0.03383450398989912,0.021848925553545645,1.12,1.12,1.12,1.12
0.0023299941585189555,0.7923044532806522,19.124745827349066,0.02049171105409714,0.026162592501481285,0.008157653905996487,0.0465903282708966,0.03383740749851877,0.021842346094003526,1.12,1.12,1.12,1.12
0.0023207543650596296,0.7924121326519178,19.12585571803107,0.020501569205420733,0.026159665939552518,0.008164254247380931,0.046580470119573,0.033840334060447536,0.021835745752619082,1.12,1.12,1.12,1.12
0.002311551569363557,0.7925202620099985,19.126968595870096,0.02051146842358964,0.026156716388682277,0.00817087543112232,0.046570570901404096,0.033843283611317776,0.021829124568877693,1.12,1.12,1.12,1.12
0.002302385623485881,0.7926288420474228,19.12808446653535,0.020521408614087855,0.02615374391245076,0.008177517418058972,0.04656063071090588,0.03384625608754929,0.02182248258194104,1.12,1.12,1.12,1.12
0.0022932563800739827,0.7927378734560364,19.12920333568882,0.020531389682973133,0.026150748573709526,0.008184180169350533,0.0465506496420206,0.03384925142629053,0.02181581983064948,1.12,1.12,1.12,1.12
0.0022841636923652156,0.7928473569270094,19.13032520898541,0.020541411536875276,0.026147730434633032,0.008190863646476032,0.04654062778811846,0.03385226956536702,0.02180913635352398,1.12,1.12,1.12,1.12
0.002275107414184552,0.7929572931508493,19.131450092073035,0.020551474082994237,0.026144689556765743,0.008197567811231932,0.0465305652419995,0.03385531044323431,0.02180243218876808,1.12,1.12,1.12,1.12
0.002266087399942407,0.7930676828174109,19.132577990592644,0.020561577229098627,0.026141626001066676,0.008204292625730414,0.04652046209589511,0.03385837399893338,0.0217957073742696,1.12,1.12,1.12,1.12
0.0022571035046326407,0.7931785266159044,19.13370891017835,0.020571720883523825,0.026138539827949336,0.008211038052404716,0.04651031844146991,0.03386146017205072,0.021788961947595296,1.12,1.12,1.12,1.12
0.0022481555838295363,0.7932898252349081,19.13484285645751,0.02058190495517126,0.02613543109731703,0.008217804053994401,0.04650013436982248,0.03386456890268302,0.02178219594600561,1.12,1.12,1.12,1.12
0.0022392434936851836,0.793401579362382,19.13597983505083,0.020592129353506905,0.026132299868595443,0.008224590593549935,0.04648990997148683,0.03386770013140461,0.021775409406450077,1.12,1.12,1.12,1.12
0.0022303670909276543,0.7935137896856745,19.137119851572454,0.020602393988560286,0.02612914620076323,0.008231397634431828,0.04647964533643345,0.03387085379923682,0.021768602365568185,1.12,1.12,1.12,1.12
0.0022215262328583395,0.7936264568915352,19.13826291163002,0.020612698770923032,0.026125970152377886,0.00823822514030964,0.046469340554070704,0.03387402984762217,0.021761774859690372,1.12,1.12,1.12,1.12
0.0022127207773504852,0.7937395816661253,19.139409020824786,0.020623043611747882,0.026122771781602244,0.008245073075160925,0.046458995713245854,0.03387722821839781,0.021754926924839088,1.12,1.12,1.12,1.12
0.0022039505828459482,0.7938531646950282,19.140558184751704,0.020633428422747513,0.026119551146225273,0.008251941403270291,0.04644861090224622,0.03388044885377478,0.021748058596729722,1.12,1.12,1.12,1.12
0.002195215508353732,0.7939672066632616,19.141710408999508,0.02064385311619399,0.026116308303684,0.008258830089228363,0.04643818620879975,0.033883691696316054,0.02174116991077165,1.12,1.12,1.12,1.12
0.002186515413446877,0.7940817082552862,19.14286569915082,0.020654317604917538,0.026113043311079304,0.00826573909793122,0.0464277217200762,0.03388695668892075,0.021734260902068793,1.12,1.12,1.12,1.12
0.0021778501582613518,0.7941966701550204,19.144024060782254,0.020664821802305722,0.026109756225195485,0.008272668394579519,0.046417217522688015,0.03389024377480457,0.021727331605420494,1.12,1.12,1.12,1.12
0.002169219603492456,0.794312093045848,19.145185499464457,0.02067536562230282,0.02610644710251181,0.008279617944677832,0.046406673702690915,0.033893552897488244,0.02172038205532218,1.12,1.12,1.12,1.12
0.002160623610393797,0.7944279776106324,19.146350020762274,0.020685948979408952,0.026103115999217774,0.008286587714033955,0.046396090345584784,0.03389688400078228,0.021713412285966058,1.12,1.12,1.12,1.12
0.0021520620407742275,0.7945443245317252,19.147517630234773,0.020696571788679397,0.026099762971221935,0.008293577668758365,0.04638546753631434,0.03390023702877812,0.021706422331241648,1.12,1.12,1.12,1.12
0.002143534756996113,0.7946611344909796,19.148688333435405,0.02070723396572388,0.026096388074164867,0.008300587775263706,0.046374805359269855,0.033903611925835186,0.021699412224736307,1.12,1.12,1.12,1.12
0.002135041621972622,0.7947784081697604,19.14986213591205,0.020717935426705747,0.02609299136342519,0.008307618000264153,0.04636410389828799,0.033907008636574865,0.02169238199973586,1.12,1.12,1.12,1.12
0.002126582499166352,0.7948961462489557,19.151039043207128,0.02072867608834178,0.026089572894126778,0.008314668310775084,0.04635336323665196,0.033910427105873275,0.02168533168922493,1.12,1.12,1.12,1.12
0.002118157252586084,0.7950143494089883,19.1522190608577,0.020739455867901047,0.02608613272114524,0.00832173867411247,0.04634258345709269,0.033913867278854815,0.021678261325887543,1.12,1.12,1.12,1.12
0.0021097657467854525,0.7951330183298275,19.15340219439556,0.02075027468320434,0.026082670899112675,0.008328829057892576,0.0463317646417894,0.03391732910088738,0.021671170942107437,1.12,1.12,1.12,1.12
0.002101407846860326,0.7952521536909999,19.15458844934734,0.020761132452624176,0.026079187482420663,0.008335939430031386,0.04632090687236956,0.03392081251757939,0.021664060569968627,1.12,1.12,1.12,1.12
0.002093083418446806,0.7953717561716002,19.155777831234563,0.02077202909508341,0.02607568252522391,0.00834306975874436,0.046310010229910326,0.033924317474776144,0.021656930241255652,1.12,1.12,1.12,1.12
0.002084792327718965,0.7954918264503045,19.156970345573793,0.02078296453005496,0.026072156081439646,0.008350220012545921,0.04629907479493878,0.03392784391856041,0.02164977998745409,1.12,1.12,1.12,1.12
0.0020765344413868903,0.7956123652053801,19.15816599787672,0.02079393867756163,0.026068608204751376,0.008357390160249153,0.04628810064743211,0.03393139179524868,0.02164260983975086,1.12,1.12,1.12,1.12
0.0020683096266941093,0.7957333731146967,19.159364793650195,0.02080495145817496,0.026065038948603264,0.008364580170965405,0.04627708786681878,0.03393496105139679,0.021635419829034608,1.12,1.12,1.12,1.12
0.002060117751416213,0.7958548508557395,19.160566738396433,0.020816002793014876,0.026061448366206275,0.008371790014103896,0.04626603653197886,0.03393855163379378,0.021628209985896117,1.12,1.12,1.12,1.12
0.0020519586838577022,0.7959767991056185,19.161771837612996,0.02082709260374932,0.026057836510530896,0.008379019659371337,0.046254946721244417,0.03394216348946916,0.021620980340628676,1.12,1.12,1.12,1.12
0.0020438322928509668,0.7960992185410817,19.162980096792985,0.020838220812593122,0.0260542034343072,0.00838626907677155,0.046243818512400614,0.033945796565692854,0.021613730923228464,1.12,1.12,1.12,1.12
0.002035738447753355,0.796222109838525,19.164191521425057,0.020849387342307957,0.026050549190021588,0.008393538236605193,0.04623265198268578,0.033949450809978465,0.02160646176339482,1.12,1.12,1.12,1.12
0.0020276770184454395,0.7963454736740048,19.165406116993566,0.02086059211620145,0.02604687382991333,0.008400827109469211,0.04622144720879229,0.03395312617008672,0.0215991728905308,1.12,1.12,1.12,1.12
0.0020196478753288006,0.7964693107232478,19.166623888978638,0.020871835058126675,0.026043177405972368,0.008408135666256561,0.04621020426686706,0.033956822594027686,0.021591864333743452,1.12,1.12,1.12,1.12
0.0020116508893241124,0.7965936216616639,19.167844842856287,0.020883116092481557,0.026039459969933454,0.008415463878155796,0.04619892323251218,0.0339605400300666,0.021584536121844217,1.12,1.12,1.12,1.12
0.002003685931868882,0.7967184071643575,19.169068984098473,0.0208944351442083,0.026035721573271664,0.008422811716650602,0.046187604180785435,0.03396427842672839,0.02157718828334941,1.12,1.12,1.12,1.12
0.001995752874915402,0.7968436679061359,19.170296318173236,0.02090579213879218,0.026031962267200393,0.008430179153519388,0.04617624718620156,0.03396803773279966,0.021569820846480625,1.12,1.12,1.12,1.12
0.0019878515909289352,0.7969694045615248,19.171526850544755,0.020917187002261917,0.026028182102667413,0.008437566160834922,0.04616485232273182,0.03397181789733264,0.02156243383916509,1.12,1.12,1.12,1.12
0.001979981952885224,0.7970956178047767,19.17276058667347,0.02092861966118803,0.02602438113034561,0.008444972710963783,0.046153419663805706,0.033975618869654445,0.02155502728903623,1.12,1.12,1.12,1.12
0.001972143834268847,0.7972223083098826,19.173997532016145,0.02094009004268299,0.026020559400632692,0.00845239877656602,0.046141949282310746,0.03397944059936736,0.021547601223433993,1.12,1.12,1.12,1.12
0.001964337109071135,0.7973494767505838,19.175237692025988,0.020951598074399613,0.026016716963647685,0.008459844330594532,0.04613044125059412,0.03398328303635237,0.02154015566940548,1.12,1.12,1.12,1.12
0.0019565616517878584,0.7974771238003826,19.17648107215274,0.02096314368453117,0.02601285386922314,0.008467309346294777,0.046118895640462565,0.03398714613077691,0.021532690653705236,1.12,1.12,1.12,1.12
0.0019488173374174523,0.7976052501325528,19.17772767784275,0.02097472680181023,0.026008970166903178,0.008474793797204144,0.04610731252318351,0.033991029833096875,0.02152520620279587,1.12,1.12,1.12,1.12
0.0019411040414590186,0.7977338564201525,19.178977514539064,0.020986347355508028,0.02600506590593954,0.008482297657151486,0.04609569196948571,0.033994934094060514,0.021517702342848527,1.12,1.12,1.12,1.12
0.001933421639910238,0.7978629433360335,19.18023058768156,0.020998005275433884,0.02600114113528651,0.008489820900256621,0.04608403404955985,0.033998858864713544,0.02151017909974339,1.12,1.12,1.12,1.12
0.0019257700092653708,0.7979925115528529,19.18148690270698,0.02100970049193407,0.025997195903601555,0.008497363500929805,0.04607233883305967,0.0340028040963985,0.021502636499070207,1.12,1.12,1.12,1.12
0.0019181490265133495,0.7981225617430845,19.182746465049075,0.021021432935891482,0.025993230259236888,0.008504925433871227,0.046060606389102254,0.034006769740763165,0.021495074566128786,1.12,1.12,1.12,1.12
0.0019105585691356897,0.7982530945790295,19.18400928013865,0.021033202538724483,0.025989244250240073,0.008512506674070448,0.046048836786269254,0.03401075574975998,0.021487493325929564,1.12,1.12,1.12,1.12
0.001902998515104626,0.7983841107328271,19.18527535340369,0.021045009232386447,0.025985237924353644,0.008520107196805862,0.04603703009260729,0.03401476207564641,0.02147989280319415,1.12,1.12,1.12,1.12
0.001895468742881068,0.7985156108764664,19.186544690269425,0.0210568529493646,0.02598121132900899,0.008527726977644166,0.046025186375629135,0.03401878867099106,0.021472273022355846,1.12,1.12,1.12,1.12
0.0018879691314127812,0.7986475956817962,19.187817296158435,0.02106873362267986,0.025977164511324424,0.008535365992439814,0.04601330570231388,0.03402283548867563,0.0214646340075602,1.12,1.12,1.12,1.12
0.0018804995601322096,0.798780065820537,19.18909317649075,0.02108065118588498,0.025973097518109806,0.008543024217334397,0.046001388139108756,0.03402690248189025,0.021456975782665616,1.12,1.12,1.12,1.12
0.001873059908954744,0.7989130219642908,19.190372336683918,0.021092605573065026,0.0259690103958595,0.008550701628756208,0.04598943375192871,0.034030989604140555,0.021449298371243805,1.12,1.12,1.12,1.12
0.0018656500582766356,0.7990464647845535,19.19165478215309,0.021104596718835522,0.025964903190755007,0.008558398203419582,0.045977442606158214,0.03403509680924505,0.02144160179658043,1.12,1.12,1.12,1.12
0.0018582698889732631,0.7991803949527235,19.192940518311143,0.02111662455834218,0.02596077594866461,0.008566113918324458,0.04596541476665156,0.03403922405133544,0.021433886081675554,1.12,1.12,1.12,1.12
0.00185091928239709,0.799314813140116,19.19422955056874,0.021128689027260006,0.02595662871514237,0.00857384875075548,0.04595335029773373,0.03404337128485768,0.021426151249244532,1.12,1.12,1.12,1.12
0.001843598120375578,0.7994497200179698,19.195521884334426,0.02114079006179237,0.025952461535429655,0.008581602678281675,0.04594124926320137,0.0340475384645704,0.021418397321718338,1.12,1.12,1.12,1.12
0.0018363062852097213,0.7995851162574615,19.19681752501473,0.0211529275986701,0.02594827445445813,0.008589375678756193,0.045929111726323635,0.03405172554554192,0.02141062432124382,1.12,1.12,1.12,1.12
0.0018290436596718252,0.7997210025297141,19.198116478014242,0.021165101575151446,0.025944067516844943,0.008597167730315616,0.04591693774984229,0.03405593248315511,0.021402832269684396,1.12,1.12,1.12,1.12
0.0018218101270035536,0.7998573795058095,19.19941874873571,0.021177311929019893,0.025939840766904143,0.008604978811379393,0.04590472739597384,0.03406015923309591,0.02139502118862062,1.12,1.12,1.12,1.12
0.001814605570914285,0.7999942478567983,19.200724342580113,0.02118955859858479,0.02593559424863784,0.008612808900649332,0.045892480726408946,0.034064405751362214,0.02138719109935068,1.12,1.12,1.12,1.12
0.0018074298755791586,0.8001316082537111,19.202033264946763,0.02120184152267962,0.025931328005746823,0.008620657977109009,0.045880197802314115,0.03406867199425323,0.021379342022891004,1.12,1.12,1.12,1.12
0.0018002829256372978,0.8002694613675694,19.20334552123341,0.021214160640661728,0.02592704208163038,0.008628526020023466,0.04586787868433201,0.03407295791836967,0.021371473979976546,1.12,1.12,1.12,1.12
0.0017931646061896346,0.8004078078693958,19.204661116836302,0.021226515892411257,0.02592273651938909,0.008636413008938568,0.04585552343258248,0.034077263480610964,0.021363586991061445,1.12,1.12,1.12,1.12
0.001786074802797355,0.8005466484302259,19.205980057150285,0.021238907218662395,0.025918411365281085,0.008644318974824719,0.04584313210633134,0.03408158863471897,0.021355681025175294,1.12,1.12,1.12,1.12
0.0017790134014799897,0.8006859837211353,19.20730234756906,0.021251334560338953,0.02591406666136295,0.00865224384547155,0.045830704764654784,0.0340859333386371,0.021347756154528462,1.12,1.12,1.12,1.12
0.0017719802887134596,0.8008258144132315,19.208627993485077,0.021263797858884215,0.025909702449447153,0.008660187601288366,0.04581824146610952,0.0340902975505529,0.021339812398711647,1.12,1.12,1.12,1.12
0.0017649753514285217,0.8009661411776666,19.209957000289656,0.02127629705626044,0.025905318771106356,0.008668150222961996,0.045805742268733296,0.0340946812288937,0.021331849777038017,1.12,1.12,1.12,1.12
0.001757998477008682,0.8011069646856455,19.211289373373056,0.021288832094948307,0.025900915667668806,0.008676131691456673,0.04579320723004543,0.03409908433233125,0.02132386830854334,1.12,1.12,1.12,1.12
0.001751049553288242,0.8012482856084404,19.21262511812455,0.02130140291794591,0.025896493180222135,0.008684131988013773,0.045780636407047826,0.03410350681977792,0.02131586801198624,1.12,1.12,1.12,1.12
0.0017441284685509207,0.8013901046173988,19.213964239932572,0.021314009468769102,0.02589205134961406,0.008692151094151494,0.045768029856224635,0.034107948650385994,0.02130784890584852,1.12,1.12,1.12,1.12
0.0017372351115279017,0.8015324223839576,19.21530674418473,0.021326651691449927,0.025887590216456036,0.008700188991664713,0.04575538763354381,0.03411240978354402,0.0212998110083353,1.12,1.12,1.12,1.12
0.0017303693713955682,0.8016752395796511,19.216652636267995,0.02133932953053652,0.025883109821120825,0.00870824566262475,0.045742709794457215,0.03411689017887923,0.021291754337375263,1.12,1.12,1.12,1.12
0.0017235311377744368,0.8018185568761244,19.218001921568693,0.02135204293109283,0.025878610203750207,0.008716321089379225,0.04572999639390091,0.034121389796249846,0.021283678910620787,1.12,1.12,1.12,1.12
0.001716720300727026,0.8019623749451438,19.219354605472667,0.021364791838697383,0.025874091404254618,0.008724415254551657,0.04571724748629635,0.034125908595745436,0.021275584745448356,1.12,1.12,1.12,1.12
0.0017099367507559028,0.8021066944586078,19.220710693365326,0.02137757619944347,0.025869553462316786,0.008732528141041584,0.045704463125550265,0.03413044653768327,0.02126747185895843,1.12,1.12,1.12,1.12
0.0017031803788289058,0.8022515160884945,19.22207019063118,0.02139039595991238,0.02586499641737655,0.008740659731852445,0.04569164336508136,0.0341350035826235,0.021259340268147568,1.12,1.12,1.12,1.12
0.0016964510763724406,0.8023968405068871,19.223433102653992,0.021403251067176998,0.025860420308638665,0.008748810010281681,0.04567878825781674,0.03413957969136139,0.021251189989718332,1.12,1.12,1.12,1.12
0.0016897487351897667,0.8025426683861707,19.22479943481871,0.02141614146887677,0.02585582517511173,0.008756978960090117,0.045665897856116966,0.034144174824888324,0.021243021039909896,1.12,1.12,1.12,1.12
0.0016830732475658916,0.8026890003987831,19.226169192509047,0.02142906711313236,0.025851211055599566,0.008765166565275123,0.045652972211861376,0.03414878894440049,0.02123483343472489,1.12,1.12,1.12,1.12
0.0016764245062017569,0.8028358372173896,19.227542381109124,0.021442027948587072,0.02584657798869816,0.008773372810119556,0.045640011376406664,0.03415342201130189,0.021226627189880456,1.12,1.12,1.12,1.12
0.001669802404198917,0.8029831795149311,19.22891900600393,0.021455023924414285,0.025841926012796168,0.008781597679202308,0.04562701540057945,0.034158073987203885,0.021218402320797705,1.12,1.12,1.12,1.12
0.001663206835087161,0.80313102796456,19.23029907257869,0.02146805499029769,0.025837255166078404,0.00878984115737607,0.045613984334696045,0.03416274483392165,0.021210158842623943,1.12,1.12,1.12,1.12
0.0016566376928227378,0.8032793832396495,19.231682586218938,0.021481121096432354,0.025832565486534342,0.008798103229767117,0.04560091822856138,0.03416743451346571,0.021201896770232896,1.12,1.12,1.12,1.12
0.0016500948717861786,0.8034282460138078,19.23306955231064,0.02149422219352365,0.025827857011957223,0.008806383881775362,0.04558781713147009,0.03417214298804283,0.02119361611822465,1.12,1.12,1.12,1.12
0.0016435782667815425,0.8035776169608874,19.23445997624026,0.0215073582327871,0.025823129779947135,0.008814683099074433,0.04557468109220664,0.03417687022005292,0.02118531690092558,1.12,1.12,1.12,1.12
0.001637087773033752,0.803727496754998,19.235853863394873,0.02152052916594782,0.02581838382791432,0.00882300086761166,0.045561510159045915,0.03418161617208573,0.021176999132388352,1.12,1.12,1.12,1.12
0.0016306232861875271,0.8038778860705158,19.23725121916226,0.021533734945240635,0.025813619193081172,0.00883133717360822,0.0455483043797531,0.03418638080691888,0.021168662826391793,1.12,1.12,1.12,1.12
0.001624184702305609,0.8040287855820982,19.238652048930984,0.021546975523409173,0.02580883591248384,0.008839692003559302,0.04553506380158456,0.03419116408751621,0.02116030799644071,1.12,1.12,1.12,1.12
0.0016177719178668505,0.8041801959646924,19.240056358090477,0.021560250853705942,0.02580403402297382,0.00884806534423404,0.045521788471287794,0.03419596597702623,0.021151934655765973,1.12,1.12,1.12,1.12
0.0016113848297648393,0.8043321178935474,19.241464152031206,0.021573560889891652,0.025799213561218226,0.008856457182675748,0.045508478435102084,0.03420078643878183,0.021143542817324265,1.12,1.12,1.12,1.12
0.0016050233353059442,0.8044845520442279,19.242875436144644,0.021586905586235272,0.025794374563703343,0.008864867506201926,0.045495133738758464,0.03420562543629671,0.021135132493798087,1.12,1.12,1.12,1.12
0.0015986873322080708,0.8046374990926225,19.244290215823497,0.02160028489751381,0.025789517066733214,0.00887329630240441,0.045481754427479926,0.03421048293326684,0.021126703697595603,1.12,1.12,1.12,1.12
0.0015923767185986204,0.8047909597149581,19.2457084964617,0.021613698779011148,0.025784641106430195,0.008881743559149557,0.04546834054598259,0.03421535889356986,0.021118256440850455,1.12,1.12,1.12,1.12
0.0015860913930128451,0.804944934587809,19.247130283454556,0.021627147186519147,0.025779746718735952,0.00889020926457821,0.04545489213847459,0.0342202532812641,0.021109790735421803,1.12,1.12,1.12,1.12
0.0015798312543928274,0.805099424388112,19.24855558219883,0.021640630076336154,0.025774833939409075,0.008898693407106043,0.04544140924865758,0.03422516606059098,0.02110130659289397,1.12,1.12,1.12,1.12
0.0015735962020851258,0.8052544297931736,19.24998439809284,0.02165414740526761,0.025769902804027606,0.008907195975423395,0.04542789191972613,0.03423009719597245,0.021092804024576618,1.12,1.12,1.12,1.12
0.001567386135839266,0.8054099514806851,19.251416736536534,0.021667699130624996,0.025764953347985287,0.008915716958495717,0.04541434019436874,0.03423504665201477,0.021084283041504295,1.12,1.12,1.12,1.12
0.0015612009558068074,0.8055659901287335,19.252852602931625,0.021681285210226275,0.025759985606492508,0.008924256345563389,0.04540075411476746,0.034240014393507545,0.021075743654436624,1.12,1.12,1.12,1.12
0.0015550405625388121,0.8057225464158129,19.254292002681645,0.021694905602395342,0.025754999614573226,0.008932814126142045,0.045387133722598394,0.03424500038542683,0.021067185873857967,1.12,1.12,1.12,1.12
0.001548904857054767,0.8058796210205976,19.255734941189843,0.02170856026597917,0.025749995407167936,0.008941390289934029,0.045373479059014565,0.03425000459283212,0.021058609710065984,1.12,1.12,1.12,1.12
0.001542793740724946,0.8060372146223526,19.257181423862963,0.021722249160315232,0.025744973018955952,0.008949984826977703,0.045359790164678504,0.0342550269810441,0.02105001517302231,1.12,1.12,1.12,1.12
0.0015367071152933233,0.8061953279008551,19.258631456110578,0.02173597224524021,0.025739932484392436,0.008958597727614537,0.04534606707975353,0.03426006751560762,0.021041402272385476,1.12,1.12,1.12,1.12
0.001530644882897514,0.8063539615363372,19.260085043344468,0.021749729481096047,0.025734873837739314,0.008967228982461675,0.04533230984389769,0.03426512616226074,0.021032771017538338,1.12,1.12,1.12,1.12
0.0015246069460669533,0.8065131162094965,19.26154219097871,0.02176352082872951,0.025729797113063085,0.008975878582412007,0.045318518496264226,0.03427020288693697,0.021024121417588006,1.12,1.12,1.12,1.12
0.0015185932077212971,0.8066727926015083,19.263002904429833,0.021777346249491902,0.02572470234423352,0.008984546518634368,0.045304693075501834,0.034275297655766535,0.021015453481365645,1.12,1.12,1.12,1.12
0.0015126035711693132,0.8068329913940367,19.264467189116836,0.02179120570523907,0.025719589564918988,0.008993232782573538,0.04529083361975467,0.034280410435081066,0.021006767217426475,1.12,1.12,1.12,1.12
0.0015066379401068365,0.8069937132692474,19.265935050461337,0.021805099158330787,0.025714458808586083,0.009001937365950417,0.04527694016666295,0.03428554119141397,0.020998062634049595,1.12,1.12,1.12,1.12
0.001500696218615394,0.8071549589098178,19.26740649388765,0.02181902657163065,0.02570931010849556,0.009010660260762096,0.045263012753363085,0.034290689891504494,0.020989339739237917,1.12,1.12,1.12,1.12
0.0014947783111609603,0.807316728998951,19.268881524822877,0.021832987908506185,0.02570414349770203,0.009019401459281887,0.04524905141648755,0.03429585650229802,0.020980598540718126,1.12,1.12,1.12,1.12
0.0014888841225915161,0.8074790242203846,19.27036014869702,0.021846983132827902,0.02569895900904856,0.009028160954059415,0.045235056192165835,0.03430104099095149,0.020971839045940598,1.12,1.12,1.12,1.12
0.0014830135581370475,0.8076418452584063,19.27184237094305,0.021861012208969688,0.025693756675166796,0.009036938737920733,0.04522102711602405,0.03430624332483326,0.02096306126207928,1.12,1.12,1.12,1.12
0.0014771665234062593,0.8078051927978604,19.27332819699702,0.021875075101808195,0.025688536528473305,0.009045734803968267,0.04520696422318554,0.03431146347152675,0.020954265196031746,1.12,1.12,1.12,1.12
0.0014713429243866207,0.8079690675241663,19.27481763229816,0.021889171776722727,0.02568329860116736,0.00905454914558114,0.04519286754827101,0.034316701398832694,0.020945450854418873,1.12,1.12,1.12,1.12
0.0014655426674416107,0.8081334701233231,19.27631068228898,0.0219033021995948,0.025678042925228906,0.00906338175641487,0.04517873712539894,0.03432195707477115,0.020936618243585142,1.12,1.12,1.12,1.12
0.0014597656593102306,0.8082984012819273,19.27780735241532,0.021917466336808356,0.025672769532417344,0.009072232630401737,0.04516457298818538,0.03432723046758271,0.020927767369598275,1.12,1.12,1.12,1.12
0.0014540118071046937,0.8084638616871809,19.279307648126526,0.021931664155248776,0.025667478454268033,0.009081101761750678,0.04515037516974496,0.03433252154573202,0.020918898238249335,1.12,1.12,1.12,1.12
0.0014482810183096273,0.8086298520269048,19.280811574875457,0.021945895622303535,0.025662169722091788,0.00908998914494738,0.0451361437026902,0.034337830277908266,0.020910010855052633,1.12,1.12,1.12,1.12
0.0014425732007798066,0.8087963729895503,19.282319138118645,0.021960160705860987,0.025656843366972604,0.009098894774754285,0.04512187861913275,0.03434315663302745,0.020901105225245728,1.12,1.12,1.12,1.12
0.0014368882627395331,0.8089634252642102,19.283830343316364,0.021974459374310917,0.025651499419765578,0.0091078186462107,0.04510757995068282,0.034348500580234476,0.020892181353789313,1.12,1.12,1.12,1.12
0.0014312261127806813,0.8091310095406318,19.285345195932727,0.021988791596543822,0.02564613791109674,0.00911676075463276,0.045093247728449914,0.034353862088903314,0.020883239245367252,1.12,1.12,1.12,1.12
0.0014255866598610557,0.8092991265092278,19.28686370143578,0.02200315734195074,0.02564075887136097,0.009125721095613534,0.045078881983042995,0.034359241128639084,0.02087427890438648,1.12,1.12,1.12,1.12
0.0014199698133033234,0.8094677768610883,19.28838586529761,0.02201755658042337,0.02563536233072053,0.009134699665023116,0.04506448274457037,0.034364637669279524,0.020865300334976897,1.12,1.12,1.12,1.12
0.001414375482793373,0.8096369612879928,19.28991169299441,0.022031989282353226,0.025629948319104756,0.009143696459008518,0.04505005004264051,0.0343700516808953,0.020856303540991494,1.12,1.12,1.12,1.12
0.0014088035783790698,0.8098066804824227,19.29144119000661,0.022046455418631872,0.02562451686620859,0.009152711473993824,0.045035583906361865,0.03437548313379146,0.02084728852600619,1.12,1.12,1.12,1.12
0.0014032540104683467,0.8099769351375701,19.292974361818956,0.022060954960650525,0.025619068001492468,0.009161744706680255,0.04502108436434321,0.034380931998507586,0.020838255293319757,1.12,1.12,1.12,1.12
0.0013977266898282715,0.8101477259473555,19.294511213920607,0.022075487880299838,0.025613601754180287,0.00917079615404616,0.0450065514446939,0.034386398245819766,0.020829203845953853,1.12,1.12,1.12,1.12
0.0013922215275833595,0.8103190536064329,19.296051751805233,0.022090054149969562,0.025608118153260917,0.00917986581334708,0.044991985175024174,0.034391881846739136,0.020820134186652933,1.12,1.12,1.12,1.12
0.001386738435214019,0.8104909188102072,19.29759598097109,0.022104653742548608,0.025602617227485858,0.009188953682115808,0.04497738558244513,0.034397382772514196,0.020811046317884205,1.12,1.12,1.12,1.12
0.0013812773245556187,0.8106633222548423,19.299143906921163,0.022119286631424595,0.025597099005369495,0.009198059758162444,0.04496275269356914,0.03440290099463056,0.02080194024183757,1.12,1.12,1.12,1.12
0.001375838107796401,0.8108362646372756,19.300695535163204,0.022133952790483746,0.02559156351518932,0.009207184039574497,0.04494808653450999,0.034408436484810734,0.020792815960425516,1.12,1.12,1.12,1.12
0.0013704206974768153,0.8110097466552292,19.30225087120988,0.022148652194110607,0.025586010784985097,0.00921632652471692,0.04493338713088313,0.034413989215014956,0.020783673475283093,1.12,1.12,1.12,1.12
0.0013650250064872972,0.8111837690072203,19.303809920578836,0.02216338481718788,0.02558044084255867,0.009225487212232153,0.044918654507805855,0.03441955915744138,0.02077451278776786,1.12,1.12,1.12,1.12
0.0013596509480676478,0.8113583323925755,19.30537268879279,0.022178150635096427,0.025574853715474744,0.009234666101040234,0.04490388868989731,0.03442514628452531,0.02076533389895978,1.12,1.12,1.12,1.12
0.0013542984358050792,0.8115334375114422,19.30693918137967,0.022192949623714764,0.025569249431059593,0.009243863190338916,0.04488908970127897,0.03443075056894046,0.020756136809661097,1.12,1.12,1.12,1.12
0.0013489673836331484,0.8117090850647989,19.308509403872648,0.022207781759419176,0.025563628016402273,0.009253078479603688,0.04487425756557456,0.03443637198359778,0.020746921520396325,1.12,1.12,1.12,1.12
0.0013436577058302036,0.8118852757544697,19.3100833618103,0.02222264701908344,0.025557989498353972,0.009262311968587872,0.044859392305910295,0.03444201050164608,0.02073768803141214,1.12,1.12,1.12,1.12
0.0013383693170179623,0.8120620102831348,19.31166106073664,0.022237545380078494,0.0255523339035284,0.009271563657322804,0.04484449394491524,0.03444766609647165,0.02072843634267721,1.12,1.12,1.12,1.12
0.0013331021321605796,0.8122392893543433,19.313242506201274,0.022252476820272593,0.025546654706549488,0.009280833546117855,0.04482956250472114,0.034453345293450566,0.020719166453882158,1.12,1.12,1.12,1.12
0.0013278560665175743,0.8124171136290376,19.314827703373926,0.022267441295775015,0.02554095957154262,0.009290121609512703,0.04481459802921872,0.03445904042845743,0.02070987839048731,1.12,1.12,1.12,1.12
0.0013226310357404181,0.8125954838192238,19.31641665787563,0.022282438788988612,0.025535248398492416,0.009299427852751313,0.044799600536005124,0.03446475160150764,0.0207005721472487,1.12,1.12,1.12,1.12
0.0013174269558179576,0.8127744006370876,19.318009375326735,0.022297469282416826,0.02552952109995793,0.00930875228085671,0.04478457004257691,0.03447047890004212,0.020691247719143303,1.12,1.12,1.12,1.12
0.001312243743074726,0.812953864795078,19.31960586134755,0.022312532758702208,0.025523777599833236,0.009318094898674703,0.04476950656629153,0.03447622240016682,0.02068190510132531,1.12,1.12,1.12,1.12
0.0013070813141700555,0.8131338770059809,19.3212061215591,0.022327629200662558,0.02551801783222568,0.009327455710920252,0.04475441012433118,0.03448198216777437,0.02067254428907976,1.12,1.12,1.12,1.12
0.0013019395860964789,0.8133144379829891,19.322810161583693,0.02234275859132273,0.02551224174044242,0.0093368347222193,0.044739280733671005,0.03448775825955763,0.020663165277780712,1.12,1.12,1.12,1.12
0.0012968184761787517,0.8134955484397675,19.32441798704553,0.022357920913943286,0.025506449276072207,0.00934623193714669,0.04472411841105045,0.034493550723927846,0.020653768062853323,1.12,1.12,1.12,1.12
0.0012917179020723868,0.8136772090905104,19.326029603571236,0.0223731161520474,0.02550064039815636,0.009355647360260316,0.044708923172946335,0.03449935960184369,0.020644352639739696,1.12,1.12,1.12,1.12
0.0012866377817625898,0.8138594206499997,19.327645016790317,0.022388344289444306,0.0254948150724367,0.009365080996120323,0.04469369503554943,0.034505184927563354,0.02063491900387969,1.12,1.12,1.12,1.12
0.001281578033562658,0.8140421838336529,19.329264232335657,0.022403605310250874,0.025488973270676618,0.009374532849309766,0.04467843401474286,0.034511026729323435,0.020625467150690246,1.12,1.12,1.12,1.12
0.0012765385761130954,0.8142254993575734,19.33088725584391,0.022418899198910658,0.02548311497004596,0.00938400292448581,0.04466314012608308,0.03451688502995409,0.020615997075514203,1.12,1.12,1.12,1.12
0.0012715193283799665,0.8144093679385929,19.332514092955893,0.02243422594021155,0.025477240152567915,0.00939349122640043,0.04464781338478219,0.03452275984743214,0.020606508773599583,1.12,1.12,1.12,1.12
0.0012665202096539653,0.8145937902943141,19.334144749316977,0.022449585519303095,0.025471348804628258,0.00940299776010995,0.04463245380569064,0.034528651195371796,0.020597002239890062,1.12,1.12,1.12,1.12
0.001261541139548994,0.81477876714315,19.335779230577394,0.022464977921711426,0.02546544091652797,0.009412522530905826,0.04461706140328231,0.03453455908347208,0.020587477469094187,1.12,1.12,1.12,1.12
0.0012565820380008752,0.8149642992043585,19.337417542392572,0.02248040313335048,0.025459516482051803,0.009422065543940011,0.04460163619164326,0.03454048351794825,0.02057793445606,1.12,1.12,1.12,1.12
0.0012516428252661528,0.8151503871980792,19.339059690423422,0.02249586114053409,0.025453575498097014,0.009431626804526416,0.044586178184459646,0.03454642450190304,0.020568373195473597,1.12,1.12,1.12,1.12
0.001246723421920848,0.8153370318453632,19.340705680336637,0.022511351929986156,0.025447617964337754,0.00944120631815485,0.04457068739500758,0.0345523820356623,0.020558793681845162,1.12,1.12,1.12,1.12
0.001241823748859039,0.8155242338682055,19.34235551780491,0.022526875488850406,0.02544164388292225,0.009450804090503473,0.04455516383614333,0.034558356117077804,0.02054919590949654,1.12,1.12,1.12,1.12
0.0012369437272919726,0.8157119939895717,19.344009208507252,0.02254243180469928,0.025435653258198104,0.00946042012745018,0.044539607520294455,0.03456434674180195,0.020539579872549833,1.12,1.12,1.12,1.12
0.0012320832787462877,0.8159003129334265,19.345666758129145,0.022558020865541484,0.02542964609646442,0.00947005443508267,0.04452401845945225,0.03457035390353563,0.020529945564917343,1.12,1.12,1.12,1.12
0.0012272423250633492,0.8160891914247603,19.3473281723628,0.02257364265982903,0.02542362240574733,0.009479707019707684,0.04450839666516471,0.03457637759425272,0.02052029298029233,1.12,1.12,1.12,1.12
0.0012224207883975602,0.816278630189612,19.34899345690738,0.022589297176464018,0.025417582195597643,0.009489377887859418,0.04449274214852972,0.03458241780440241,0.020510622112140595,1.12,1.12,1.12,1.12
0.0012176185912153416,0.8164686299550937,19.350662617469187,0.022604984404803852,0.025411525476907726,0.009499067046306833,0.044477054920189885,0.03458847452309233,0.02050093295369318,1.12,1.12,1.12,1.12
0.0012128356562937982,0.8166591914494131,19.352335659761813,0.022620704334666897,0.025405452261745426,0.009508774502060516,0.04446133499032684,0.03459454773825463,0.020491225497939497,1.12,1.12,1.12,1.12
0.00120807190671961,0.8168503154018956,19.354012589506386,0.02263645695633676,0.02539936256320488,0.009518500262378715,0.04444558236865698,0.03460063743679517,0.020481499737621298,1.12,1.12,1.12,1.12
0.001203327265887655,0.8170420025430026,19.355693412431698,0.022652242260567113,0.02539325639527107,0.009528244334772826,0.044429797064426624,0.034606743604728984,0.020471755665227187,1.12,1.12,1.12,1.12
0.0011986016574999426,0.8172342536043568,19.357378134274384,0.022668060238584753,0.025387133772697856,0.009538006727012334,0.04441397908640898,0.0346128662273022,0.02046199327298768,1.12,1.12,1.12,1.12
0.0011938950055642385,0.8174270693187546,19.35906676077908,0.02268391088209365,0.025380994710897664,0.009547787447129294,0.04439812844290009,0.03461900528910239,0.02045221255287072,1.12,1.12,1.12,1.12
0.0011892072343929973,0.8176204504201912,19.360759297698593,0.022699794183277777,0.025374839225842105,0.009557586503422186,0.04438224514171596,0.03462516077415795,0.020442413496577827,1.12,1.12,1.12,1.12
0.0011845382686020312,0.8178143976438742,19.362455750794027,0.02271571013480389,0.025368667333971806,0.009567403904459718,0.044366329190189846,0.03463133266602825,0.020432596095540295,1.12,1.12,1.12,1.12
0.0011798880331094887,0.8180089117262448,19.364156125834928,0.022731658729824245,0.025362479052116027,0.009577239659083928,0.04435038059516949,0.034637520947884026,0.020422760340916085,1.12,1.12,1.12,1.12
0.0011752564531342991,0.8182039934049921,19.365860428599447,0.022747639961978705,0.02535627439741922,0.009587093776413175,0.04433439936301503,0.03464372560258083,0.020412906223586838,1.12,1.12,1.12,1.12
0.0011706434541953303,0.8183996434190717,19.367568664874454,0.022763653825396857,0.025350053387275306,0.009596966265844692,0.04431838549959688,0.03464994661272475,0.02040303373415532,1.12,1.12,1.12,1.12
0.0011660489621101,0.8185958625087221,19.369280840455705,0.02277970031469967,0.02534381603926872,0.009606857137057008,0.04430233901029407,0.034656183960731335,0.020393142862943005,1.12,1.12,1.12,1.12
0.001161472902993399,0.8187926514154804,19.37099696114792,0.022795779425001605,0.02533756237112028,0.00961676640001205,0.04428625989999213,0.03466243762887977,0.020383233599987963,1.12,1.12,1.12,1.12
0.0011569152032564034,0.8189900108821968,19.37271703276495,0.02281189115191168,0.025331292400958494,0.009626694064957017,0.04427014817308206,0.03466870759904156,0.020373305935042996,1.12,1.12,1.12,1.12
0.0011523757896052978,0.8191879416530562,19.374441061129918,0.0228280354915375,0.02532500614733063,0.009636640142427572,0.044254003833456235,0.03467499385266942,0.02036335985757244,1.12,1.12,1.12,1.12
0.0011478545890401648,0.8193864444735927,19.37616905207536,0.022844212440486233,0.025318703628635753,0.009646604643250817,0.0442378268845075,0.0346812963713643,0.020353395356749196,1.12,1.12,1.12,1.12
0.0011433515288537866,0.8195855200907056,19.377901011443335,0.0228604219958653,0.025312384863110854,0.009656587578546108,0.04422161732912844,0.0346876151368892,0.020343412421453905,1.12,1.12,1.12,1.12
0.001138866536630534,0.8197851692526735,19.379636945085533,0.022876664155283,0.025306049868819236,0.009666588959725733,0.04420537516971074,0.03469395013118082,0.02033341104027428,1.12,1.12,1.12,1.12
0.001134399540245168,0.8199853927091664,19.38137685886342,0.022892938916848682,0.025299698663639375,0.009676608798495474,0.044189100408145054,0.03470030133636068,0.02032339120150454,1.12,1.12,1.12,1.12
0.0011299504678615958,0.8201861912112625,19.383120758648282,0.0229092462791739,0.025293331265255542,0.009686647106855406,0.044172793045819836,0.03470666873474451,0.020313352893144607,1.12,1.12,1.12,1.12
0.001125519247931983,0.8203875655114587,19.3848686503214,0.02292558624137203,0.025286947691148975,0.009696703897100346,0.044156453083621705,0.03471305230885108,0.020303296102899666,1.12,1.12,1.12,1.12
0.0011211058091868953,0.8205895163637058,19.38662053977429,0.022941958803069984,0.025280547958597327,0.00970677918182386,0.04414008052192375,0.034719452041402726,0.020293220818176153,1.12,1.12,1.12,1.12
0.0011167100806470653,0.8207920445233926,19.38837643290858,0.02295836396439227,0.025274132084656703,0.009716872973913868,0.044123675360601466,0.03472586791534335,0.020283127026086145,1.12,1.12,1.12,1.12
0.0011123319916213515,0.8209951507473637,19.39013633563612,0.02297480172596239,0.02526770008615642,0.009726985286553108,0.044107237599031346,0.034732299913843634,0.020273014713446905,1.12,1.12,1.12,1.12
0.0011079714717021183,0.821198835793939,19.391900253879164,0.022991272088907555,0.025261251979696475,0.009737116133221202,0.04409076723608618,0.03473874802030358,0.02026288386677881,1.12,1.12,1.12,1.12
0.0011036284507642158,0.8214031004229286,19.393668193570488,0.023007775054859403,0.025254787781643084,0.009747265527695156,0.04407426427013433,0.03474521221835697,0.020252734472304856,1.12,1.12,1.12,1.12
0.0010993028589638242,0.8216079453956463,19.3954401606535,0.023024310625954503,0.025248307508124068,0.009757433484049838,0.044057728699039234,0.034751692491875985,0.020242566515950175,1.12,1.12,1.12,1.12
0.0010949946267370338,0.821813371474923,19.397216161082323,0.023040878804834297,0.02524181117502533,0.009767620016658374,0.04404116052015944,0.03475818882497472,0.02023237998334164,1.12,1.12,1.12,1.12
0.001090703684799088,0.8220193794251222,19.398996200821948,0.023057479594646102,0.02523529879798772,0.009777825140192722,0.044024559730347634,0.03476470120201233,0.02022217485980729,1.12,1.12,1.12,1.12
0.001086429964143143,0.8222259700121524,19.400780285848292,0.023074112999042995,0.025228770392403843,0.009788048869624075,0.04400792632595074,0.03477122960759621,0.020211951130375938,1.12,1.12,1.12,1.12
0.0010821733960390213,0.8224331440034801,19.402568422148377,0.02309077902218426,0.025222225973416168,0.009798291220223243,0.043991260302809476,0.034777774026583885,0.02020170877977677,1.12,1.12,1.12,1.12
0.0010779339120323694,0.8226409021681477,19.40436061572036,0.02310747766873622,0.025215665555914535,0.00980855220756123,0.043974561656257516,0.03478433444408552,0.020191447792438783,1.12,1.12,1.12,1.12
0.0010737114439434592,0.8228492452767826,19.406156872573707,0.023124208943872016,0.02520908915453418,0.009818831847509618,0.04395783038112172,0.03479091084546587,0.020181168152490395,1.12,1.12,1.12,1.12
0.0010695059238658544,0.8230581741016145,19.407957198729264,0.02314097285327238,0.025202496783654993,0.00982913015624104,0.04394106647172136,0.03479750321634506,0.020170869843758973,1.12,1.12,1.12,1.12
0.00106531728416579,0.8232676894164893,19.40976160021939,0.02315776940312614,0.025195888457399396,0.009839447150229642,0.0439242699218676,0.03480411154260066,0.02016055284977037,1.12,1.12,1.12,1.12
0.0010611454574806169,0.8234777919968809,19.41157008308806,0.023174598600130103,0.025189264189631994,0.009849782846251556,0.04390744072486363,0.03481073581036806,0.020150217153748456,1.12,1.12,1.12,1.12
0.001056990376717959,0.8236884826199069,19.413382653390972,0.023191460451490065,0.025182623993958375,0.009860137261385404,0.04389057887350367,0.03481737600604168,0.02013986273861461,1.12,1.12,1.12,1.12
0.0010528519750546918,0.8238997620643445,19.415199317195658,0.023208354964920908,0.025175967883724754,0.00987051041301272,0.04387368436007283,0.0348240321162753,0.020129489586987293,1.12,1.12,1.12,1.12
0.001048730185935698,0.8241116311106401,19.41702008058162,0.023225282148646997,0.025169295872017383,0.009880902318818503,0.04385675717634674,0.03483070412798267,0.02011909768118151,1.12,1.12,1.12,1.12
0.0010446249430728916,0.8243240905409288,19.418844949640384,0.023242242011402903,0.02516260797166253,0.009891312996791635,0.043839797313590834,0.03483739202833752,0.020108687003208378,1.12,1.12,1.12,1.12
0.001040536180444196,0.824537141139045,19.42067393047569,0.02325923456243356,0.025155904195225176,0.009901742465215968,0.043822804762560175,0.03484409580477488,0.020098257534784045,1.12,1.12,1.12,1.12
0.0010364638322923447,0.824750783690538,19.422507029203537,0.023276259811494726,0.025149184555008863,0.009912190742674395,0.04380577951349901,0.03485081544499119,0.020087809257325617,1.12,1.12,1.12,1.12
0.0010324078331239495,0.8249650189826867,19.42434425195234,0.023293317768853627,0.02514244906305732,0.009922657848070365,0.04378872155614011,0.03485755093694273,0.020077342151929647,1.12,1.12,1.12,1.12
0.0010283681177084337,0.8251798478045136,19.426185604863015,0.023310408445289366,0.0251356977311539,0.009933143800613595,0.04377163087970437,0.03486430226884615,0.020066856199386418,1.12,1.12,1.12,1.12
0.0010243446210769225,0.8253952709467994,19.4280310940891,0.023327531852093575,0.025128930570822217,0.009943648619820618,0.04375450747290016,0.03487106942917784,0.020056351380179395,1.12,1.12,1.12,1.12
0.0010203372785212218,0.8256112892020971,19.42988072579689,0.0233446880010707,0.0251221475933264,0.009954172325515466,0.043737351323923035,0.034877852406673654,0.020045827674484547,1.12,1.12,1.12,1.12
0.0010163460255928848,0.8258279033647477,19.431734506165533,0.023361876904538725,0.02511534880967159,0.009964714937830299,0.04372016242045501,0.034884651190328464,0.020035285062169714,1.12,1.12,1.12,1.12
0.0010123707981020136,0.8260451142308933,19.43359244138712,0.023379098575329604,0.025108534230604135,0.009975276477206078,0.04370294074966413,0.03489146576939592,0.020024723522793934,1.12,1.12,1.12,1.12
0.0010084115321162823,0.8262629225984942,19.435454537666864,0.02339635302679005,0.025101703866612063,0.009985856964393296,0.043685686298203685,0.03489829613338799,0.020014143035606717,1.12,1.12,1.12,1.12
0.0010044681639599597,0.8264813292673407,19.43732080122314,0.0234136402727817,0.025094857727925968,0.009996456420452715,0.04366839905221204,0.034905142272074086,0.020003543579547298,1.12,1.12,1.12,1.12
0.0010005406302128872,0.8267003350390705,19.439191238287687,0.02343096032768205,0.025087995824518927,0.010007074866756144,0.04365107899731169,0.034912004175481126,0.01999292513324387,1.12,1.12,1.12,1.12
0.0009966288677093706,0.8269199407171812,19.44106585510563,0.023448313206385185,0.025081118166108057,0.01001771232498723,0.04363372611860855,0.034918881833891996,0.019982287675012783,1.12,1.12,1.12,1.12
0.0009927328135373337,0.8271401471070476,19.44294465793567,0.023465698924301726,0.025074224762154096,0.010028368817142377,0.04361634040069201,0.03492577523784596,0.019971631182857635,1.12,1.12,1.12,1.12
0.0009888524050369885,0.8273609550159361,19.44482765305017,0.02348311749736043,0.02506731562186279,0.010039044365531602,0.04359892182763331,0.03493268437813726,0.01996095563446841,1.12,1.12,1.12,1.12
0.000984987579800345,0.8275823652530176,19.446714846735276,0.023500568942007916,0.02506039075418548,0.010049738992779611,0.04358147038298582,0.034939609245814574,0.019950261007220402,1.12,1.12,1.12,1.12
0.0009811382756695687,0.8278043786293863,19.448606245291046,0.023518053275210116,0.025053450167819236,0.01006045272182668,0.04356398604978362,0.03494654983218082,0.019939547278173333,1.12,1.12,1.12,1.12
0.0009773044307365808,0.8280269959580716,19.45050185503156,0.023535570514452597,0.02504649387120833,0.01007118557592987,0.04354646881054114,0.03495350612879172,0.019928814424070143,1.12,1.12,1.12,1.12
0.000973485983341682,0.8282502180540553,19.45240168228504,0.023553120677741235,0.025039521872544462,0.010081937578664185,0.0435289186472525,0.03496047812745559,0.019918062421335828,1.12,1.12,1.12,1.12
0.000969682872072708,0.8284740457342864,19.45430573339395,0.023570703783603097,0.02503253417976778,0.010092708753923846,0.04351133554139064,0.034967465820232274,0.019907291246076167,1.12,1.12,1.12,1.12
0.0009658950357640084,0.8286984798176965,19.45621401471518,0.02358831985108728,0.02502553080056752,0.010103499125923641,0.043493719473906456,0.034974469199432534,0.01989650087407637,1.12,1.12,1.12,1.12
0.0009621224134955142,0.8289235211252152,19.458126532620074,0.023605968899765573,0.02501851174238287,0.010114308719200396,0.043476070425228164,0.03498148825761718,0.019885691280799617,1.12,1.12,1.12,1.12
0.000958364944591672,0.8291491704797856,19.460043293494646,0.023623650949733288,0.02501147701240386,0.01012513755861462,0.04345838837526045,0.03498852298759619,0.019874862441385394,1.12,1.12,1.12,1.12
0.0009546225686206001,0.82937542870638,19.461964303739634,0.0236413660216101,0.025004426617572045,0.010135985669352199,0.04344067330338364,0.03499557338242801,0.019864014330647814,1.12,1.12,1.12,1.12
0.0009508952253929337,0.8296022966320167,19.463889569770643,0.023659114136541037,0.024997360564581517,0.010146853076925227,0.0434229251884527,0.03500263943541854,0.019853146923074785,1.12,1.12,1.12,1.12
0.000947182854960893,0.8298297750857725,19.465819098018294,0.023676895316192936,0.024990278859841064,0.010157739806610055,0.0434051440088008,0.03500972114015899,0.019842260193389957,1.12,1.12,1.12,1.12
0.0009434853976176161,0.8300578648988024,19.4677528949283,0.023694709582760876,0.024983181509523777,0.010168645884638644,0.04338732974223286,0.035016818490476276,0.01983135411536137,1.12,1.12,1.12,1.12
0.0009398027938958275,0.8302865669043531,19.469690966961615,0.023712556958968234,0.02497606851956044,0.010179571337496751,0.0433694823660255,0.03502393148043961,0.01982042866250326,1.12,1.12,1.12,1.12
0.0009361349845669498,0.8305158819377785,19.471633320594567,0.023730437468066468,0.02496893989563642,0.010190516191961985,0.04335160185692727,0.03503106010436363,0.019809483808038028,1.12,1.12,1.12,1.12
0.0009324819106403926,0.8307458108365577,19.47357996231898,0.023748351133836387,0.024961795643192092,0.010201480475138594,0.04333368819115735,0.03503820435680796,0.01979851952486142,1.12,1.12,1.12,1.12
0.0009288435133623541,0.8309763544403101,19.47553089864227,0.02376629798058888,0.024954635767423072,0.010212464214458497,0.04331574134440486,0.03504536423257698,0.019787535785541516,1.12,1.12,1.12,1.12
0.0009252197342150659,0.8312075135908112,19.47748613608762,0.023784278033166018,0.024947460273281014,0.010223467437682404,0.04329776129182772,0.03505253972671904,0.01977653256231761,1.12,1.12,1.12,1.12
0.000921610514915594,0.8314392891320099,19.47944568119405,0.02380229131694206,0.02494026916547365,0.01023449017290097,0.04327974800805168,0.035059730834526404,0.019765509827099043,1.12,1.12,1.12,1.12
0.0009180157974152171,0.8316716819100436,19.481409540516612,0.023820337857824503,0.02493306244846563,0.010245532448535835,0.043261701467169233,0.03506693755153442,0.019754467551464178,1.12,1.12,1.12,1.12
0.0009144355238982272,0.8319046927732556,19.483377720626468,0.023838417682254642,0.024925840126478194,0.010256594293340998,0.043243621642739094,0.03507415987352186,0.019743405706659015,1.12,1.12,1.12,1.12
0.0009108696367811753,0.8321383225722117,19.48535022811102,0.02385653081720901,0.024918602203490153,0.010267675736403845,0.04322550850778473,0.0350813977965099,0.019732324263596168,1.12,1.12,1.12,1.12
0.000907318078711894,0.8323725721597157,19.487327069574068,0.023874677290200597,0.024911348683238105,0.010278776807146506,0.04320736203479314,0.03508865131676195,0.019721223192853507,1.12,1.12,1.12,1.12
0.0009037807925685649,0.8326074423908273,19.489308251635922,0.0238928571292793,0.02490407956921642,0.01028989753532708,0.04318918219571444,0.035095920430783634,0.019710102464672932,1.12,1.12,1.12,1.12
0.000900257721458786,0.8328429341228708,19.491293780933468,0.023911070363038578,0.02489679486468671,0.010301037951037234,0.04317096896195516,0.03510320513531334,0.01969896204896278,1.12,1.12,1.12,1.12
0.0008967488087185949,0.8330790482154629,19.493283664120405,0.023929317020608354,0.02488949457266393,0.010312198084709526,0.04315272230438538,0.035110505427336125,0.019687801915290487,1.12,1.12,1.12,1.12
0.000893253997911847,0.8333157855305307,19.495277907867358,0.023947597131656895,0.02488217869591855,0.010323377967118075,0.04313444219333684,0.035117821304081503,0.019676622032881938,1.12,1.12,1.12,1.12
0.0008897732328289721,0.833553146932323,19.497276518862012,0.023965910726397976,0.024874847237009362,0.01033457762980182,0.04311612859859576,0.03512515276299069,0.019665422370198193,1.12,1.12,1.12,1.12
0.0008863064574862634,0.8337911332874294,19.499279503809188,0.023984257835600375,0.024867500198365977,0.010345797105888219,0.04309778148939336,0.035132499801634076,0.019654202894111794,1.12,1.12,1.12,1.12
0.0008828536161248125,0.8340297454647971,19.501286869431063,0.024002638490578376,0.02486013758216732,0.01035703642724356,0.04307940083441536,0.035139862417832735,0.019642963572756453,1.12,1.12,1.12,1.12
0.0008794146532099313,0.8342689843357507,19.50329862246723,0.024021052723192493,0.024852759390342122,0.010368295626069945,0.04306098660180124,0.03514724060965793,0.019631704373930067,1.12,1.12,1.12,1.12
0.000875989513429909,0.8345088507740052,19.50531476967489,0.02403950056585019,0.024845365624569654,0.010379574734905278,0.043042538759143545,0.0351546343754304,0.019620425265094735,1.12,1.12,1.12,1.12
0.0008725781417489031,0.8347493456555153,19.507335317827362,0.02405798205147658,0.024837956286300034,0.01039087378657097,0.04302405727351716,0.03516204371370002,0.019609126213429043,1.12,1.12,1.12,1.12
0.0008691804834825234,0.8349904698582424,19.509360273711987,0.024076497213470105,0.02483053137678265,0.010402192814098009,0.04300554211152363,0.035169468623217404,0.019597807185902004,1.12,1.12,1.12,1.12
0.0008657964839835941,0.835232224263182,19.511389644139495,0.024095046085885363,0.024823090896948674,0.010413531851044197,0.04298699323910837,0.03517690910305138,0.019586468148955816,1.12,1.12,1.12,1.12
0.0008624260888248081,0.8354746097537936,19.51342343593873,0.02411362870265371,0.02481563484173757,0.010424890848862056,0.042968410622340025,0.03518436515826248,0.019575109151137957,1.12,1.12,1.12,1.12
0.0008590692437971282,0.8357176272159592,19.51546165595636,0.024132245098871075,0.02480816321180307,0.010436269918804836,0.04294979422612266,0.035191836788196984,0.019563730081195177,1.12,1.12,1.12,1.12
0.0008557258949095647,0.8359612775380623,19.51750431105745,0.02415089531018666,0.02480067600751995,0.010447669095226708,0.04293114401480708,0.0351993239924801,0.019552330904773305,1.12,1.12,1.12,1.12
0.0008523959883879773,0.8362055616110027,19.519551408125615,0.02416957937280495,0.024793173228986443,0.010459088412828763,0.042912459952188786,0.03520682677101361,0.01954091158717125,1.12,1.12,1.12,1.12
0.0008490794706741856,0.8364504803282155,19.52160295406318,0.02418829732348604,0.02478565487602813,0.010470527906659914,0.042893742001507695,0.035214345123971924,0.0195294720933401,1.12,1.12,1.12,1.12
0.0008457762884253929,0.8366960345856891,19.523658955791284,0.024207049199547748,0.024778120948199922,0.010481987612118097,0.04287499012544599,0.03522187905180013,0.019518012387881915,1.12,1.12,1.12,1.12
0.000842486388513164,0.8369422252819825,19.52571942025003,0.024225835038865773,0.024770571444788836,0.010493467564951356,0.042856204286127964,0.03522942855521122,0.019506532435048657,1.12,1.12,1.12,1.12
0.0008392097180224046,0.8371890533182436,19.52778435439867,0.024244654879876038,0.024763006364815682,0.010504967801258744,0.0428373844451177,0.03523699363518437,0.01949503219874127,1.12,1.12,1.12,1.12
0.0008359462242507832,0.8374365195982281,19.52985376521564,0.024263508761575348,0.02475542570703762,0.010516488357491534,0.04281853056341839,0.03524457429296243,0.01948351164250848,1.12,1.12,1.12,1.12
0.0008326958547077101,0.8376846250283161,19.531927659698827,0.024282396723522837,0.024747829469949384,0.010528029270454375,0.0427996426014709,0.03525217053005067,0.019471970729545637,1.12,1.12,1.12,1.12
0.0008294585571138491,0.8379333705175217,19.534006044865542,0.02430131880584757,0.024740217651795682,0.01053959057730132,0.042780720519146165,0.03525978234820437,0.019460409422698693,1.12,1.12,1.12,1.12
0.0008262342793997846,0.8381827569775275,19.536088927752807,0.024320275049239726,0.024732590250554964,0.01055117231554567,0.04276176427575401,0.03526740974944509,0.019448827684454342,1.12,1.12,1.12,1.12
0.0008230229697053116,0.8384327853227008,19.538176315417534,0.024339265494954576,0.02472494726394442,0.010562774523058996,0.04274277383003916,0.035275052736055634,0.019437225476941017,1.12,1.12,1.12,1.12
0.0008198245763789025,0.8386834564701067,19.540268214936578,0.024358290184815223,0.024717288689423966,0.010574397238071145,0.04272374914017851,0.03528271131057609,0.019425602761928867,1.12,1.12,1.12,1.12
0.0008166390479765529,0.8389347713395312,19.5423646334069,0.024377349161214368,0.024709614524196788,0.01058604049917141,0.04270469016377937,0.035290385475803265,0.019413959500828602,1.12,1.12,1.12,1.12
0.000813466333261026,0.8391867308534953,19.544465577945743,0.024396442467115642,0.02470192476521152,0.010597704345309863,0.042685596857878094,0.035298075234788534,0.01940229565469015,1.12,1.12,1.12,1.12
0.0008103063811925271,0.8394393359372945,19.54657105569089,0.024415570146066823,0.024694219409170298,0.010609388815801687,0.042666469178926913,0.035305780590829755,0.019390611184198325,1.12,1.12,1.12,1.12
0.0008071591408781221,0.8396925875191189,19.548681073801873,0.02443473224226611,0.02468649845267684,0.01062109395034904,0.042647307082727626,0.03531350154732321,0.019378906049650972,1.12,1.12,1.12,1.12
0.0008040245616875553,0.83994648652985,19.550795639457856,0.024453928800402647,0.024678761891900297,0.010632819789002573,0.04262811052459109,0.035321238108099756,0.01936718021099744,1.12,1.12,1.12,1.12
0.0008009025931935643,0.8402010339031863,19.552914759858936,0.024473159865743277,0.02467100972274905,0.010644566372179878,0.04260887945925046,0.035328990277251004,0.019355433627820134,1.12,1.12,1.12,1.12
0.0007977931851708587,0.8404562305756628,19.555038442226206,0.02449242548413344,0.02466324194087932,0.010656333740666747,0.042589613840860296,0.03533675805912073,0.019343666259333266,1.12,1.12,1.12,1.12
0.0007946962875957198,0.840712077486649,19.55716669380179,0.024511725702010156,0.024655458541715913,0.010668121935609218,0.04257031362298358,0.03534454145828414,0.019331878064390795,1.12,1.12,1.12,1.12
0.0007916118506446691,0.840968575578398,19.559299521849177,0.02453106056638893,0.024647659520425302,0.010679930998527522,0.04255097875860481,0.03535234047957475,0.01932006900147249,1.12,1.12,1.12,1.12
0.0007885398246940235,0.84122572579607,19.56143693365347,0.024550430124862854,0.024639844871910566,0.010691760971320088,0.04253160920013088,0.03536015512808949,0.019308239028679924,1.12,1.12,1.12,1.12
0.0007854801603185635,0.84148352908774,19.563578936521413,0.024569834425610726,0.024632014590823564,0.010703611896259457,0.04251220489938301,0.03536798540917649,0.019296388103740555,1.12,1.12,1.12,1.12
0.0007824328082912668,0.8417419864044215,19.565725537781546,0.024589273517398647,0.02462416867156325,0.010715483815993916,0.04249276580759509,0.0353758313284368,0.019284516184006097,1.12,1.12,1.12,1.12
0.0007793977195821978,0.8420010987000813,19.56787674478436,0.02460874744958147,0.024616307108277086,0.010727376773549041,0.04247329187541227,0.03538369289172297,0.01927262322645097,1.12,1.12,1.12,1.12
0.0007763748453579744,0.842260866931666,19.57003256490249,0.02462825627210491,0.024608429894859535,0.010739290812329189,0.04245378305288883,0.03539157010514052,0.019260709187670824,1.12,1.12,1.12,1.12
0.00077336413698057,0.8425212920591181,19.572193005530842,0.024647800035507372,0.024600537024952296,0.010751225976119327,0.042434239289486364,0.03539946297504776,0.019248774023880685,1.12,1.12,1.12,1.12
0.0007703655460068682,0.8427823750453989,19.574358074086746,0.02466737879092129,0.024592628491944046,0.010763182309086378,0.042414660534072446,0.03540737150805601,0.019236817690913635,1.12,1.12,1.12,1.12
0.0007673790241875978,0.8430441168565092,19.576527778010146,0.02468699259007534,0.024584704288970083,0.010775159855781258,0.042395046734918396,0.03541529571102997,0.019224840144218755,1.12,1.12,1.12,1.12
0.0007644045234667552,0.843306518461509,19.578702124763748,0.024706641485296055,0.024576764408911378,0.010787158661140245,0.04237539783969768,0.035423235591088675,0.019212841338859768,1.12,1.12,1.12,1.12
0.000761441995980583,0.8435695808325416,19.580881121833208,0.02472632552950954,0.024568808844394524,0.010799178770487,0.042355713795484196,0.03543119115560553,0.019200821229513013,1.12,1.12,1.12,1.12
0.0007584913940569482,0.8438333049448513,19.583064776727237,0.024746044776243703,0.024560837587790957,0.010811220229534159,0.04233599454875003,0.035439162412209096,0.019188779770465854,1.12,1.12,1.12,1.12
0.0007555526702143212,0.8440976917768093,19.585253096977844,0.024765799279629575,0.024552850631216483,0.010823283084385321,0.04231624004536416,0.03544714936878357,0.01917671691561469,1.12,1.12,1.12,1.12
0.0007526257771611977,0.8443627423099308,19.587446090140453,0.02478558909440326,0.02454484796653056,0.010835367381536884,0.04229645023059048,0.035455152033469495,0.01916463261846313,1.12,1.12,1.12,1.12
0.000749710667795167,0.8446284575289017,19.58964376379411,0.024805414275908044,0.024536829585334957,0.01084747316788004,0.04227662504908569,0.035463170414665096,0.019152526832119973,1.12,1.12,1.12,1.12
0.0007468072952020234,0.8448948384215971,19.591846125541615,0.02482527488009556,0.02452879547897302,0.01085960049070274,0.042256764444898176,0.03547120452102703,0.019140399509297273,1.12,1.12,1.12,1.12
0.0007439156126551439,0.845161885979107,19.594053183009734,0.024845170963528063,0.024520745638529462,0.010871749397691907,0.042236868361465674,0.03547925436147059,0.019128250602308106,1.12,1.12,1.12,1.12
0.0007410355736144681,0.8454296011957576,19.596264943849356,0.024865102583379872,0.024512680054827207,0.010883919936935688,0.042216936741613864,0.035487319945172846,0.019116080063064325,1.12,1.12,1.12,1.12
0.0007381671317257422,0.8456979850691344,19.598481415735698,0.024885069797438875,0.024504598718427334,0.01089611215692575,0.04219696952755486,0.03549540128157272,0.019103887843074263,1.12,1.12,1.12,1.12
0.0007353102408195867,0.8459670386001075,19.600702606368476,0.024905072664108463,0.02449650161962666,0.010908326106559875,0.04217696666088527,0.035503498380373394,0.019091673893440138,1.12,1.12,1.12,1.12
0.0007324648565625314,0.8462367627874139,19.60292852342253,0.024925111241298925,0.024488388748927614,0.010920561833537415,0.04215692808369481,0.03551161125107244,0.019079438166462598,1.12,1.12,1.12,1.12
0.0007296309335197205,0.846507158637273,19.605159174635475,0.024945185588428787,0.024480260096258477,0.010932819387199977,0.04213685373656495,0.035519739903741576,0.019067180612800036,1.12,1.12,1.12,1.12
0.0007268084261442542,0.846778227160203,19.60739456777858,0.024965295765744522,0.02447211565121471,0.010945098817581753,0.042116743559249215,0.035527884348785344,0.01905490118241826,1.12,1.12,1.12,1.12
0.000723997287010958,0.847049969376328,19.609634710705542,0.024985441835794042,0.024463955403074167,0.0109574001768801,0.042096597489199694,0.035536044596925886,0.019042599823119913,1.12,1.12,1.12,1.12
0.0007211974696227142,0.8473223863069264,19.611879611274787,0.025005623861149517,0.0244557793408684,0.010969723517062074,0.04207641546384422,0.03554422065913165,0.01903027648293794,1.12,1.12,1.12,1.12
0.0007184089288870155,0.8475954789729866,19.614129277336254,0.025025841904022295,0.024447587453403058,0.010982068889459635,0.04205619742097144,0.035552412546596995,0.019017931110540377,1.12,1.12,1.12,1.12
0.0007156316198975166,0.8478692483989108,19.616383716765334,0.025046096027253217,0.024439379729223665,0.010994436345814693,0.04203594329774052,0.03556062027077639,0.01900556365418532,1.12,1.12,1.12,1.12
0.0007128654992313521,0.8481436956081526,19.618642937423267,0.025066386293472798,0.024431156157055156,0.011006825936975148,0.04201565303152094,0.0355688438429449,0.018993174063024865,1.12,1.12,1.12,1.12
0.0007101105228888294,0.848418821630175,19.620906947220313,0.025086712766438812,0.024422916725109545,0.011019237714973831,0.041995326558554924,0.03557708327489051,0.01898076228502618,1.12,1.12,1.12,1.12
0.0007073666465466921,0.848694627499635,19.623175754108253,0.02510707551087421,0.024414661421166023,0.011031671732773682,0.041974963814119526,0.03558533857883403,0.01896832826722633,1.12,1.12,1.12,1.12
0.0007046338260598084,0.8489711142547134,19.625449366065205,0.025127474592144317,0.024406390232740216,0.011044128043760912,0.04195456473284942,0.03559360976725984,0.0189558719562391,1.12,1.12,1.12,1.12
0.0007019120174605487,0.8492482829371385,19.62772779109583,0.025147910076258773,0.024398103147083405,0.011056606701747226,0.041934129248734964,0.03560189685291665,0.018943393298252786,1.12,1.12,1.12,1.12
0.0006992011769580754,0.8495261345922108,19.630011037231483,0.025168382029874203,0.024389800151181806,0.01106910776097364,0.04191365729511953,0.03561019984881825,0.018930892239026373,1.12,1.12,1.12,1.12
0.0006965012609377653,0.8498046702688244,19.63229911253042,0.02518889052029688,0.02438148123175593,0.011081631276109644,0.041893148804696856,0.03561851876824412,0.01891836872389037,1.12,1.12,1.12,1.12
0.0006938122137818414,0.850083891066507,19.634592025499124,0.025209435620834608,0.024373146366172355,0.011094177317057134,0.04187260370415913,0.0356268536338277,0.01890582268294288,1.12,1.12,1.12,1.12
0.000691134004559535,0.8503637979947805,19.636889783831545,0.02523001739430858,0.02436479554904733,0.011106745924638367,0.04185202193068516,0.03563520445095272,0.018893254075361646,1.12,1.12,1.12,1.12
0.0006884665901920606,0.8506443921134381,19.639192395667433,0.025250635909980668,0.024356428766296512,0.01111933715481208,0.04183140341501307,0.03564357123370354,0.018880662845187933,1.12,1.12,1.12,1.12
0.0006858099277744945,0.8509256744859606,19.641499869174133,0.025271291237773164,0.02434804600356963,0.011131951063973647,0.04181074808722057,0.035651953996430424,0.018868048936026366,1.12,1.12,1.12,1.12
0.00068316397457453,0.8512076461795423,19.6438122125468,0.02529198344827177,0.024339647246252843,0.011144587708998663,0.041790055876721965,0.03566035275374721,0.01885541229100135,1.12,1.12,1.12,1.12
0.0006805286880325224,0.851490308265118,19.64612943400857,0.025312712612728216,0.024331232479468723,0.011157247147232777,0.04176932671226552,0.03566876752053133,0.018842752852767236,1.12,1.12,1.12,1.12
0.0006779040257602009,0.8517736618173848,19.648451541810797,0.025333478803062748,0.024322801688073048,0.01116992943641023,0.04174856052193099,0.035677198311927005,0.018830070563589783,1.12,1.12,1.12,1.12
0.0006752899455402695,0.8520577079148289,19.65077854423319,0.025354282091866853,0.0243143548566514,0.011182634634694356,0.04172775723312688,0.035685645143348654,0.018817365365305656,1.12,1.12,1.12,1.12
0.0006726864053256953,0.8523424476397523,19.65311044958405,0.025375122552406426,0.02430589196951871,0.011195362800691375,0.04170691677258731,0.03569410803048134,0.018804637199308638,1.12,1.12,1.12,1.12
0.000670093363238955,0.8526278820782944,19.65544726620045,0.025396000258623652,0.024297413010720803,0.011208113993457787,0.041686039066370084,0.03570258698927925,0.018791886006542226,1.12,1.12,1.12,1.12
0.0006675107775715006,0.8529140123204615,19.65778900244844,0.025416915285141062,0.0242889179640306,0.011220888272502734,0.041665124039852675,0.035711082035969455,0.01877911172749728,1.12,1.12,1.12,1.12
0.0006649386067830055,0.8532008394601514,19.66013566672323,0.02543786770726325,0.024280406812949656,0.011233685697790194,0.041644171617730485,0.0357195931870504,0.01876631430220982,1.12,1.12,1.12,1.12
0.0006623768095007422,0.8534883645951784,19.6624872674494,0.025458857600980267,0.024271879540706476,0.011246506329741487,0.04162318172401347,0.03572812045929358,0.018753493670258525,1.12,1.12,1.12,1.12
0.000659825344518783,0.8537765888273008,19.664843813081124,0.02547988504297055,0.024263336130254998,0.011259350229237595,0.041602154282023185,0.035736663869745056,0.018740649770762417,1.12,1.12,1.12,1.12
0.0006572841707976895,0.854065513262246,19.66720531210232,0.02550095011060377,0.024254776564275438,0.011272217457621511,0.041581089214389966,0.035745223435724616,0.0187277825423785,1.12,1.12,1.12,1.12
0.000654753247463269,0.8543551390097376,19.669571773026895,0.025522052881943758,0.024246200825172703,0.011285108076700773,0.04155998644304998,0.03575379917482735,0.01871489192329924,1.12,1.12,1.12,1.12
0.0006522325338066183,0.8546454671835232,19.671943204398957,0.025543193435751566,0.02423760889507587,0.011298022148749885,0.04153884588924217,0.035762391104924185,0.018701977851250128,1.12,1.12,1.12,1.12
0.0006497219892829698,0.8549364989013987,19.674319614792992,0.025564371851488576,0.024229000755837116,0.011310959736512735,0.04151766747350516,0.03577099924416294,0.018689040263487278,1.12,1.12,1.12,1.12
0.0006472215735111143,0.8552282352852377,19.676701012814064,0.025585588209319443,0.024220376389031212,0.011323920903205179,0.04149645111567429,0.03577962361096884,0.018676079096794834,1.12,1.12,1.12,1.12
0.0006447312462730892,0.8555206774610178,19.679087407098066,0.025606842590115086,0.024211735775955368,0.011336905712517588,0.04147519673487865,0.035788264224044686,0.018663094287482425,1.12,1.12,1.12,1.12
0.0006422509675129807,0.8558138265588474,19.681478806311915,0.025628135075456193,0.024203078897626573,0.011349914228617308,0.04145390424953754,0.03579692110237348,0.018650085771382705,1.12,1.12,1.12,1.12
0.0006397806973368781,0.8561076837129943,19.683875219153744,0.02564946574763627,0.024194405734781793,0.011362946516151384,0.04143257357735747,0.03580559426521826,0.01863705348384863,1.12,1.12,1.12,1.12
0.0006373203960117646,0.8564022500619131,19.686276654353133,0.025670834689664523,0.02418571626787791,0.011376002640248989,0.04141120463532921,0.03581428373212214,0.018623997359751024,1.12,1.12,1.12,1.12
0.0006348700239651617,0.8566975267482722,19.688683120671318,0.025692241985269426,0.024177010477088978,0.011389082666524275,0.04138979733972431,0.035822989522911075,0.018610917333475738,1.12,1.12,1.12,1.12
0.000632429541784374,0.8569935149189846,19.691094626901403,0.025713687718902034,0.024168288342308608,0.01140218666107888,0.0413683516060917,0.035831711657691445,0.018597813338921132,1.12,1.12,1.12,1.12
0.0006299989102158676,0.857290215725233,19.693511181868608,0.02573517197573899,0.024159549843144584,0.011415314690504691,0.041346867349254746,0.03584045015685547,0.018584685309495322,1.12,1.12,1.12,1.12
0.0006275780901647377,0.8575876303224996,19.695932794430448,0.025756694841686356,0.02415079495892164,0.011428466821886564,0.04132534448330738,0.035849205041078414,0.01857153317811345,1.12,1.12,1.12,1.12
0.0006251670426938639,0.8578857598705956,19.698359473476952,0.02577825640338227,0.024142023668679125,0.011441643122805059,0.041303782921611465,0.03585797633132093,0.018558356877194954,1.12,1.12,1.12,1.12
0.0006227657290236444,0.8581846055336902,19.700791227930942,0.025799856748201067,0.024133235951170895,0.011454843661339212,0.04128218257679267,0.03586676404882916,0.0185451563386608,1.12,1.12,1.12,1.12
0.0006203741105309746,0.8584841684803375,19.703228066748192,0.02582149596425659,0.024124431784861622,0.011468068506069372,0.041260543360737145,0.03587556821513843,0.01853193149393064,1.12,1.12,1.12,1.12
0.0006179921487490248,0.8587844498835073,19.705669998917674,0.02584317414040538,0.02411561114793037,0.01148131772607968,0.04123886518458836,0.03588438885206968,0.018518682273920332,1.12,1.12,1.12,1.12
0.0006156198053664408,0.859085450920615,19.708117033461807,0.02586489136625031,0.024106774018265886,0.01149459139096149,0.04121714795874343,0.03589322598173417,0.018505408609038522,1.12,1.12,1.12,1.12
0.0006132570422265005,0.8593871727735515,19.710569179436643,0.025886647732144663,0.02409792037346814,0.011507889570816145,0.04119539159284907,0.03590207962653191,0.018492110429183868,1.12,1.12,1.12,1.12
0.0006109038213268914,0.8596896166287129,19.71302644593216,0.025908443329194564,0.02408905019084423,0.011521212336257788,0.04117359599579917,0.03591094980915582,0.018478787663742224,1.12,1.12,1.12,1.12
0.0006085601048188227,0.8599927836770287,19.715488842072432,0.025930278249264027,0.024080163447410763,0.01153455975841633,0.04115176107572971,0.03591983655258929,0.018465440241583683,1.12,1.12,1.12,1.12
0.0006062258550065813,0.8602966751139962,19.717956377015888,0.025952152584977572,0.024071260119891302,0.011547931908940462,0.041129886740016164,0.03592873988010875,0.01845206809105955,1.12,1.12,1.12,1.12
0.0006039010343467766,0.8606012921397067,19.720429059955535,0.025974066429724718,0.02406234018471498,0.011561328860000594,0.04110797289526902,0.03593765981528507,0.01843867113999942,1.12,1.12,1.12,1.12
0.0006015856054479851,0.8609066359588795,19.722906900119224,0.025996019877663035,0.024053403618016722,0.011574750684291979,0.0410860194473307,0.03594659638198333,0.018425249315708034,1.12,1.12,1.12,1.12
0.0005992795310699073,0.8612127077808908,19.725389906769863,0.026018013023722697,0.02404445039563438,0.01158819745503778,0.04106402630127104,0.03595554960436567,0.018411802544962233,1.12,1.12,1.12,1.12
0.0005969827741228785,0.8615195088198067,19.72787808920564,0.026040045963609537,0.024035480493110273,0.011601669245992138,0.0410419933613842,0.03596451950688978,0.018398330754007874,1.12,1.12,1.12,1.12
0.0005946952976673803,0.8618270402944127,19.730371456760324,0.026062118793809652,0.024026493885687533,0.011615166131443339,0.041019920531184084,0.03597350611431252,0.018384833868556674,1.12,1.12,1.12,1.12
0.0005924170649131533,0.8621353034282475,19.732870018803425,0.0260842316115929,0.024017490548310094,0.011628688186216984,0.040997807713400836,0.03598250945168996,0.01837131181378303,1.12,1.12,1.12,1.12
0.000590148039218974,0.8624442994496327,19.73537378474051,0.026106384515016956,0.024008470456210018,0.011642235485679206,0.04097565480997678,0.035991529543790035,0.018357764514320807,1.12,1.12,1.12,1.12
0.0005878881840917672,0.8627540295917151,19.737882764013488,0.02612857760293419,0.023999433584052376,0.011655808105743216,0.04095346172205955,0.03600056641594768,0.018344191894256796,1.12,1.12,1.12,1.12
0.0005856374631863393,0.8630644950924934,19.740396966100825,0.026150810974994276,0.0239903799057668,0.011669406122871068,0.04093122834999946,0.03600962009423325,0.018330593877128945,1.12,1.12,1.12,1.12
0.0005833958403043127,0.8633756971948462,19.742916400517736,0.026173084731646645,0.02398130939498755,0.011683029614074539,0.04090895459334709,0.036018690605012504,0.018316970385925474,1.12,1.12,1.12,1.12
0.0005811632793940369,0.8636876371465658,19.745441076816466,0.02619539897414419,0.023972222025054946,0.011696678656918535,0.040886640350849546,0.03602777797494511,0.018303321343081477,1.12,1.12,1.12,1.12
0.0005789397445498779,0.8640003162003883,19.747971004586542,0.026217753804547883,0.023963117769013137,0.011710353329524456,0.04086428552044585,0.036036882230986916,0.018289646670475557,1.12,1.12,1.12,1.12
0.0005767252000114187,0.864313735614032,19.750506193455003,0.026240149325730933,0.023953996599606037,0.011724053710573744,0.040841889999262804,0.03604600340039402,0.01827594628942627,1.12,1.12,1.12,1.12
0.0005745196101631045,0.8646278966502255,19.753046653086678,0.026262585641383007,0.023944858489278048,0.011737779879311294,0.04081945368361073,0.036055141510722005,0.01826222012068872,1.12,1.12,1.12,1.12
0.0005723229395336648,0.864942800576746,19.755592393184443,0.02628506285601473,0.023935703410169762,0.011751531915549021,0.04079697646897901,0.03606429658983029,0.01824846808445099,1.12,1.12,1.12,1.12
0.0005701351527955368,0.8652584486664505,19.75814342348948,0.02630758107496184,0.02392653133411743,0.011765309899669354,0.0407744582500319,0.036073468665882624,0.01823469010033066,1.12,1.12,1.12,1.12
0.0005679562147641093,0.8655748421973123,19.760699753781548,0.026330140404389968,0.023917342232650907,0.01177911391262889,0.04075189892060377,0.03608265776734915,0.018220886087371123,1.12,1.12,1.12,1.12
0.0005657860903975465,0.8658919824524542,19.763261393879233,0.026352740951298748,0.023908136076991965,0.011792944035961983,0.04072929837369499,0.03609186392300809,0.01820705596403803,1.12,1.12,1.12,1.12
0.0005636247447958542,0.8662098707201835,19.765828353640227,0.026375382823526528,0.023898912838052427,0.011806800351784351,0.04070665650146721,0.036101087161947626,0.018193199648215662,1.12,1.12,1.12,1.12
0.0005614721432005698,0.8665285082940279,19.76840064296162,0.026398066129754927,0.023889672486433144,0.01182068294279675,0.04068397319523881,0.03611032751356691,0.018179317057203263,1.12,1.12,1.12,1.12
0.0005593282509940956,0.8668478964727714,19.770978271780095,0.026420790979513498,0.02388041499242144,0.011834591892288776,0.04066124834548024,0.036119585007578614,0.018165408107711237,1.12,1.12,1.12,1.12
0.0005571930336990772,0.8671680365604866,19.773561250072298,0.02644355748318461,0.02387114032599208,0.011848527284186741,0.040638481841809126,0.036128859674007974,0.01815147271581327,1.12,1.12,1.12,1.12
0.0005550664569780927,0.8674889298665747,19.77614958785505,0.026466365752007948,0.023861848456806112,0.011862489203003451,0.04061567357298579,0.03613815154319394,0.01813751079699656,1.12,1.12,1.12,1.12
0.000552948486632987,0.8678105777058005,19.778743295185635,0.02648921589808534,0.023852539354205338,0.01187647773381291,0.0405928234269084,0.036147460645794716,0.018123522266187103,1.12,1.12,1.12,1.12
0.0005508390886041604,0.8681329813983267,19.78134238216212,0.02651210803438564,0.02384321298721226,0.011890492962293019,0.0405699312906081,0.036156787012787794,0.018109507037706994,1.12,1.12,1.12,1.12
0.0005487382289703913,0.868456142269754,19.783946858923553,0.026535042274749177,0.023833869324526913,0.01190453497472961,0.04054699705024456,0.03616613067547314,0.018095465025270402,1.12,1.12,1.12,1.12
0.0005466458739479485,0.8687800616511545,19.786556735650326,0.02655801873389302,0.023824508334526845,0.01191860385802039,0.04052402059110072,0.03617549166547321,0.018081396141979622,1.12,1.12,1.12,1.12
0.000544561989890191,0.8691047408791122,19.78917202256444,0.02658103752741592,0.02381512998526386,0.011932699699678806,0.04050100179757782,0.03618487001473619,0.018067300300321207,1.12,1.12,1.12,1.12
0.0005424865432872572,0.8694301812957589,19.791792729929753,0.02660409877180303,0.02380573424446475,0.011946822587838093,0.040477940553190705,0.036194265755535304,0.01805317741216192,1.12,1.12,1.12,1.12
0.0005404195007650437,0.869756384248812,19.79441886805232,0.026627202584431242,0.02379632107952756,0.01196097261125545,0.040454836740562494,0.03620367892047249,0.018039027388744563,1.12,1.12,1.12,1.12
0.0005383608290852049,0.8700833510916125,19.79705044728065,0.026650349083574332,0.02378689045752197,0.011975149859315908,0.040431690241419405,0.036213109542478084,0.018024850140684105,1.12,1.12,1.12,1.12
0.0005363104951442655,0.8704110831831642,19.799687478006035,0.02667353838840769,0.02377744234518553,0.011989354422036594,0.040408500936586045,0.036222557654814524,0.01801064557796342,1.12,1.12,1.12,1.12
0.0005342684659733088,0.8707395818881726,19.802329970662818,0.026696770619014043,0.023767976708925498,0.012003586390070903,0.04038526870597969,0.036232023291074555,0.01799641360992911,1.12,1.12,1.12,1.12
0.0005322347087373114,0.8710688485770819,19.804977935728672,0.0267200458963886,0.02375849351481324,0.012017845854712675,0.040361993428605136,0.036241506485186814,0.017982154145287338,1.12,1.12,1.12,1.12
0.0005302091907347428,0.8713988846261169,19.807631383724967,0.02674336434244423,0.023748992728585716,0.012032132907900409,0.040338674982549505,0.03625100727141434,0.017967867092099604,1.12,1.12,1.12,1.12
0.0005281918793969886,0.8717296914173205,19.810290325217018,0.0267667260800169,0.023739474315644382,0.012046447642221701,0.040315313244976836,0.03626052568435567,0.01795355235777831,1.12,1.12,1.12,1.12
0.0005261827422879062,0.8720612703385948,19.812954770814404,0.02679013123287116,0.02372993824104952,0.012060790150917433,0.040291908092122575,0.036270061758950534,0.01793920984908258,1.12,1.12,1.12,1.12
0.0005241817471032028,0.8723936227837416,19.81562473117128,0.026813579925705655,0.02372038446952321,0.012075160527886222,0.04026845939928808,0.036279615530476844,0.01792483947211379,1.12,1.12,1.12,1.12
0.0005221888616700809,0.8727267501525013,19.81830021698669,0.02683707228415866,0.023710812965444195,0.012089558867688907,0.04024496704083508,0.03628918703455586,0.017910441132311106,1.12,1.12,1.12,1.12
0.000520204053946527,0.8730606538505953,19.82098123900487,0.026860608434813804,0.023701223692850548,0.012103985265552925,0.04022143089017993,0.036298776307149505,0.017896014734447088,1.12,1.12,1.12,1.12
0.0005182272920210895,0.873395335289767,19.823667808015575,0.02688418850520541,0.023691616615433314,0.012118439817376883,0.04019785081978833,0.03630838338456674,0.01788156018262313,1.12,1.12,1.12,1.12
0.0005162585441121692,0.873730795887823,19.82635993485438,0.026907812623824634,0.023681991696538146,0.012132922619735177,0.0401742267011691,0.03631800830346191,0.017867077380264836,1.12,1.12,1.12,1.12
0.000514297778567574,0.8740670370686747,19.829057630403025,0.026931480920124817,0.023672348899162032,0.012147433769882511,0.04015055840486892,0.03632765110083802,0.0178525662301175,1.12,1.12,1.12,1.12
0.0005123449638639865,0.87440406026238,19.831760905589718,0.026955193524527965,0.02366268818595174,0.012161973365758638,0.04012684580046577,0.03633731181404831,0.017838026634241375,1.12,1.12,1.12,1.12
0.0005104000686066978,0.8747418669051884,19.834469771389458,0.02697895056842997,0.02365300951920396,0.012176541505993094,0.040103088756563765,0.03634699048079609,0.01782345849400692,1.12,1.12,1.12,1.12
0.0005084630615288078,0.8750804584395804,19.837184238824378,0.027002752184206946,0.023643327429318683,0.012191138289909864,0.04007928714078679,0.03635667257068137,0.01780886171009015,1.12,1.12,1.12,1.12
0.0005065339116270718,0.8754198365324884,19.83990432070779,0.027026598577354233,0.023633625718670587,0.012205763905851909,0.040055440747639504,0.03636637428132947,0.017794236094148104,1.12,1.12,1.12,1.12
0.0005046125878744424,0.8757600026173464,19.842630027982903,0.027050489874980654,0.023623904497008463,0.012220418444773423,0.04003154945001308,0.03637609550299159,0.01777958155522659,1.12,1.12,1.12,1.12
0.0005026990593715919,0.8761009581358885,19.845361371656658,0.02707442620584294,0.023614163860015913,0.012235101999241466,0.0400076131191508,0.03638583613998414,0.017764898000758547,1.12,1.12,1.12,1.12
0.0005007932953465133,0.8764427045380195,19.84809836279874,0.02709840770029326,0.023604403890575887,0.012249814663358949,0.03998363162470048,0.036395596109424166,0.017750185336641064,1.12,1.12,1.12,1.12
0.0004988952651538537,0.8767852432817014,19.85084101254057,0.027122434490232272,0.02359462465991974,0.012264556532694884,0.039959604834761464,0.036405375340080315,0.01773544346730513,1.12,1.12,1.12,1.12
0.0004970049382741593,0.8771285758328555,19.853589332074527,0.02714650670906682,0.0235848262286677,0.012279327704221854,0.039935532615926916,0.036415173771332354,0.01772067229577816,1.12,1.12,1.12,1.12
0.0004951222843136094,0.8774727036652754,19.85634333265324,0.027170624491672346,0.023575008647771956,0.012294128276259295,0.03991141483332139,0.0364249913522281,0.017705871723740718,1.12,1.12,1.12,1.12
0.0004932472730032611,0.8778176282605558,19.859103025588944,0.027194787974359258,0.023565171959374326,0.012308958348422674,0.03988725135063448,0.03643482804062573,0.01769104165157734,1.12,1.12,1.12,1.12
0.0004913798741983833,0.8781633511080292,19.86186842225298,0.027218997294843283,0.023555316197583442,0.01232381802157774,0.03986304203015045,0.03644468380241661,0.017676181978422273,1.12,1.12,1.12,1.12
0.00048952005787819,0.8785098737047156,19.864639534075362,0.027243252592218548,0.02354544138918005,0.012338707397799478,0.03983878673277519,0.036454558610820004,0.017661292602200535,1.12,1.12,1.12,1.12
0.0004876677941450858,0.8788571975552752,19.867416372544373,0.027267554006934536,0.023535547554261377,0.012353626580335314,0.0398144853180592,0.036464452445738677,0.0176463734196647,1.12,1.12,1.12,1.12
0.00048582305322408814,0.8792053241719803,19.87019894920632,0.027291901680775388,0.023525634706813625,0.012368575673572163,0.03979013764421835,0.03647436529318643,0.01763142432642785,1.12,1.12,1.12,1.12
0.0004839858054625168,0.8795542550746829,19.872987275665224,0.027316295756841524,0.023515702855244458,0.012383554783007122,0.03976574356815221,0.036484297144755595,0.01761644521699289,1.12,1.12,1.12,1.12
0.0004821560213293719,0.8799039917907994,19.87578136358273,0.027340736379534214,0.023505752002861646,0.012398564015221297,0.03974130294545952,0.03649424799713841,0.017601435984778716,1.12,1.12,1.12,1.12
0.00048033367141444574,0.8802545358552938,19.87858122467791,0.027365223694542196,0.023495782148304,0.012413603477856569,0.03971681563045154,0.03650421785169605,0.017586396522143444,1.12,1.12,1.12,1.12
0.0004785187264285451,0.8806058888106748,19.881386870727198,0.027389757848829188,0.02348579328593542,0.012428673279595098,0.03969228147616455,0.036514206714064634,0.017571326720404915,1.12,1.12,1.12,1.12
0.0004767111572022476,0.88095805220699,19.884198313564397,0.027414338990624898,0.023475785406202765,0.012443773530141186,0.03966770033436884,0.03652421459379729,0.017556226469858827,1.12,1.12,1.12,1.12
0.0004749109346857683,0.8813110276018309,19.88701556508063,0.027438967269416137,0.02346575849595739,0.012458904340218124,0.0396430720555776,0.036534241504042664,0.01754109565978189,1.12,1.12,1.12,1.12
0.0004731180299483828,0.881664816560342,19.88983863722442,0.027463642835935997,0.023455712538752477,0.012474065821755843,0.03961839648905774,0.03654428746124758,0.01752593417824417,1.12,1.12,1.12,1.12
0.0004713324141778941,0.8820194206552314,19.892667542001732,0.027488365842162632,0.02344564751510614,0.012489258087432648,0.039593673482831104,0.036554352484893915,0.017510741912567365,1.12,1.12,1.12,1.12
0.0004695540586800551,0.8823748414667861,19.895502291476106,0.02751313644131509,0.023435563402741333,0.012504481250896711,0.03956890288367865,0.03656443659725872,0.017495518749103302,1.12,1.12,1.12,1.12
0.00046778293487825806,0.8827310805828938,19.89834289776881,0.02753795478785015,0.023425460176807883,0.0125197354267573,0.03954408453714359,0.03657453982319217,0.017480264573242713,1.12,1.12,1.12,1.12
0.0004660190143128684,0.8830881395990648,19.901189373058948,0.027562821037460328,0.023415337810076542,0.012535020730577315,0.03951921828753341,0.03658466218992351,0.017464979269422698,1.12,1.12,1.12,1.12
0.0004642622686408693,0.8834460201184564,19.904041729583717,0.027587735347072706,0.023405196273124013,0.012550337278867105,0.03949430397792103,0.03659480372687604,0.017449662721132908,1.12,1.12,1.12,1.12
0.00046251266963510674,0.8838047237519042,19.906899979638535,0.027612697874849157,0.023395035534489517,0.012565685189079634,0.03946934145014458,0.03660496446551054,0.01743431481092038,1.12,1.12,1.12,1.12
0.0004607701891837568,0.8841642521179482,19.909764135577316,0.027637708780188175,0.023384855560835444,0.012581064579604853,0.03944433054480556,0.03661514443916461,0.01741893542039516,1.12,1.12,1.12,1.12
0.0004590347992903699,0.8845246068428729,19.91263420981275,0.02766276822372321,0.023374656317067588,0.012596475569769783,0.039419271101270525,0.036625343682932465,0.01740352443023023,1.12,1.12,1.12,1.12
0.0004573064720730713,0.8848857895607433,19.915510214816507,0.02768787636732617,0.023364437766461993,0.012611918279835363,0.03939416295766757,0.03663556223353806,0.01738808172016465,1.12,1.12,1.12,1.12
0.00045558517976420634,0.8852478019134383,19.918392163119606,0.02771303337410974,0.023354199870774917,0.012627392830995121,0.039369005950883995,0.03664580012922514,0.01737260716900489,1.12,1.12,1.12,1.12
0.00045387089470989573,0.885610645550695,19.921280067312622,0.027738239408286014,0.023343942589038325,0.012642899325789034,0.03934379991670772,0.03665605741096173,0.01735710067421098,1.12,1.12,1.12,1.12
0.00045216358936923663,0.885974322130128,19.92417394004588,0.027763494635456687,0.023333665880400062,0.012658437906828843,0.03931854468953705,0.03666633411959999,0.01734156209317117,1.12,1.12,1.12,1.12
0.00045046323631434685,0.8863388333172939,19.92707379402999,0.027788799222477067,0.02332336970274443,0.012674008698112749,0.03929324010251667,0.036676630297255625,0.017325991301887264,1.12,1.12,1.12,1.12
0.0004487698082294767,0.88670418078574,19.92997964203613,0.0278141533374599,0.023313054012772977,0.012689611824575654,0.039267885987533835,0.036686945987227076,0.01731038817542436,1.12,1.12,1.12,1.12
0.00044708327791069817,0.8870703662170485,19.93289149689643,0.02783955714978098,0.02330271876606821,0.012705247412091142,0.039242482175212756,0.036697281233931844,0.01729475258790887,1.12,1.12,1.12,1.12
0.0004454036182657717,0.887437391300887,19.935809371504362,0.02786501083008469,0.023292363917159886,0.01272091558747411,0.039217028494909045,0.03670763608284017,0.017279084412525902,1.12,1.12,1.12,1.12
0.0004437308023131692,0.8878052577350539,19.938733278815036,0.027890514550289736,0.02328198941957496,0.012736616478483724,0.039191524774704,0.03671801058042509,0.01726338352151629,1.12,1.12,1.12,1.12
0.00044206480318194076,0.8881739672255334,19.94166323184568,0.027916068483595458,0.023271595225893338,0.012752350213826973,0.03916597084139828,0.036728404774106715,0.01724764978617304,1.12,1.12,1.12,1.12
0.0004404055941113594,0.8885435214865455,19.944599243675956,0.027941672804488338,0.023261181287786564,0.012768116923162445,0.0391403665205054,0.03673881871221349,0.017231883076837567,1.12,1.12,1.12,1.12
0.00043875314845029937,0.8889139222405978,19.947541327448402,0.02796732768874899,0.023250747556067958,0.012783916737104647,0.03911471163624475,0.036749252443932096,0.017216083262895365,1.12,1.12,1.12,1.12
0.00043710743965688084,0.8892851712185434,19.950489496368842,0.027993033313459148,0.023240293980716198,0.01279974978722856,0.03908900601153459,0.036759706019283855,0.017200250212771453,1.12,1.12,1.12,1.12
0.0004354684412981147,0.8896572701596324,19.9534437637068,0.028018789857009285,0.02322982051092115,0.01281561620607459,0.03906324946798445,0.0367701794890789,0.017184383793925423,1.12,1.12,1.12,1.12
0.00043383612704928076,0.8900302208115702,19.956404142795908,0.02804459749910626,0.023219327095109432,0.012831516127153678,0.039037441825887476,0.03678067290489062,0.017168483872846335,1.12,1.12,1.12,1.12
0.00043221047069379463,0.8904040249305754,19.959370647034394,0.028070456420781376,0.023208813680965945,0.012847449684953036,0.03901158290421236,0.03679118631903411,0.017152550315046977,1.12,1.12,1.12,1.12
0.00043059144612258573,0.8907786842814363,19.96234328988547,0.028096366804398254,0.023198280215522005,0.012863417014941703,0.03898567252059548,0.03680171978447805,0.01713658298505831,1.12,1.12,1.12,1.12
0.000428979027333698,0.8911542006375722,19.96532208487783,0.028122328833662003,0.023187726645065826,0.01287941825357708,0.038959710491331734,0.03681227335493423,0.017120581746422933,1.12,1.12,1.12,1.12
0.0004273731884321119,0.8915305757810942,19.96830704560608,0.02814834269362676,0.023177152915198118,0.01289545353831087,0.038933696631366976,0.036822847084801935,0.017104546461689143,1.12,1.12,1.12,1.12
0.0004257739036288122,0.891907811502862,19.9712981857312,0.028174408570705467,0.023166558970866058,0.012911523007598902,0.03890763075428827,0.036833441029133995,0.01708847699240111,1.12,1.12,1.12,1.12
0.0004241811472409207,0.8922859096025504,19.97429551898104,0.028200526652682523,0.02315594475640953,0.01292762680138336,0.038881512672311214,0.03684405524359052,0.017072373198616653,1.12,1.12,1.12,1.12
0.00042259489369103067,0.8926648718887104,19.977299059150774,0.028226697128720613,0.023145310215554327,0.012943765060337134,0.038855342196273124,0.03685468978444573,0.01705623493966288,1.12,1.12,1.12,1.12
0.00042101511750676225,0.8930447001788325,19.98030882010341,0.028252920189371256,0.02313465529142633,0.01295993792623689,0.03882911913562248,0.03686534470857372,0.017040062073763122,1.12,1.12,1.12,1.12
0.0004194417933203632,0.8934253962994133,19.98332481577027,0.02827919602658502,0.023123979926575056,0.012976145542027862,0.03880284329840872,0.036876020073425,0.01702385445797215,1.12,1.12,1.12,1.12
0.0004178748958685752,0.8938069620860196,19.986347060151488,0.028305524833720452,0.023113284062966616,0.012992388051594028,0.038776514491273284,0.03688671593703344,0.017007611948405985,1.12,1.12,1.12,1.12
0.00041631439999170186,0.8941893993833562,19.989375567316536,0.028331906805556195,0.023102567642013627,0.0130086656001768,0.03875013251943754,0.036897432357986426,0.016991334399823213,1.12,1.12,1.12,1.12
0.00041476028063356377,0.8945727100453319,19.992410351404708,0.028358342138306958,0.02309183060463113,0.01302497833482643,0.03872369718668678,0.03690816939536892,0.016975021665173583,1.12,1.12,1.12,1.12
0.00041321251284101026,0.8949568959351295,19.995451426625674,0.028384831029642343,0.02308107289131134,0.013041326404875202,0.03869720829535139,0.036918927108688715,0.01695867359512481,1.12,1.12,1.12,1.12
0.0004116710717634753,0.8953419589252782,19.99849880726002,0.0284113736787181,0.023070294442315953,0.013057709963929284,0.03867066564627564,0.0369297055576841,0.01694229003607073,1.12,1.12,1.12,1.12
0.0004101359326525778,0.8957279008977266,20.001552507659817,0.028437970286241787,0.023059495198193836,0.013074129175237925,0.03864406903875195,0.03694050480180622,0.016925870824762088,1.12,1.12,1.12,1.12
0.000408607070861633,0.8961147237439294,20.004612542249276,0.028464621054633044,0.02304867510118136,0.013090584226542759,0.03861741827036069,0.036951324898818694,0.016909415773457254,1.12,1.12,1.12,1.12
0.0004070844618453862,0.8965024293649597,20.007678925525617,0.028491326186595056,0.02303783408067539,0.013107075084393197,0.03859071313839868,0.03696216591932466,0.016892924915606816,1.12,1.12,1.12,1.12
0.0004055680811594353,0.8968910196713593,20.010751672057882,0.028518085887114963,0.023026972074464608,0.013123602025624598,0.03856395343787877,0.036973027925535445,0.016876397974375415,1.12,1.12,1.12,1.12
0.000404057904459787,0.8972804965833717,20.013830796488723,0.028544900362607206,0.023016089019265246,0.013140165197241573,0.03853713896238653,0.03698391098073481,0.01685983480275844,1.12,1.12,1.12,1.12
0.0004025539075025897,0.8976708620310053,20.016916313534914,0.028571769820696258,0.023005184851620786,0.013156764774492041,0.03851026950429748,0.03699481514837927,0.01684323522550797,1.12,1.12,1.12,1.12
0.000401056066143779,0.8980621179541141,20.020008237987973,0.028598694471117903,0.02299425950669276,0.01317340087158149,0.038483344853875834,0.03700574049330729,0.016826599128418523,1.12,1.12,1.12,1.12
0.00039956435633845547,0.8984542663024571,20.02310658471456,0.02862567452489123,0.022983312919763937,0.013190073667837476,0.038456364800102505,0.037016687080236116,0.016809926332162536,1.12,1.12,1.12,1.12
0.00039807875414097363,0.8988473090357838,20.0262113686572,0.028652710194612074,0.022972345025585178,0.01320678332012342,0.03842932913038166,0.037027654974414875,0.016793216679876592,1.12,1.12,1.12,1.12
0.00039659923570396495,0.899241248123915,20.029322604834842,0.028679801694520057,0.022961355778906456,0.013223529985219945,0.03840223763047368,0.0370386442210936,0.016776470014780068,1.12,1.12,1.12,1.12
0.000395125777278782,0.8996360855471887,20.032440308346395,0.028706949240395463,0.022950345116043824,0.013240313829347775,0.03837509008459827,0.03704965488395623,0.016759686170652238,1.12,1.12,1.12,1.12
0.00039365835521483207,0.9000318232962212,20.035564494368785,0.02873415304970367,0.02293931296709556,0.013257135007174611,0.038347886275290066,0.037060687032904494,0.0167428649928254,1.12,1.12,1.12,1.12
0.0003921969459630859,0.900428463371863,20.038695178156615,0.028761413341446107,0.022928259261968675,0.01327399368457563,0.03832062598354763,0.03707174073803138,0.016726006315424383,1.12,1.12,1.12,1.12
0.000390741526319216,0.9008260077842751,20.04183237503393,0.02878873033594581,0.022917183931211782,0.013290890045607504,0.038293308989047925,0.03708281606878827,0.01670910995439251,1.12,1.12,1.12,1.12
0.0003892920729442029,0.901224458555022,20.044976100412487,0.028816104255430963,0.022906086903476397,0.013307824223233622,0.03826593506956277,0.037093913096523656,0.01669217577676639,1.12,1.12,1.12,1.12
0.00038784856259588274,0.9016238177161621,20.048126369783688,0.028843535323724134,0.022894968107409347,0.013324796390296316,0.0382385040012696,0.037105031892590706,0.016675203609703697,1.12,1.12,1.12,1.12
0.0003864109721285925,0.9020240873103363,20.05128319871928,0.028871023766284476,0.022883827471456397,0.013341806717065967,0.03821101555870926,0.037116172528543656,0.016658193282934046,1.12,1.12,1.12,1.12
0.0003849792784927697,0.9024252693908622,20.054446602872048,0.028898569810222652,0.022872664923733493,0.013358855373227438,0.038183469514771085,0.03712733507626656,0.016641144626772575,1.12,1.12,1.12,1.12
0.0003835534587345979,0.9028273660218167,20.05761659797647,0.02892617368431477,0.022861480391973,0.013375942529074245,0.038155865640678965,0.037138519608027054,0.016624057470925768,1.12,1.12,1.12,1.12
0.00038213348999556197,0.9032303792781259,20.060793199849403,0.02895383561901521,0.022850273803482035,0.013393068355991175,0.038128203705978525,0.03714972619651802,0.016606931644008838,1.12,1.12,1.12,1.12
0.00038071934951195986,0.9036343112456531,20.063976424390734,0.028981555846469442,0.022839045085127185,0.01341023302641603,0.038100483478524294,0.03716095491487287,0.016589766973583983,1.12,1.12,1.12,1.12
0.0003793110146145917,0.9040391640212855,20.06716628758407,0.02900933460053129,0.022827794163311432,0.013427436714036775,0.03807270472446245,0.03717220583668862,0.016572563285963238,1.12,1.12,1.12,1.12
0.0003779084627281826,0.9044449397130259,20.070362805497396,0.029037172116788357,0.02281652096405007,0.01344467959489977,0.03804486720820538,0.037183479035949984,0.016555320405100243,1.12,1.12,1.12,1.12
0.0003765116713710715,0.9048516404400815,20.073565994283825,0.02906506863258146,0.02280522541295868,0.013461961846613621,0.03801697069241228,0.037194774587041374,0.016538038153386392,1.12,1.12,1.12,1.12
0.0003751206181546341,0.9052592683329591,20.07677587018224,0.029093024387000843,0.022793907435108285,0.013479283646196508,0.03798901493799289,0.03720609256489177,0.016520716353803505,1.12,1.12,1.12,1.12
0.0003737352807828831,0.9056678255335533,20.079992449518024,0.029121039620912392,0.022782566955090344,0.013496645173101313,0.037960999704081344,0.03721743304490971,0.0165033548268987,1.12,1.12,1.12,1.12
0.00037235563705189105,0.9060773141952416,20.08321574870378,0.029149114576964397,0.02277120389694892,0.013514046607307137,0.03793292474802934,0.03722879610305113,0.016485953392692876,1.12,1.12,1.12,1.12
0.0003709816648493014,0.9064877364829759,20.086445784240016,0.029177249499595825,0.022759818184125313,0.013531488129476812,0.03790478982539791,0.03724018181587474,0.0164685118705232,1.12,1.12,1.12,1.12
0.00036961334215375176,0.9068990945733768,20.089682572715855,0.029205444635054645,0.022748409739475117,0.013548969921966775,0.03787659468993909,0.037251590260524936,0.016451030078033238,1.12,1.12,1.12,1.12
0.00036825064703434053,0.907311390654828,20.09292613080979,0.02923370023141525,0.022736978485279835,0.013566492168682436,0.03784833909357849,0.03726302151472022,0.016433507831317577,1.12,1.12,1.12,1.12
0.0003668935576497834,0.9077246269275714,20.096176475290395,0.029262016538586344,0.022725524343186754,0.013584055054176022,0.03782002278640739,0.0372744756568133,0.01641594494582399,1.12,1.12,1.12,1.12
0.00036554205224805794,0.9081388056038053,20.099433623017045,0.02929039380833809,0.022714047234284662,0.013601658765449144,0.03779164551665565,0.03728595276571539,0.01639834123455087,1.12,1.12,1.12,1.12
0.00036419610916524906,0.9085539289077817,20.102697590940704,0.029318832294318642,0.02270254707909608,0.013619303490930351,0.037763207030675094,0.03729745292090397,0.01638069650906966,1.12,1.12,1.12,1.12
0.0003628557068248828,0.9089699990759077,20.10596839610467,0.029347332252071145,0.022691023797570736,0.013636989420489354,0.03773470707292259,0.03730897620242932,0.01636301057951066,1.12,1.12,1.12,1.12
0.0003615208237369494,0.9093870183568473,20.10924605564541,0.029375893939050768,0.0226794773090761,0.013654716745451628,0.03770614538594297,0.03732052269092395,0.016345283254548384,1.12,1.12,1.12,1.12
0.0003601914384967486,0.9098049890116253,20.112530586793262,0.029404517614642023,0.02266790753239234,0.013672485658613204,0.037677521710351713,0.037332092467607714,0.01632751434138681,1.12,1.12,1.12,1.12
0.00035886752978360193,0.9102239133137339,20.11582200687333,0.029433203540176978,0.02265631438570681,0.013690296354256073,0.03764883578481676,0.03734368561429324,0.01630970364574394,1.12,1.12,1.12,1.12
0.0003575490763590761,0.9106437935492377,20.119120333306267,0.029461951978952794,0.022644697786600665,0.013708149028163773,0.03762008734604094,0.03735530221339939,0.01629185097183624,1.12,1.12,1.12,1.12
0.00035623605706529564,0.9110646320168885,20.12242558360913,0.029490763196252046,0.02263305765206025,0.013726043877741616,0.03759127612874169,0.0373669423479398,0.016273956122258397,1.12,1.12,1.12,1.12
0.00035492845082072403,0.9114864310282473,20.12573777539638,0.029519637459364423,0.022621393898460573,0.013743981102068287,0.037562401865629313,0.03737860610153948,0.016256018897931726,1.12,1.12,1.12,1.12
0.0003536262366161225,0.9119091929078027,20.12905692638077,0.029548575037605274,0.022609706441558686,0.013761960901542004,0.03753346428738846,0.03739029355844137,0.01623803909845801,1.12,1.12,1.12,1.12
0.0003523293935126404,0.9123329199930886,20.13238305437426,0.029577576202335865,0.02259799519647751,0.01377998347812602,0.03750446312265787,0.03740200480352254,0.016220016521873992,1.12,1.12,1.12,1.12
0.00035103790063555356,0.9127576146348185,20.135716177289048,0.02960664122698503,0.0225862600776931,0.01379804903536995,0.037475398098008705,0.037413739922306954,0.016201950964630063,1.12,1.12,1.12,1.12
0.0003497517374402737,0.9131832791956221,20.139056313126673,0.029635770386871374,0.02257450099922864,0.013816157778012317,0.03744626893812236,0.03742549900077141,0.016183842221987696,1.12,1.12,1.12,1.12
0.00034847088338998413,0.9136099160518159,20.14240347999305,0.029664963959457058,0.022562717874414884,0.013834309912583949,0.03741707536553668,0.03743728212558517,0.016165690087416064,1.12,1.12,1.12,1.12
0.0003471953179253973,0.9140375275936752,20.14575769610072,0.029694222224388056,0.022550910615845188,0.013852505647332466,0.03738781710060568,0.037449089384154866,0.016147494352667546,1.12,1.12,1.12,1.12
0.000345925020582083,0.9144661162249496,20.14911897976459,0.029723545463424705,0.02253907913546005,0.013870745192059178,0.03735849386156903,0.037460920864540004,0.016129254807940835,1.12,1.12,1.12,1.12
0.00034465997095023404,0.9148956843631254,20.152487349404062,0.029752933960501105,0.022527223344538938,0.013889028758221462,0.03732910536449263,0.037472776655461115,0.01611097124177855,1.12,1.12,1.12,1.12
0.00034340014867577655,0.9153262344395223,20.155862823543824,0.029782388001745264,0.022515343153701267,0.013907356558941833,0.03729965132324847,0.037484656846298786,0.01609264344105818,1.12,1.12,1.12,1.12
0.0003421455339626789,0.9157577688968939,20.1592454207931,0.02981190787510135,0.022503438473216064,0.013925728808277506,0.037270131449892385,0.03749656152678399,0.016074271191722507,1.12,1.12,1.12,1.12
0.00034089610747845,0.9161902901901225,20.162635159851412,0.029841493870393754,0.022491509212874627,0.013944145721424231,0.03724054545459998,0.037508490787125426,0.016055854278575782,1.12,1.12,1.12,1.12
0.00033965184988438146,0.9166238007886014,20.16603205952901,0.02987114627973303,0.022479555281721575,0.013962607515402403,0.03721089304526071,0.03752044471827848,0.01603739248459761,1.12,1.12,1.12,1.12
0.0003384127428804451,0.9170583031714094,20.169436138705116,0.02990086539664477,0.022467576588556082,0.01398111440762978,0.037181173928348965,0.03753242341144397,0.016018885592370233,1.12,1.12,1.12,1.12
0.0003371787703466023,0.9174937998232976,20.17284741629208,0.029930651514866402,0.022455573041801513,0.013999666614838577,0.037151387810127334,0.03754442695819854,0.016000333385161436,1.12,1.12,1.12,1.12
0.00033594990686602877,0.9179302932999565,20.176265911789987,0.029960504936273558,0.02244354453836067,0.01401826437290582,0.03712153438872018,0.03755645546163938,0.015981735627094193,1.12,1.12,1.12,1.12
0.00033505335240033854,0.9183665358468608,20.17968060806845,0.029990090237431932,0.02243149110904319,0.014036565107527842,0.037091949087561804,0.037568508890956864,0.01596343489247217,1.12,1.12,1.12,1.12
0.00033455480627697654,0.9188022722992945,20.183089257995356,0.030019339026380598,0.022419413425499413,0.01405450147098198,0.03706270029861314,0.03758058657450064,0.015945498529018033,1.12,1.12,1.12,1.12
0.0003344490928632205,0.9192375173974288,20.186491998032775,0.03004825553308016,0.022407312489445302,0.014072080710920545,0.03703378379191358,0.03759268751055475,0.015927919289079467,1.12,1.12,1.12,1.12
0.0003347311898229677,0.919672285566088,20.18988896156554,0.03007684385740189,0.0223951893965611,0.01408930993961708,0.037005195467591845,0.037604810603438954,0.015910690060382933,1.12,1.12,1.12,1.12
0.00033539615230568923,0.9201065909230257,20.19328027925883,0.030105108096513067,0.022383045459120343,0.014106196112451383,0.03697693122848067,0.03761695454087971,0.01589380388754863,1.12,1.12,1.12,1.12
0.0003364391407831402,0.9205404473424995,20.196666079448182,0.030133052285948647,0.022370882097606792,0.014122746062042599,0.03694898703904509,0.03762911790239326,0.015877253937957414,1.12,1.12,1.12,1.12
0.0003378554216178387,0.9209738684125777,20.200046487804027,0.030160680405647344,0.022358700842815826,0.01413896648417566,0.03692135891934639,0.03764129915718423,0.015861033515824352,1.12,1.12,1.12,1.12
0.0003396403402654347,0.9214068676031367,20.203421628748018,0.030187996396057015,0.02234650328597082,0.014154863990868294,0.03689404292893672,0.03765349671402923,0.01584513600913172,1.12,1.12,1.12,1.12
0.00034178939012514676,0.9218394578067328,20.206791621600484,0.030215004119133637,0.022334291161653363,0.014170444968447674,0.0368670352058601,0.03766570883834669,0.01582955503155234,1.12,1.12,1.12,1.12
0.00034429814612098043,0.9222716517839411,20.21015658431689,0.030241707393645567,0.02232206623719321,0.01418571571841526,0.03684033193134817,0.03767793376280684,0.015814284281584753,1.12,1.12,1.12,1.12
0.0003471622827099452,0.922703462031797,20.21351663239068,0.030268109986317238,0.02230983033163106,0.01420068241680944,0.0368139293386765,0.037690169668368995,0.015799317583190572,1.12,1.12,1.12,1.12
0.0003503775723741054,0.9231349007886384,20.21687187889725,0.030294215612516384,0.022297585304608958,0.014215351116704994,0.03678782371247735,0.037702414695391095,0.01578464888329502,1.12,1.12,1.12,1.12
0.0003539398840789243,0.9235659800389094,20.220222434537835,0.03032002793694455,0.022285333046407674,0.014229727750662682,0.03676201138804919,0.03771466695359238,0.01577027224933733,1.12,1.12,1.12,1.12
0.00035784518170536297,0.9239967115179177,20.22356840768298,0.03034555057432481,0.022273075473381754,0.014243818133129874,0.03673648875066893,0.0377269245266183,0.01575618186687014,1.12,1.12,1.12,1.12
0.0003620895224929033,0.924427106716517,20.226909904415507,0.030370787090085283,0.022260814513705207,0.014257627962793062,0.036711252234908454,0.037739185486294846,0.01574237203720695,1.12,1.12,1.12,1.12
0.0003666690554223529,0.9248571768857788,20.230247028573523,0.030395741001046417,0.02224855209875043,0.014271162824883749,0.03668629832394732,0.037751447901249624,0.015728837175116264,1.12,1.12,1.12,1.12
0.00037158001957693365,0.92528693304162,20.233579881793194,0.030420415776108045,0.022236290160390776,0.014284428193437934,0.03666162354888569,0.03776370983960928,0.01571557180656208,1.12,1.12,1.12,1.12
0.00037681874252450955,0.9257163859693467,20.23690856355077,0.030444814836927403,0.022224030625369873,0.014297429433510811,0.03663722448806633,0.03777596937463018,0.015702570566489202,1.12,1.12,1.12,1.12
0.0003823816386977264,0.9261455462281383,20.240233171204185,0.03046894155859242,0.02221177541033814,0.014310171803347177,0.036613097766401315,0.03778822458966191,0.015689828196652836,1.12,1.12,1.12,1.12
0.00038826520777583977,0.9265744241554708,20.24355380003407,0.030492799270289084,0.022199526417456095,0.014322660456508512,0.03658924005470465,0.03780047358254396,0.0156773395434915,1.12,1.12,1.12,1.12
0.00039446603307151666,0.9270030298714732,20.246870543284302,0.030516391255964004,0.02218728553052224,0.01433490044395784,0.03656564806902973,0.037812714469477815,0.015665099556042172,1.12,1.12,1.12,1.12
0.00040098077992514194,0.9274313732832212,20.250183492201987,0.030539720754979238,0.02217505461158009,0.014346896716102758,0.0365423185700145,0.03782494538841996,0.015653103283897254,1.12,1.12,1.12,1.12
0.00040780619410876187,0.9278594640889617,20.25349273607688,0.0305627909627616,0.022162835497950922,0.014358654124797962,0.03651924836223214,0.03783716450204913,0.01564134587520205,1.12,1.12,1.12,1.12
0.00041493910024259506,0.928287311782272,20.256798362280243,0.030585605031443863,0.02215062999966011,0.014370177425307745,0.03649643429354987,0.037849370000339944,0.015629822574692268,1.12,1.12,1.12,1.12
0.00042237640022491085,0.9287149256561515,20.26010045630308,0.030608166070499043,0.022138439897201073,0.01438147127822939,0.03647387325449469,0.03786156010279898,0.015618528721770622,1.12,1.12,1.12,1.12
0.00043011507167789453,0.9291423148070435,20.263399101793773,0.03063047714736694,0.022126266939621497,0.014392540251378164,0.036451562177626795,0.037873733060378556,0.01560745974862185,1.12,1.12,1.12,1.12
0.0004381521664099886,0.929569488138789,20.2666943805952,0.030652541288072988,0.022114112842901212,0.014403388821634971,0.03642949803692075,0.03788588715709884,0.015596611178365041,1.12,1.12,1.12,1.12
0.0004464848088969298,0.9299964543665132,20.269986372781094,0.03067436147783892,0.022101979288572715,0.014414021376756861,0.03640767784715482,0.03789802071142734,0.015585978623243152,1.12,1.12,1.12,1.12
0.0004551101947815717,0.9304232220204423,20.273275156691916,0.03069594066168535,0.02208986792257933,0.014424442217151778,0.036386098663308386,0.03791013207742072,0.015575557782848234,1.12,1.12,1.12,1.12
0.0004640255893937795,0.9308497994496524,20.276560808970057,0.030717281745026193,0.022077780354337245,0.014434655557617637,0.036364757579967544,0.03792221964566281,0.015565344442382376,1.12,1.12,1.12,1.12
0.0004732283262916415,0.9312761948257505,20.27984340459443,0.030738387594254846,0.022065718155996727,0.014444665529047052,0.03634365173073889,0.037934281844003326,0.015555334470952961,1.12,1.12,1.12,1.12
0.00048271580582355257,0.9317024161464897,20.28312301691448,0.030759261037322183,0.02205368286184456,0.014454476180109269,0.03632277828767155,0.037946317138155494,0.015545523819890744,1.12,1.12,1.12,1.12
0.0004924854937128131,0.9321284712393155,20.286399717683516,0.03077990486430604,0.02204167596788531,0.014464091478873453,0.036302134460687696,0.03795832403211474,0.01553590852112656,1.12,1.12,1.12,1.12
0.0005025349196639883,0.9325543677648437,20.289673577091502,0.030800321827971988,0.02202969893153295,0.014473515314405605,0.03628171749702175,0.037970301068467105,0.015526484685594408,1.12,1.12,1.12,1.12
0.000512861675992582,0.9329801132202807,20.29294466379722,0.030820514644326724,0.022017753171439558,0.014482751498351834,0.03626152468066701,0.037982246828560495,0.015517248501648179,1.12,1.12,1.12,1.12
0.0005234634162768703,0.9334057149427695,20.296213044959824,0.030840485993162248,0.022005840067417737,0.014491803766479794,0.03624155333183149,0.037994159932582316,0.015508196233520219,1.12,1.12,1.12,1.12
0.0005343378540335397,0.9338311801126772,20.299478786269813,0.030860238518592487,0.021993960960469627,0.01450067578018932,0.03622180080640125,0.038006039039530426,0.015499324219810692,1.12,1.12,1.12,1.12
0.0005454827614162383,0.9342565157568186,20.30274195197944,0.03087977482958143,0.021982117152888947,0.014509371127993234,0.036202264495412306,0.038017882847111106,0.015490628872006779,1.12,1.12,1.12,1.12
0.0005568959679371766,0.9346817287516146,20.306002604932463,0.030899097500462824,0.021970309908452,0.014517893326968234,0.03618294182453091,0.03802969009154805,0.015482106673031779,1.12,1.12,1.12,1.12
0.0005685753592120424,0.9351068258261919,20.309260806593418,0.03091820907145265,0.02195854045266299,0.014526245824177289,0.036163830253541085,0.038041459547337064,0.015473754175822724,1.12,1.12,1.12,1.12
0.000580518875728231,0.9355318135654209,20.31251661707625,0.03093711204915256,0.021946809973066195,0.014534431998063438,0.03614492727584118,0.03805319002693386,0.015465568001936575,1.12,1.12,1.12,1.12
0.000592724511636078,0.9359566984128919,20.315770095172425,0.03095580890704619,0.021935119619597987,0.014542455159816031,0.03612623041794755,0.038064880380402066,0.015457544840183982,1.12,1.12,1.12,1.12
0.0006051903135624759,0.9363814866738361,20.3190212983785,0.030974302085987282,0.02192347050500071,0.014550318554709507,0.036107737239006454,0.038076529494999345,0.015449681445290506,1.12,1.12,1.12,1.12
0.000617914379448159,0.9368061845179856,20.322270282923093,0.030992593994680517,0.021911863705268042,0.014558025363415716,0.03608944533031322,0.03808813629473201,0.015441974636584296,1.12,1.12,1.12,1.12
0.0006308948574066165,0.9372307979823781,20.325517103793384,0.031010687010153803,0.021900300260111027,0.014565578703290172,0.03607135231483993,0.038099699739889026,0.015434421296709841,1.12,1.12,1.12,1.12
0.0006441299446059645,0.937655332974104,20.32876181476106,0.03102858347822446,0.021888781173480643,0.014572981629632248,0.03605345584676928,0.03811121882651941,0.015427018370367765,1.12,1.12,1.12,1.12
0.0006576178861726679,0.9380797952729998,20.332004468407717,0.031046285713956345,0.021877307414088887,0.014580237136920984,0.03603575361103739,0.038122692585911166,0.015419762863079028,1.12,1.12,1.12,1.12
0.0006713569868677105,0.9385041904151571,20.335245115173834,0.03106379599674053,0.02186587994641595,0.014587348122386337,0.03601824332825321,0.0381341200535841,0.015412651877613676,1.12,1.12,1.12,1.12
0.0006853455697179101,0.9389285240631833,20.338483806399378,0.03108111658869489,0.02185449963891936,0.01459431750343318,0.036000922736298846,0.03814550036108069,0.015405682496566833,1.12,1.12,1.12,1.12
0.0006995820174288792,0.9393528016306032,20.341720591241636,0.031098249715239445,0.02184316735799524,0.01460114809917297,0.03598378960975429,0.03815683264200481,0.015398851900827043,1.12,1.12,1.12,1.12
0.0007140647564837011,0.939777028414089,20.344955517765825,0.031115197572797404,0.021831883937058205,0.014607842672651514,0.03596684175219633,0.03816811606294185,0.015392157327348499,1.12,1.12,1.12,1.12
0.0007287922561750815,0.9402012095957059,20.348188632966526,0.03113196232920734,0.0218206501771942,0.014614403931906106,0.035950076995786395,0.03817934982280585,0.015385596068093907,1.12,1.12,1.12,1.12
0.0007437630276375895,0.9406253502452915,20.351419982790148,0.031148546124135812,0.02180946684777424,0.01462083453106057,0.035933493200857924,0.038190533152225814,0.015379165468939443,1.12,1.12,1.12,1.12
0.000758975622900282,0.941049455322785,20.354649612156926,0.031164951069482916,0.021798334687063242,0.014627137071397955,0.03591708825551082,0.03820166531293681,0.015372862928602057,1.12,1.12,1.12,1.12
0.000774428633960822,0.9414735296805099,20.35787756498246,0.031181179249779645,0.021787254402847456,0.01463331410241113,0.03590086007521409,0.0382127455971526,0.015366685897588883,1.12,1.12,1.12,1.12
0.000790120691878693,0.9418975780653981,20.361103884198734,0.03119723272257885,0.021776226673051846,0.014639368122831176,0.03588480660241489,0.03822377332694821,0.015360631877168837,1.12,1.12,1.12,1.12
0.0008060504658943479,0.9423216051211706,20.3643286117747,0.031213113518830382,0.021765252146355496,0.014645301581634587,0.035868925806163354,0.03823474785364456,0.015354698418365426,1.12,1.12,1.12,1.12
0.0008222166625658557,0.9427456153904528,20.367551788736243,0.031228823643252746,0.021754331442807195,0.014651116879026163,0.03585321568174099,0.03824566855719286,0.01534888312097385,1.12,1.12,1.12,1.12
0.0008386180249299269,0.9431696133168345,20.370773455185684,0.03124436507469225,0.0217434651544417,0.014656816367397962,0.03583767425030149,0.038256534845558354,0.01534318363260205,1.12,1.12,1.12,1.12
0.0008552533316785294,0.9435936032468709,20.37399365032069,0.03125973976647961,0.021732653845903727,0.014662402352263806,0.035822299558514126,0.03826734615409633,0.015337597647736206,1.12,1.12,1.12,1.12
0.0008721213963859942,0.9440175894319591,20.377212412452046,0.03127494964673949,0.02172189805503158,0.01466787709315695,0.035807089678254245,0.03827810194496847,0.015332122906843063,1.12,1.12,1.12,1.12
0.000889221066734347,0.9444415760301225,20.380429779020766,0.03128999661872928,0.021711198293508094,0.014673242804485204,0.03579204270626446,0.03828880170649196,0.015326757195514809,1.12,1.12,1.12,1.12
0.0009065512237196316,0.9448655671076689,20.3836457866142,0.0313048825612387,0.02170055504759605,0.014678501656328835,0.035777156763755036,0.038299444952404005,0.015321498343671178,1.12,1.12,1.12,1.12
0.0009241107800605164,0.9452895666418629,20.386860470993298,0.031319609330155596,0.021689968779907642,0.014683655775333204,0.03576242999483814,0.03831003122009241,0.015316344224666809,1.12,1.12,1.12,1.12
0.0009418986793493733,0.945713578522013,20.390073867104597,0.03133417875990763,0.021679439937273753,0.014688707345147697,0.03574786056508611,0.0383205600627263,0.015311292654852315,1.12,1.12,1.12,1.12
0.0009599138979467626,0.9461376065492255,20.393286009070735,0.031348592658132446,0.021668968932841093,0.014693658301922416,0.03573344666686129,0.03833103106715896,0.015306341698077597,1.12,1.12,1.12,1.12
0.0009781554407671145,0.9465616544523642,20.39649693033126,0.031362852810830566,0.02165855615476331,0.0146985106500475,0.03571918651416317,0.038341443845236745,0.015301489349952513,1.12,1.12,1.12,1.12
0.0009966223426652655,0.946985725874095,20.39970666352896,0.031376960981138846,0.021648201969773517,0.014703266352642658,0.03570507834385489,0.038351798030226536,0.015296733647357355,1.12,1.12,1.12,1.12
0.001015313667404172,0.9474098243765504,20.402915240558062,0.031390918909752485,0.021637906722643763,0.014707927333623264,0.03569112041524125,0.03836209327735629,0.01529207266637675,1.12,1.12,1.12,1.12
0.001034228506883972,0.9478339534434741,20.406122692584045,0.0314047283153433,0.02162767073670055,0.014712495478613918,0.035677311009650436,0.038372329263299504,0.015287504521386094,1.12,1.12,1.12,1.12
0.0010533659804840667,0.9482581164818646,20.409329050059114,0.031418390894878356,0.021617494314404517,0.014716972636382539,0.03566364843011538,0.038382505685595536,0.015283027363617474,1.12,1.12,1.12,1.12
0.001072725234425187,0.9486823168235526,20.412534342737143,0.03143190832392567,0.021607377737930922,0.014721360619594212,0.035650131001068064,0.03839262226206913,0.0152786393804058,1.12,1.12,1.12,1.12
0.0010923054411462907,0.9491065577267492,20.415738599688233,0.03144528225693588,0.021597321269577363,0.014725661203586135,0.035636757068057856,0.03840267873042269,0.015274338796413878,1.12,1.12,1.12,1.12
0.0011121057986764882,0.9495308423776365,20.418941849313708,0.031458514327551645,0.02158732515228151,0.014729876128370914,0.03562352499744209,0.03841267484771854,0.015270123871629099,1.12,1.12,1.12,1.12
0.0011321255300313028,0.9499551738918774,20.42214411936031,0.03147160614890038,0.021577389610118902,0.014734007099342583,0.03561043317609336,0.03842261038988115,0.01526599290065743,1.12,1.12,1.12,1.12
0.0011523638826231419,0.950379555316093,20.425345436934172,0.031484559313881444,0.0215675148487999,0.014738055787969023,0.03559748001111229,0.03843248515120015,0.01526194421203099,1.12,1.12,1.12,1.12
0.0011728201276840712,0.9508039896293108,20.42854582851441,0.031497375395466654,0.021557701056271833,0.014742023834100573,0.03558466392952708,0.03844229894372822,0.01525797616589944,1.12,1.12,1.12,1.12
0.0011934935597172293,0.9512284797443187,20.431745319965923,0.0315100559469666,0.021547948403214723,0.01474591284552959,0.03557198337802714,0.03845205159678533,0.015254087154470422,1.12,1.12,1.12,1.12
0.0012143834959501554,0.9516530285090288,20.43494393655231,0.0315226025022759,0.021538257043339948,0.01474972439583544,0.03555943682271784,0.038461742956660105,0.015250275604164573,1.12,1.12,1.12,1.12
0.0012354892757739933,0.9520776387079298,20.438141702949416,0.03153501657616692,0.021528627113846066,0.01475346002727472,0.03554702274882682,0.03847137288615399,0.015246539972725293,1.12,1.12,1.12,1.12
0.0012568102602141364,0.9525023130634178,20.441338643257914,0.03154729966455544,0.021519058735966073,0.014757121251404298,0.0355347396604383,0.03848094126403398,0.015242878748595715,1.12,1.12,1.12,1.12
0.0012783458314144626,0.9529270542371031,20.44453478101556,0.03155945324476239,0.021509552015431588,0.01476070954969233,0.035522586080231344,0.038490447984568466,0.015239290450307683,1.12,1.12,1.12,1.12
0.0013000953921318726,0.9533518648310841,20.44773013920922,0.03157147877577171,0.021500107042511762,0.014764226374116493,0.035510560549222026,0.03849989295748829,0.01523577362588352,1.12,1.12,1.12,1.12
0.00132205836523962,0.9537767473892065,20.450924740286712,0.031583377698484016,0.021490723892717084,0.014767673147751709,0.03549866162650972,0.03850927610728297,0.015232326852248304,1.12,1.12,1.12,1.12
0.0013442341932436985,0.9542017043982839,20.454118606168304,0.031595151435966806,0.021481402627206714,0.014771051265342339,0.03548688788902693,0.03851859737279334,0.015228948734657674,1.12,1.12,1.12,1.12
0.001366622337809398,0.9546267382893046,20.45731175825802,0.03160680139370026,0.021472143293197965,0.014774362093864832,0.03547523793129348,0.03852785670680209,0.015225637906135181,1.12,1.12,1.12,1.12
0.0013892222792983413,0.9550518514386038,20.460504217454726,0.0316183289598197,0.02146294592435488,0.014777606973080129,0.03546371036517404,0.03853705407564517,0.015222393026919884,1.12,1.12,1.12,1.12
0.0014120335163158694,0.9554770461690181,20.463696004162966,0.03162973550535403,0.021453810541189333,0.014780787216073496,0.03545230381963971,0.03854618945881072,0.015219212783926517,1.12,1.12,1.12,1.12
0.001435055565297816,0.9559023247508126,20.466887138301864,0.03164102238443317,0.021444737151456006,0.014783904109724716,0.035441016940560566,0.03855526284854405,0.015216095890275297,1.12,1.12,1.12,1.12
0.0014582879600467892,0.9563276894030729,20.47007763931792,0.031652190934540025,0.021435725750470425,0.014786958915314521,0.03542984839045371,0.03856427424952963,0.015213041084685491,1.12,1.12,1.12,1.12
0.0014817302512753817,0.9567531422949037,20.473267526196157,0.031663242476780706,0.021426776321480212,0.01478995286906136,0.03541879684821303,0.03857322367851984,0.015210047130938653,1.12,1.12,1.12,1.12
0.0015053820062221669,0.9571786855462737,20.476456817468314,0.0316741783160806,0.02141788883605472,0.014792887182552492,0.03540786100891313,0.03858211116394533,0.015207112817447521,1.12,1.12,1.12,1.12
0.001529242808249398,0.9576043212290561,20.47964553122265,0.03168499974140143,0.021409063254427263,0.014795763043233948,0.035397039583592305,0.03859093674557279,0.015204236956766065,1.12,1.12,1.12,1.12
0.0015533122564475922,0.9580300513680493,20.48283368511346,0.03169570802595756,0.02140029952583078,0.01479858161488995,0.03538633129903618,0.038599700474169274,0.015201418385110063,1.12,1.12,1.12,1.12
0.0015775899652231919,0.9584558779419278,20.486021296370218,0.031706304427472076,0.021391597588895778,0.014801344038090372,0.03537573489752166,0.038608402411104276,0.01519865596190964,1.12,1.12,1.12,1.12
0.001602075563971539,0.9588818028843067,20.489208381807227,0.03171679018830048,0.021382957371838818,0.014804051430698545,0.035365249136693255,0.038617042628161236,0.015195948569301468,1.12,1.12,1.12,1.12
0.0016267686966859873,0.9593078280846712,20.492394957832442,0.03172716653567165,0.021374378792839765,0.014806704888378541,0.03535487278932209,0.03862562120716029,0.015193295111621472,1.12,1.12,1.12,1.12
0.0016516690215894415,0.9597339553892982,20.495581040456184,0.03173743468190243,0.021365861760369004,0.01480930548516883,0.035344604643091304,0.03863413823963105,0.015190694514831182,1.12,1.12,1.12,1.12
0.001676776210782327,0.960160186602164,20.498766645299668,0.03174759582460007,0.021357406173488053,0.014811854273521871,0.035334443500393664,0.038642593826512,0.015188145726478142,1.12,1.12,1.12,1.12
0.0017020899498942034,0.9605865234858522,20.501951787603502,0.0317576511468633,0.021349011922146305,0.014814352284929402,0.03532438817813044,0.03865098807785375,0.01518564771507061,1.12,1.12,1.12,1.12
0.001727609937737462,0.9610129677624126,20.505136482235827,0.03176760181749122,0.021340678887493525,0.014816800530333102,0.035314437507502516,0.03865932111250653,0.015183199469666911,1.12,1.12,1.12,1.12
0.0017533358859871395,0.9614395211142437,20.508320743700505,0.031777448991158475,0.02133240694213942,0.014819200000548385,0.03530459033383526,0.03866759305786063,0.015180799999451627,1.12,1.12,1.12,1.12
0.0017792675188646357,0.9618661851849573,20.511504586145158,0.03178719380859085,0.02132419595039975,0.014821551666681837,0.035294845516402884,0.038675804049600304,0.015178448333318176,1.12,1.12,1.12,1.12
0.0018054045728104207,0.9622929615801837,20.514688023368794,0.031796837396771915,0.021316045768604464,0.014823856480523631,0.03528520192822182,0.03868395423139559,0.015176143519476382,1.12,1.12,1.12,1.12
0.0018317467961742385,0.9627198518683783,20.517871068829386,0.031806380869127626,0.02130795624535836,0.014826115374943563,0.03527565845586611,0.03869204375464169,0.01517388462505645,1.12,1.12,1.12,1.12
0.0018582939489128593,0.9631468575816116,20.521053735651254,0.031815825325707536,0.021299927221808734,0.014828329264281487,0.0352662139992862,0.03870007277819132,0.015171670735718526,1.12,1.12,1.12,1.12
0.0018850458022950712,0.9635739802163409,20.52423603663233,0.03182517185336359,0.021291958531892585,0.0148304990447293,0.03525686747163015,0.03870804146810747,0.015169500955270712,1.12,1.12,1.12,1.12
0.0019120021387441179,0.9640012212331623,20.527417984242927,0.031834421525802015,0.02128405000275077,0.014832625594402904,0.03524761779919172,0.03871594999724928,0.015167374405597109,1.12,1.12,1.12,1.12
0.0019391627511091691,0.96442858206058,20.53059959065792,0.03184357540420463,0.021276201454561272,0.014834709774422958,0.03523846392078911,0.03872379854543878,0.015165290225577055,1.12,1.12,1.12,1.12
0.001966527442747568,0.9648560640934882,20.533780867744714,0.03185263453702908,0.0212684127010416,0.01483675242897195,0.03522940478796466,0.03873158729895845,0.015163247571028063,1.12,1.12,1.12,1.12
0.0019940959877456257,0.9652836686606121,20.53696182697782,0.0318616000223404,0.021260683630880073,0.014838754363059883,0.03522043930265334,0.03873931636911998,0.01516124563694013,1.12,1.12,1.12,1.12
0.0020218682364391504,0.9657113971798812,20.540142480197773,0.0318704728366242,0.021253013965098655,0.014840716424804085,0.03521156648836954,0.0387469860349014,0.015159283575195928,1.12,1.12,1.12,1.12
0.0020498440321131462,0.9661392508980289,20.54332283795025,0.031879253980468536,0.02124540350851975,0.014842639500230903,0.0352027853445252,0.0387545964914803,0.01515736049976911,1.12,1.12,1.12,1.12
0.0020780232783208508,0.9665672310450829,20.54650291039679,0.0318879443638333,0.021237851957421006,0.014844524225208572,0.03519409496116044,0.03876214804257905,0.015155475774791441,1.12,1.12,1.12,1.12
0.0021064057698572114,0.966995338888318,20.54968270843419,0.03189654505808365,0.02123035918177249,0.014846371370940303,0.03518549426691009,0.03876964081822756,0.01515362862905971,1.12,1.12,1.12,1.12
0.002134991367327244,0.967423575637077,20.552862242234628,0.03190505703905827,0.021222924959809708,0.014848181695469309,0.035176982285935465,0.038777075040190345,0.015151818304530704,1.12,1.12,1.12,1.12
0.002163779940113786,0.967851942471619,20.556041521705303,0.0319134812709847,0.021215549065312977,0.014849955938798787,0.035168558054009036,0.038784450934687076,0.015150044061201226,1.12,1.12,1.12,1.12
0.0021927713661225035,0.9682804405438532,20.55922055649519,0.031921818706644844,0.021208231267564714,0.014851694823507497,0.03516022061834889,0.03879176873243534,0.015148305176492516,1.12,1.12,1.12,1.12
0.0022219654734791485,0.9687090710104859,20.5623993564939,0.03193007037251677,0.02120097141892352,0.014853399052681585,0.035151968952476964,0.03879902858107653,0.015146600947318428,1.12,1.12,1.12,1.12
0.002251362215470776,0.9691378349354212,20.56557793034963,0.03193823711247773,0.021193769191113015,0.01485506932312275,0.03514380221251601,0.03880623080888704,0.015144930676877263,1.12,1.12,1.12,1.12
0.0022809614924085508,0.9695667333910566,20.568756286992887,0.03194631984845736,0.021186624342898475,0.014856706311199758,0.035135719476536376,0.03881337565710158,0.015143293688800255,1.12,1.12,1.12,1.12
0.0023107632738632146,0.9699957673892681,20.571934434594436,0.0319543194015357,0.021179536536507004,0.014858310685778892,0.035127719923458034,0.03882046346349305,0.015141689314221121,1.12,1.12,1.12,1.12
0.002340767417663514,0.9704249379826824,20.575112382101942,0.03196223675625487,0.021172505609437897,0.014859883090322767,0.03511980256873887,0.038827494390562156,0.015140116909677245,1.12,1.12,1.12,1.12
0.0023709738480377942,0.9708542461666417,20.578290137740524,0.031970072800004634,0.021165531306235524,0.014861424161626141,0.0351119665249891,0.03883446869376453,0.015138575838373872,1.12,1.12,1.12,1.12
0.0024013824962084043,0.971283692912386,20.581467709516495,0.03197782840978275,0.021158613367896928,0.01486293452443238,0.03510421091521099,0.038841386632103125,0.015137065475567632,1.12,1.12,1.12,1.12
0.0024319933002054043,0.9717132791675468,20.584645105222048,0.031985504452337055,0.021151751532107382,0.014864414792237962,0.03509653487265668,0.03884824846789267,0.01513558520776205,1.12,1.12,1.12,1.12
0.0024628062046900823,0.9721430058566128,20.587822332439643,0.031993101784269895,0.021144945533264653,0.014865865564748795,0.03508893754072384,0.0388550544667354,0.015134134435251217,1.12,1.12,1.12,1.12
0.0024938211607578257,0.9725728738814926,20.590999398547137,0.03200062125218617,0.021138195102642088,0.014867287429776138,0.03508141807280757,0.038861804897357966,0.015132712570223875,1.12,1.12,1.12,1.12
0.0025250381257592384,0.9730028841220033,20.594176310722393,0.03200806369282316,0.02113149996852931,0.014868680963476766,0.03507397563217057,0.03886850003147074,0.015131319036523247,1.12,1.12,1.12,1.12
0.0025564570631262384,0.9734330374363481,20.59735307594772,0.032015429933177464,0.021124859856376854,0.014870046730588282,0.03506660939181627,0.0388751401436232,0.01512995326941173,1.12,1.12,1.12,1.12
0.002588077942200995,0.9738633346615828,20.600529701014224,0.03202272079063112,0.0211182744889431,0.014871385284659616,0.035059318534362616,0.03888172551105695,0.015128614715340397,1.12,1.12,1.12,1.12
0.0026199007380697027,0.9742937766140747,20.603706192526072,0.03202993707307489,0.02111174358642104,0.014872697168276772,0.03505210225191885,0.038888256413579014,0.015127302831723241,1.12,1.12,1.12,1.12
0.002651925431400182,0.9747243640899512,20.606882556904683,0.032037079579030736,0.02110526686658354,0.014873982913283845,0.035044959745963,0.038894733133416515,0.015126017086716168,1.12,1.12,1.12,1.12
0.0026841520082824923,0.9751550978655367,20.610058800392803,0.0320441490977717,0.021098844044907583,0.014875243040999034,0.035037890227222035,0.03890115595509247,0.015124756959000979,1.12,1.12,1.12,1.12
0.002716580460074436,0.9755859786977837,20.61323492905849,0.03205114640944068,0.021092474834698227,0.014876478062424814,0.03503089291555306,0.038907525165301826,0.015123521937575199,1.12,1.12,1.12,1.12
0.0027492107832496337,0.9760170073246925,20.61641094879905,0.03205807228516716,0.02108615894722135,0.014877688478453763,0.035023967039826576,0.0389138410527787,0.01512231152154625,1.12,1.12,1.12,1.12
0.0027820429792496885,0.9764481844657222,20.619586865344843,0.03206492748718215,0.021079896091812822,0.014878874780075643,0.03501711183781159,0.03892010390818723,0.01512112521992437,1.12,1.12,1.12,1.12
0.002815077054339721,0.9768795108221955,20.622762684263073,0.03207171276893167,0.021073685976002732,0.014880037448564698,0.035010326556062066,0.03892631402399732,0.015119962551435315,1.12,1.12,1.12,1.12
0.0028483130194671084,0.9773109870776917,20.625938410961396,0.0320784288751888,0.021067528305621697,0.014881176955671718,0.035003610449804934,0.03893247169437836,0.015118823044328294,1.12,1.12,1.12,1.12
0.0028817508901238134,0.9777426138984338,20.629114050691584,0.03208507654216347,0.021061422784916073,0.014882293763809548,0.034996962782830265,0.03893857721508398,0.015117706236190465,1.12,1.12,1.12,1.12
0.002915390686211472,0.9781743919336684,20.63228960855299,0.03209165649761103,0.02105536911664843,0.014883388326232566,0.034990382827382704,0.03894463088335162,0.015116611673767447,1.12,1.12,1.12,1.12
0.0029492324319100763,0.9786063218160349,20.635465089496,0.03209816946087568,0.02104936700175447,0.014884461080723999,0.034983869864118056,0.03895063299824558,0.015115538919276014,1.12,1.12,1.12,1.12
0.002983276155491099,0.9790384041621917,20.638640498327725,0.032104616143089126,0.021043416139651605,0.014885512458787137,0.03497742318190461,0.03895658386034845,0.015114487541212876,1.12,1.12,1.12,1.12
0.0030175218892112723,0.9794706395730723,20.64181583971437,0.03211099724727623,0.02103751622855296,0.014886542886038495,0.03497104207771751,0.03896248377144709,0.015113457113961518,1.12,1.12,1.12,1.12
0.003051969669209509,0.9799030286341295,20.644991118183643,0.03211731346843405,0.021031666965565632,0.014887552779614607,0.034964725856559686,0.03896833303443442,0.015112447220385405,1.12,1.12,1.12,1.12
0.0030866195353995264,0.980335571915667,20.648166338127773,0.032123565493614725,0.021025868046769036,0.014888542548344333,0.03495847383137901,0.03897413195323102,0.01511145745165568,1.12,1.12,1.12,1.12
0.003121471531413178,0.9807682699726279,20.651341503802175,0.032129754001961774,0.0210201191673918,0.014889512592753007,0.03495228532303196,0.038979880832608255,0.015110487407247006,1.12,1.12,1.12,1.12
0.0031565257043656204,0.981201123345681,20.654516619334807,0.03213587966494913,0.021014420021833735,0.014890463305441831,0.03494615966004461,0.03898557997816632,0.015109536694558182,1.12,1.12,1.12,1.12
0.0031917821046770992,0.9816341325622139,20.657691688734626,0.032141943146545116,0.021008770303625884,0.014891395071446073,0.03494009617844862,0.03899122969637417,0.01510860492855394,1.12,1.12,1.12,1.12
0.003227240786039776,0.9820672981365294,20.660866715893228,0.0321479451016789,0.021003169694528645,0.014892308111208868,0.03493409422331484,0.03899683030547141,0.015107691888791144,1.12,1.12,1.12,1.12
0.0032629018040873704,0.982500620574168,20.66404170462372,0.032153886180885105,0.020997617887840186,0.014893202950417017,0.03492815314410863,0.03900238211215987,0.015106797049582996,1.12,1.12,1.12,1.12
0.00329876521887198,0.9829341003609375,20.66721665856606,0.03215976702572537,0.020992114576373233,0.014894079951420142,0.034922272299268364,0.03900788542362682,0.015105920048579871,1.12,1.12,1.12,1.12
0.003334831093352131,0.9833677379702572,20.670391581249838,0.032165588270622325,0.020986659452411988,0.01489493946950575,0.03491645105437141,0.039013340547588066,0.015105060530494263,1.12,1.12,1.12,1.12
0.003371099492912011,0.9838015338623356,20.673566476090098,0.032171350543550636,0.020981252208811974,0.01489578185257992,0.0349106887814431,0.03901874779118808,0.015104218147420093,1.12,1.12,1.12,1.12
0.003407570484256839,0.9842354884899351,20.67674134643628,0.032177054467362964,0.020975892538851154,0.014896607442808185,0.03490498485763077,0.0390241074611489,0.015103392557191828,1.12,1.12,1.12,1.12
0.003444244136412822,0.9846696022885135,20.679916195492375,0.03218270065869927,0.02097058013797748,0.014897416573768807,0.034899338666294466,0.039029419862022574,0.015102583426231206,1.12,1.12,1.12,1.12
0.0034811205240961487,0.9851038756806814,20.683091026336808,0.03218828972287441,0.020965314696718085,0.014898209572886414,0.03489374960211933,0.03903468530328197,0.015101790427113598,1.12,1.12,1.12,1.12
0.003518199728649485,0.9855383090780958,20.686265841932972,0.03219382225243089,0.020960095898511416,0.01489898676235682,0.034888217072562844,0.03903990410148864,0.015101013237643193,1.12,1.12,1.12,1.12
0.0035554818293300986,0.9859729028824513,20.68944064517402,0.032199298839699464,0.020954923433774364,0.014899748457184406,0.03488274048529427,0.03904507656622569,0.015100251542815607,1.12,1.12,1.12,1.12
0.0035929669076014917,0.9864076574842475,20.692615438855093,0.032204720070584336,0.020949796993226355,0.014900494966014921,0.0348773192544094,0.0390502030067737,0.015099505033985092,1.12,1.12,1.12,1.12
0.0036306550472102296,0.9868425732631829,20.69579022567613,0.03221008652440832,0.020944716267647268,0.014901226591349487,0.034871952800585415,0.039055283732352786,0.015098773408650526,1.12,1.12,1.12,1.12
0.0036685463341053384,0.9872776505883952,20.698965008244034,0.032215398773991655,0.020939680947932193,0.01490194362966707,0.03486664055100208,0.03906031905206786,0.015098056370332943,1.12,1.12,1.12,1.12
0.003706640856359611,0.9877128898187006,20.702139789074902,0.032220657385729934,0.02093469072515161,0.014902646371544676,0.0348613819392638,0.03906530927484844,0.015097353628455337,1.12,1.12,1.12,1.12
0.0037449387040937145,0.9881482913028301,20.70531457059615,0.03222586291967111,0.0209297452906006,0.014903335101775217,0.034856176405322625,0.039070254709399455,0.015096664898224796,1.12,1.12,1.12,1.12
0.0037834399694017585,0.9885838553796544,20.70848935514866,0.03223101592959016,0.020924844335853787,0.01490401009948314,0.03485102339540358,0.039075155664146266,0.015095989900516874,1.12,1.12,1.12,1.12
0.003822144746279266,0.989019582378412,20.7116641449888,0.03223611696306333,0.02091998755281757,0.014904671638237985,0.034845922361930404,0.03908001244718248,0.015095328361762028,1.12,1.12,1.12,1.12
0.0038610531305538934,0.9894554726189266,20.714838942290434,0.03224116656153975,0.02091517463377407,0.014905319986165858,0.03484087276345399,0.039084825366225984,0.015094680013834155,1.12,1.12,1.12,1.12
0.0039001652198183746,0.9898915264118232,20.718013749146927,0.032246165260411075,0.020910405271421684,0.014905955406058713,0.03483587406458266,0.03908959472857837,0.0150940445939413,1.12,1.12,1.12,1.12
0.003939481113367372,0.9903277440587358,20.721188567572987,0.03225111358907706,0.020905679158923163,0.014906578155481506,0.034830925735916674,0.03909432084107689,0.015093421844518506,1.12,1.12,1.12,1.12
0.003979000912139119,0.9907641258525065,20.724363399506522,0.032256012071006535,0.02090099598993153,0.014907188486876416,0.0348260272539872,0.03909900401006852,0.015092811513123597,1.12,1.12,1.12,1.12
0.004018724718661693,0.9912006720773694,20.727538246810244,0.0322608612237929,0.020896355458633498,0.014907786647661944,0.034821178101200834,0.039103644541366556,0.015092213352338069,1.12,1.12,1.12,1.12
0.004058652637004556,0.9916373830090341,20.7307131112726,0.03226566155920635,0.020891757259788812,0.014908372880301599,0.03481637776578739,0.03910824274021124,0.015091627119698414,1.12,1.12,1.12,1.12
0.004098784772068109,0.9920742589154501,20.733887994616712,0.032270413584174096,0.02088720108965489,0.014908947422413332,0.03481162574081964,0.039112798910345165,0.01509105257758668,1.12,1.12,1.12,1.12
0.004139121229703502,0.9925113000556174,20.737062898490723,0.03227511780062681,0.020882686646171295,0.014909510506475071,0.03480692152436693,0.03911731335382876,0.015090489493524942,1.12,1.12,1.12,1.12
0.0041796621171869665,0.9929485066830779,20.740237824492578,0.032279774704711994,0.020878213627053,0.014910062361115084,0.03480226462028174,0.039121786372947054,0.015089937638884929,1.12,1.12,1.12,1.12
0.004220407543852778,0.9933858790418658,20.743412774136324,0.0322843847859956,0.02087378173009541,0.014910603210031056,0.034797654538998135,0.039126218269904645,0.015089396789968956,1.12,1.12,1.12,1.12
0.00426135762014499,0.9938234173687029,20.74658774887298,0.03228894852874581,0.02086939065400306,0.014911133272492647,0.03479309079624793,0.03913060934599699,0.015088866727507366,1.12,1.12,1.12,1.12
0.00430251245687141,0.9942611218936236,20.74976275009859,0.03229346641297082,0.020865040099385807,0.014911652763393332,0.03478857291202292,0.03913495990061425,0.01508834723660668,1.12,1.12,1.12,1.12
0.0043438721662135025,0.9946989928392492,20.752937779144332,0.03229793891299115,0.020860729767370634,0.014912161893330278,0.03478410041200258,0.03913927023262942,0.015087838106669735,1.12,1.12,1.12,1.12
0.004385436861583792,0.995137030421499,20.756112837282643,0.03230236649761886,0.020856459359604618,0.014912660868839106,0.034779672827374875,0.039143540640395436,0.015087339131160907,1.12,1.12,1.12,1.12
0.004427206657443161,0.9955752348487175,20.759287925721264,0.03230674963043406,0.020852228578829485,0.014913149892113287,0.034775289694559675,0.03914777142117057,0.015086850107886726,1.12,1.12,1.12,1.12
0.0044691816691528,0.9960136063230238,20.762463045614332,0.032311088769958474,0.02084803712869432,0.014913629161440206,0.03477095055503526,0.039151962871305734,0.015086370838559807,1.12,1.12,1.12,1.12
0.004511362012948528,0.9964521450400637,20.76563819806056,0.0323153843696935,0.02084388471387094,0.014914098871157688,0.034766654955300236,0.03915611528612911,0.015085901128842324,1.12,1.12,1.12,1.12
0.00455374780589759,0.996890851189183,20.76881338410478,0.03231963687817585,0.020839771040077476,0.014914559211740439,0.034762402446817886,0.03916022895992258,0.015085440788259574,1.12,1.12,1.12,1.12
0.004596339165849095,0.9973297249535534,20.771988604739157,0.03232384673904265,0.020835695814114236,0.014915010369868587,0.034758192585951087,0.03916430418588582,0.015084989630131426,1.12,1.12,1.12,1.12
0.00463913621137495,0.9977687665104586,20.775163860905653,0.03232801439110794,0.020831658743871495,0.014915452528543968,0.034754024933885797,0.03916834125612856,0.015084547471456045,1.12,1.12,1.12,1.12
0.004682139061749524,0.9982079760312255,20.77833915349561,0.03233214026839243,0.020827659538383836,0.01491588586710249,0.03474989905660131,0.03917234046161622,0.015084114132897522,1.12,1.12,1.12,1.12
0.0047253478367876856,0.9986473536812843,20.78151448335096,0.03233622480035142,0.020823697908071204,0.01491631056123155,0.034745814524642316,0.03917630209192885,0.015083689438768463,1.12,1.12,1.12,1.12
0.004768762656449344,0.9990868996211367,20.78468985127331,0.03234026841241405,0.02081977356506498,0.014916726783212306,0.034741770912579684,0.03918022643493507,0.015083273216787707,1.12,1.12,1.12,1.12
0.004812383641876661,0.9995266140052576,20.78786525801114,0.032344271524542834,0.020815886221899532,0.014917134701877624,0.0347377678004509,0.03918411377810052,0.015082865298122389,1.12,1.12,1.12,1.12
0.004856210914783743,0.999966496982708,20.79104070426711,0.03234823455208652,0.020812035592291445,0.014917534482684972,0.03473380477290722,0.03918796440770861,0.015082465517315041,1.12,1.12,1.12,1.12
0.004900244597444115,1.0004065486972848,20.794216190699316,0.03235215790579815,0.020808221391116266,0.014917926287797159,0.034729881419195585,0.03919177860888379,0.015082073712202854,1.12,1.12,1.12,1.12
0.004944484812620953,1.000846769287654,20.797391717922586,0.03235604199193487,0.02080444333447745,0.0149183102761416,0.03472599733305887,0.0391955566655226,0.015081689723858413,1.12,1.12,1.12,1.12
0.004988931683507714,1.0012871588874916,20.80056728650989,0.03235988721234351,0.02080070113975635,0.014918686603475187,0.03472215211265023,0.0391992988602437,0.015081313396524826,1.12,1.12,1.12,1.12
0.005033585333558178,1.0017277176239683,20.803742896981497,0.03236369396472499,0.020796994526354085,0.014919055421899446,0.03471834536026874,0.03920300547364597,0.015080944578100566,1.12,1.12,1.12,1.12
0.0050784458856381505,1.0021684456267124,20.80691854987718,0.03236746264370244,0.02079332321425509,0.014919416882494846,0.0347145766812913,0.039206676785744965,0.015080583117505167,1.12,1.12,1.12,1.12
0.0051235134618390354,1.002609343014064,20.810094245651996,0.032371193641280716,0.02078968692859179,0.01491977113097763,0.03471084568371302,0.039210313071408265,0.015080228869022383,1.12,1.12,1.12,1.12
0.005168788187059282,1.0030504099002862,20.813269984715877,0.03237488734172711,0.02078608539170529,0.014920118310924796,0.034707151983266626,0.039213914608294764,0.015079881689075217,1.12,1.12,1.12,1.12
0.005214270186410764,1.0034916463956767,20.81644576744574,0.03237854412521979,0.020782518327241234,0.014920458563174005,0.03470349519977395,0.03921748167275882,0.015079541436826008,1.12,1.12,1.12,1.12
0.005259959585138408,1.0039330526064603,20.819621594185065,0.03238216436796898,0.02077898546030693,0.014920792025800392,0.03469987495702476,0.03922101453969312,0.015079207974199621,1.12,1.12,1.12,1.12
0.005305856508629425,1.0043746286347657,20.82279746524369,0.032385748442212314,0.020775486517470854,0.014921118834140226,0.03469629088278142,0.0392245134825292,0.015078881165859787,1.12,1.12,1.12,1.12
0.005351961082407187,1.0048163745786713,20.825973380898184,0.03238929671623192,0.02077202122675162,0.01492143912083449,0.03469274260876182,0.039227978773248434,0.015078560879165523,1.12,1.12,1.12,1.12
0.005398273432112655,1.0052582905322864,20.829149341392608,0.032392809554387725,0.0207685893176211,0.014921753015878683,0.03468922977060601,0.03923141068237895,0.01507824698412133,1.12,1.12,1.12,1.12
0.005444793683480587,1.0057003765858474,20.832325346939353,0.032396287317159655,0.02076519052101561,0.014922060646675062,0.03468575200783408,0.039234809478984445,0.015077939353324951,1.12,1.12,1.12,1.12
0.005491521962313551,1.0061426328258134,20.835501397719998,0.032399730361192314,0.02076182456934042,0.014922362138084871,0.03468230896380142,0.03923817543065963,0.015077637861915141,1.12,1.12,1.12,1.12
0.005538458394456747,1.0065850593349663,20.838677493886202,0.03240313903933972,0.02075849119648393,0.014922657612479906,0.03467890028565401,0.03924150880351612,0.015077342387520107,1.12,1.12,1.12,1.12
0.005585603105773141,1.0070276561925036,20.84185363556058,0.03240651370070918,0.020755190137822788,0.014922947189793118,0.03467552562428455,0.039244809862177266,0.015077052810206895,1.12,1.12,1.12,1.12
0.005632956222120101,1.0074704234741312,20.845029822837468,0.032409854690705064,0.020751921130229,0.014923230987567898,0.03467218463428867,0.03924807886977105,0.015076769012432115,1.12,1.12,1.12,1.12
0.005680517869326752,1.0079133612521534,20.84820605578382,0.03241316235106978,0.020748683912077515,0.01492350912100636,0.03466887697392396,0.03925131608792254,0.015076490878993654,1.12,1.12,1.12,1.12
0.005728288173172925,1.0083564695955594,20.851382334439847,0.03241643701992547,0.02074547822325512,0.014923781703016226,0.034665602305068266,0.03925452177674493,0.015076218296983787,1.12,1.12,1.12,1.12
0.005776267259368507,1.0087997485701055,20.8545586588199,0.03241967903181331,0.020742303805160928,0.01492404884425684,0.03466236029318043,0.039257696194839126,0.015075951155743172,1.12,1.12,1.12,1.12
0.0058244552535339006,1.0092431982383985,20.857735028913112,0.032422888717733134,0.02073916040071133,0.01492431065318392,0.0346591506072606,0.03926083959928872,0.015075689346816093,1.12,1.12,1.12,1.12
0.005872852281181018,1.0096868186599723,20.86091144468412,0.032426066405181975,0.020736047754347953,0.014924567236093561,0.03465597291981176,0.0392639522456521,0.015075432763906452,1.12,1.12,1.12,1.12
0.005921458467694984,1.0101306098913683,20.86408790607376,0.03242921241819202,0.02073296561203808,0.014924818697164971,0.034652826906801715,0.039267034387961974,0.015075181302835042,1.12,1.12,1.12,1.12
0.0059702739383164175,1.010574571986207,20.867264412999752,0.03243232707736882,0.020729913721278054,0.014925065138502655,0.03464971224762492,0.039270086278722,0.015074934861497358,1.12,1.12,1.12,1.12
0.006019298818124064,1.0110187049952641,20.870440965357318,0.03243541069992806,0.020726891831100575,0.014925306660177481,0.03464662862506568,0.03927310816889948,0.015074693339822531,1.12,1.12,1.12,1.12
0.006068533232018192,1.0114630089665426,20.87361756301984,0.0324384635997324,0.020723899692067005,0.014925543360267052,0.03464357572526133,0.03927610030793305,0.015074456639732961,1.12,1.12,1.12,1.12
0.006117977304704292,1.0119074839453417,20.876794205839523,0.03244148608732844,0.020720937056281308,0.014925775334895253,0.034640553237665295,0.039279062943718746,0.01507422466510476,1.12,1.12,1.12,1.12
0.006167631160667409,1.0123521299743314,20.879970893648025,0.03244447846999615,0.020718003677401953,0.014926002678270281,0.034637560854997584,0.0392819963225981,0.015073997321729732,1.12,1.12,1.12,1.12
0.00621749492416952,1.0127969470936138,20.88314762625698,0.032447441051767056,0.02071509931062182,0.014926225482723487,0.03463459827322668,0.03928490068937823,0.015073774517276525,1.12,1.12,1.12,1.12
0.006267568719239814,1.0132419353407867,20.886324403458563,0.03245037413345325,0.020712223712666122,0.014926443838747222,0.034631665191540484,0.03928777628733393,0.01507355616125279,1.12,1.12,1.12,1.12
0.006317852669650792,1.013687094751013,20.889501225026113,0.03245327801269432,0.02070937664180575,0.014926657835030777,0.034628761312299416,0.039290623358194304,0.015073342164969236,1.12,1.12,1.12,1.12
0.006368346898904642,1.0141324253570834,20.892678090714703,0.03245615298399257,0.02070655785785977,0.014926867558496107,0.034625886341001166,0.039293442142140284,0.015073132441503906,1.12,1.12,1.12,1.12
0.006419051530218667,1.0145779271894808,20.89585500026172,0.03245899933874824,0.02070376712219263,0.014927073094333054,0.034623039986245496,0.039296232877807424,0.015072926905666958,1.12,1.12,1.12,1.12
0.006469966686512141,1.0150236002764397,20.899031953387343,0.032461817365293744,0.020701004197716977,0.014927274526033776,0.03462022195969999,0.03929899580228308,0.015072725473966236,1.12,1.12,1.12,1.12
0.006521092490392722,1.0154694446440058,20.902208949795156,0.03246460734892792,0.020698268848897694,0.014927471935426595,0.034617431976065816,0.03930173115110236,0.015072528064573418,1.12,1.12,1.12,1.12
0.006572429064144014,1.0159154603160976,20.90538598917261,0.03246736957194979,0.02069556084174301,0.01492766540270904,0.03461466975304395,0.03930443915825704,0.015072334597290973,1.12,1.12,1.12,1.12
0.006623976529712916,1.0163616473145596,20.908563071191544,0.03247010431369274,0.020692879943815218,0.014927855006480445,0.034611935011301,0.039307120056184836,0.015072144993519568,1.12,1.12,1.12,1.12
0.006675735008697537,1.0168080056592206,20.911740195508685,0.03247281185055689,0.020690225924221206,0.014928040823773706,0.03460922747443684,0.03930977407577885,0.015071959176226307,1.12,1.12,1.12,1.12
0.006727704622336007,1.0172545353679483,20.914917361766147,0.032475492456042254,0.02068759855361979,0.014928222930086568,0.03460654686895148,0.03931240144638026,0.015071777069913445,1.12,1.12,1.12,1.12
0.006779885491494664,1.017701236456704,20.918094569591858,0.03247814640078123,0.020684997604213856,0.014928401399412233,0.03460389292421251,0.0393150023957862,0.01507159860058778,1.12,1.12,1.12,1.12
0.006832277736657311,1.0181481089395927,20.92127181860009,0.03248077395257071,0.020682422849755633,0.014928576304269303,0.03460126537242303,0.03931757715024442,0.01507142369573071,1.12,1.12,1.12,1.12
0.00688488147791504,1.0185951528289168,20.924449108391862,0.03248337537640361,0.02067987406553931,0.014928747715731258,0.034598663948590125,0.03932012593446074,0.015071252284268755,1.12,1.12,1.12,1.12
0.00693769683495562,1.019042368135225,20.927626438555397,0.03248595093450063,0.020677351028403457,0.014928915703455281,0.03459608839049311,0.0393226489715966,0.015071084296544732,1.12,1.12,1.12,1.12
0.00699072392705391,1.0194897548673618,20.93080380866656,0.03248850088634053,0.020674853516730846,0.014929080335710457,0.034593538438653204,0.03932514648326921,0.015070919664289556,1.12,1.12,1.12,1.12
0.007043962873062526,1.0199373130325167,20.933981218289276,0.03249102548869176,0.020672381310439497,0.014929241679405514,0.034591013836301976,0.039327618689560556,0.015070758320594499,1.12,1.12,1.12,1.12
0.0070974137914025185,1.020385042636267,20.937158666975936,0.03249352499564179,0.020669934190986505,0.014929399800115983,0.03458851432935195,0.03933006580901355,0.01507060019988403,1.12,1.12,1.12,1.12
0.007151076800054757,1.0208329436826302,20.94033615426781,0.03249599965862754,0.020667511941365763,0.014929554762110678,0.0345860396663662,0.03933248805863429,0.015070445237889335,1.12,1.12,1.12,1.12
0.007204952016551403,1.021281016174103,20.943513679695435,0.032498449726464984,0.020665114346100577,0.014929706628377962,0.03458358959852875,0.039334885653899476,0.015070293371622051,1.12,1.12,1.12,1.12
0.007259039557968006,1.0217292601117072,20.946691242778996,0.032500875445377886,0.02066274119124667,0.014929855460651092,0.03458116387961585,0.039337258808753384,0.01507014453934892,1.12,1.12,1.12,1.12
0.007313339540915554,1.0221776754950334,20.949868843028682,0.03250327705902717,0.02066039226438085,0.014930001319433367,0.03457876226596657,0.0393396077356192,0.015069998680566646,1.12,1.12,1.12,1.12
0.007367852081533144,1.0226262623222808,20.9530464799451,0.03250565480853884,0.020658067354608484,0.014930144264022671,0.034576384516454894,0.03934193264539157,0.015069855735977342,1.12,1.12,1.12,1.12
0.007422577295480704,1.0230750205903008,20.95622415301959,0.032508008932532695,0.02065576625254925,0.01493028435253542,0.03457403039246104,0.0393442337474508,0.015069715647464593,1.12,1.12,1.12,1.12
0.007477515297932236,1.023523950294632,20.959401861734566,0.032510339667149835,0.02065348875034176,0.014930421641930217,0.0345716996578439,0.039346511249658295,0.015069578358069796,1.12,1.12,1.12,1.12
0.007532666203569383,1.0239730514295453,20.962579605563892,0.032512647246079884,0.020651234641633598,0.014930556188030866,0.03456939207891385,0.039348765358366455,0.015069443811969147,1.12,1.12,1.12,1.12
0.00758803012657463,1.024422323988077,20.96575738397317,0.03251493190058863,0.020649003721582626,0.014930688045549076,0.03456710742440511,0.03935099627841743,0.015069311954450937,1.12,1.12,1.12,1.12
0.007643607180626288,1.024871767962068,20.968935196420112,0.03251719385954438,0.02064679578684747,0.014930817268106564,0.034564845465449356,0.03935320421315258,0.015069182731893449,1.12,1.12,1.12,1.12
0.00769939747889179,1.0253213833422,20.972113042354792,0.03251943334944468,0.020644610635588395,0.014930943908256777,0.034562605975549054,0.03935538936441166,0.015069056091743235,1.12,1.12,1.12,1.12
0.007755401133968176,1.0257711701181076,20.975290921220846,0.03252165059451678,0.020642448067518776,0.014931068017516924,0.034560388730476954,0.03935755193248128,0.015068931982483089,1.12,1.12,1.12,1.12
0.0078116182579245136,1.026221128278335,20.978468832454915,0.0325238458166785,0.020640307883851128,0.014931189646376089,0.03455819350831524,0.039359692116148925,0.015068810353623924,1.12,1.12,1.12,1.12
0.00786804896238249,1.0266712578102575,20.981646775485718,0.03252601923544629,0.020638189887198954,0.014931308844301591,0.034556020089547446,0.0393618101128011,0.015068691155698422,1.12,1.12,1.12,1.12
0.007924693358438794,1.0271215587002165,20.98482474973545,0.032528171068060774,0.02063609388164453,0.014931425659773914,0.03455386825693296,0.039363906118355524,0.015068574340226099,1.12,1.12,1.12,1.12
0.007981551556668576,1.0275720309335556,20.988002754620037,0.03253030152950054,0.020634019672726045,0.01493154014030823,0.0345517377954932,0.03936598032727401,0.015068459859691782,1.12,1.12,1.12,1.12
0.008038623667120026,1.0280226744946506,20.99118078954941,0.032532410832508685,0.020631967067437862,0.014931652332473705,0.03454962849248505,0.03936803293256219,0.015068347667526308,1.12,1.12,1.12,1.12
0.008095909799307544,1.0284734893669423,20.99435885392779,0.03253449918762119,0.020629935874219518,0.014931762281912203,0.034547540137372545,0.039370064125780535,0.01506823771808781,1.12,1.12,1.12,1.12
0.00815341006220427,1.0289244755329714,20.997536947154,0.03253656680319533,0.0206279259029655,0.014931870033357025,0.034545472521798404,0.039372074097034554,0.015068129966642987,1.12,1.12,1.12,1.12
0.008211124564232054,1.0293756329744204,21.00071506862184,0.03253861388544327,0.0206259369650153,0.014931975630653849,0.03454342543955047,0.03937406303498475,0.015068024369346164,1.12,1.12,1.12,1.12
0.00826905341325217,1.0298269616721438,21.00389321772038,0.032540640638462515,0.0206239688731647,0.01493207911677745,0.03454139868653122,0.039376031126835354,0.015067920883222563,1.12,1.12,1.12,1.12
0.00832719671656057,1.0302784616062046,21.007071393834245,0.03254264726426215,0.020622021441655813,0.014932180533850564,0.03453939206073159,0.03937797855834424,0.015067819466149449,1.12,1.12,1.12,1.12
0.00838555458088388,1.030730132755904,21.0102495963439,0.03254463396278667,0.020620094486169416,0.014932279923162872,0.03453740536220706,0.03937990551383064,0.01506772007683714,1.12,1.12,1.12,1.12
0.0084441271124716,1.0311819750988456,21.013427824618123,0.03254660093178946,0.020618187823934597,0.014932377324919269,0.034535438393204276,0.039381812176065456,0.015067622675080744,1.12,1.12,1.12,1.12
0.008502914416694863,1.031633988614735,21.016606078044678,0.03254854836747595,0.020616301273329557,0.014932472779300668,0.03453349095751779,0.039383698726670496,0.015067527220699345,1.12,1.12,1.12,1.12
0.00856191659837906,1.0320861732803526,21.019784355990662,0.0325504764639592,0.02061443465469337,0.01493256632503237,0.03453156286103454,0.03938556534530668,0.015067433674967642,1.12,1.12,1.12,1.12
0.0086211337419571,1.0325385290786846,21.022962657960544,0.03255238543986172,0.020612587817639583,0.014932657997555693,0.03452965388513202,0.03938741218236047,0.01506734200244432,1.12,1.12,1.12,1.12
0.00868056598630238,1.0329910559706788,21.026140983047192,0.032554275438216373,0.02061076053640737,0.014932747837865662,0.03452776388677736,0.039389239463592685,0.01506725216213435,1.12,1.12,1.12,1.12
0.008740213420733589,1.0334437539391315,21.029319330730083,0.032556146665764285,0.020608952654110807,0.014932835881620754,0.03452589265922945,0.039391047345889246,0.015067164118379259,1.12,1.12,1.12,1.12
0.00880007614729017,1.0338966229588595,21.032497700370357,0.03255799930946457,0.020607163997263533,0.014932922164617085,0.03452404001552917,0.03939283600273652,0.015067077835382928,1.12,1.12,1.12,1.12
0.008860154268345521,1.034349663003508,21.035676091317907,0.03255983355314834,0.020605394392546605,0.014933006721972883,0.03452220577184539,0.03939460560745345,0.01506699327802713,1.12,1.12,1.12,1.12
0.008920447885556015,1.034802874046276,21.038854502921605,0.03256164957895041,0.02060364366819195,0.014933089588111584,0.03452038974604332,0.0393963563318081,0.015066910411888429,1.12,1.12,1.12,1.12
0.00898095709950999,1.0352562560601501,21.042032934532664,0.032563447567797554,0.02060191165444214,0.01493317079675903,0.03451859175719618,0.03939808834555791,0.015066829203240983,1.12,1.12,1.12,1.12
0.009041682010161445,1.0357098090175536,21.045211385500064,0.032565227698842236,0.020600198182986584,0.01493325038094677,0.0345168116261515,0.03939980181701347,0.015066749619053244,1.12,1.12,1.12,1.12
0.009102622717342124,1.0361635328900867,21.048389855166235,0.03256699014879616,0.02059850308626493,0.014933328373058302,0.034515049176197576,0.03940149691373512,0.01506667162694171,1.12,1.12,1.12,1.12
0.009163779320286381,1.0366174276488827,21.051568342871967,0.03256873509258745,0.020596826198081036,0.014933404804834724,0.03451330423240628,0.03940317380191902,0.015066595195165289,1.12,1.12,1.12,1.12
0.00922515191763358,1.0370714932646352,21.05474684795658,0.03257046270337577,0.0205951673535881,0.014933479707390562,0.03451157662161797,0.03940483264641195,0.01506652029260945,1.12,1.12,1.12,1.12
0.009286740608612653,1.0375257297000353,21.05792536969509,0.032572173150772155,0.020593526389439065,0.014933553109236511,0.03450986617422158,0.03940647361056099,0.015066446890763502,1.12,1.12,1.12,1.12
0.009348545490516757,1.0379801369259862,21.06110390743293,0.03257386660468636,0.0205919031434246,0.014933625040564225,0.03450817272030737,0.03940809685657545,0.015066374959435788,1.12,1.12,1.12,1.12
0.009410566659858555,1.038434714914176,21.064282460524183,0.03257554323359818,0.020590297454648188,0.014933695531278407,0.034506496091395555,0.039409702545351866,0.015066304468721606,1.12,1.12,1.12,1.12
0.009472804212641073,1.03888946363541,21.067461028317798,0.032577203204167515,0.020588709163538083,0.014933764610566197,0.03450483612082622,0.03941129083646197,0.015066235389433816,1.12,1.12,1.12,1.12
0.009535258244348777,1.0393443830597024,21.07063961015825,0.032578846681264095,0.02058713811183474,0.014933832306929629,0.03450319264372964,0.03941286188816531,0.015066167693070384,1.12,1.12,1.12,1.12
0.009597928849933712,1.0397994731563878,21.073818205386544,0.03258047382800844,0.020585584142575802,0.014933898648224253,0.0345015654969853,0.03941441585742425,0.01506610135177576,1.12,1.12,1.12,1.12
0.00966081612380032,1.0402547338942323,21.076996813341054,0.03258208480581032,0.020584047100092207,0.014933963661695443,0.03449995451918342,0.03941595289990785,0.01506603633830457,1.12,1.12,1.12,1.12
0.009723920159793842,1.0407101652415236,21.080175433358338,0.03258367977440585,0.02058252682999545,0.014934027374009867,0.03449835955058789,0.0394174731700046,0.015065972625990146,1.12,1.12,1.12,1.12
0.00978724105119091,1.0411657671661476,21.08335406477372,0.03258525889188868,0.020581023179168878,0.014934089811282136,0.034496780433105056,0.039418976820831175,0.015065910188717876,1.12,1.12,1.12,1.12
0.009850778890674539,1.0416215396357444,21.086532706922625,0.03258682231476562,0.02057953599576351,0.014934150999121903,0.03449521701022812,0.039420464004236544,0.01506584900087811,1.12,1.12,1.12,1.12
0.009914533769836354,1.0420774826213008,21.08971135917014,0.03258837019875682,0.020578065129047196,0.01493421096359232,0.034493669126236914,0.03942193487095286,0.015065789036407692,1.12,1.12,1.12,1.12
0.009978505778887304,1.0425335960985849,21.092890020923175,0.03258990269925033,0.020576610429476505,0.01493426973156406,0.03449213662574341,0.03942338957052355,0.015065730268435953,1.12,1.12,1.12,1.12
0.010042695009860481,1.0429898800249802,21.096068691440074,0.03259141996627446,0.020575171749666527,0.014934327324571006,0.03449061935871928,0.03942482825033353,0.015065672675429007,1.12,1.12,1.12,1.12
0.010107101552662723,1.043446334361058,21.099247370012257,0.032592922150455006,0.02057374894488065,0.014934383764364678,0.03448911717453873,0.039426251055119405,0.015065616235635335,1.12,1.12,1.12,1.12
0.010171725497661389,1.0439029590724893,21.102426055967232,0.0325944093997354,0.02057234186877227,0.0149344390740562,0.034487629925258334,0.03942765813122778,0.015065560925943813,1.12,1.12,1.12,1.12
0.010236566935454983,1.0443597541242502,21.10560474862545,0.03259588186091322,0.02057095038509285,0.014934493422470302,0.034486157464080514,0.0394290496149072,0.015065506577529711,1.12,1.12,1.12,1.12
0.010301625957280748,1.044816719475072,21.108783447256418,0.03259733967609196,0.02056957434740725,0.014934546680159727,0.03448469964890177,0.039430425652592804,0.015065453319840286,1.12,1.12,1.12,1.12
0.010366902650575983,1.0452738550904266,21.111962151197318,0.03259878299036001,0.020568213613620684,0.014934598868750523,0.03448325633463373,0.03943178638637937,0.01506540113124949,1.12,1.12,1.12,1.12
0.010432397101224523,1.045731160935854,21.115140859792234,0.03260021194861906,0.020566868044292252,0.014934650009294725,0.034481827376374674,0.0394331319557078,0.015065349990705287,1.12,1.12,1.12,1.12
0.010498109397393618,1.0461886369753892,21.11831957236287,0.032601626690549945,0.020565537497397618,0.014934700122665512,0.03448041263444379,0.039434462502602435,0.015065299877334501,1.12,1.12,1.12,1.12
0.010564039630281075,1.046646283156228,21.12149828808872,0.0326030273490307,0.020564221830908502,0.01493474922520914,0.034479011975963036,0.03943577816909155,0.015065250774790873,1.12,1.12,1.12,1.12
0.010630187882369892,1.04710409945031,21.124677006375933,0.032604414067116894,0.020562920909949267,0.01493479733843256,0.03447762525787684,0.039437079090050786,0.015065202661567453,1.12,1.12,1.12,1.12
0.010696554237335754,1.0475620858327785,21.127855726649024,0.03260578698432265,0.02056163459751842,0.014934844484802687,0.03447625234067109,0.039438365402481634,0.015065155515197326,1.12,1.12,1.12,1.12
0.010763138779259718,1.0480202422716287,21.13103444827577,0.03260714623722677,0.02056036275809775,0.014934890684517754,0.03447489308776697,0.0394396372419023,0.015065109315482259,1.12,1.12,1.12,1.12
0.010829941591352378,1.0484785687366265,21.134213170640706,0.03260849196151705,0.020559105257370536,0.014934935957872514,0.034473547363476686,0.03944089474262952,0.015065064042127499,1.12,1.12,1.12,1.12
0.010896962755860162,1.0489370652002012,21.13739189315236,0.03260982429217024,0.02055786196214704,0.014934980325498573,0.034472215032823494,0.039442138037853014,0.01506501967450144,1.12,1.12,1.12,1.12
0.010964202358206122,1.0493957316101061,21.140570615016934,0.03261114335690246,0.02055663274078176,0.014935023801249905,0.034470895968091275,0.03944336725921829,0.015064976198750107,1.12,1.12,1.12,1.12
0.011031660480079353,1.0498545679302387,21.143749335579514,0.03261244928690943,0.020555417463559905,0.014935066402731623,0.03446959003808431,0.03944458253644015,0.01506493359726839,1.12,1.12,1.12,1.12
0.011099337202902904,1.0503135741245886,21.146928054186528,0.03261374221170005,0.020554216001458375,0.014935108147314885,0.03446829711329369,0.03944578399854168,0.015064891852685128,1.12,1.12,1.12,1.12
0.011167232608843359,1.0507727501561004,21.150106770172542,0.03261502225775986,0.020553028224937264,0.014935149052027322,0.034467017067233874,0.03944697177506279,0.015064850947972691,1.12,1.12,1.12,1.12
0.011235346760926435,1.0512320959988124,21.153285483042517,0.03261628957476154,0.020551854029881023,0.014935189132763108,0.0344657497502322,0.03944814597011903,0.015064810867236905,1.12,1.12,1.12,1.12
0.011303679779394305,1.0516916115962747,21.15646419181007,0.03261754423523405,0.020550693236815354,0.014935228408810189,0.034464495089759684,0.0394493067631847,0.015064771591189824,1.12,1.12,1.12,1.12
0.011372231721283833,1.052151296923355,21.15964289601249,0.032618786392674515,0.020549545750731868,0.01493526689460302,0.03446325293231922,0.039450454249268185,0.015064733105396994,1.12,1.12,1.12,1.12
0.011441002665902957,1.052611151942973,21.162821594994845,0.032620016169356225,0.02054841144747055,0.01493530460577179,0.03446202315563751,0.039451588552529504,0.015064695394228222,1.12,1.12,1.12,1.12
0.011509992691966488,1.0530711766185747,21.166000288108386,0.03262123368640707,0.020547290203905222,0.014935341557792192,0.03446080563858667,0.03945270979609483,0.01506465844220782,1.12,1.12,1.12,1.12
0.011579201877588652,1.0535313709135379,21.169178974706025,0.03262243906380674,0.020546181898085047,0.014935377765811955,0.034459600261186996,0.039453818101915006,0.015064622234188058,1.12,1.12,1.12,1.12
0.011648630300289398,1.0539917347912338,21.172357654142793,0.03262363242039573,0.020545086409209323,0.014935413244674206,0.034458406904598005,0.03945491359079073,0.015064586755325807,1.12,1.12,1.12,1.12
0.011718278037002783,1.054452268215046,21.175536325775944,0.032624813873881775,0.020544003617604334,0.014935448008928917,0.03445722545111196,0.03945599638239572,0.015064551991071096,1.12,1.12,1.12,1.12
0.011788145164084352,1.0549129711483831,21.178714988965037,0.03262598354084534,0.02054293340470581,0.014935482072841802,0.0344560557841484,0.03945706659529424,0.01506451792715821,1.12,1.12,1.12,1.12
0.01185823175733556,1.0553738435546767,21.181893643071817,0.032627141536723636,0.02054187565302315,0.014935515450402573,0.0344548977882701,0.0394581243469769,0.01506448454959744,1.12,1.12,1.12,1.12
0.011928537892015935,1.0558348853973811,21.185072287460137,0.03262828797580991,0.02054083024611314,0.014935548155330672,0.034453751349183825,0.039459169753886914,0.015064451844669341,1.12,1.12,1.12,1.12
0.011999063642804942,1.056296096639821,21.188250921495015,0.03262942297130911,0.02053979706866854,0.014935580201026963,0.03445261635368463,0.03946020293133151,0.01506441979897305,1.12,1.12,1.12,1.12
0.012069809083890349,1.0567574772450725,21.19142954454134,0.03263054663523324,0.020538776006416015,0.014935611600561616,0.0344514926897605,0.03946122399358404,0.015064388399438397,1.12,1.12,1.12,1.12
0.012140774288942602,1.0572190271766708,21.194608155969306,0.03263165907848542,0.020537766945986025,0.01493564236687786,0.034450380246508316,0.03946223305401403,0.015064357633122152,1.12,1.12,1.12,1.12
0.012211959331109324,1.0576807463981825,21.197786755151274,0.03263276041086005,0.020536769775015867,0.014935672512669224,0.034449278914133685,0.039463230224984186,0.01506432748733079,1.12,1.12,1.12,1.12
0.012283364283018372,1.0581426348732135,21.20096534146177,0.032633850741053905,0.02053578438214254,0.014935702050384747,0.03444818858393983,0.03946421561785751,0.015064297949615266,1.12,1.12,1.12,1.12
0.012354989216780243,1.0586046925654096,21.20414391427752,0.032634930176677346,0.020534810656990754,0.014935730992233595,0.03444710914831639,0.0394651893430093,0.015064269007766418,1.12,1.12,1.12,1.12
0.012426834203990511,1.0590669194384652,21.207322472977474,0.03263599882426582,0.02053384849017062,0.014935759350189703,0.034446040500727915,0.039466151509829434,0.01506424064981031,1.12,1.12,1.12,1.12
0.01249889931573307,1.0595293154561205,21.2105010169428,0.032637056789290464,0.02053289777326492,0.014935787135996012,0.03444498253570327,0.039467102226735135,0.015064212864004,1.12,1.12,1.12,1.12
0.012571184622582133,1.0599918805821704,21.213679545556953,0.03263810417616969,0.02053195839882599,0.014935814361168684,0.034443935148824045,0.039468041601174064,0.015064185638831329,1.12,1.12,1.12,1.12
0.012643690194604984,1.0604546147804628,21.216858058205638,0.032639141088279644,0.02053103026036568,0.014935841037001074,0.03444289823671409,0.039468969739634374,0.015064158962998939,1.12,1.12,1.12,1.12
0.012716416101364604,1.0609175180149035,21.22003655427685,0.032640167627965455,0.02053011325234988,0.014935867174567935,0.03444187169702828,0.039469886747650174,0.015064132825432078,1.12,1.12,1.12,1.12
0.012789362411922146,1.061380590249461,21.22321503316089,0.03264118389655152,0.020529207270189143,0.014935892784728635,0.03444085542844222,0.03947079272981091,0.015064107215271377,1.12,1.12,1.12,1.12
0.012862529194839479,1.0618438314481642,21.226393494250388,0.03264218999435281,0.020528312210235267,0.014935917878130617,0.034439849330640926,0.03947168778976479,0.015064082121869396,1.12,1.12,1.12,1.12
0.01293591651818189,1.0623072415751107,21.229571936940303,0.03264318602068489,0.02052742796977136,0.01493594246521339,0.03443885330430885,0.03947257203022869,0.015064057534786623,1.12,1.12,1.12,1.12
0.01300952444952035,1.0627708205944675,21.23275036062792,0.0326441720738746,0.02052655444700313,0.014935966556212071,0.034437867251119136,0.03947344555299692,0.015064033443787941,1.12,1.12,1.12,1.12
0.013083353055934221,1.0632345684704745,21.235928764712945,0.032645148251270684,0.020525691541055657,0.014935990161160803,0.03443689107372305,0.039474308458944396,0.01506400983883921,1.12,1.12,1.12,1.12
0.01315740240401393,1.063698485167447,21.239107148597444,0.03264611464925338,0.02052483915196429,0.014936013289896063,0.03443592467574036,0.03947516084803576,0.01506398671010395,1.12,1.12,1.12,1.12
0.013231672559863484,1.064162570649782,21.242285511685896,0.032647071363245295,0.020523997180666942,0.014936035952060042,0.03443496796174844,0.03947600281933311,0.01506396404793997,1.12,1.12,1.12,1.12
0.013306163589103193,1.0646268248819577,21.24546385338521,0.03264801848772103,0.020523165528995718,0.014936058157104332,0.034434020837272705,0.039476834471004335,0.015063941842895681,1.12,1.12,1.12,1.12
0.013380875556872153,1.065091247828541,21.248642173104752,0.03264895611621693,0.020522344099674822,0.014936079914294187,0.034433083208776805,0.03947765590032523,0.015063920085705826,1.12,1.12,1.12,1.12
0.013455808527831126,1.065555839454188,21.25182047025634,0.03264988434134147,0.02052153279630642,0.014936101232708582,0.03443215498365226,0.039478467203693635,0.015063898767291431,1.12,1.12,1.12,1.12
0.013530962566164996,1.066020599723649,21.25499874425431,0.03265080325478403,0.02052073152336717,0.014936122121244733,0.0344312360702097,0.039479268476632884,0.01506387787875528,1.12,1.12,1.12,1.12
0.013606337735585684,1.0664855286017718,21.258176994515473,0.03265171294732522,0.02051994018619996,0.014936142588621193,0.03443032637766852,0.039480059813800095,0.01506385741137882,1.12,1.12,1.12,1.12
0.013681934099334825,1.066950626053505,21.261355220459194,0.03265261350884591,0.020519158691006706,0.014936162643380838,0.03442942581614783,0.03948084130899335,0.015063837356619175,1.12,1.12,1.12,1.12
0.01375775172018643,1.0674158920439007,21.264533421507345,0.03265350502833647,0.020518386944842704,0.014936182293893902,0.034428534296657265,0.03948161305515735,0.015063817706106111,1.12,1.12,1.12,1.12
0.013833790660449497,1.0678813265381175,21.267711597084386,0.03265438759390621,0.020517624855606542,0.014936201548361061,0.03442765173108753,0.03948237514439351,0.015063798451638952,1.12,1.12,1.12,1.12
0.013910050981971178,1.0683469295014258,21.270889746617332,0.032655261292792226,0.020516872332033365,0.014936220414816487,0.03442677803220151,0.03948312766796669,0.015063779585183526,1.12,1.12,1.12,1.12
0.013986532746139348,1.0688127008992072,21.2740678695358,0.032656126211368375,0.02051612928368804,0.014936238901130883,0.03442591311362536,0.039483870716312014,0.01506376109886913,1.12,1.12,1.12,1.12
0.014063236013885039,1.0692786406969608,21.277245965271984,0.0326569824351543,0.02051539562096172,0.014936257015014609,0.034425056889839434,0.039484604379038335,0.015063742984985404,1.12,1.12,1.12,1.12
0.014140160845685834,1.0697447488603011,21.280424033260708,0.03265783004882383,0.020514671255055517,0.014936274764020846,0.034424209276169904,0.03948532874494454,0.015063725235979167,1.12,1.12,1.12,1.12
0.014217307301568206,1.0702110253549655,21.283602072939395,0.03265866913621529,0.020513956097992836,0.014936292155625377,0.034423370188778446,0.03948604390200722,0.015063707844374635,1.12,1.12,1.12,1.12
0.014294675441111028,1.070677470146811,21.286780083748088,0.03265949978034399,0.02051325006262547,0.014936309197488423,0.034422539544649744,0.03948674993737458,0.01506369080251159,1.12,1.12,1.12,1.12
0.014372265323450728,1.071144083201801,21.28995806512933,0.03266032206340014,0.02051255306259997,0.014936325896726749,0.0344217172615936,0.039487446937400084,0.015063674103273264,1.12,1.12,1.12,1.12
0.014450077007281426,1.0716108644860272,21.29313601652827,0.03266113606676102,0.020511865012344505,0.014936342260271379,0.034420903258232716,0.03948813498765555,0.015063657739728634,1.12,1.12,1.12,1.12
0.01452811055085781,1.0720778139657094,21.29631393739272,0.032661941870999855,0.02051118582706246,0.014936358294906193,0.03442009745399388,0.03948881417293759,0.01506364170509382,1.12,1.12,1.12,1.12
0.014606366011997452,1.072544931607199,21.299491827173185,0.032662739555894105,0.02051051542272886,0.014936374007269743,0.03441929976909963,0.039489484577271194,0.01506362599273027,1.12,1.12,1.12,1.12
0.014684843448084007,1.073012217376983,21.30266968532279,0.03266352920043564,0.0205098537161022,0.014936389404172884,0.0344185101245581,0.03949014628389785,0.015063610595827129,1.12,1.12,1.12,1.12
0.014763542916071693,1.073479671241668,21.30584751129726,0.032664310882840775,0.020509200624758195,0.014936404493011451,0.03441772844215296,0.03949079937524186,0.015063595506988561,1.12,1.12,1.12,1.12
0.014842464472493024,1.0739472931679566,21.309025304554613,0.032665084680553125,0.020508556067101336,0.014936419281332367,0.03441695464444061,0.03949144393289872,0.015063580718667646,1.12,1.12,1.12,1.12
0.014921608173464218,1.074415083122631,21.312203064555078,0.032665850670245244,0.020507919962362287,0.014936433777012245,0.03441618865474849,0.03949208003763777,0.015063566222987768,1.12,1.12,1.12,1.12
0.01500097407469121,1.0748830410725383,21.315380790760923,0.03266660892783452,0.020507292230697416,0.014936447989504748,0.03441543039715922,0.03949270776930264,0.015063552010495265,1.12,1.12,1.12,1.12
0.015080562231484596,1.0753511669845157,21.318558482635865,0.03266735952849892,0.020506672793365766,0.014936461931404257,0.03441467979649482,0.03949332720663429,0.015063538068595755,1.12,1.12,1.12,1.12
0.015160372698785098,1.075819460825254,21.32173613964386,0.03266810254668556,0.02050606157300211,0.014936475620133227,0.034413936778308174,0.03949393842699794,0.015063524379866786,1.12,1.12,1.12,1.12
0.01524040553120174,1.076287922561084,21.324913761247373,0.03266883805611981,0.020505458493997597,0.014936489080118256,0.03441320126887393,0.039494541506002456,0.015063510919881756,1.12,1.12,1.12,1.12
0.015320660783066355,1.0767565521576734,21.32809134690481,0.0326695661285768,0.020504863472033064,0.01493650216520688,0.03441247319641694,0.03949513652796699,0.015063497834793133,1.12,1.12,1.12,1.12
0.015401138507315882,1.0772253495872892,21.331268896130652,0.03267028683744844,0.02050427643063152,0.01493651498824751,0.0344117524875453,0.039495723569368535,0.015063485011752503,1.12,1.12,1.12,1.12
0.015481838757141198,1.077694314817802,21.334446408404638,0.03267100025427744,0.020503697294029177,0.014936527554980192,0.0344110390707163,0.039496302705970876,0.015063472445019821,1.12,1.12,1.12,1.12
0.015562761585333852,1.0781634478172073,21.33762388320897,0.03267170644990147,0.020503125987179627,0.014936539871100968,0.034410332875092264,0.03949687401282043,0.015063460128899045,1.12,1.12,1.12,1.12
0.01564390704428953,1.0786327485536291,21.340801320028362,0.03267240549445938,0.020502562435747412,0.014936551942225595,0.03440963383053436,0.03949743756425264,0.015063448057774417,1.12,1.12,1.12,1.12
0.015725275186011033,1.0791022169953137,21.343978718349963,0.03267309745739788,0.020502006566096187,0.014936563773850137,0.034408941867595855,0.039497993433903866,0.015063436226149876,1.12,1.12,1.12,1.12
0.015806866062110857,1.079571853110634,21.347156077663413,0.032673782407477536,0.02050145830527944,0.014936575371317623,0.0344082569175162,0.03949854169472061,0.01506342462868239,1.12,1.12,1.12,1.12
0.015888679723756606,1.0800416568693918,21.350333397470887,0.03267446041294714,0.02050091758085243,0.01493658674015233,0.0344075789120466,0.039499082419147624,0.015063413259847683,1.12,1.12,1.12,1.12
0.015970716221777703,1.0805116282404457,21.353510677268734,0.03267513154124374,0.020500384321181175,0.01493659788539986,0.034406907783749996,0.03949961567881888,0.015063402114600152,1.12,1.12,1.12,1.12
0.016052975606632547,1.0809817671925106,21.356687916553618,0.03267579585909913,0.020499858455317377,0.014936608811853713,0.034406243465894604,0.039500141544682676,0.0150633911881463,1.12,1.12,1.12,1.12
0.016135457928399256,1.0814520736944366,21.359865114824736,0.03267645343257897,0.020499339912945114,0.014936619524146239,0.03440558589241477,0.03950066008705494,0.015063380475853774,1.12,1.12,1.12,1.12
0.016218163236776873,1.081922547715216,21.36304227158379,0.03267710432708787,0.02049882862437369,0.014936630026767803,0.03440493499790587,0.039501171375626365,0.01506336997323221,1.12,1.12,1.12,1.12
0.016301091581088122,1.0823931892239818,21.36621938633507,0.032677748607372326,0.02049832452051642,0.01493664032401082,0.03440429071762141,0.03950167547948363,0.015063359675989194,1.12,1.12,1.12,1.12
0.0163842430102811,1.0828639981900163,21.369396458585413,0.03267838633728426,0.020497827529938645,0.01493665036741973,0.03440365298770948,0.03950217247006141,0.015063349632580283,1.12,1.12,1.12,1.12
0.016467617572586236,1.0833349745850478,21.372573487863225,0.03267901758087716,0.0204973375848716,0.014936660209044522,0.03440302174411658,0.03950266241512845,0.01506333979095549,1.12,1.12,1.12,1.12
0.016551215316156397,1.0838061183788923,21.375750473682544,0.03267964240106286,0.02049685461816128,0.014936669852914836,0.03440239692393088,0.03950314538183877,0.015063330147085177,1.12,1.12,1.12,1.12
0.01663503628911225,1.084277429538094,21.378927415532537,0.03268026085945447,0.020496378563466505,0.014936679302082562,0.03440177846553927,0.03950362143653355,0.015063320697917451,1.12,1.12,1.12,1.12
0.01671908054190583,1.0847489080206256,21.38210431282643,0.03268087301304984,0.020495909353024033,0.014936688557614014,0.0344011663119439,0.03950409064697602,0.015063311442385999,1.12,1.12,1.12,1.12
0.0168033481189227,1.085220553815735,21.38528116524197,0.03268147892770429,0.020495446921555194,0.014936697628139733,0.03440056039728945,0.03950455307844486,0.01506330237186028,1.12,1.12,1.12,1.12
0.016887839066261148,1.0856923668930358,21.388457972300124,0.032682078664574454,0.020494991205328106,0.01493670651701609,0.03439996066041928,0.03950500879467195,0.015063293482983922,1.12,1.12,1.12,1.12
0.016972553430082506,1.0861643472221456,21.391634733521382,0.03268267228369387,0.020494542140656158,0.014936715227570174,0.034399367041299866,0.039505457859343895,0.015063284772429839,1.12,1.12,1.12,1.12
0.01705749125631617,1.086636494773159,21.394811448430637,0.03268325984438336,0.020494099664219168,0.014936723763174745,0.034398779480610375,0.039505900335780886,0.015063276236825268,1.12,1.12,1.12,1.12
0.017142652590579035,1.0871088095165635,21.39798811655697,0.032683841405352854,0.020493663713183896,0.014936732127207794,0.03439819791964088,0.03950633628681616,0.015063267872792219,1.12,1.12,1.12,1.12
0.017228037477299375,1.087581291427622,21.401164737470864,0.03268441702613939,0.020493234225579304,0.014936740324108022,0.03439762229885435,0.03950676577442075,0.01506325967589199,1.12,1.12,1.12,1.12
0.0173136459627937,1.0880539404715892,21.404341310658076,0.03268498676215059,0.02049281113887358,0.014936748355829227,0.034397052562843144,0.039507188861126474,0.015063251644170786,1.12,1.12,1.12,1.12
0.017399478067230058,1.0885267565393422,21.407517835163294,0.03268555069358109,0.020492394440093098,0.014936756198311085,0.03439648863141265,0.039507605559906955,0.015063243801688928,1.12,1.12,1.12,1.12
0.017485533872779024,1.0889997397139457,21.41069431119602,0.032686108839714845,0.02049198399617297,0.014936763893753507,0.03439593048527889,0.039508016003827084,0.015063236106246505,1.12,1.12,1.12,1.12
0.017571813414096218,1.0894728899745527,21.4138707384006,0.03268666126843711,0.020491579758339318,0.014936771445475783,0.034395378056556625,0.039508420241660736,0.01506322855452423,1.12,1.12,1.12,1.12
0.017658316732076962,1.0899462072706667,21.417047116167915,0.03268720803655856,0.020491181674924863,0.014936778849693466,0.03439483128843518,0.03950881832507519,0.015063221150306547,1.12,1.12,1.12,1.12
0.017745043869437805,1.0904196915580673,21.420223443927632,0.03268774919819395,0.020490789690711886,0.014936786104767286,0.03439429012679979,0.03950921030928817,0.015063213895232727,1.12,1.12,1.12,1.12
0.017831994868676794,1.0908933428090204,21.4233997212349,0.0326882848081379,0.02049040374785105,0.014936793213629729,0.034393754516855835,0.039509596252149004,0.015063206786370284,1.12,1.12,1.12,1.12
0.017919169771845267,1.0913671609967153,21.42657594765369,0.03268881492086173,0.020490023789061007,0.014936800179344858,0.034393224404132006,0.039509976210939046,0.015063199820655154,1.12,1.12,1.12,1.12
0.018006568621161814,1.0918411460936637,21.42975212274185,0.03268933958964032,0.020489649757084144,0.014936807004777841,0.034392699735353416,0.03951035024291591,0.015063192995222172,1.12,1.12,1.12,1.12
0.018094191458536326,1.0923152980725306,21.43292824605959,0.03268985886721071,0.02048928159518068,0.014936813692692619,0.03439218045778303,0.03951071840481937,0.015063186307307394,1.12,1.12,1.12,1.12
0.018182038325566776,1.0927896169061355,21.436104317169566,0.032690372805784185,0.020488919247129478,0.014936820245797663,0.03439166651920955,0.039511080752870575,0.01506317975420235,1.12,1.12,1.12,1.12
0.018270109263532675,1.0932641025674628,21.439280335636894,0.03269088145706295,0.020488562657240722,0.01493682666678496,0.03439115786793079,0.03951143734275933,0.015063173333215052,1.12,1.12,1.12,1.12
0.018358404313399437,1.0937387550296462,21.442456301029118,0.03269138487224177,0.0204882117703441,0.014936832958293622,0.03439065445275197,0.03951178822965595,0.01506316704170639,1.12,1.12,1.12,1.12
0.018446923515837987,1.094213574265951,21.445632212915893,0.03269188310199084,0.020487866531768484,0.014936839122908926,0.0343901562230029,0.03951213346823157,0.015063160877091086,1.12,1.12,1.12,1.12
0.01853566688629318,1.0946885601123642,21.448808069946907,0.03269237621458426,0.020487526945584977,0.014936845120106984,0.034389663110409474,0.039512473054415076,0.015063154879893029,1.12,1.12,1.12,1.12
0.01862463451468357,1.095163712818371,21.451983873549285,0.032692864223490437,0.020487192841412094,0.014936851039167587,0.0343891751015033,0.03951280715858796,0.015063148960832426,1.12,1.12,1.12,1.12
0.018713826415726633,1.0956390322187792,21.455159622366683,0.032693347196084466,0.02048686422535373,0.014936856838583548,0.03438869212890927,0.039513135774646324,0.015063143161416465,1.12,1.12,1.12,1.12
0.018803242628811303,1.096114518287407,21.45833531597813,0.0326938251811717,0.020486541046485618,0.014936862555761557,0.03438821414382204,0.039513458953514435,0.015063137444238456,1.12,1.12,1.12,1.12
0.018892883193267363,1.096590170996984,21.461510953954473,0.03269429822669773,0.02048622325234406,0.0149368681545973,0.03438774109829601,0.03951377674765599,0.015063131845402714,1.12,1.12,1.12,1.12
0.018982748147898888,1.0970659903220612,21.46468653588261,0.032694766380414686,0.02048591078972889,0.01493687361639165,0.03438727294457905,0.039514089210271164,0.015063126383608363,1.12,1.12,1.12,1.12
0.019072837531087485,1.0975419762382146,21.467862061358954,0.03269522968984745,0.02048560360763496,0.014936878976712559,0.03438680963514629,0.03951439639236509,0.015063121023287454,1.12,1.12,1.12,1.12
0.01916315138111631,1.0980181287196904,21.471037529970133,0.03269568820192714,0.0204853016548614,0.014936884212216006,0.034386351123066594,0.039514698345138655,0.015063115787784007,1.12,1.12,1.12,1.12
0.019253689735825044,1.0984944477420076,21.47421294131427,0.032696141963256764,0.020485004881214353,0.014936889342304777,0.03438589736173697,0.0395149951187857,0.015063110657695236,1.12,1.12,1.12,1.12
0.01934445263287059,1.0989709332800257,21.47738829498517,0.03269659101978656,0.02048471323697426,0.014936894369076678,0.03438544830520718,0.03951528676302579,0.015063105630923335,1.12,1.12,1.12,1.12
0.01943544010963079,1.0994475853087058,21.480563590578537,0.032697035417004805,0.020484426672890632,0.01493689929457663,0.03438500390798893,0.03951557332710942,0.015063100705423382,1.12,1.12,1.12,1.12
0.01952665220320804,1.0999244038031115,21.483738827691923,0.03269747519994387,0.020484145140174548,0.014936904120711553,0.034384564125049866,0.039515854859825505,0.01506309587928846,1.12,1.12,1.12,1.12
0.019618088950415214,1.1004013887384625,21.486914005925268,0.03269791041301434,0.020483868591077148,0.014936908871015883,0.034384128911979395,0.039516131408922905,0.01506309112898413,1.12,1.12,1.12,1.12
0.019709750387918803,1.1008785400891212,21.490089124872505,0.03269834110025205,0.020483596977468987,0.014936913516111011,0.03438369822474169,0.039516403022531066,0.015063086483889002,1.12,1.12,1.12,1.12
0.019801636539553025,1.1013558577712406,21.493264183747836,0.03269876731479604,0.020483330278501966,0.014936918042737696,0.034383272010197696,0.03951666972149809,0.015063081957262317,1.12,1.12,1.12,1.12
0.01989374745007604,1.101833341850722,21.496439182798497,0.03269918909780617,0.020483068419790862,0.014936922482337009,0.03438285022718757,0.03951693158020919,0.015063077517663004,1.12,1.12,1.12,1.12
0.019986083159192525,1.1023109923048422,21.49961412162562,0.03269960648754794,0.020482811349239377,0.01493692683969279,0.0343824328374458,0.039517188650760676,0.015063073160307222,1.12,1.12,1.12,1.12
0.020078643697846267,1.102788809064421,21.50278899952037,0.03270001952764484,0.020482559034504494,0.01493693110419049,0.034382019797348895,0.03951744096549556,0.015063068895809523,1.12,1.12,1.12,1.12
0.020171429125246654,1.1032667921310122,21.505963816175406,0.0327004282337785,0.020482311393753866,0.01493693529169611,0.034381611091215236,0.03951768860624619,0.015063064708303903,1.12,1.12,1.12,1.12
0.020264439456307938,1.1037449414684812,21.509138571206346,0.03270083267039703,0.020482068410646703,0.014936939396469534,0.03438120665459671,0.03951793158935335,0.015063060603530479,1.12,1.12,1.12,1.12
0.020357674725672893,1.1042232570531034,21.51231326422988,0.03270123287869736,0.020481830040265492,0.01493694341624259,0.034380806446296375,0.03951816995973456,0.015063056583757423,1.12,1.12,1.12,1.12
0.020451134967699548,1.1047017388614777,21.51548789486626,0.03270162889946365,0.020481596238321353,0.014936947359346336,0.034380410425530084,0.0395184037616787,0.015063052640653676,1.12,1.12,1.12,1.12
0.020544820216523443,1.1051803868699617,21.518662462734817,0.032702020773128226,0.02048136696073588,0.014936951216677569,0.03438001855186551,0.03951863303926417,0.015063048783322444,1.12,1.12,1.12,1.12
0.020638730505955973,1.1056592010555837,21.52183696746131,0.032702408539840244,0.02048114216441871,0.01493695500268638,0.03437963078515349,0.039518857835581345,0.015063044997313632,1.12,1.12,1.12,1.12
0.02073286586962695,1.1061381813949454,21.525011408668966,0.03270279223925637,0.02048092180698491,0.01493695872436046,0.03437924708573736,0.039519078193015145,0.015063041275639552,1.12,1.12,1.12,1.12
0.020827226340946494,1.1066173278645526,21.528185785981158,0.03270317191060712,0.020480705846585512,0.014936962386458474,0.034378867414386616,0.03951929415341454,0.015063037613541538,1.12,1.12,1.12,1.12
0.02092181195309606,1.107096640440906,21.531360099022105,0.032703547592658755,0.020480494241308544,0.014936965983969916,0.03437849173233498,0.03951950575869151,0.015063034016030097,1.12,1.12,1.12,1.12
0.021016622738975643,1.1075761191009317,21.534534347420465,0.03270391932380001,0.020480286948910353,0.014936969506190848,0.034378120001193724,0.0395197130510897,0.015063030493809165,1.12,1.12,1.12,1.12
0.021111658731169936,1.1080557638222384,21.53770853081133,0.03270428714217738,0.020480083927606585,0.014936972955106265,0.03437775218281636,0.03951991607239347,0.015063027044893748,1.12,1.12,1.12,1.12
0.021206919962014004,1.1085355745825256,21.540882648831527,0.03270465108556536,0.020479885136068465,0.014936976332518517,0.034377388239428375,0.03952011486393159,0.015063023667481495,1.12,1.12,1.12,1.12
0.021302406463598534,1.1090155513596132,21.544056701119747,0.03270501119136909,0.02047969053340154,0.014936979640101461,0.03437702813362464,0.03952030946659851,0.015063020359898552,1.12,1.12,1.12,1.12
0.021398118267771427,1.1094956941314416,21.547230687316656,0.032705367496628834,0.020479500079134405,0.014936982879432625,0.0343766718283649,0.03952049992086565,0.015063017120567387,1.12,1.12,1.12,1.12
0.021494055406139845,1.1099760028760794,21.55040460706479,0.03270572003802397,0.020479313733209187,0.014936986052014739,0.03437631928696977,0.039520686266790866,0.015063013947985274,1.12,1.12,1.12,1.12
0.02159021791007212,1.1104564775717192,21.55357846000865,0.03270606885186261,0.020479131455831634,0.014936989156842578,0.03437597047313112,0.03952086854416842,0.015063010843157434,1.12,1.12,1.12,1.12
0.02168660581068571,1.1109371181967869,21.55675224579553,0.03270641397412294,0.020478953207598127,0.014936992194969592,0.0343756253508708,0.039521046792401926,0.01506300780503042,1.12,1.12,1.12,1.12
0.02178321913886241,1.111417924729867,21.55992596407487,0.03270675544043877,0.020478778949537146,0.014936995168324418,0.034375283884554964,0.03952122105046291,0.015063004831675594,1.12,1.12,1.12,1.12
0.02188005792525445,1.111898897149654,21.56309961449789,0.03270709328609395,0.02047860864309914,0.014936998078731,0.03437494603889979,0.039521391356900915,0.015063001921269012,1.12,1.12,1.12,1.12
0.021977122200282695,1.1123800354349227,21.56627319671737,0.03270742754602757,0.02047844225015541,0.014937000927891297,0.03437461177896617,0.039521557749844644,0.015062999072108715,1.12,1.12,1.12,1.12
0.022074411994141042,1.1128613395645555,21.569446710387805,0.03270775825483646,0.020478279732973892,0.014937003717385752,0.034374281070157275,0.03952172026702616,0.01506299628261426,1.12,1.12,1.12,1.12
0.022171927336798538,1.1133428095175433,21.572620155165477,0.03270808544677917,0.020478121054209486,0.014937006448610027,0.03437395387821457,0.03952187894579057,0.015062993551389986,1.12,1.12,1.12,1.12
0.022269668258000187,1.1138244452729935,21.575793530708435,0.03270840915578038,0.020477966176897955,0.014937009123015182,0.034373630169213354,0.0395220338231021,0.01506299087698483,1.12,1.12,1.12,1.12
0.0223676347872698,1.114306246810126,21.57896683667649,0.03270872941543429,0.020477815064448374,0.014937011741979492,0.034373309909559446,0.03952218493555168,0.015062988258020521,1.12,1.12,1.12,1.12
0.022465826953911708,1.1147882141082712,21.582140072731207,0.03270904625900711,0.020477667680639078,0.014937014306816765,0.03437299306598662,0.039522332319360975,0.015062985693183248,1.12,1.12,1.12,1.12
0.02256424478701229,1.1152703471468748,21.585313238535885,0.03270935971944111,0.020477523989608226,0.01493701681878401,0.034372679605552625,0.03952247601039183,0.015062983181216003,1.12,1.12,1.12,1.12
0.022662888315441967,1.115752645905496,21.588486333755597,0.032709669829357746,0.02047738395584811,0.01493701927908811,0.03437236949563599,0.03952261604415194,0.015062980720911903,1.12,1.12,1.12,1.12
0.02276175756785692,1.1162351103638082,21.591659358057164,0.03270997662106084,0.02047724754419955,0.014937021688891536,0.03437206270393289,0.0395227524558005,0.015062978311108477,1.12,1.12,1.12,1.12
0.022860852572700943,1.1167177405015996,21.594832311109123,0.032710280126539926,0.020477114719848838,0.014937024049324607,0.03437175919845381,0.039522885280151215,0.015062975950675406,1.12,1.12,1.12,1.12
0.022960173358206992,1.1172005362987736,21.598005192581766,0.0327105803774736,0.02047698544832044,0.014937026361473066,0.03437145894752014,0.039523014551679614,0.015062973638526947,1.12,1.12,1.12,1.12
0.023059719952399107,1.1176834977353454,21.6011780021471,0.03271087740523193,0.0204768596954763,0.014937028626385795,0.034371161919761806,0.03952314030452375,0.015062971373614217,1.12,1.12,1.12,1.12
0.023159492383094005,1.1181666247914472,21.60435073947884,0.03271117124088052,0.02047673742750622,0.014937030845083132,0.034370868084113215,0.039523262572493834,0.01506296915491688,1.12,1.12,1.12,1.12
0.02325949067790303,1.1186499174473246,21.60752340425244,0.03271146191518287,0.020476618610930475,0.014937033018558171,0.034370577409810865,0.03952338138906958,0.015062966981441842,1.12,1.12,1.12,1.12
0.023359714864233494,1.1191333756833348,21.610695996145022,0.0327117494586035,0.020476503212589425,0.014937035147778277,0.034370289866390236,0.03952349678741063,0.015062964852221736,1.12,1.12,1.12,1.12
0.023460164969290754,1.119616999479949,21.613868514835406,0.03271203390131111,0.020476391199646504,0.014937037233686168,0.034370005423682626,0.03952360880035355,0.015062962766313845,1.12,1.12,1.12,1.12
0.02356084102007974,1.1201007888177514,21.6170409600041,0.03271231527318136,0.020476282539581725,0.014937039277200984,0.03436972405181238,0.03952371746041833,0.01506296072279903,1.12,1.12,1.12,1.12
0.023661743043406604,1.1205847436774368,21.62021333133326,0.03271259360379991,0.020476177200187823,0.014937041279219257,0.034369445721193825,0.03952382279981223,0.015062958720780756,1.12,1.12,1.12,1.12
0.023762871065880597,1.1210688640398108,21.62338562850672,0.03271286892246478,0.020476075149569783,0.014937043240615705,0.03436917040252896,0.03952392485043027,0.015062956759384308,1.12,1.12,1.12,1.12
0.02386422511391553,1.121553149885791,21.62655785120993,0.03271314125818997,0.020475976356138348,0.014937045162244186,0.034368898066803766,0.039524023643861705,0.015062954837755826,1.12,1.12,1.12,1.12
0.023965805213731352,1.1220376011964028,21.62972999912999,0.032713410639707674,0.02047588078860879,0.014937047044938229,0.03436862868528606,0.03952411921139126,0.015062952955061784,1.12,1.12,1.12,1.12
0.02406761139135627,1.1225222179527827,21.63290207195562,0.03271367709547118,0.020475788415997787,0.01493704888951189,0.03436836222952255,0.03952421158400227,0.015062951110488124,1.12,1.12,1.12,1.12
0.024169643672627573,1.123007000136175,21.63607406937714,0.03271394065365768,0.020475699207622794,0.014937050696760226,0.034368098671336056,0.03952430079237726,0.015062949303239787,1.12,1.12,1.12,1.12
0.024271902083194165,1.1234919477279313,21.63924599108649,0.03271420134217112,0.02047561313309265,0.014937052467460105,0.03436783798282261,0.0395243868669074,0.015062947532539908,1.12,1.12,1.12,1.12
0.02437438664851741,1.123977060709511,21.642417836777177,0.03271445918886423,0.020475530165174116,0.014937054255233909,0.034367580136129505,0.03952446983482594,0.015062945744766104,1.12,1.12,1.12,1.12
0.024477097394164017,1.124462339060157,21.645589606125405,0.03271471422048505,0.02047545027325917,0.01493705599836101,0.034367325104508684,0.03952454972674088,0.015062944001639003,1.12,1.12,1.12,1.12
0.024580034345194558,1.1249477827619445,21.648761298831015,0.03271496646419464,0.020475373427185112,0.01493705769900773,0.0343670728607991,0.03952462657281494,0.015062942300992282,1.12,1.12,1.12,1.12
0.024683197526488822,1.1254333917969954,21.651932914594962,0.03271521594688309,0.02047529959719907,0.01493705935910064,0.034366823378110645,0.03952470040280098,0.015062940640899372,1.12,1.12,1.12,1.12
0.024786586962747582,1.1259191661474868,21.655104453119364,0.032715462695173614,0.02047522875393687,0.01493706098036994,0.03436657662982012,0.039524771246063184,0.015062939019630073,1.12,1.12,1.12,1.12
0.024890202678494025,1.1264051057956568,21.658275914107538,0.032715706735426286,0.02047516086840734,0.014937062564488596,0.03436633258956745,0.039524839131592715,0.015062937435511417,1.12,1.12,1.12,1.12
0.02499404469807578,1.1268912107238047,21.661447297263994,0.032715948093740344,0.020475095911971164,0.014937064112964665,0.03436609123125339,0.03952490408802889,0.015062935887035347,1.12,1.12,1.12,1.12
0.02509811304566636,1.1273774809142976,21.66461860229448,0.03271618679595728,0.020475033856326152,0.014937065627161697,0.034365852529036456,0.0395249661436739,0.015062934372838316,1.12,1.12,1.12,1.12
0.02520240774526661,1.1278639163495727,21.667789828906,0.03271642286766396,0.02047497467349252,0.014937067108316923,0.03436561645732977,0.039525025326507535,0.01506293289168309,1.12,1.12,1.12,1.12
0.02530692882070609,1.1283505170121448,21.670960976806832,0.03271665633419574,0.020474918335799258,0.014937068557557373,0.034365382990798,0.039525081664200795,0.01506293144244264,1.12,1.12,1.12,1.12
0.025411676295644225,1.1288372828846047,21.67413204570658,0.032716887220639534,0.020474864815874072,0.014937069975913222,0.0343651521043542,0.03952513518412598,0.01506293002408679,1.12,1.12,1.12,1.12
0.025516650193571834,1.1293242139496262,21.677303035316154,0.03271711555183615,0.020474814086633153,0.014937071364330881,0.034364923773157585,0.0395251859133669,0.015062928635669132,1.12,1.12,1.12,1.12
0.02562185053781243,1.129811310189966,21.680473945347792,0.03271734135238391,0.020474766121275217,0.014937072723683914,0.034364697972609826,0.039525233878724836,0.015062927276316099,1.12,1.12,1.12,1.12
0.02572727735152345,1.130298571588466,21.683644775515063,0.03271756464664066,0.020474720893271348,0.014937074054782631,0.034364474678353074,0.039525279106728706,0.015062925945217381,1.12,1.12,1.12,1.12
0.025832930657697564,1.1307859981280535,21.686815525532882,0.032717785458726556,0.02047467837636041,0.014937075358382318,0.03436425386626718,0.03952532162363964,0.015062924641617695,1.12,1.12,1.12,1.12
0.025938810479164243,1.1312735897917447,21.689986195117534,0.03271800381252693,0.020474638544544704,0.014937076635190588,0.034364035512466806,0.03952536145545535,0.015062923364809425,1.12,1.12,1.12,1.12
0.02604491683859074,1.131761346562644,21.69315678398661,0.03271821973169453,0.02047460137208329,0.01493707788587366,0.034363819593299205,0.039525398627916764,0.015062922114126354,1.12,1.12,1.12,1.12
0.026151249758483132,1.1322492684239462,21.696327291859102,0.0327184332396529,0.020474566833488222,0.014937079111062498,0.034363606085340836,0.03952543316651183,0.015062920888937514,1.12,1.12,1.12,1.12
0.02625780926118413,1.1327373553589648,21.69949771845555,0.032718644359605864,0.020474534903523217,0.014937080311363246,0.03436339496538787,0.039525465096476836,0.015062919688636767,1.12,1.12,1.12,1.12
0.026364595368882606,1.1332256073510711,21.702668063497594,0.032718853114523216,0.020474505557197042,0.014937081487347362,0.03436318621047052,0.03952549444280301,0.015062918512652651,1.12,1.12,1.12,1.12
0.02647160810361067,1.1337140243837263,21.705838326708207,0.032719059527152095,0.020474478769758997,0.014937082639562255,0.03436297979784164,0.039525521230241056,0.015062917360437758,1.12,1.12,1.12,1.12
0.02657884748724486,1.13420260644048,21.70900850781169,0.032719263620018646,0.020474454516701796,0.014937083768534073,0.03436277570497509,0.03952554548329826,0.01506291623146594,1.12,1.12,1.12,1.12
0.02668631354150768,1.134691353504971,21.712178606533666,0.03271946541543064,0.020474432773752327,0.014937084874770107,0.0343625739095631,0.039525567226247726,0.015062915125229906,1.12,1.12,1.12,1.12
0.026794006287968575,1.1351802655609273,21.71534862260105,0.03271966493547962,0.020474413516873846,0.014937085958760823,0.034362374389514116,0.03952558648312621,0.01506291404123919,1.12,1.12,1.12,1.12
0.026901925748045577,1.135669342592164,21.71851855574209,0.032719862202042926,0.020474396722261368,0.01493708702098144,0.03436217712295081,0.039525603277738686,0.015062912979018572,1.12,1.12,1.12,1.12
0.027010071943006156,1.1361585845825841,21.7216884056863,0.032720057236786004,0.020474382366340582,0.014937088061893339,0.03436198208820773,0.03952561763365947,0.015062911938106674,1.12,1.12,1.12,1.12
0.027118444893969196,1.1366479915161787,21.724858172164502,0.0327202500611643,0.020474370425763222,0.014937089081945298,0.034361789263829434,0.03952562957423683,0.015062910918054714,1.12,1.12,1.12,1.12
0.027227044621905484,1.137137563377023,21.728027854908788,0.03272044069642549,0.02047436087740856,0.014937090081574275,0.034361598628568246,0.039525639122591494,0.015062909918425738,1.12,1.12,1.12,1.12
0.027335871147639513,1.1376273001492816,21.73119745365252,0.03272062916361157,0.020474353698377967,0.014937091061206331,0.034361410161382167,0.039525646301622086,0.015062908938793682,1.12,1.12,1.12,1.12
0.02744492449176135,1.1381172018170875,21.73436696812987,0.03272081548364947,0.020474348866123315,0.014937092021211629,0.03436122384134427,0.03952565113387674,0.015062907978788384,1.12,1.12,1.12,1.12
0.027554204674770412,1.1386072683647208,21.737536398076482,0.03272099967721004,0.0204743463582385,0.014937092961976497,0.0343610396477837,0.039525653641761554,0.015062907038023515,1.12,1.12,1.12,1.12
0.02766371171706288,1.139097499776595,21.740705743229416,0.03272118176472544,0.020474346152480172,0.014937093883898106,0.0343608575602683,0.03952565384751988,0.015062906116101907,1.12,1.12,1.12,1.12
0.027773445638893435,1.1395878960372066,21.74387500332695,0.03272136176642981,0.02047434822681804,0.01493709478736488,0.034360677558563923,0.03952565177318201,0.015062905212635133,1.12,1.12,1.12,1.12
0.027883406460376528,1.1400784571311355,21.74704417810859,0.032721539702361746,0.020474352559437803,0.014937095672756834,0.03436049962263199,0.03952564744056225,0.015062904327243179,1.12,1.12,1.12,1.12
0.027993594201487684,1.1405691830430427,21.750213267315058,0.03272171559236586,0.020474359128733355,0.014937096540445824,0.03436032373262787,0.0395256408712667,0.015062903459554189,1.12,1.12,1.12,1.12
0.028104008882064505,1.1410600737576715,21.75338227068826,0.03272188945609483,0.020474367913310976,0.014937097390795864,0.034360149868898904,0.03952563208668908,0.015062902609204148,1.12,1.12,1.12,1.12
0.02821465052180825,1.141551129259846,21.75655118797129,0.03272206131301142,0.020474378891982614,0.014937098224163337,0.03435997801198232,0.03952562110801744,0.015062901775836676,1.12,1.12,1.12,1.12
0.028325519140284607,1.1420423495344698,21.75972001890844,0.032722231182389705,0.02047439204376722,0.01493709904089717,0.03435980814260403,0.03952560795623283,0.015062900959102843,1.12,1.12,1.12,1.12
0.028436614756925185,1.1425337345665274,21.76288876324515,0.032722399083317866,0.020474407347886386,0.01493709984133916,0.03435964024167587,0.03952559265211367,0.015062900158660852,1.12,1.12,1.12,1.12
0.0285479373910285,1.14302528434108,21.766057420728032,0.03272256503469917,0.0204744247837656,0.01493710062582404,0.03435947429029457,0.039525575216234454,0.015062899374175973,1.12,1.12,1.12,1.12
0.028659487061761448,1.1435169988432683,21.769225991104843,0.03272272905525453,0.020474444331027908,0.014937101394679714,0.03435931026973921,0.039525555668972145,0.015062898605320299,1.12,1.12,1.12,1.12
0.028771263788160084,1.1440088780583106,21.772394474124482,0.032722891163523504,0.020474465969495897,0.014937102148227382,0.03435914816147023,0.039525534030504156,0.01506289785177263,1.12,1.12,1.12,1.12
0.028883267589131026,1.1445009219715008,21.775562869536966,0.03272305137786641,0.020474489679188523,0.014937102886781684,0.03435898794712733,0.03952551032081153,0.01506289711321833,1.12,1.12,1.12,1.12
0.028995498483452665,1.1449931305682093,21.77873117709346,0.03272320971646636,0.02047451544032053,0.01493710361065094,0.034358829608527375,0.039525484559679525,0.015062896389349073,1.12,1.12,1.12,1.12
0.029107956489776002,1.145485503833883,21.7818993965462,0.03272336619733068,0.020474543233295894,0.014937104320137118,0.03435867312766305,0.03952545676670416,0.015062895679862895,1.12,1.12,1.12,1.12
0.029220641626626034,1.1459780417540413,21.785067527648565,0.032723520838292386,0.020474573038712973,0.014937105015536176,0.03435851848670135,0.03952542696128708,0.015062894984463837,1.12,1.12,1.12,1.12
0.029333553912402933,1.1464707443142805,21.788235570154995,0.03272367365701229,0.02047460483735769,0.014937105697137978,0.03435836566798145,0.03952539516264236,0.015062894302862034,1.12,1.12,1.12,1.12
0.029446693365382838,1.1469636115002673,21.79140352382102,0.032723824670980894,0.02047463861020382,0.014937106365226605,0.03435821465401284,0.03952536138979623,0.015062893634773408,1.12,1.12,1.12,1.12
0.029560060003719225,1.1474566432977438,21.794571388403263,0.03272397389751919,0.020474674338410548,0.014937107020080359,0.03435806542747455,0.039525325661589505,0.015062892979919654,1.12,1.12,1.12,1.12
0.02967365384544394,1.147949839692522,21.797739163659358,0.032724121353781166,0.020474712003320045,0.014937107661961824,0.03435791797121257,0.03952528799668001,0.015062892338038189,1.12,1.12,1.12,1.12
0.029787474908468337,1.1484432006704874,21.800906849348067,0.032724267056755074,0.020474751586458284,0.01493710829113501,0.03435777226823866,0.03952524841354177,0.015062891708865003,1.12,1.12,1.12,1.12
0.02990152321058397,1.1489367262175958,21.804074445229134,0.03272441102326512,0.020474793069529484,0.014937108907864274,0.034357628301728615,0.03952520693047057,0.015062891092135738,1.12,1.12,1.12,1.12
0.030015798769464388,1.1494304163198734,21.807241951063386,0.03272455327013202,0.020474836435980553,0.014937109539750526,0.03435748605486172,0.0395251635640195,0.015062890460249487,1.12,1.12,1.12,1.12
0.030130301602799926,1.149924270962207,21.810409366602904,0.03272469381356535,0.020474881667649186,0.014937110157698483,0.03435734551142838,0.03952511833235087,0.01506288984230153,1.12,1.12,1.12,1.12
0.0302450317280325,1.1504182901308433,21.813576691611132,0.03272483266992593,0.020474928746569004,0.014937110762140299,0.03435720665506781,0.03952507125343105,0.015062889237859714,1.12,1.12,1.12,1.12
0.03035998916248799,1.150912473812088,21.8167439258525,0.03272496985541201,0.020474977654967225,0.014937111353477903,0.034357069469581725,0.03952502234503283,0.01506288864652211,1.12,1.12,1.12,1.12
0.030475173923372803,1.151406821992296,21.819911069092267,0.03272510538606588,0.02047502837527032,0.0149371119320834,0.03435693393892786,0.03952497162472973,0.015062888067916613,1.12,1.12,1.12,1.12
0.03059058602777074,1.1519013346578537,21.823078121096522,0.032725239277778206,0.020475080890106884,0.014937112498305274,0.03435680004721553,0.03952491910989317,0.015062887501694738,1.12,1.12,1.12,1.12
0.030706225492666484,1.1523960117952516,21.826245081632496,0.032725371546273974,0.02047513518226879,0.014937113052482576,0.03435666777871976,0.039524864817731264,0.015062886947517437,1.12,1.12,1.12,1.12
0.030822092334933205,1.1528908533910414,21.829411950468412,0.03272550220712506,0.020475191234728934,0.014937113594935145,0.03435653711786868,0.03952480876527112,0.015062886405064868,1.12,1.12,1.12,1.12
0.030938186571333095,1.1533858594318358,21.832578727373395,0.032725631275752176,0.020475249030639076,0.014937114125967946,0.03435640804924156,0.03952475096936098,0.015062885874032067,1.12,1.12,1.12,1.12
0.031054508218518875,1.15388102990431,21.83574541211753,0.03272575876742645,0.02047530855332716,0.014937114645872551,0.03435628055756729,0.039524691446672894,0.015062885354127462,1.12,1.12,1.12,1.12
0.031171057293034377,1.1543763647951994,21.83891200447181,0.03272588469727106,0.020475369786296826,0.014937115154928432,0.03435615462772268,0.03952463021370323,0.01506288484507158,1.12,1.12,1.12,1.12
0.03128783381131597,1.1548718640912996,21.842078504208157,0.03272600908026263,0.020475432713220637,0.014937115653404165,0.034356030244731106,0.039524567286779416,0.015062884346595848,1.12,1.12,1.12,1.12
0.031404837789693565,1.1553675277794682,21.845244911099417,0.03272613193123308,0.0204754973179396,0.014937116141558349,0.034355907393760654,0.03952450268206045,0.015062883858441664,1.12,1.12,1.12,1.12
0.03152206924439112,1.1558633558466214,21.848411224919335,0.032726253264870886,0.020475563584460954,0.014937116619640506,0.03435578606012285,0.0395244364155391,0.015062883380359507,1.12,1.12,1.12,1.12
0.031639528191528446,1.1563593482797347,21.851577445442548,0.03272637309572246,0.020475631496954694,0.014937117087891666,0.034355666229271276,0.03952436850304536,0.015062882912108347,1.12,1.12,1.12,1.12
0.031757214647121626,1.1568555050658456,21.854743572444598,0.03272649143819395,0.020475701039751992,0.014937117546545114,0.03435554788679979,0.03952429896024806,0.015062882453454898,1.12,1.12,1.12,1.12
0.03187512862708393,1.1573518261920464,21.857909605701895,0.03272660830655183,0.020475772197342756,0.014937117995826837,0.034355431018441906,0.0395242278026573,0.015062882004173175,1.12,1.12,1.12,1.12
0.03199327014722728,1.15784831164549,21.861075544991756,0.032726723714925576,0.020475844954376404,0.014937118435955993,0.03435531561006816,0.03952415504562365,0.01506288156404402,1.12,1.12,1.12,1.12
0.03211163922326259,1.1583449614133865,21.864241390092346,0.03272683767730772,0.020475919295652012,0.014937118867145355,0.03435520164768602,0.03952408070434804,0.015062881132854658,1.12,1.12,1.12,1.12
0.032230235870801316,1.1588417754830045,21.86740714078269,0.032726950207555894,0.02047599520612592,0.014937119289601591,0.03435508911743784,0.039524004793874135,0.015062880710398421,1.12,1.12,1.12,1.12
0.032349060105355855,1.1593387538416675,21.870572796842687,0.03272706131939407,0.020476072670903178,0.01493711970352564,0.03435497800559967,0.039523927329096875,0.015062880296474374,1.12,1.12,1.12,1.12
0.03246811194234085,1.1598358964767572,21.873738358053078,0.03272717102641359,0.020476151675239918,0.014937120109112967,0.03435486829858014,0.039523848324760136,0.015062879890887046,1.12,1.12,1.12,1.12
0.032587391397073694,1.1603332033757099,21.876903824195427,0.032727279342075144,0.020476232204535927,0.014937120506553853,0.03435475998291859,0.039523767795464126,0.01506287949344616,1.12,1.12,1.12,1.12
0.032706898484775905,1.1608306745260184,21.880069195052165,0.03272738627970889,0.02047631424434132,0.014937120896033523,0.034354653045284844,0.03952368575565873,0.01506287910396649,1.12,1.12,1.12,1.12
0.032826633220573644,1.16132830991523,21.88323447040652,0.03272749185251661,0.020476397780344657,0.014937121277705523,0.034354547472477126,0.039523602219655396,0.01506287872229449,1.12,1.12,1.12,1.12
0.03294659561949858,1.1618261095309468,21.886399650042573,0.032727596073570786,0.020476482798359397,0.014937121651413976,0.03435444325142295,0.03952351720164066,0.015062878348586037,1.12,1.12,1.12,1.12
0.033066785696487425,1.1623240733608413,21.889564733745313,0.03272769895582173,0.020476569284342272,0.014937122017365537,0.03435434036917201,0.03952343071565778,0.015062877982634476,1.12,1.12,1.12,1.12
0.03318720346638431,1.1628222013926368,21.89272972130052,0.03272780051209462,0.020476657224394956,0.014937122375757866,0.03435423881289912,0.0395233427756051,0.015062877624242146,1.12,1.12,1.12,1.12
0.03330784894394139,1.1633204936141088,21.8958946124948,0.032727900755090744,0.020476746604757734,0.014937122726780716,0.03435413856990299,0.03952325339524232,0.015062877273219297,1.12,1.12,1.12,1.12
0.03342872214382,1.1638189500130842,21.8990594071155,0.03272799969738904,0.020476837411810694,0.01493712307061687,0.03435403962760469,0.03952316258818936,0.015062876929383143,1.12,1.12,1.12,1.12
0.03354982308059151,1.1643175705774411,21.902224104950765,0.032728097351446994,0.020476929632068763,0.014937123407442715,0.03435394197354674,0.03952307036793129,0.015062876592557298,1.12,1.12,1.12,1.12
0.03367115176873803,1.164816355295108,21.905388705789505,0.03272819372960162,0.020477023252184534,0.014937123737428865,0.03435384559539212,0.03952297674781552,0.015062876262571148,1.12,1.12,1.12,1.12
0.0337927082226531,1.1653153041540645,21.90855320942138,0.032728288844071196,0.020477118258942495,0.01493712406074059,0.03435375048092254,0.03952288174105756,0.015062875939259424,1.12,1.12,1.12,1.12
0.033914492456642846,1.1658144171423384,21.91171761563683,0.03272838270695583,0.020477214639258196,0.014937124377538094,0.03435365661803791,0.03952278536074186,0.015062875622461919,1.12,1.12,1.12,1.12
0.034036504484926455,1.1663136942480092,21.914881924227036,0.03272847533023898,0.02047731238017872,0.014937124687976991,0.034353563994754754,0.039522687619821334,0.015062875312023022,1.12,1.12,1.12,1.12
0.03415874432163717,1.166813135459203,21.91804613498391,0.032728566725788444,0.02047741146887716,0.014937124992208506,0.03435347259920529,0.03952258853112289,0.015062875007791507,1.12,1.12,1.12,1.12
0.03428121198082303,1.1673127407640966,21.921210247700117,0.032728656905357256,0.020477511892657424,0.01493712529037955,0.03435338241963648,0.03952248810734263,0.015062874709620463,1.12,1.12,1.12,1.12
0.034403907476447684,1.1678125101509143,21.92437426216904,0.032728745880585275,0.020477613638946096,0.014937125582633243,0.03435329344440846,0.03952238636105396,0.01506287441736677,1.12,1.12,1.12,1.12
0.03452683082239099,1.1683124436079275,21.92753817818481,0.032728833663000056,0.02047771669529569,0.014937125869108836,0.03435320566199368,0.039522283304704364,0.015062874130891177,1.12,1.12,1.12,1.12
0.034649982032450045,1.168812541123456,21.93070199554225,0.03272892026401775,0.020477821049381173,0.014937126149941957,0.03435311906097599,0.03952217895061888,0.015062873850058056,1.12,1.12,1.12,1.12
0.034773361120339796,1.1693128026858655,21.933865714036905,0.03272900569494419,0.020477926689000003,0.014937126425264763,0.034353033630049545,0.03952207331100005,0.01506287357473525,1.12,1.12,1.12,1.12
0.03489696809969378,1.1698132282835692,21.937029333465034,0.03272908996697643,0.020478033602068846,0.014937126695206207,0.034352949358017304,0.03952196639793121,0.015062873304793806,1.12,1.12,1.12,1.12
0.03502080298406485,1.1703138179050256,21.940192853623564,0.03272917309120327,0.020478141776623493,0.014937126959891911,0.03435286623379047,0.03952185822337656,0.015062873040108102,1.12,1.12,1.12,1.12
0.03514486578692595,1.1708145715387388,21.94335627431017,0.032729255078606634,0.020478251200819725,0.014937127219444554,0.0343527842463871,0.03952174879918033,0.015062872780555459,1.12,1.12,1.12,1.12
0.03526915652167091,1.1713154891732587,21.946519595323153,0.03272933594006233,0.02047836186292812,0.014937127473983819,0.034352703384931405,0.039521638137071935,0.015062872526016194,1.12,1.12,1.12,1.12
0.0353936752016152,1.171816570797179,21.949682816461532,0.0327294156863413,0.02047847375133638,0.014937127723626584,0.034352623638652435,0.039521526248663674,0.015062872276373429,1.12,1.12,1.12,1.12
0.035518421839996255,1.172317816399139,21.95284593752499,0.03272949432811062,0.02047858685454443,0.014937127968487007,0.034352544996883116,0.039521413145455625,0.015062872031513005,1.12,1.12,1.12,1.12
0.03564339644997485,1.1728192259678212,21.95600895831388,0.032729571875934116,0.020478701161168233,0.014937128208676695,0.03435246744905962,0.03952129883883182,0.015062871791323318,1.12,1.12,1.12,1.12
0.03576859904463508,1.173320799491951,21.959171878629203,0.032729648340274475,0.020478816659935367,0.014937128444348274,0.03435239098471926,0.039521183340064686,0.015062871555651738,1.12,1.12,1.12,1.12
0.035894029636985895,1.1738225369602961,21.962334698272624,0.032729723731492355,0.020478933339686506,0.014937128675605038,0.03435231559350138,0.03952106666031355,0.015062871324394975,1.12,1.12,1.12,1.12
0.036019688239961135,1.1743244383616662,21.965497417046443,0.0327297980598486,0.02047905118936949,0.014937128902540245,0.034352241265145134,0.03952094881063056,0.015062871097459768,1.12,1.12,1.12,1.12
0.03614557486642047,1.1748265036849137,21.968660034753615,0.032729871335505145,0.020479170198040908,0.014937129125246223,0.03435216798948859,0.039520829801959145,0.01506287087475379,1.12,1.12,1.12,1.12
0.03627168952914985,1.1753287329189335,21.971822551197725,0.03272994356852593,0.020479290354864232,0.014937129343814123,0.034352095756467804,0.03952070964513582,0.01506287065618589,1.12,1.12,1.12,1.12
0.036398032240862445,1.175831126052662,21.974984966183,0.03273001476887755,0.020479411649110324,0.014937129558334192,0.03435202455611619,0.03952058835088973,0.015062870441665821,1.12,1.12,1.12,1.12
0.03652460301419893,1.1763336830750777,21.978147279514292,0.03273008494643098,0.02047953407015471,0.01493712976889576,0.034351954378562755,0.039520465929845344,0.015062870231104253,1.12,1.12,1.12,1.12
0.03665140186172868,1.1768364039751993,21.981309490997084,0.032730154110961474,0.020479657607476276,0.014937129975586272,0.03435188521403226,0.03952034239252378,0.015062870024413741,1.12,1.12,1.12,1.12
0.036778428795949794,1.177339288742085,21.984471600437466,0.03273022227215039,0.020479782250657608,0.014937130178492158,0.03435181705284335,0.039520217749342446,0.015062869821507854,1.12,1.12,1.12,1.12
0.03690568382929032,1.1778423373648348,21.98763360764214,0.032730289439921956,0.020479907993153468,0.014937130446728508,0.03435174988507178,0.039520092006846586,0.015062869553271505,1.12,1.12,1.12,1.12
0.03703316697440284,1.1783455498294921,21.99079551239372,0.03273035562293514,0.020480034823529447,0.014937130695995796,0.0343516837020586,0.039519965176470606,0.015062869304004217,1.12,1.12,1.12,1.12
0.03716087824354086,1.1788489261258988,21.993957314505266,0.03273042083066635,0.020480162730619172,0.0149371309273863,0.034351618494327385,0.03951983726938088,0.015062869072613713,1.12,1.12,1.12,1.12
0.03728881764888419,1.1793524662438981,21.997119013790194,0.03273048507250054,0.020480291703518227,0.014937131142151172,0.0343515542524932,0.039519708296481826,0.01506286885784884,1.12,1.12,1.12,1.12
0.037416985202541574,1.1798561701733246,22.00028061006217,0.03273054835780098,0.020480421732273796,0.01493713135411684,0.034351490967192755,0.03951957826772626,0.015062868645883173,1.12,1.12,1.12,1.12
0.03754538091660571,1.180360037903441,22.003442103130602,0.03273061069569588,0.020480552807032232,0.014937131563276668,0.03435142862929785,0.03951944719296782,0.015062868436723345,1.12,1.12,1.12,1.12
0.03767400480310208,1.1808640694235524,22.006603492805507,0.03273067209522679,0.020480684918036257,0.014937131769627743,0.03435136722976695,0.039519315081963796,0.01506286823037227,1.12,1.12,1.12,1.12
0.03780285687398961,1.181368264723003,22.009764778897512,0.03273073256534953,0.020480818055624517,0.01493713197317087,0.03435130675964421,0.03951918194437554,0.015062868026829143,1.12,1.12,1.12,1.12
0.037931937141167854,1.1818726237912074,22.01292596121802,0.032730792114931406,0.02048095221022128,0.014937132173918635,0.03435124721006233,0.03951904778977877,0.015062867826081378,1.12,1.12,1.12,1.12
0.03806124561646751,1.1823771466176056,22.01608703957892,0.03273085075275717,0.02048108737234916,0.01493713237188285,0.03435118857223657,0.03951891262765089,0.015062867628117163,1.12,1.12,1.12,1.12
0.038190782311651544,1.1828818331916628,22.019248013792613,0.03273090848752869,0.020481223532631126,0.014937132567074685,0.03435113083746505,0.03951877646736893,0.015062867432925328,1.12,1.12,1.12,1.12
0.03832054723841889,1.183386683502883,22.022408883672057,0.03273096532786485,0.020481360681780275,0.014937132759508379,0.03435107399712889,0.03951863931821978,0.015062867240491634,1.12,1.12,1.12,1.12
0.038450540408404926,1.1838916975408087,22.025569649030796,0.032731021282302264,0.02048149881060507,0.014937132949201112,0.03435101804269147,0.03951850118939498,0.0150628670507989,1.12,1.12,1.12,1.12
0.038580761833182334,1.1843968752950187,22.028730309682917,0.032731076359295674,0.020481637910003736,0.014937133136172676,0.03435096296569806,0.03951836208999632,0.015062866863827337,1.12,1.12,1.12,1.12
0.03871121152426143,1.1849022167551295,22.031890865443078,0.03273113056721888,0.02048177797096412,0.014937133320445342,0.034350908757774856,0.03951822202903593,0.01506286667955467,1.12,1.12,1.12,1.12
0.038841889493090864,1.1854077219107937,22.035051316126456,0.03273118391436508,0.020481918984565695,0.014937133502043648,0.034350855410628656,0.03951808101543436,0.015062866497956365,1.12,1.12,1.12,1.12
0.038972795751058255,1.1859133907516999,22.0382116615488,0.032731236408948594,0.020482060941973246,0.014937133680994127,0.03435080291604514,0.03951793905802681,0.015062866319005885,1.12,1.12,1.12,1.12
0.039103930309490754,1.1864192232675717,22.041371901526382,0.0327312880591043,0.02048220383444249,0.014937133857325244,0.034350751265889434,0.03951779616555756,0.015062866142674769,1.12,1.12,1.12,1.12
0.03923529317965553,1.1869252194481672,22.04453203587598,0.032731338872889426,0.020482347653316357,0.014937134031067098,0.03435070045210431,0.039517652346683696,0.015062865968932915,1.12,1.12,1.12,1.12
0.03936688437276037,1.1874313792832791,22.047692064414925,0.032731388858283694,0.020482492390021534,0.01493713420225129,0.03435065046671004,0.03951750760997852,0.015062865797748723,1.12,1.12,1.12,1.12
0.039498703899954316,1.1879377027627342,22.050851986961042,0.032731438023189896,0.02048263803607353,0.01493713437091071,0.03435060130180384,0.03951736196392652,0.015062865629089303,1.12,1.12,1.12,1.12
0.03963075177232822,1.1884441898763927,22.05401180333269,0.03273148637543549,0.020482784583070512,0.014937134537079455,0.034350552949558244,0.03951721541692954,0.015062865462920558,1.12,1.12,1.12,1.12
0.039763028000915315,1.1889508406141462,22.057171513348695,0.032731533922771894,0.0204829320226943,0.014937134700792581,0.03435050540222184,0.03951706797730575,0.015062865299207431,1.12,1.12,1.12,1.12
0.03989553259669161,1.1894576549659213,22.06033111682842,0.03273158067287674,0.02048308034671059,0.014937134862086046,0.034350458652117,0.03951691965328946,0.015062865137913967,1.12,1.12,1.12,1.12
0.04002826557057651,1.1899646329216738,22.063490613591696,0.03273162663335327,0.020483229546968323,0.01493713502099657,0.034350412691640464,0.03951677045303173,0.015062864979003443,1.12,1.12,1.12,1.12
0.04016122693343354,1.1904717744713935,22.06665000345885,0.03273167181173198,0.020483379615396452,0.014937135177561484,0.03435036751326176,0.0395166203846036,0.01506286482243853,1.12,1.12,1.12,1.12
0.04029441669607064,1.1909790796051003,22.06980928625069,0.03273171621547044,0.020483530544004258,0.014937135331818618,0.034350323109523295,0.039516469455995795,0.015062864668181394,1.12,1.12,1.12,1.12
0.04042783486924062,1.1914865483128445,22.072968461788502,0.03273175985195487,0.020483682324882957,0.014937135483806208,0.03435027947303887,0.039516317675117096,0.015062864516193805,1.12,1.12,1.12,1.12
0.040561481463642184,1.191994180584708,22.07612752989404,0.03273180272850018,0.02048383495019923,0.014937135633562804,0.034350236596493555,0.03951616504980082,0.01506286436643721,1.12,1.12,1.12,1.12
0.04069535648991965,1.1925019764108018,22.079286490389528,0.03273184485235098,0.02048398841220117,0.014937135781127223,0.03435019447264276,0.03951601158779888,0.01506286421887279,1.12,1.12,1.12,1.12
0.04082945995866427,1.1930099357812665,22.082445343097657,0.032731886230681906,0.02048414270321397,0.014937135926538392,0.03435015309431183,0.03951585729678608,0.015062864073461621,1.12,1.12,1.12,1.12
0.04096379188041421,1.1935180586862726,22.085604087841567,0.03273192687059878,0.020484297815638597,0.01493713606983528,0.034350112454394954,0.039515702184361456,0.015062863930164733,1.12,1.12,1.12,1.12
0.04109835226565517,1.1940263451160185,22.088762724444845,0.032731966779138644,0.02048445374195168,0.01493713621105694,0.03435007254585509,0.03951554625804837,0.015062863788943073,1.12,1.12,1.12,1.12
0.041233141124821064,1.1945347950607326,22.09192125273153,0.03273200596327097,0.020484610474705622,0.014937136350242353,0.034350033361722765,0.03951538952529443,0.01506286364975766,1.12,1.12,1.12,1.12
0.041368158468294294,1.1950434085106705,22.095079672526122,0.03273204442989808,0.020484768006526766,0.014937136487430336,0.03434999489509566,0.03951523199347329,0.015062863512569677,1.12,1.12,1.12,1.12
0.0415034043064062,1.1955521854561149,22.098237983653522,0.03273208218585566,0.020484926330115394,0.014937136622659566,0.034349957139138076,0.03951507366988466,0.015062863377340446,1.12,1.12,1.12,1.12
0.041638878649437806,1.1960611258873783,22.101396185939088,0.03273211923791358,0.02048508543824548,0.014937136755968583,0.034349920087080155,0.03951491456175457,0.01506286324403143,1.12,1.12,1.12,1.12
0.041774581507620034,1.1965702297947982,22.104554279208607,0.0327321555927767,0.020485245323760226,0.014937136887395633,0.034349883732217035,0.03951475467623983,0.01506286311260438,1.12,1.12,1.12,1.12
0.04191051289113439,1.1970794971687406,22.10771226328828,0.032732191257084875,0.020485405979577376,0.014937137016978658,0.03434984806790886,0.03951459402042268,0.015062862983021355,1.12,1.12,1.12,1.12
0.04204667281011281,1.1975889279995975,22.110870138004742,0.03273222623741462,0.02048556739868418,0.014937137144755475,0.03434981308757912,0.039514432601315874,0.015062862855244538,1.12,1.12,1.12,1.12
0.04218306127463914,1.1980985222777873,22.114027903185036,0.03273226054027861,0.020485729574137523,0.014937137270763456,0.034349778784715124,0.03951427042586253,0.015062862729236556,1.12,1.12,1.12,1.12
0.04231967829474899,1.1986082799937539,22.117185558656615,0.03273229417212686,0.02048589249906324,0.01493713739503949,0.03434974515286687,0.03951410750093681,0.015062862604960522,1.12,1.12,1.12,1.12
0.04245652388043029,1.1991182011379673,22.120343104247343,0.03273232713934665,0.020486056166656663,0.0149371375176202,0.034349712185647086,0.03951394383334339,0.015062862482379813,1.12,1.12,1.12,1.12
0.04259359804162371,1.1996282857009217,22.12350053978548,0.03273235944826447,0.02048622057017907,0.014937137638541709,0.03434967987672927,0.03951377942982098,0.015062862361458304,1.12,1.12,1.12,1.12
0.04273090078822324,1.2001385336731374,22.12665786509967,0.03273239110514525,0.020486385702960963,0.014937137757839739,0.03434964821984848,0.03951361429703909,0.015062862242160274,1.12,1.12,1.12,1.12
0.042868432130076344,1.2006489450451594,22.12981508001899,0.032732422116193705,0.02048655155839743,0.01493713787554958,0.03434961720880003,0.03951344844160262,0.015062862124450432,1.12,1.12,1.12,1.12
0.043006192076984466,1.2011595198075573,22.132972184372875,0.03273245248755463,0.02048671812995062,0.014937137991706026,0.034349586837439106,0.03951328187004943,0.015062862008293987,1.12,1.12,1.12,1.12
0.043144180638703934,1.2016702579509229,22.136129177991165,0.03273248222531383,0.02048688541114696,0.014937138106343437,0.034349557099679906,0.03951311458885309,0.015062861893656576,1.12,1.12,1.12,1.12
0.043282397824945695,1.2021811594658747,22.139286060704066,0.03273251133549804,0.02048705339557827,0.01493713821949566,0.0343495279894957,0.039512946604421784,0.015062861780504352,1.12,1.12,1.12,1.12
0.043420843645376066,1.2026922243430531,22.142442832342176,0.032732539824076146,0.020487222076899042,0.014937138331196073,0.03434949950091759,0.03951277792310101,0.01506286166880394,1.12,1.12,1.12,1.12
0.0435595181096172,1.2032034525731221,22.14559949273647,0.03273256769695937,0.02048739144882672,0.014937138441477538,0.03434947162803437,0.039512608551173334,0.015062861558522475,1.12,1.12,1.12,1.12
0.04369842122724741,1.2037148441467687,22.148756041718276,0.03273259496000208,0.020487561505142582,0.014937138550372459,0.034349444364991655,0.03951243849485747,0.015062861449627554,1.12,1.12,1.12,1.12
0.043837553007801636,1.2042263990547033,22.15191247911931,0.03273262161900209,0.02048773223968739,0.014937138657912685,0.03434941770599165,0.039512267760312664,0.015062861342087328,1.12,1.12,1.12,1.12
0.04397691346077162,1.2047381172876577,22.15506880477163,0.03273264767970119,0.020487903646366545,0.014937138764129554,0.03434939164529255,0.03951209635363351,0.015062861235870459,1.12,1.12,1.12,1.12
0.04411650259560687,1.2052499988363876,22.15822501850768,0.03273267314778583,0.020488075719143517,0.01493713886905397,0.03434936617720791,0.039511924280856536,0.015062861130946043,1.12,1.12,1.12,1.12
0.044256320421714304,1.2057620436916683,22.161381120160232,0.0327326980288879,0.020488248452042335,0.014937138972716257,0.03434934129610584,0.03951175154795772,0.015062861027283755,1.12,1.12,1.12,1.12
0.044396366948459234,1.2062742518443001,22.16453710956244,0.03273272232858454,0.020488421839145454,0.014937139075146225,0.034349316996409196,0.0395115781608546,0.015062860924853788,1.12,1.12,1.12,1.12
0.04453664218516549,1.2067866232851017,22.16769298654779,0.03273274605239951,0.02048859587459706,0.014937139176373238,0.03434929327259423,0.039511404125402994,0.015062860823626775,1.12,1.12,1.12,1.12
0.04467714614111591,1.2072991580049146,22.1708487509501,0.0327327692058032,0.020488770552596264,0.014937139276426065,0.034349270119190534,0.03951122944740379,0.015062860723573948,1.12,1.12,1.12,1.12
0.044817878825552576,1.207811855994601,22.17400440260356,0.03273279179421279,0.02048894586740055,0.01493713937533303,0.034349247530780946,0.039511054132599505,0.015062860624666982,1.12,1.12,1.12,1.12
0.044958840247677406,1.2083247172450446,22.17715994134268,0.03273281382299387,0.020489121813326072,0.014937139473121974,0.03434922550199987,0.03951087818667398,0.015062860526878039,1.12,1.12,1.12,1.12
0.045100030416652365,1.2088377417471476,22.18031536700231,0.03273283529745996,0.020489298384743837,0.014937139569820207,0.034349204027533775,0.039510701615256216,0.015062860430179806,1.12,1.12,1.12,1.12
0.045241449341599176,1.2093509294918292,22.183470679417596,0.0327328562228732,0.020489475576083105,0.014937139665452903,0.03434918310212054,0.03951052442391695,0.01506286033454711,1.12,1.12,1.12,1.12
0.04538309703158969,1.2098642804699442,22.186625878423424,0.03273287660444263,0.02048965338184572,0.014937139760022589,0.03434916272055111,0.039510346618154335,0.015062860239977424,1.12,1.12,1.12,1.12
0.04552497349566838,1.210377794672457,22.189780963855643,0.03273289644732974,0.02048983179656999,0.01493713985355559,0.034349142877663996,0.03951016820343006,0.015062860146444423,1.12,1.12,1.12,1.12
0.04566707874284104,1.2108914720903527,22.192935935550427,0.03273291575664633,0.02049001081484697,0.014937139946077857,0.034349123568347406,0.03950998918515308,0.015062860053922156,1.12,1.12,1.12,1.12
0.04580941278207567,1.2114053127146354,22.196090793344265,0.03273293453745496,0.020490190431322497,0.014937140037614843,0.034349104787538776,0.039509809568677556,0.01506285996238517,1.12,1.12,1.12,1.12
0.04595197562230227,1.2119193165363278,22.199245537073946,0.03273295279476923,0.020490370640694366,0.0149371401281915,0.034349086530224504,0.03950962935930569,0.015062859871808512,1.12,1.12,1.12,1.12
0.046094767272413684,1.2124334835464723,22.202400166576595,0.03273297053355467,0.020490551437714555,0.014937140217832379,0.034349068791439064,0.0395094485622855,0.015062859782167634,1.12,1.12,1.12,1.12
0.046237787741265635,1.2129478137361296,22.205554681689623,0.03273298775872868,0.020490732817185997,0.014937140306561458,0.034349051566265054,0.039509267182814056,0.015062859693438554,1.12,1.12,1.12,1.12
0.04638103703767724,1.2134623070963793,22.20870908225077,0.0327330044751612,0.020490914773963087,0.014937140394402387,0.03434903484983254,0.039509085226036966,0.015062859605597625,1.12,1.12,1.12,1.12
0.04652451517043108,1.213976963618318,22.211863368098072,0.032733020687675585,0.02049109730295262,0.014937140481378314,0.03434901863731815,0.03950890269704743,0.015062859518621699,1.12,1.12,1.12,1.12
0.04666822214827407,1.2144917832930624,22.215017539069844,0.032733036401048354,0.020491280399109857,0.0149371405675119,0.03434900292394538,0.039508719600890196,0.015062859432488113,1.12,1.12,1.12,1.12
0.04681215797991714,1.2150067661117456,22.21817159500472,0.03273305162001,0.020491464057442565,0.014937140652825462,0.034348987704983736,0.03950853594255749,0.015062859347174551,1.12,1.12,1.12,1.12
0.046956322674036155,1.2155219120655187,22.22132553574163,0.03273306634924561,0.020491648273006036,0.014937140737340815,0.03434897297574813,0.03950835172699402,0.015062859262659198,1.12,1.12,1.12,1.12
0.04710071623927173,1.2160372211455501,22.224479361119787,0.032733080593394914,0.020491833040906127,0.014937140821079387,0.03434895873159882,0.03950816695909393,0.015062859178920626,1.12,1.12,1.12,1.12
0.047245338684230115,1.2165526933430262,22.227633070978683,0.03273309435705285,0.020492018356295216,0.014937140904062216,0.034348944967940886,0.03950798164370484,0.015062859095937797,1.12,1.12,1.12,1.12
0.04739019001748282,1.2170683286491484,22.23078666515811,0.03273310764477044,0.020492204214376142,0.014937140986309855,0.034348931680223294,0.03950779578562391,0.015062859013690158,1.12,1.12,1.12,1.12
0.04753527024756768,1.2175841270551375,22.23394014349813,0.032733120461054255,0.020492390610398648,0.014937141067842538,0.03434891886393948,0.039507609389601406,0.015062858932157475,1.12,1.12,1.12,1.12
0.04768057938298851,1.2181000885522297,22.237093505839105,0.03273313281036788,0.020492577539658635,0.014937141148680028,0.034348906514625854,0.03950742246034142,0.015062858851319985,1.12,1.12,1.12,1.12
0.047826117432216014,1.2186162131316771,22.240246752021648,0.0327331446971319,0.020492764997499746,0.014937141228841794,0.03434889462786184,0.03950723500250031,0.015062858771158219,1.12,1.12,1.12,1.12
0.047971884403687694,1.2191325007847489,22.243399881886656,0.032733156125723695,0.020492952979311585,0.014937141308346835,0.03434888319927004,0.03950704702068847,0.015062858691653178,1.12,1.12,1.12,1.12
0.04811788030580813,1.2196489515027293,22.246552895275297,0.03273316710047908,0.02049314148052983,0.014937141387213818,0.03434887222451466,0.03950685851947022,0.015062858612786195,1.12,1.12,1.12,1.12
0.048264105146949635,1.22016556527692,22.249705792029,0.032733177625691834,0.020493330496633877,0.01493714146546106,0.0343488616993019,0.039506669503366176,0.015062858534538953,1.12,1.12,1.12,1.12
0.048410558935452166,1.2206823420986375,22.25285857198948,0.032733187705614286,0.020493520023150108,0.014937141543106436,0.03434885161937945,0.039506479976849945,0.015062858456893577,1.12,1.12,1.12,1.12
0.04855724167962397,1.2211992819592128,22.25601123499869,0.03273319734445784,0.020493710055647846,0.014937141620167571,0.034348841980535894,0.03950628994435221,0.015062858379832442,1.12,1.12,1.12,1.12
0.04870415338774166,1.2217163848499932,22.25916378089886,0.03273320654639328,0.02049390058974193,0.01493714169666166,0.03434883277860046,0.03950609941025812,0.015062858303338353,1.12,1.12,1.12,1.12
0.04885129406805038,1.2222336507623408,22.262316209532468,0.032733215315551345,0.020494091621089144,0.014937141772605605,0.03434882400944239,0.03950590837891091,0.015062858227394407,1.12,1.12,1.12,1.12
0.04899866372876467,1.2227510796876335,22.265468520742242,0.03273322365602255,0.020494283145390424,0.014937141848015964,0.03434881566897119,0.03950571685460963,0.015062858151984049,1.12,1.12,1.12,1.12
0.04914626237806799,1.2232686716172627,22.268620714371174,0.03273323157185837,0.020494475158388176,0.01493714192290893,0.03434880775313537,0.03950552484161188,0.015062858077091082,1.12,1.12,1.12,1.12
0.049294090024113627,1.2237864265426341,22.271772790262496,0.03273323906707115,0.020494667655868104,0.014937141997300424,0.034348800257922585,0.03950533234413195,0.015062858002699589,1.12,1.12,1.12,1.12
0.049442146675024556,1.2243043444551696,22.2749247482597,0.0327332461456345,0.02049486063365727,0.014937142071206028,0.03434879317935924,0.039505139366342784,0.015062857928793985,1.12,1.12,1.12,1.12
0.049590432338894,1.2248224253463036,22.278076588206503,0.03273325281148354,0.020495054087625197,0.01493714214464098,0.0343487865135102,0.039504945912374856,0.015062857855359033,1.12,1.12,1.12,1.12
0.04973894702378563,1.2253406692074846,22.281228309946876,0.032733259068515874,0.02049524801368202,0.014937142217620283,0.03434878025647786,0.03950475198631803,0.01506285778237973,1.12,1.12,1.12,1.12
0.04988769073773369,1.225859076030176,22.284379913325022,0.0327332649205912,0.020495442407777592,0.014937142290158564,0.03434877440440254,0.03950455759222246,0.015062857709841448,1.12,1.12,1.12,1.12
0.05003666348874361,1.2263776458058537,22.287531398185397,0.03273327037153212,0.02049563726590184,0.014937142362270228,0.03434876895346162,0.039504362734098214,0.015062857637729785,1.12,1.12,1.12,1.12
0.05018586528479183,1.2268963785260087,22.290682764372676,0.032733275425124275,0.020495832584085882,0.01493714243396932,0.03434876389986946,0.03950416741591417,0.015062857566030693,1.12,1.12,1.12,1.12
0.05033529613382642,1.2274152741821434,22.293834011731757,0.03273328008511717,0.020496028358399865,0.01493714250526966,0.03434875923987657,0.03950397164160019,0.015062857494730353,1.12,1.12,1.12,1.12
0.05048495604376724,1.2279343327657744,22.296985140107797,0.03273328435522377,0.020496224584952483,0.014937142576184767,0.03434875496976997,0.03950377541504757,0.015062857423815246,1.12,1.12,1.12,1.12
0.050634845022506085,1.2284535542684312,22.300136149346148,0.03273328823912147,0.020496421259891734,0.014937142646727936,0.034348751085872264,0.03950357874010832,0.015062857353272077,1.12,1.12,1.12,1.12
0.05078496307790714,1.2289729386816557,22.30328703929241,0.0327332917404522,0.02049661837940278,0.014937142716912086,0.03434874758454154,0.03950338162059727,0.015062857283087927,1.12,1.12,1.12,1.12
0.05093531021780726,1.229492485997004,22.306437809792392,0.032733294862822504,0.02049681593971031,0.014937142786749999,0.03434874446217123,0.03950318406028974,0.015062857213250014,1.12,1.12,1.12,1.12
0.05108588645001584,1.2300121962060424,22.309588460692133,0.0327332976098047,0.020497013937075093,0.014937142856254138,0.034348741715189035,0.03950298606292496,0.015062857143745875,1.12,1.12,1.12,1.12
0.05123669178231554,1.2305320693003514,22.312738991837872,0.03273329998493635,0.020497212367795836,0.0149371429254367,0.03434873934005739,0.03950278763220422,0.015062857074563313,1.12,1.12,1.12,1.12
0.051387726222462286,1.2310521052715229,22.31588940307609,0.0327333019917207,0.02049741122820803,0.014937142994309677,0.03434873733327304,0.039502588771792024,0.015062857005690336,1.12,1.12,1.12,1.12
0.05153898977817067,1.2315723041109417,22.319039694251884,0.03273330363360455,0.020497610514713216,0.014937143062828812,0.03434873569138919,0.03950238948528684,0.015062856937171201,1.12,1.12,1.12,1.12
0.05169048245713448,1.232092665810082,22.32218986521113,0.032733304914008776,0.020497810223739643,0.01493714313096986,0.03434873441098496,0.03950218977626041,0.015062856869030153,1.12,1.12,1.12,1.12
0.05184220426703084,1.232613190360568,22.32533991580091,0.032733305836336046,0.02049801035173096,0.014937143198744257,0.03434873348865769,0.03950198964826909,0.015062856801255756,1.12,1.12,1.12,1.12
0.051994155215511255,1.233133877754036,22.3284898458685,0.03273330640395605,0.02049821089516629,0.014937143266163189,0.034348732921037683,0.03950178910483376,0.015062856733836824,1.12,1.12,1.12,1.12
0.05214633531020163,1.2336547279821342,22.3316396552614,0.03273330662020607,0.02049841185055945,0.014937143333237632,0.034348732704787666,0.0395015881494406,0.015062856666762381,1.12,1.12,1.12,1.12
0.05229874455870283,1.2341757410365213,22.334789343827293,0.03273330648839118,0.020498613214459754,0.014937143399978259,0.03434873283660256,0.0395013867855403,0.015062856600021754,1.12,1.12,1.12,1.12
0.05245138296859064,1.2346969169088668,22.33793891141406,0.03273330601178448,0.020498814983449548,0.014937143466395589,0.034348733313209256,0.039501185016550505,0.015062856533604424,1.12,1.12,1.12,1.12
0.0526042505474162,1.2352182555908529,22.341088357869804,0.032733305193627715,0.020499017154146204,0.014937143532499891,0.03434873413136602,0.03950098284585385,0.015062856467500121,1.12,1.12,1.12,1.12
0.05275734730270587,1.2357397570741695,22.3442376830428,0.03273330403713143,0.02049921972320151,0.014937143598301256,0.03434873528786231,0.03950078027679854,0.015062856401698757,1.12,1.12,1.12,1.12
0.05291067324196202,1.2362614213505205,22.34738688678152,0.03273330254547485,0.020499422687298596,0.014937143663809507,0.034348736779518885,0.03950057731270146,0.015062856336190505,1.12,1.12,1.12,1.12
0.05306422837266278,1.2367832484116177,22.350535968934636,0.03273330072180686,0.020499626043154917,0.014937143729034305,0.03434873860318688,0.039500373956845136,0.015062856270965708,1.12,1.12,1.12,1.12
0.05321801270226256,1.2373052382491856,22.353684929351004,0.03273329856924584,0.02049982978752024,0.014937143793985086,0.0343487407557479,0.03950017021247981,0.015062856206014927,1.12,1.12,1.12,1.12
0.05337202623819213,1.2378273908549569,22.356833767879664,0.03273329609088016,0.020500033917176558,0.01493714385867112,0.03434874323411358,0.039499966082823496,0.015062856141328893,1.12,1.12,1.12,1.12
0.053526268987858706,1.2383497062206752,22.35998248436986,0.03273329328976837,0.020500238428938278,0.014937143923101429,0.034348746035225364,0.039499761571061776,0.015062856076898584,1.12,1.12,1.12,1.12
0.05368074095864657,1.2388721843380945,22.363131078670975,0.032733290168939555,0.020500443319651868,0.014937143987284907,0.03434874915605418,0.039499556680348186,0.015062856012715106,1.12,1.12,1.12,1.12
0.0538354421579168,1.2393948251989781,22.366279550632633,0.03273328673139364,0.02050064858619452,0.014937144051230228,0.034348752593600096,0.039499351413805533,0.015062855948769785,1.12,1.12,1.12,1.12
0.05399037259300785,1.2399176287950984,22.369427900104583,0.03273328298010153,0.020500854225474485,0.0149371441149459,0.034348756344892206,0.03949914577452557,0.015062855885054113,1.12,1.12,1.12,1.12
0.05414553227123573,1.2404405951182396,22.372576126936796,0.03273327891800554,0.02050106023443171,0.014937144178440234,0.0343487604069882,0.03949893976556834,0.015062855821559779,1.12,1.12,1.12,1.12
0.054300921199894076,1.2409637241601923,22.37572423097938,0.03273327454801972,0.02050126661003493,0.014937144241721406,0.03434876477697402,0.039498733389965124,0.015062855758278607,1.12,1.12,1.12,1.12
0.054456539386254256,1.241487015912759,22.37887221208265,0.03273326987302966,0.020501473349284677,0.014937144304797395,0.03434876945196408,0.039498526650715376,0.015062855695202618,1.12,1.12,1.12,1.12
0.05461238683756595,1.2420104703677504,22.38202007009707,0.0327332648958934,0.02050168044921072,0.014937144367675986,0.03434877442910034,0.039498319550789335,0.015062855632324026,1.12,1.12,1.12,1.12
0.05476846356105694,1.2425340875169848,22.385167804873273,0.03273325961944151,0.02050188790687224,0.014937144430364868,0.034348779705552224,0.03949811209312781,0.015062855569635145,1.12,1.12,1.12,1.12
0.05492476956393375,1.2430578673522925,22.38831541626209,0.032733254046477034,0.02050209571935782,0.01493714449287152,0.0343487852785167,0.03949790428064223,0.015062855507128492,1.12,1.12,1.12,1.12
0.05508130485338123,1.2435818098655105,22.39146290411448,0.03273324817977624,0.020502303883786377,0.014937144555203286,0.034348791145217494,0.039497696116213676,0.015062855444796727,1.12,1.12,1.12,1.12
0.05523806943656356,1.2441059150484837,22.394610268281593,0.03273324202208827,0.020502512397303663,0.014937144617367351,0.034348797302905465,0.03949748760269639,0.015062855382632662,1.12,1.12,1.12,1.12
0.055395063320623765,1.2446301828930684,22.39775750861472,0.03273323557613611,0.0205027212570843,0.014937144679370781,0.034348803748857626,0.03949727874291575,0.015062855320629231,1.12,1.12,1.12,1.12
0.05555228651268416,1.2451546133911269,22.400904624965335,0.03273322884461616,0.020502930460331248,0.014937144741220446,0.03434881048037758,0.039497069539668805,0.015062855258779567,1.12,1.12,1.12,1.12
0.05570973901984662,1.2456792065345308,22.40405161718506,0.03273322183019928,0.020503140004275472,0.014937144802923102,0.03434881749479446,0.03949685999572458,0.01506285519707691,1.12,1.12,1.12,1.12
0.05586742084919272,1.2462039623151595,22.407198485125676,0.03273321453553002,0.020503349886176303,0.014937144864485344,0.03434882478946372,0.03949665011382375,0.015062855135514669,1.12,1.12,1.12,1.12
0.05602533200778384,1.246728880724901,22.410345228639123,0.03273320696322796,0.02050356010331933,0.014937144925913665,0.03434883236176578,0.039496439896680724,0.015062855074086348,1.12,1.12,1.12,1.12
0.056183472502661404,1.2472539617556508,22.413491847577482,0.03273319911588679,0.020503770653016895,0.014937144987214435,0.034348840209106946,0.03949622934698316,0.015062855012785578,1.12,1.12,1.12,1.12
0.0563418423408471,1.247779205399313,22.416638341793007,0.03273319099607591,0.02050398153260835,0.014937145048393816,0.034348848328917825,0.0394960184673917,0.015062854951606197,1.12,1.12,1.12,1.12
0.05650044152934313,1.248304611647798,22.41978471113809,0.03273318260633934,0.02050419273946047,0.014937145109457928,0.0343488567186544,0.039495807260539584,0.015062854890542085,1.12,1.12,1.12,1.12
0.05665927007513219,1.2488301804930257,22.42293095546527,0.03273317394919706,0.020504404270966142,0.014937145170412724,0.03434886537579668,0.03949559572903391,0.015062854829587288,1.12,1.12,1.12,1.12
0.05681832798517777,1.249355911926922,22.426077074627234,0.03273316502714424,0.020504616124544073,0.014937145231264035,0.034348874297849497,0.03949538387545598,0.015062854768735978,1.12,1.12,1.12,1.12
0.05697761526642431,1.24988180594142,22.42922306847683,0.032733155842652406,0.0205048282976375,0.01493714529201759,0.03434888348234133,0.03949517170236255,0.015062854707982423,1.12,1.12,1.12,1.12
0.05713713192578665,1.2504078625284316,22.432368936866858,0.03273314639817454,0.02050504078773152,0.014937145352670073,0.0343488929268192,0.03949495921226853,0.01506285464732994,1.12,1.12,1.12,1.12
0.05729687797013616,1.250934081679807,22.435514679649884,0.03273313669615263,0.020505253592364325,0.014937145413198516,0.034348902628841105,0.03949474640763573,0.015062854586801497,1.12,1.12,1.12,1.12
0.05745685340636029,1.2514604633875006,22.43866029667917,0.03273312673898848,0.020505466709057396,0.014937145473608415,0.034348912586005254,0.03949453329094266,0.015062854526391597,1.12,1.12,1.12,1.12
0.05761705824132797,1.251987007643475,22.441805787808146,0.03273311652906036,0.02050568013535653,0.014937145533905238,0.03434892279593338,0.03949431986464352,0.015062854466094774,1.12,1.12,1.12,1.12
0.057777492481890125,1.2525137144396998,22.44495115289033,0.03273310606872354,0.020505893868832475,0.014937145594094328,0.0343489332562702,0.03949410613116758,0.015062854405905685,1.12,1.12,1.12,1.12
0.057938156134879654,1.2530405837681504,22.44809639177943,0.032733095360310605,0.020506107907079685,0.014937145654180875,0.03434894396468313,0.03949389209292037,0.015062854345819138,1.12,1.12,1.12,1.12
0.05809904920711158,1.253567615620809,22.451241504329246,0.032733084406132096,0.020506322247716507,0.014937145714170014,0.03434895491886164,0.039493677752283546,0.015062854285829999,1.12,1.12,1.12,1.12
0.05826017170538336,1.2540948099896656,22.45438649039373,0.03273307320847574,0.020506536888385718,0.014937145774066685,0.034348966116518,0.039493463111614335,0.015062854225933328,1.12,1.12,1.12,1.12
0.05842152363647477,1.2546221668667146,22.457531349826972,0.03273306176960772,0.020506751826753766,0.014937145833875828,0.03434897755538602,0.03949324817324629,0.015062854166124184,1.12,1.12,1.12,1.12
0.05858310500714845,1.255149686243958,22.46067608248318,0.032733050091771854,0.02050696706050964,0.014937145893602191,0.03434898923322188,0.03949303293949041,0.015062854106397822,1.12,1.12,1.12,1.12
0.05874491582414976,1.2556773681134046,22.4638206882167,0.032733038177190754,0.020507182587367362,0.014937145953272918,0.03434900114780298,0.03949281741263269,0.015062854046727095,1.12,1.12,1.12,1.12
0.05890695609420709,1.2562052124670662,22.466965166881977,0.03273302602806599,0.02050739840507071,0.01493714601303675,0.034349013296927744,0.039492601594929344,0.015062853986963262,1.12,1.12,1.12,1.12
0.05906922582403249,1.256733219296956,22.470109518333565,0.032733013646576326,0.020507614511385552,0.014937146072894592,0.03434902567841741,0.0394923854886145,0.015062853927105421,1.12,1.12,1.12,1.12
0.05923172502032124,1.2572613885950927,22.473253742426117,0.03273300103487947,0.020507830904099078,0.01493714613284737,0.034349038290114264,0.039492169095900975,0.015062853867152642,1.12,1.12,1.12,1.12
0.05939445368975216,1.2577897203535005,22.47639783901441,0.032732988195112445,0.020508047581020206,0.014937146192895934,0.03434905112988129,0.03949195241897985,0.015062853807104079,1.12,1.12,1.12,1.12
0.05955741183898771,1.25831821456421,22.479541807953353,0.03273297512939155,0.020508264539978366,0.014937146253041211,0.034349064195602186,0.03949173546002169,0.015062853746958801,1.12,1.12,1.12,1.12
0.0597205994746743,1.2588468712192569,22.482685649097977,0.03273296183981289,0.020508481778825027,0.014937146313284105,0.034349077485180846,0.039491518221175026,0.015062853686715907,1.12,1.12,1.12,1.12
0.05988401660344209,1.259375690310683,22.48582936230342,0.03273294832845203,0.02050869929543206,0.01493714637362549,0.03434909099654171,0.039491300704567994,0.015062853626374523,1.12,1.12,1.12,1.12
0.06004766323190554,1.259904671830536,22.48897294742496,0.03273293459736509,0.020508917087692452,0.014937146434066267,0.03434910472762864,0.0394910829123076,0.015062853565933745,1.12,1.12,1.12,1.12
0.060211539366663125,1.2604338157708694,22.492116404317965,0.03273292064858785,0.020509135153519764,0.01493714649460734,0.03434911867640589,0.03949086484648029,0.015062853505392673,1.12,1.12,1.12,1.12
0.06037564501429796,1.2609631221237403,22.49525973283794,0.032732906484136626,0.02050935349084848,0.014937146555249609,0.03434913284085711,0.03949064650915157,0.015062853444750404,1.12,1.12,1.12,1.12
0.060539980181377566,1.2614925908812136,22.498402932840495,0.03273289210600849,0.0205095720976321,0.014937146615993963,0.03434914721898524,0.03949042790236795,0.01506285338400605,1.12,1.12,1.12,1.12
0.06070454487445405,1.262022222035357,22.50154600418135,0.03273287751618115,0.020509790971845215,0.014937146676841304,0.03434916180881259,0.03949020902815484,0.01506285332315871,1.12,1.12,1.12,1.12
0.060869339100064535,1.2625520155782457,22.504688946716353,0.0327328627166133,0.020510010111482235,0.014937146737792548,0.03434917660838044,0.03948998988851782,0.015062853262207465,1.12,1.12,1.12,1.12
0.06103436286473096,1.2630819715019577,22.50783176030144,0.03273284770924456,0.020510229514557943,0.014937146798848583,0.034349191615749175,0.03948977048544211,0.01506285320115143,1.12,1.12,1.12,1.12
0.06119961617496031,1.2636120897985774,22.510974444792673,0.03273283249599607,0.02051044917910555,0.01493714686001027,0.03434920682899767,0.0394895508208945,0.015062853139989743,1.12,1.12,1.12,1.12
0.06136509903724501,1.2641423704601937,22.514117000046213,0.03273281707877046,0.02051066910317806,0.014937146921278552,0.03434922224622328,0.039489330896821995,0.015062853078721461,1.12,1.12,1.12,1.12
0.061530811458062565,1.2646728134789011,22.517259425918336,0.03273280145945201,0.020510889284848982,0.01493714698265429,0.034349237865541726,0.03948911071515107,0.015062853017345723,1.12,1.12,1.12,1.12
0.0616967534438762,1.2652034188467969,22.520401722265404,0.03273278563990678,0.02051110972220979,0.014937147044138385,0.034349253685086956,0.03948889027779026,0.015062852955861628,1.12,1.12,1.12,1.12
0.06186292500113471,1.2657341865559844,22.52354388894392,0.03273276962198285,0.02051133041337136,0.014937147105731727,0.03434926970301089,0.039488669586628694,0.015062852894268286,1.12,1.12,1.12,1.12
0.062029326136272545,1.2662651165985714,22.52668592581046,0.03273275340751047,0.020511551356463098,0.014937147167435189,0.03434928591748326,0.039488448643536955,0.015062852832564824,1.12,1.12,1.12,1.12
0.06219595685571031,1.2667962089666696,22.529827832721704,0.03273273699830237,0.02051177254963285,0.014937147229249714,0.03434930232669137,0.0394882274503672,0.015062852770750298,1.12,1.12,1.12,1.12
0.062362817165854345,1.2673274636523955,22.532969609534437,0.03273272039615366,0.02051199399104714,0.014937147291176109,0.03434931892884008,0.039488006008952914,0.015062852708823904,1.12,1.12,1.12,1.12
0.0625299070730974,1.2678588806478706,22.536111256105553,0.03273270360284242,0.020512215678891027,0.014937147353215288,0.03434933572215132,0.039487784321109026,0.015062852646784725,1.12,1.12,1.12,1.12
0.06269722658381838,1.2683904599452187,22.539252772292027,0.032732686620129126,0.020512437611367562,0.01493714741536814,0.03434935270486461,0.03948756238863249,0.015062852584631872,1.12,1.12,1.12,1.12
0.06286477570438258,1.2689222015365687,22.542394157950945,0.03273266944975772,0.020512659786697474,0.014937147477635526,0.03434936987523601,0.03948734021330258,0.015062852522364487,1.12,1.12,1.12,1.12
0.0630325544411419,1.269454105414055,22.545535412939483,0.03273265209345505,0.020512882203119087,0.01493714754001832,0.034349387231538686,0.039487117796880966,0.015062852459981693,1.12,1.12,1.12,1.12
0.06320056280043494,1.2699861715698129,22.548676537114915,0.03273263455293157,0.02051310485888941,0.014937147602517395,0.034349404772062164,0.039486895141110645,0.015062852397482618,1.12,1.12,1.12,1.12
0.06336880078858709,1.2705183999959848,22.55181753033461,0.03273261682988099,0.02051332775228193,0.014937147665133627,0.03434942249511275,0.039486672247718124,0.015062852334866386,1.12,1.12,1.12,1.12
0.06353726841191047,1.2710507906847148,22.55495839245601,0.03273259892598085,0.020513550881587184,0.014937147727867847,0.03434944039901289,0.03948644911841287,0.015062852272132166,1.12,1.12,1.12,1.12
0.0637059656767046,1.2715833436281512,22.558099123336678,0.03273258084289249,0.02051377424511272,0.014937147790720959,0.03434945848210125,0.03948622575488733,0.015062852209279054,1.12,1.12,1.12,1.12
0.06387489258925587,1.2721160588184468,22.561239722834245,0.032732562582261204,0.020513997841184933,0.01493714785369378,0.03434947674273253,0.03948600215881512,0.015062852146306233,1.12,1.12,1.12,1.12
0.06404404915583788,1.2726489362477564,22.56438019080645,0.0327325441457163,0.02051422166814454,0.014937147916787172,0.034349495179277434,0.039485778331855514,0.015062852083212841,1.12,1.12,1.12,1.12
0.06421343538271206,1.2731819759082406,22.5675205271111,0.032732525534871604,0.02051444572434996,0.014937147980001994,0.03434951379012213,0.03948555427565009,0.015062852019998019,1.12,1.12,1.12,1.12
0.06438305127612685,1.2737151777920601,22.570660731606097,0.03273250675132533,0.020514670008176084,0.014937148043339066,0.034349532573668407,0.03948532999182397,0.015062851956660947,1.12,1.12,1.12,1.12
0.06455289684231867,1.2742485418913834,22.57380080414944,0.03273248779665999,0.020514894518014137,0.014937148106799275,0.034349551528333744,0.039485105481985916,0.015062851893200738,1.12,1.12,1.12,1.12
0.06472297208751164,1.274782068198378,22.576940744599202,0.03273246867244317,0.02051511925227159,0.0149371481703834,0.034349570652550565,0.03948488074772846,0.015062851829616614,1.12,1.12,1.12,1.12
0.0648932770179175,1.2753157567052174,22.580080552813534,0.03273244938022729,0.020515344209371567,0.014937148234092312,0.034349589944766445,0.03948465579062849,0.0150628517659077,1.12,1.12,1.12,1.12
0.06506381163973644,1.2758496074040773,22.58322022865068,0.03273242992154951,0.020515569387753063,0.014937148297926806,0.034349609403444226,0.03948443061224699,0.015062851702073207,1.12,1.12,1.12,1.12
0.06523457595915608,1.2763836202871355,22.586359771968972,0.0327324102979325,0.02051579478587151,0.014937148361887753,0.034349629027061235,0.03948420521412854,0.01506285163811226,1.12,1.12,1.12,1.12
0.06540556998235303,1.2769177953465751,22.5894991826268,0.03273239051088417,0.020516020402196244,0.014937148425975932,0.03434964881410957,0.03948397959780381,0.01506285157402408,1.12,1.12,1.12,1.12
0.06557679371549159,1.277452132574581,22.59263846048265,0.03273237056189765,0.020516246235212754,0.014937148490192162,0.034349668763096086,0.0394837537647873,0.01506285150980785,1.12,1.12,1.12,1.12
0.06574824716472474,1.2779866319633402,22.59577760539509,0.032732350452451875,0.02051647228342207,0.014937148554537233,0.03434968887254186,0.03948352771657798,0.01506285144546278,1.12,1.12,1.12,1.12
0.06591993033619392,1.2785212935050427,22.598916617222752,0.03273233018401145,0.020516698545340217,0.014937148619011978,0.03434970914098229,0.039483301454659836,0.015062851380988035,1.12,1.12,1.12,1.12
0.06609184323602935,1.2790561171918833,22.60205549582436,0.03273230975802677,0.020516925019498644,0.014937148683617174,0.03434972956696697,0.03948307498050141,0.015062851316382839,1.12,1.12,1.12,1.12
0.0662639858703499,1.2795911030160567,22.605194241058708,0.03273228917593424,0.02051715170444232,0.01493714874835364,0.0343497501490595,0.03948284829555773,0.015062851251646373,1.12,1.12,1.12,1.12
0.06643635824526335,1.280126250969762,22.608332852784656,0.03273226843915655,0.0205173785987314,0.01493714881322214,0.03434977088583718,0.03948262140126865,0.015062851186777873,1.12,1.12,1.12,1.12
0.06660896036686625,1.2806615610451997,22.611471330861136,0.03273224754910237,0.020517605700940605,0.014937148878223436,0.03434979177589137,0.03948239429905945,0.015062851121776577,1.12,1.12,1.12,1.12
0.0667817922412445,1.2811970332345741,22.614609675147186,0.03273222650716712,0.02051783300965926,0.014937148943358361,0.03434981281782662,0.039482166990340795,0.015062851056641652,1.12,1.12,1.12,1.12
0.0669548538744729,1.2817326675300906,22.61774788550187,0.03273220531473242,0.0205180605234902,0.014937149008627637,0.034349834010261315,0.03948193947650985,0.015062850991372376,1.12,1.12,1.12,1.12
0.06712814527261579,1.2822684639239579,22.62088596178436,0.03273218397316674,0.020518288241050592,0.014937149074032041,0.034349855351827,0.03948171175894946,0.015062850925967972,1.12,1.12,1.12,1.12
0.06730166644172667,1.282804422408387,22.62402390385387,0.0327321624838251,0.020518516160972444,0.014937149139572323,0.034349876841168636,0.03948148383902761,0.01506285086042769,1.12,1.12,1.12,1.12
0.06747541738784855,1.2833405429755902,22.627161711569713,0.03273214084804982,0.02051874428189937,0.014937149205249273,0.03434989847694392,0.03948125571810068,0.01506285079475074,1.12,1.12,1.12,1.12
0.06764939811701413,1.2838768256177828,22.630299384791236,0.03273211906716994,0.020518972602491414,0.014937149271063613,0.034349920257823796,0.03948102739750864,0.0150628507289364,1.12,1.12,1.12,1.12
0.06782360863524564,1.2844132703271822,22.633436923377875,0.03273209714250147,0.020519201121419917,0.014937149337016078,0.034349942182492266,0.03948079887858014,0.015062850662983934,1.12,1.12,1.12,1.12
0.06799804894855513,1.2849498770960073,22.636574327189138,0.0327320750753482,0.02051942983737093,0.014937149403107447,0.03434996424964554,0.039480570162629125,0.015062850596892566,1.12,1.12,1.12,1.12
0.06817271906294452,1.2854866459164798,22.63971159608458,0.03273205286700093,0.02051965874904252,0.014937149469338384,0.03434998645799281,0.039480341250957535,0.015062850530661628,1.12,1.12,1.12,1.12
0.06834761898440567,1.286023576780823,22.642848729923834,0.03273203051873835,0.02051988785514655,0.014937149535709668,0.03435000880625538,0.0394801121448535,0.015062850464290345,1.12,1.12,1.12,1.12
0.06852274871892049,1.286560669681261,22.64598572856659,0.032732008031826076,0.02052011715440838,0.014937149602221991,0.03435003129316766,0.039479882845591674,0.015062850397778021,1.12,1.12,1.12,1.12
0.06869810827246114,1.2870979246100214,22.64912259187261,0.03273198540751843,0.020520346645565263,0.01493714966887609,0.03435005391747531,0.03947965335443479,0.015062850331123923,1.12,1.12,1.12,1.12
0.06887369765098987,1.2876353415593333,22.652259319701702,0.032731962647056745,0.020520576327356543,0.01493714973567263,0.03435007667793699,0.03947942367264351,0.015062850264327382,1.12,1.12,1.12,1.12
0.06904951686045924,1.2881729205214265,22.655395911913754,0.032731939751670935,0.02052080619853558,0.014937149802612348,0.0343500995733228,0.039479193801464474,0.015062850197387664,1.12,1.12,1.12,1.12
0.06922556590681204,1.2887106614885333,22.658532368368704,0.0327319167225788,0.020521036257879405,0.014937149869695923,0.034350122602414934,0.03947896374212065,0.01506285013030409,1.12,1.12,1.12,1.12
0.06940184479597492,1.2892485644528775,22.661668688926518,0.03273189356099093,0.020521266504184843,0.014937149936920746,0.034350145764002804,0.03947873349581521,0.015062850063079267,1.12,1.12,1.12,1.12
0.0695783535338447,1.2897866294066536,22.664804873447085,0.03273187026812063,0.020521496936284633,0.01493715000427455,0.0343501690568731,0.03947850306371542,0.015062849995725464,1.12,1.12,1.12,1.12
0.06975509212633639,1.2903248563421,22.66794092179053,0.03273184684515029,0.02052172755299239,0.014937150071758526,0.034350192479843444,0.03947827244700766,0.015062849928241487,1.12,1.12,1.12,1.12
0.069932060579356,1.2908632452514561,22.671076833817047,0.03273182329325114,0.02052195835313131,0.014937150139373884,0.0343502160317426,0.039478041646868745,0.015062849860626129,1.12,1.12,1.12,1.12
0.07010925889880015,1.2914017961269626,22.674212609386874,0.032731799613583024,0.02052218933553962,0.014937150207121747,0.03435023971141071,0.03947781066446043,0.015062849792878266,1.12,1.12,1.12,1.12
0.0702866870905567,1.2919405089608624,22.677348248360296,0.03273177580729458,0.020522420499064997,0.01493715027500335,0.03435026351769915,0.039477579500935056,0.015062849724996663,1.12,1.12,1.12,1.12
0.0704643451605044,1.292479383745399,22.680483750597684,0.03273175187552324,0.020522651842567963,0.014937150343019776,0.034350287449470496,0.03947734815743209,0.015062849656980237,1.12,1.12,1.12,1.12
0.07064223311451316,1.2930184204728166,22.68361911595942,0.03273172781939526,0.020522883364919697,0.01493715041117219,0.034350311505598474,0.039477116635080356,0.015062849588827823,1.12,1.12,1.12,1.12
0.07082035095844423,1.2935576191353613,22.686754344305974,0.0327317036400262,0.020523115065002095,0.014937150479461717,0.03435033568496754,0.03947688493499796,0.015062849520538296,1.12,1.12,1.12,1.12
0.07099869869815008,1.29409697972528,22.68988943549786,0.03273167933852056,0.02052334694170943,0.014937150547889438,0.03435035998647318,0.03947665305829062,0.015062849452110574,1.12,1.12,1.12,1.12
0.07117727633947464,1.2946365022348214,22.693024389395628,0.0327316549159723,0.02052357899394608,0.014937150616456465,0.03435038440902144,0.039476421006053974,0.015062849383543547,1.12,1.12,1.12,1.12
0.07135608388825335,1.2951761866562341,22.6961592058599,0.03273163037346466,0.020523811220628324,0.014937150685163852,0.03435040895152908,0.03947618877937173,0.01506284931483616,1.12,1.12,1.12,1.12
0.071535121350313,1.2957160329817679,22.699293884751338,0.03273160571207029,0.020524043620683052,0.014937150754012696,0.03435043361292345,0.039475956379317,0.015062849245987317,1.12,1.12,1.12,1.12
0.07171438873147232,1.296256041203674,22.702428425930652,0.03273158093285222,0.020524276193049307,0.014937150823026532,0.034350458392141514,0.03947572380695075,0.01506284917697348,1.12,1.12,1.12,1.12
0.07189388603754142,1.296796211314204,22.705562829258596,0.0327315560368629,0.020524508936678343,0.014937150892214465,0.03435048328813084,0.03947549106332171,0.015062849107785548,1.12,1.12,1.12,1.12
0.07207361327432271,1.2973365433056077,22.708697094595976,0.032731531025144645,0.020524741850532324,0.014937150961579215,0.03435050829984909,0.03947525814946773,0.015062849038420797,1.12,1.12,1.12,1.12
0.0722535704476102,1.2978770371701382,22.711831221803635,0.032731505898729585,0.020524974933582074,0.014937151031123488,0.03435053342626415,0.03947502506641798,0.015062848968876524,1.12,1.12,1.12,1.12
0.0724337575631898,1.2984176929000482,22.714965210742456,0.03273148065863979,0.020525208184810018,0.014937151100850005,0.03435055866635395,0.039474791815190036,0.015062848899150008,1.12,1.12,1.12,1.12
0.07261417462683975,1.2989585104875905,22.718099061273385,0.03273145530588739,0.020525441603208128,0.01493715117076147,0.034350584019106345,0.039474558396791926,0.015062848829238543,1.12,1.12,1.12,1.12
0.07279482164433011,1.2994994899250183,22.721232773257395,0.032731429841474646,0.02052567518777937,0.014937151240860605,0.03435060948351909,0.039474324812220685,0.015062848759139408,1.12,1.12,1.12,1.12
0.07297569862142494,1.3000406312045873,22.72436634655552,0.03273140426639254,0.02052590893753381,0.014937151311150365,0.0343506350586012,0.03947409106246624,0.015062848688849648,1.12,1.12,1.12,1.12
0.07315680556388085,1.3005819343185518,22.727499781028808,0.03273137858162212,0.02052614285149168,0.014937151381633734,0.03435066074337162,0.03947385714850837,0.015062848618366279,1.12,1.12,1.12,1.12
0.07333814247744473,1.3011233992591673,22.730633076538375,0.03273135278813649,0.020526376928684698,0.014937151452313308,0.034350686536857244,0.039473623071315356,0.015062848547686705,1.12,1.12,1.12,1.12
0.07351970936785594,1.301665026018688,22.733766232945367,0.03273132688689967,0.02052661116815535,0.014937151523191639,0.034350712438094066,0.0394733888318447,0.015062848476808374,1.12,1.12,1.12,1.12
0.07370150624084629,1.3022068145893702,22.736899250110977,0.03273130087886583,0.02052684556895512,0.01493715159427128,0.034350738446127904,0.03947315443104493,0.015062848405728732,1.12,1.12,1.12,1.12
0.07388353310213995,1.3027487649634684,22.74003212789645,0.03273127476498022,0.020527080130144842,0.014937151665554788,0.034350764560013514,0.03947291986985521,0.015062848334445225,1.12,1.12,1.12,1.12
0.07406578995745416,1.3032908771332399,22.74316486616303,0.03273124854617859,0.020527314850794787,0.014937151737044713,0.03435079077881514,0.03947268514920527,0.0150628482629553,1.12,1.12,1.12,1.12
0.07424827681249839,1.3038331510909407,22.746297464772052,0.03273122222338781,0.020527549729984884,0.014937151808743596,0.034350817101605924,0.03947245027001517,0.015062848191256417,1.12,1.12,1.12,1.12
0.07443099367297519,1.3043755868288263,22.74942992358487,0.03273119579752526,0.020527784766803725,0.01493715188065399,0.03435084352746848,0.03947221523319633,0.015062848119346023,1.12,1.12,1.12,1.12
0.07461394054457969,1.304918184339154,22.752562242462858,0.03273116926950015,0.020528019960350086,0.014937151952778463,0.03435087005549359,0.03947198003964997,0.01506284804722155,1.12,1.12,1.12,1.12
0.07479711743300009,1.3054609436141797,22.755694421267453,0.03273114264021204,0.02052825530973057,0.014937152025119527,0.034350896684781695,0.039471744690269484,0.015062847974880486,1.12,1.12,1.12,1.12
0.0749805243439174,1.3060038646461607,22.75882645986012,0.032731115910551944,0.02052849081406244,0.014937152097679748,0.03435092341444179,0.039471509185937614,0.015062847902320264,1.12,1.12,1.12,1.12
0.0751641612830059,1.3065469474273534,22.76195835810235,0.03273108908140249,0.020528726472469838,0.014937152170461626,0.03435095024359125,0.039471273527530215,0.015062847829538387,1.12,1.12,1.12,1.12
0.07534802825593268,1.307090191950014,22.765090115855692,0.03273106215363736,0.020528962284087293,0.0149371522434677,0.03435097717135638,0.03947103771591276,0.015062847756532313,1.12,1.12,1.12,1.12
0.0755321252683582,1.3076335982063996,22.768221732981708,0.032731035128121644,0.02052919824805738,0.014937152316700536,0.03435100419687209,0.039470801751942675,0.015062847683299477,1.12,1.12,1.12,1.12
0.07571645232593599,1.3081771661887662,22.771353209342003,0.03273100800571216,0.020529434363531884,0.01493715239016262,0.03435103131928158,0.03947056563646817,0.015062847609837393,1.12,1.12,1.12,1.12
0.07590100943431298,1.3087208958893704,22.774484544798216,0.0327309807872575,0.020529670629669983,0.014937152463856462,0.034351058537736234,0.03947032937033007,0.01506284753614355,1.12,1.12,1.12,1.12
0.07608579659912929,1.3092647873004675,22.777615739212038,0.032730953473597224,0.020529907045640505,0.014937152537784784,0.03435108585139651,0.03947009295435955,0.015062847462215229,1.12,1.12,1.12,1.12
0.07627081382601864,1.309808840414314,22.780746792445157,0.03273092606556255,0.020530143610617613,0.014937152611950999,0.03435111325943119,0.03946985638938244,0.015062847388049014,1.12,1.12,1.12,1.12
0.07645606112060817,1.3103530552231653,22.783877704359316,0.03273089856397632,0.020530380323785208,0.014937152686357827,0.03435114076101742,0.039469619676214845,0.015062847313642186,1.12,1.12,1.12,1.12
0.07664153848851836,1.310897431719276,22.78700847481628,0.0327308709696531,0.020530617184335742,0.014937152761008016,0.03435116835534063,0.03946938281566431,0.015062847238991997,1.12,1.12,1.12,1.12
0.07682724593536348,1.3114419698949011,22.79013910367786,0.03273084328256448,0.020530854185167646,0.014937152727068359,0.034351196042429255,0.03946914581483241,0.015062847272931654,1.12,1.12,1.12,1.12
0.07701318346660183,1.3119866697473848,22.793269590844787,0.03273081550467777,0.020531091326099093,0.014937152694849534,0.03435122382031597,0.03946890867390096,0.015062847305150479,1.12,1.12,1.12,1.12
0.07719935108778193,1.3125315312689434,22.796399936178908,0.03273078763678411,0.020531328606902155,0.014937152664319248,0.03435125168820963,0.0394686713930979,0.015062847335680765,1.12,1.12,1.12,1.12
0.07738574880445151,1.3130765544517926,22.79953013954208,0.032730759679666266,0.020531566027308296,0.014937152635445872,0.03435127964532747,0.03946843397269176,0.015062847364554141,1.12,1.12,1.12,1.12
0.07757237662215713,1.3136217392881462,22.802660200796144,0.032730731634098786,0.020531803587014286,0.014937152608198404,0.03435130769089495,0.03946819641298577,0.01506284739180161,1.12,1.12,1.12,1.12
0.07775923454644379,1.3141670857702157,22.805790119802932,0.032730703500848335,0.0205320412856842,0.014937152582546506,0.0343513358241454,0.039467958714315854,0.015062847417453507,1.12,1.12,1.12,1.12
0.07794632258285468,1.3147125938902124,22.808919896424307,0.03273067528067286,0.020532279122953967,0.014937152558460426,0.034351364044320876,0.039467720877046086,0.015062847441539587,1.12,1.12,1.12,1.12
0.07813364073693085,1.3152582636403467,22.812049530522096,0.03273064697432332,0.02053251709843254,0.014937152535911019,0.03435139235067042,0.03946748290156751,0.015062847464088994,1.12,1.12,1.12,1.12
0.07832118901421065,1.3158040950128265,22.815179021958176,0.032730618582542226,0.020532755211705445,0.014937152514869753,0.03435142074245151,0.03946724478829461,0.01506284748513026,1.12,1.12,1.12,1.12
0.07850896742022986,1.3163500879998606,22.818308370594387,0.03273059010606483,0.02053299346233825,0.014937152495308623,0.03435144921892891,0.0394670065376618,0.01506284750469139,1.12,1.12,1.12,1.12
0.07869697596052135,1.316896242593655,22.821437576292613,0.03273056154561865,0.020533231849876876,0.014937152477200247,0.034351477779375084,0.03946676815012318,0.015062847522799766,1.12,1.12,1.12,1.12
0.07888521464061471,1.3174425587864176,22.824566638914746,0.032730532901924014,0.020533470373852114,0.014937152460517772,0.03435150642306972,0.03946652962614794,0.01506284753948224,1.12,1.12,1.12,1.12
0.07907368346603638,1.3179890365703528,22.82769555832267,0.03273050417569373,0.02053370903377849,0.014937152445234872,0.034351535149300005,0.03946629096622156,0.01506284755476514,1.12,1.12,1.12,1.12
0.07926238244230915,1.318535675937666,22.830824334378313,0.032730475367633294,0.02053394782915907,0.01493715243132579,0.03435156395736044,0.03946605217084098,0.015062847568674223,1.12,1.12,1.12,1.12
0.07945131157495218,1.3190824768805627,22.833952966943592,0.032730446478441366,0.020534186759485457,0.014937152418765254,0.03435159284655237,0.0394658132405146,0.015062847581234759,1.12,1.12,1.12,1.12
0.07964047086948099,1.3196294393912456,22.837081455880465,0.032730417508809284,0.020534425824240032,0.01493715240752852,0.03435162181618445,0.03946557417576002,0.015062847592471493,1.12,1.12,1.12,1.12
0.07982986033140707,1.3201765634619187,22.840209801050893,0.03273038845942183,0.020534665022895193,0.014937152397591372,0.0343516508655719,0.03946533497710486,0.015062847602408641,1.12,1.12,1.12,1.12
0.08001947996623793,1.320723849084785,22.843338002316848,0.03273035933095658,0.020534904354917477,0.014937152388930022,0.034351679994037154,0.039465095645082576,0.01506284761106999,1.12,1.12,1.12,1.12
0.08020932977947726,1.3212712962520472,22.846466059540344,0.03273033012408455,0.020535143819767288,0.014937152381521199,0.034351709200909186,0.039464856180232766,0.015062847618478814,1.12,1.12,1.12,1.12
0.08039940977662421,1.3218189049559073,22.849593972583403,0.03273030083946987,0.020535383416899228,0.01493715237534217,0.034351738485523864,0.039464616583100826,0.015062847624657844,1.12,1.12,1.12,1.12
0.08058971996317399,1.3223666751885668,22.852721741308052,0.032730271477770134,0.02053562314576446,0.014937152370370493,0.0343517678472236,0.039464376854235594,0.01506284762962952,1.12,1.12,1.12,1.12
0.08078026034461745,1.3229146069422273,22.85584936557637,0.03273024203963659,0.020535863005810784,0.014937152366584383,0.034351797285357144,0.03946413699418927,0.01506284763341563,1.12,1.12,1.12,1.12
0.080971030926441,1.3234627002090895,22.85897684525042,0.03273021252571379,0.02053610299648334,0.014937152363962342,0.03435182679927995,0.03946389700351671,0.015062847636037671,1.12,1.12,1.12,1.12
0.08116203171412693,1.324010954981354,22.862104180192333,0.032730182936640095,0.020536343117226075,0.0149371523624834,0.03435185638835364,0.03946365688277398,0.015062847637516613,1.12,1.12,1.12,1.12
0.08135326271315302,1.3245593712512207,22.86523137026421,0.03273015327304729,0.020536583367480488,0.014937152362126949,0.034351886051946445,0.039463416632519566,0.015062847637873064,1.12,1.12,1.12,1.12
0.08154472392899255,1.3251079490108892,22.86835841532821,0.03273012353556126,0.02053682374668911,0.014937152362872838,0.034351915789432474,0.039463176253310944,0.015062847637127175,1.12,1.12,1.12,1.12
0.08173641536711443,1.325656688252559,22.87148531524648,0.03273009372480151,0.020537064254292803,0.014937152364701334,0.034351945600192224,0.03946293574570725,0.015062847635298679,1.12,1.12,1.12,1.12
0.081928337032983,1.3262055889684277,22.874612069881234,0.03273006384138144,0.02053730488973407,0.014937152367593035,0.034351975483612296,0.03946269511026598,0.015062847632406978,1.12,1.12,1.12,1.12
0.08212048893205832,1.3267546511506945,22.877738679094662,0.03273003388590834,0.02053754565245644,0.014937152371529067,0.0343520054390854,0.03946245434754361,0.015062847628470946,1.12,1.12,1.12,1.12
0.08231287106979585,1.327303874791557,22.880865142749013,0.032730003858984,0.020537786541904357,0.014937152376490778,0.034352035466009734,0.039462213458095696,0.015062847623509235,1.12,1.12,1.12,1.12
0.08250548345164646,1.327853259883212,22.883991460706522,0.03272997376120362,0.020538027557523403,0.014937152382460031,0.03435206556379011,0.03946197244247665,0.015062847617539982,1.12,1.12,1.12,1.12
0.08269832608305681,1.328402806417856,22.887117632829476,0.03272994359315695,0.02053826869876163,0.014937152389418978,0.034352095731836785,0.03946173130123842,0.015062847610581034,1.12,1.12,1.12,1.12
0.0828913989694688,1.3289525143876857,22.890243658980147,0.0327299133554278,0.020538509965068785,0.014937152397350176,0.03435212596956594,0.03946149003493127,0.015062847602649837,1.12,1.12,1.12,1.12
0.08308470211632009,1.329502383784896,22.89336953902087,0.032729883048594366,0.020538751355898277,0.014937152406236484,0.03435215627639937,0.039461248644101776,0.015062847593763529,1.12,1.12,1.12,1.12
0.0832782355290437,1.3300524146016828,22.89649527281397,0.03272985267322914,0.020538992870705597,0.01493715241606118,0.034352186651764594,0.039461007129294456,0.015062847583938832,1.12,1.12,1.12,1.12
0.08347199921306832,1.3306026068302392,22.899620860221802,0.032729822229899064,0.020539234508949178,0.014937152426807834,0.03435221709509467,0.039460765491050875,0.015062847573192178,1.12,1.12,1.12,1.12
0.08366599317381818,1.3311529604627592,22.90274630110674,0.032729791719165346,0.02053947627009084,0.01493715243846036,0.03435224760582839,0.039460523729909214,0.015062847561539652,1.12,1.12,1.12,1.12
0.08386021741671296,1.331703475491436,22.90587159533117,0.03272976114158377,0.02053971815359512,0.014937152451002994,0.03435227818340997,0.03946028184640493,0.015062847548997019,1.12,1.12,1.12,1.12
0.08405467194704662,1.3322541519070144,22.908996742747302,0.03272973049750527,0.020539960159068393,0.014937152464073428,0.034352308827488465,0.03946003984093166,0.015062847535926585,1.12,1.12,1.12,1.12
0.08424935677004264,1.3328049896994907,22.91212174320208,0.03272969978717344,0.02054020228619144,0.014937152477133425,0.0343523395378203,0.039459797713808614,0.015062847522866588,1.12,1.12,1.12,1.12
0.0844442718910997,1.3333559888610242,22.915246596557765,0.032729669011126394,0.020540444534446423,0.014937152490168595,0.03435237031386734,0.03945955546555363,0.015062847509831417,1.12,1.12,1.12,1.12
0.08463941734961065,1.3339071495028016,22.918371303393336,0.03272963816337049,0.020540686867384778,0.014937152534466924,0.03435240116162325,0.039459313132615276,0.015062847465533089,1.12,1.12,1.12,1.12
0.08483479311714728,1.3344584715003602,22.92149586287143,0.03272960725138324,0.020540929320293222,0.014937152578996693,0.034352432073610495,0.03945907067970683,0.01506284742100332,1.12,1.12,1.12,1.12
0.08503039919909794,1.335009954845908,22.92462027485474,0.03272957627569456,0.020541171892652532,0.014937152623753794,0.034352463049299176,0.03945882810734752,0.015062847376246219,1.12,1.12,1.12,1.12
0.08522623560084708,1.335561599531654,22.92774453920596,0.03272954523682986,0.02054141458394876,0.01493715266873416,0.034352494088163876,0.039458585416051295,0.015062847331265852,1.12,1.12,1.12,1.12
0.08542230232777435,1.336113405549805,22.930868655787823,0.032729514135308835,0.020541657393672197,0.014937152713933893,0.0343525251896849,0.039458342606327856,0.01506284728606612,1.12,1.12,1.12,1.12
0.08561859938525532,1.3366653728925657,22.933992624463045,0.03272948297164674,0.020541900321318696,0.014937152759349023,0.034352556353347,0.03945809967868136,0.01506284724065099,1.12,1.12,1.12,1.12
0.0858151267786611,1.3372175015521401,22.937116445094397,0.032729451746353444,0.020542143366390986,0.014937152804975803,0.03435258757864029,0.03945785663360907,0.01506284719502421,1.12,1.12,1.12,1.12
0.0860118845133588,1.3377697915207316,22.940240117544615,0.032729420459934266,0.020542386528395046,0.014937152850810459,0.03435261886505947,0.03945761347160501,0.015062847149189554,1.12,1.12,1.12,1.12
0.08620887259471113,1.3383222427905401,22.943363641676495,0.03272938911288931,0.02054262980684446,0.014937152896849354,0.03435265021210443,0.039457370193155594,0.015062847103150659,1.12,1.12,1.12,1.12
0.08640609102807671,1.3388748553537662,22.946487017352815,0.032729357705714224,0.0205428732012555,0.01493715294308888,0.03435268161927951,0.03945712679874455,0.015062847056911133,1.12,1.12,1.12,1.12
0.08660353981881014,1.3394276292026082,22.949610244436386,0.03272932623889968,0.020543116711151388,0.014937152989525554,0.034352713086094055,0.039456883288848665,0.015062847010474459,1.12,1.12,1.12,1.12
0.08680121897226174,1.3399805643292622,22.952733322790003,0.03272929471293151,0.02054336033606033,0.014937153036155879,0.034352744612062225,0.039456639663939724,0.015062846963844134,1.12,1.12,1.12,1.12
0.08699912849377799,1.3405336607259235,22.955856252276504,0.03272926312829111,0.020543604075514865,0.014937153082976606,0.03435277619670263,0.03945639592448519,0.015062846917023406,1.12,1.12,1.12,1.12
0.08719726838870123,1.3410869183847862,22.95897903275872,0.032729231485455146,0.020543847929052395,0.014937153129984393,0.03435280783953859,0.03945615207094766,0.01506284687001562,1.12,1.12,1.12,1.12
0.0873956386623699,1.3416403372980419,22.962101664099496,0.032729199784895746,0.02054409189621595,0.014937153177176005,0.03435283954009799,0.039455908103784104,0.015062846822824008,1.12,1.12,1.12,1.12
0.08759423932011848,1.3421939174578819,22.965224146161695,0.03272916802708026,0.020544335976553363,0.01493715322454825,0.03435287129791348,0.03945566402344669,0.015062846775451763,1.12,1.12,1.12,1.12
0.08779307036727763,1.3427476588564937,22.968346478808176,0.032729136212471865,0.020544580169616855,0.014937153272098033,0.03435290311252187,0.0394554198303832,0.01506284672790198,1.12,1.12,1.12,1.12
0.08799213180917397,1.3433015614860655,22.971468661901827,0.03272910434152898,0.020544824474963003,0.014937153319822302,0.034352934983464756,0.03945517552503705,0.01506284668017771,1.12,1.12,1.12,1.12
0.08819142365113049,1.3438556253387823,22.974590695305526,0.032729072414705795,0.0205450688921546,0.014937153367718059,0.03435296691028794,0.03945493110784545,0.015062846632281954,1.12,1.12,1.12,1.12
0.08839094589846647,1.3444098504068291,22.977712578882176,0.03272904043245206,0.020545313420758382,0.01493715341578239,0.034352998892541675,0.03945468657924167,0.015062846584217623,1.12,1.12,1.12,1.12
0.0885906985564971,1.3449642366823866,22.98083431249468,0.03272900839521309,0.020545558060344166,0.014937153464012434,0.03435303092978065,0.03945444193965589,0.015062846535987579,1.12,1.12,1.12,1.12
0.08879068163053416,1.3455187841576353,22.98395589600595,0.032728976303430135,0.020545802810489067,0.014937153512405321,0.0343530630215636,0.03945419718951099,0.015062846487594692,1.12,1.12,1.12,1.12
0.08899089512588568,1.3460734928247549,22.98707732927891,0.03272894415754002,0.020546047670772505,0.014937153560958372,0.03435309516745372,0.03945395232922755,0.015062846439041641,1.12,1.12,1.12,1.12
0.08919133904785603,1.3466283626759215,22.990198612176496,0.03272891195797539,0.02054629264077995,0.014937153609668824,0.03435312736701834,0.0394537073592201,0.015062846390331189,1.12,1.12,1.12,1.12
0.0893920134017459,1.3471833937033098,22.993319744561646,0.03272887970516475,0.020546537720100455,0.014937153658534097,0.03435315961982899,0.0394534622798996,0.015062846341465916,1.12,1.12,1.12,1.12
0.08959291819285253,1.3477385858990938,22.99644072629729,0.0327288473995323,0.02054678290832726,0.01493715370755154,0.034353191925461435,0.03945321709167279,0.015062846292448473,1.12,1.12,1.12,1.12
0.0897940534264695,1.348293939255444,22.9995615572464,0.03272881504149838,0.020547028205058215,0.014937153756718738,0.034353224283495354,0.03945297179494184,0.015062846243281275,1.12,1.12,1.12,1.12
0.08999541910788707,1.3488494537645306,23.002682237271916,0.032728782631479214,0.020547273609896166,0.014937153806033276,0.03435325669351452,0.03945272639010389,0.015062846193966736,1.12,1.12,1.12,1.12
0.09019701524239175,1.3494051294185212,23.00580276623682,0.032728750169886967,0.020547519122446678,0.014937153855492713,0.03435328915510677,0.039452480877553375,0.0150628461445073,1.12,1.12,1.12,1.12
0.09039884183526668,1.3499609662095808,23.008923144004083,0.03272871765712959,0.02054776474232145,0.014937153905094674,0.034353321667864145,0.0394522352576786,0.015062846094905338,1.12,1.12,1.12,1.12
0.09060089889179182,1.3505169641298735,23.012043370436682,0.0327286850936116,0.02054801046913468,0.014937153954836843,0.03435335423138214,0.03945198953086537,0.01506284604516317,1.12,1.12,1.12,1.12
0.09080318641724353,1.3510731231715611,23.01516344539759,0.03272865247973311,0.02054825630250573,0.014937154004716985,0.034353386845260625,0.039451743697494324,0.015062845995283028,1.12,1.12,1.12,1.12
0.09100570441689469,1.3516294433268035,23.018283368749806,0.0327286198158907,0.020548502242057454,0.014937154054732754,0.034353419509103034,0.0394514977579426,0.015062845945267259,1.12,1.12,1.12,1.12
0.09120845289601523,1.3521859245877583,23.021403140356316,0.032728587102477225,0.020548748287416985,0.014937154104881237,0.03435345222251651,0.03945125171258307,0.015062845895118776,1.12,1.12,1.12,1.12
0.09141143185987151,1.3527425669465813,23.024522760080124,0.03272855433988153,0.020548994438216006,0.014937154155161086,0.034353484985112204,0.03945100556178405,0.015062845844838926,1.12,1.12,1.12,1.12
0.09161464131372683,1.3532993703954266,23.02764222778423,0.03272852152848854,0.020549240694089255,0.014937154205570319,0.034353517796505195,0.0394507593059108,0.015062845794429694,1.12,1.12,1.12,1.12
0.09181808126284095,1.3538563349264454,23.030761543331646,0.032728488668679945,0.020549487054676102,0.014937154256106866,0.03435355065631379,0.03945051294532395,0.015062845743893147,1.12,1.12,1.12,1.12
0.09202175171247076,1.3544134605317875,23.03388070658537,0.0327284557608335,0.020549733519619306,0.01493715430676873,0.03435358356416024,0.03945026648038075,0.015062845693231283,1.12,1.12,1.12,1.12
0.0922256526678698,1.3549707472036008,23.03699971740843,0.03272842280532312,0.020549980088566094,0.014937154357554078,0.034353616519670616,0.03945001991143396,0.015062845642445935,1.12,1.12,1.12,1.12
0.09242978413428854,1.3555281949340305,23.04011857566384,0.0327283898025193,0.020550226761166746,0.014937154408461398,0.03435364952247444,0.03944977323883331,0.015062845591538615,1.12,1.12,1.12,1.12
0.09263414611697424,1.3560858037152197,23.04323728121461,0.03272835675278907,0.02055047353707562,0.014937154459488858,0.03435368257220467,0.039449526462924434,0.015062845540511155,1.12,1.12,1.12,1.12
0.09283873862117127,1.35664357353931,23.046355833923776,0.03272832365649547,0.020550720415951185,0.01493715451063464,0.034353715668498264,0.03944927958404887,0.015062845489365373,1.12,1.12,1.12,1.12
0.09304356165212076,1.3572015043984396,23.049474233654355,0.032728290513998615,0.020550967397454767,0.014937154561896926,0.03435374881099512,0.039449032602545286,0.015062845438103087,1.12,1.12,1.12,1.12
0.09324861521506095,1.3577595962847464,23.052592480269368,0.03272825732565465,0.020551214481251884,0.014937154613274023,0.034353781999339084,0.03944878551874817,0.01506284538672599,1.12,1.12,1.12,1.12
0.09345389931522688,1.3583178491903636,23.055710573631867,0.03272822409181647,0.02055146166701166,0.014937154664764224,0.034353815233177265,0.03944853833298839,0.015062845335235789,1.12,1.12,1.12,1.12
0.09365941395785082,1.3588762631074247,23.05882851360486,0.03272819081283368,0.020551708954406722,0.014937154716365864,0.03435384851216006,0.03944829104559333,0.01506284528363415,1.12,1.12,1.12,1.12
0.09386515914816207,1.359434838028059,23.06194630005139,0.03272815748905228,0.0205519563431128,0.014937154768077346,0.03435388183594146,0.039448043656887255,0.015062845231922667,1.12,1.12,1.12,1.12
0.09407113489138684,1.359993573944395,23.065063932834498,0.03272812412081516,0.020552203832810256,0.014937154819897075,0.034353915204178576,0.0394477961671898,0.015062845180102938,1.12,1.12,1.12,1.12
0.09427734119274862,1.360552470848558,23.0681814118172,0.0327280907084615,0.020552451423182017,0.01493715487182351,0.03435394861653224,0.03944754857681804,0.015062845128176502,1.12,1.12,1.12,1.12
0.09448377805746806,1.3611115287326712,23.07129873686254,0.0327280572523278,0.020552699113914136,0.014937154923855153,0.034353982072665934,0.03944730088608592,0.01506284507614486,1.12,1.12,1.12,1.12
0.09469044549076285,1.3616707475888559,23.074415907833565,0.03272802375274664,0.020552946904697,0.014937154975990546,0.0343540155722471,0.03944705309530305,0.015062845024009466,1.12,1.12,1.12,1.12
0.09489734349784787,1.36223012740923,23.077532924593296,0.03272799021004791,0.02055319479522391,0.014937155028228233,0.03435404911494583,0.03944680520477614,0.01506284497177178,1.12,1.12,1.12,1.12
0.09510447208393531,1.362789668185911,23.080649787004777,0.03272795662455791,0.020553442785191833,0.014937155080566838,0.03435408270043583,0.03944655721480822,0.015062844919433174,1.12,1.12,1.12,1.12
0.09531183125423448,1.363349369911012,23.08376649493104,0.03272792299660032,0.020553690874300368,0.01493715513300499,0.034354116328393414,0.039446309125699686,0.015062844866995023,1.12,1.12,1.12,1.12
0.09551942101395205,1.3639092325766453,23.08688304823512,0.0327278893264949,0.020553939062253335,0.014937155185541395,0.03435414999849884,0.03944606093774672,0.015062844814458617,1.12,1.12,1.12,1.12
0.09572724136829201,1.3644692561749192,23.089999446780052,0.03272785561455904,0.02055418734875647,0.014937155238174696,0.034354183710434694,0.039445812651243584,0.015062844761825317,1.12,1.12,1.12,1.12
0.09593529232245546,1.3650294406979413,23.093115690428867,0.03272782186110662,0.020554435733519616,0.014937155290903698,0.034354217463887116,0.03944556426648044,0.015062844709096315,1.12,1.12,1.12,1.12
0.0961435738816411,1.3655897861378157,23.096231779044608,0.03272778806644866,0.020554684216255892,0.014937155343727138,0.03435425125854508,0.03944531578374416,0.015062844656272875,1.12,1.12,1.12,1.12
0.09635208605104478,1.3661502924866449,23.099347712490292,0.032727754230893025,0.02055493279668097,0.014937155396643836,0.03435428509410071,0.039445067203319084,0.015062844603356176,1.12,1.12,1.12,1.12
0.09656082883585984,1.3667109597365272,23.102463490628963,0.03272772035474503,0.020555181474514073,0.014937155449652628,0.03435431897024871,0.03944481852548598,0.015062844550347385,1.12,1.12,1.12,1.12
0.09676980224127646,1.3672717878795586,23.105579113323618,0.032727686438306314,0.020555430249478035,0.01493715550275175,0.03435435288668742,0.03944456975052202,0.015062844497248262,1.12,1.12,1.12,1.12
0.09697900627248286,1.3678327769078322,23.10869458043728,0.03272765248187609,0.020555679121297743,0.014937155555940149,0.034354386843117646,0.03944432087870231,0.015062844444059864,1.12,1.12,1.12,1.12
0.09718844093466467,1.3683939268134413,23.111809891832987,0.03272761848575051,0.02055592808970194,0.014937155609216685,0.03435442083924323,0.03944407191029811,0.015062844390783328,1.12,1.12,1.12,1.12
0.09739810623300493,1.3689552375884748,23.114925047373752,0.032727584450222946,0.020556177154421318,0.014937155662580373,0.03435445487477079,0.039443822845578735,0.01506284433741964,1.12,1.12,1.12,1.12
0.09760800217268423,1.36951670922502,23.118040046922598,0.032727550375583836,0.020556426315190418,0.014937155716030187,0.0343544889494099,0.039443573684809635,0.015062844283969826,1.12,1.12,1.12,1.12
0.09781812875888055,1.3700783417151612,23.12115489034252,0.03272751626212095,0.02055667557174551,0.014937155769565141,0.03435452306287279,0.039443324428254545,0.015062844230434871,1.12,1.12,1.12,1.12
0.09802848599676972,1.37064013505098,23.12426957749656,0.03272748211011922,0.020556924923827824,0.014937155823184306,0.034354557214874515,0.03944307507617223,0.015062844176815707,1.12,1.12,1.12,1.12
0.09823907389152492,1.371202089224557,23.1273841082477,0.0327274479198606,0.02055717437117935,0.014937155876886751,0.03435459140513314,0.039442825628820705,0.015062844123113261,1.12,1.12,1.12,1.12
0.09844989244831691,1.3717642042279676,23.13049848245896,0.03272741369162463,0.02055742391354584,0.014937155930671589,0.03435462563336911,0.03944257608645421,0.015062844069328424,1.12,1.12,1.12,1.12
0.0986609416723141,1.3723264800532868,23.133612699993336,0.03272737942568793,0.020557673550676364,0.014937155984537959,0.034354659899305806,0.03944232644932369,0.015062844015462054,1.12,1.12,1.12,1.12
0.09887222156868258,1.3728889166925864,23.13672676071382,0.03272734512232445,0.020557923282321866,0.014937156038485014,0.03435469420266929,0.03944207671767819,0.015062843961514999,1.12,1.12,1.12,1.12
0.09908373214258602,1.3734515141379342,23.13984066448342,0.032727310781805574,0.020558182370283784,0.014937156092511977,0.03435472854318816,0.03944181762971627,0.015062843907488035,1.12,1.12,1.12,1.12
0.09929547349830053,1.3740142723335207,23.142954410291054,0.032727276391227744,0.020558440690991858,0.014937156146660538,0.03435476293376599,0.039441559309008195,0.015062843853339475,1.12,1.12,1.12,1.12
0.09950744563196748,1.3745771912757037,23.146067998078586,0.03272724195221638,0.020558698314855517,0.014937156200925186,0.03435479737277736,0.039441301685144536,0.015062843799074827,1.12,1.12,1.12,1.12
0.0997196485404607,1.3751402709604865,23.149181427781407,0.03272720746628033,0.020558955306567428,0.014937156255300787,0.03435483185871341,0.039441044693432625,0.015062843744699225,1.12,1.12,1.12,1.12
0.09993208222132721,1.3757035113835483,23.152294699329005,0.0327271729348203,0.020559211725567045,0.014937156309782637,0.03435486639017343,0.03944078827443301,0.015062843690217376,1.12,1.12,1.12,1.12
0.10014474667273313,1.376266912540266,23.155407812645432,0.032727138359138375,0.020559467626465433,0.014937156364366433,0.03435490096585536,0.03944053237353462,0.01506284363563358,1.12,1.12,1.12,1.12
0.100357641893413,1.3768304744257427,23.158520767649733,0.03272710374044557,0.020559723059435403,0.01493715641904822,0.03435493558454816,0.03944027694056465,0.015062843580951793,1.12,1.12,1.12,1.12
0.10057076788262452,1.377394197034827,23.161633564256366,0.03272706907986872,0.020559978070571916,0.01493715647382432,0.034354970245125016,0.03944002192942814,0.015062843526175693,1.12,1.12,1.12,1.12
0.10078412464010565,1.3779580803621354,23.164746202375547,0.032727034378457365,0.020560232702221515,0.014937156528691431,0.03435500494653637,0.03943976729777854,0.015062843471308582,1.12,1.12,1.12,1.12
0.10099771216603592,1.3785221244020691,23.167858681913607,0.032726999637190335,0.020560486993285693,0.014937156583646444,0.0343550396878034,0.03943951300671436,0.015062843416353569,1.12,1.12,1.12,1.12
0.1012115304610008,1.3790863291488316,23.170971002773314,0.03272696485698051,0.020560740979500752,0.014937156638686555,0.034355074468013225,0.0394392590204993,0.015062843361313458,1.12,1.12,1.12,1.12
0.10142557952595875,1.3796506945964462,23.17408316485415,0.03272693003868071,0.020560994693691492,0.014937156693809184,0.034355109286313024,0.03943900530630856,0.015062843306190829,1.12,1.12,1.12,1.12
0.10163985936221068,1.3802152207387681,23.17719516805256,0.0327268951830883,0.020561248166010154,0.014937156749011943,0.034355144141905436,0.0394387518339899,0.01506284325098807,1.12,1.12,1.12,1.12
0.10185436997137282,1.3807799075694998,23.180307012262247,0.0327268602909489,0.020561501424149142,0.014937156804292667,0.034355179034044836,0.03943849857585091,0.015062843195707346,1.12,1.12,1.12,1.12
0.10206911135535046,1.3813447550822024,23.18341869737432,0.032726825362961676,0.020561754493542445,0.014937156859649386,0.03435521396203206,0.03943824550645761,0.015062843140350626,1.12,1.12,1.12,1.12
0.10228408351631497,1.3819097632703052,23.186530223277572,0.03272679039978166,0.020562007397548737,0.014937156915080296,0.03435524892521208,0.039437992602451316,0.015062843084919716,1.12,1.12,1.12,1.12
0.10249928645668192,1.38247493212712,23.189641589858628,0.03272675540202441,0.020562260157616558,0.014937156970583718,0.034355283922969326,0.039437739842383496,0.015062843029416295,1.12,1.12,1.12,1.12
0.1027147201790915,1.3830402616458466,23.192752797002115,0.03272672037026808,0.020562512793441595,0.014937157026158152,0.034355318954725655,0.03943748720655846,0.015062842973841861,1.12,1.12,1.12,1.12
0.10293038468638978,1.3836057518195843,23.195863844590846,0.03272668530505696,0.02056276532310669,0.01493715708180221,0.03435535401993678,0.03943723467689336,0.015062842918197802,1.12,1.12,1.12,1.12
0.10314627998161252,1.3841714026413383,23.19897473250597,0.032726650206903685,0.02056301776321373,0.014937157137514659,0.03435538911809005,0.03943698223678632,0.015062842862485354,1.12,1.12,1.12,1.12
0.1033624060679692,1.3847372141040273,23.202085460627057,0.03272661507629232,0.020563270129002387,0.014937157193294387,0.034355424248701416,0.03943672987099767,0.015062842806705626,1.12,1.12,1.12,1.12
0.10357876294882927,1.3853031862004916,23.2051960288323,0.03272657991367972,0.020563522434460857,0.014937157249140326,0.034355459411314015,0.039436477565539196,0.015062842750859687,1.12,1.12,1.12,1.12
0.10379535062770873,1.385869318923497,23.20830643699855,0.03272654471949804,0.020563774692426984,0.014937157305051574,0.034355494605495696,0.03943622530757307,0.015062842694948439,1.12,1.12,1.12,1.12
0.10401216910825838,1.3864356122657426,23.211416685001492,0.03272650949415695,0.020564026914682093,0.014937157361027298,0.034355529830836784,0.03943597308531796,0.015062842638972715,1.12,1.12,1.12,1.12
0.10422921839425277,1.387002066219865,23.21452677271568,0.0327264742380447,0.020564279112034983,0.014937157417066763,0.034355565086949036,0.03943572088796507,0.01506284258293325,1.12,1.12,1.12,1.12
0.10444649848957983,1.3875686807784435,23.21763670001466,0.03272643895153021,0.020564531294401667,0.014937157473169288,0.034355600373463524,0.03943546870559839,0.015062842526830725,1.12,1.12,1.12,1.12
0.10466400939823194,1.3881354559340047,23.220746466771043,0.03272640363496426,0.020564783470877535,0.014937157529334277,0.034355635690029473,0.03943521652912252,0.015062842470665735,1.12,1.12,1.12,1.12
0.10488175112429694,1.3887023916790258,23.223856072856584,0.032726368288681196,0.02056503564980347,0.014937157585561245,0.03435567103631254,0.03943496435019658,0.015062842414438768,1.12,1.12,1.12,1.12
0.10509972367195052,1.3892694880059386,23.226965518142272,0.03272633291299948,0.02056528783882805,0.014937157641849705,0.03435570641199426,0.039434712161172,0.015062842358150308,1.12,1.12,1.12,1.12
0.10531792704544887,1.3898367449071332,23.230074802498315,0.03272629750822398,0.02056554004496175,0.014937157698199269,0.03435574181676976,0.039434459955038303,0.015062842301800744,1.12,1.12,1.12,1.12
0.10553636124912202,1.3904041623749621,23.233183925794293,0.03272626207464563,0.020565792274629374,0.01493715775460959,0.03435577725034811,0.03943420772537068,0.015062842245390423,1.12,1.12,1.12,1.12
0.10575502628736794,1.3909717404017412,23.236292887899175,0.032726226612543374,0.020566044533718464,0.01493715781108039,0.03435581271245036,0.03943395546628159,0.015062842188919623,1.12,1.12,1.12,1.12
0.10597392216464639,1.3915394789797535,23.239401688681326,0.032726191122185055,0.02056629682762201,0.014937157867611434,0.03435584820280868,0.03943370317237804,0.01506284213238858,1.12,1.12,1.12,1.12
0.10619304888547423,1.392107378101251,23.24251032800864,0.032726155603827745,0.020566549161278203,0.014937157924202527,0.03435588372116599,0.03943345083872185,0.015062842075797486,1.12,1.12,1.12,1.12
0.10641240645442043,1.3926754377584587,23.24561880574847,0.03272612005771858,0.020566801539208424,0.014937157980853516,0.03435591926727516,0.03943319846079163,0.015062842019146497,1.12,1.12,1.12,1.12
0.10663199487610178,1.3932436579435739,23.2487271217678,0.03272608448409581,0.02056705396554892,0.014937158037564333,0.03435595484089793,0.03943294603445113,0.01506284196243568,1.12,1.12,1.12,1.12
0.10685181415517878,1.3938120386487696,23.251835275933153,0.03272604888318903,0.020567306444085692,0.014937158094334865,0.03435599044180471,0.03943269355591436,0.015062841905665147,1.12,1.12,1.12,1.12
0.10707186429635206,1.3943805798661977,23.25494326811069,0.03272601325522029,0.020567558978278666,0.014937158151165086,0.03435602606977345,0.03943244102172139,0.015062841848834926,1.12,1.12,1.12,1.12
0.10729214530435889,1.394949281587988,23.258051098166245,0.03272597760040408,0.02056781157129145,0.014937158208054996,0.03435606172458966,0.0394321884287086,0.015062841791945017,1.12,1.12,1.12,1.12
0.1075126571839701,1.3955181438062505,23.26115876596532,0.0327259419189479,0.020568064226013566,0.014937158265004635,0.03435609740604584,0.03943193577398649,0.015062841734995377,1.12,1.12,1.12,1.12
0.10773339993998704,1.3960871665130765,23.264266271373128,0.03272590621105331,0.020568316945083376,0.014937158322014088,0.034356133113940424,0.03943168305491668,0.015062841677985925,1.12,1.12,1.12,1.12
0.10795437357723935,1.3966563497005422,23.26737361425461,0.03272587047691555,0.02056856973090848,0.014937158379083396,0.034356168848078183,0.03943143026909157,0.015062841620916617,1.12,1.12,1.12,1.12
0.10817557810058198,1.3972256933607063,23.27048079447447,0.03272583471672458,0.020568822585685348,0.01493715843621271,0.03435620460826916,0.039431177414314705,0.015062841563787302,1.12,1.12,1.12,1.12
0.10839701351489342,1.397795197485614,23.273587811897166,0.03272579893066502,0.02056907551141518,0.014937158493402145,0.03435624039432872,0.03943092448858487,0.015062841506597868,1.12,1.12,1.12,1.12
0.10861867982507345,1.3983648620672953,23.276694666386966,0.03272576311891651,0.02056932850992016,0.014937158550651877,0.03435627620607723,0.039430671490079894,0.015062841449348136,1.12,1.12,1.12,1.12
0.10884057703604127,1.3989346870977686,23.27980135780793,0.032725727281654515,0.02056958158285821,0.014937158607962117,0.03435631204333922,0.039430418417141844,0.015062841392037896,1.12,1.12,1.12,1.12
0.10906270515273375,1.3995046725690388,23.28290788602394,0.032725691419049796,0.020569834731736403,0.014937158665333058,0.03435634790594394,0.03943016526826365,0.015062841334666954,1.12,1.12,1.12,1.12
0.10928506418010375,1.4000748184731007,23.28601425089871,0.03272565553126938,0.020570087957923228,0.01493715872276491,0.034356383793724354,0.039429912042076826,0.015062841277235103,1.12,1.12,1.12,1.12
0.10950765412311908,1.4006451248019376,23.28912045229581,0.032725619618476254,0.020570341262660496,0.014937158780257948,0.03435641970651748,0.03942965873733956,0.015062841219742065,1.12,1.12,1.12,1.12
0.10973047498676057,1.4012155915475226,23.29222649007867,0.032725583680830284,0.02057059464707328,0.014937158837812436,0.03435645564416345,0.03942940535292677,0.015062841162187576,1.12,1.12,1.12,1.12
0.10995352677602127,1.4017862187018206,23.295332364110575,0.03272554771848751,0.02057084811217902,0.014937158895428654,0.03435649160650622,0.039429151887821035,0.015062841104571359,1.12,1.12,1.12,1.12
0.11017680949590486,1.402357006256786,23.29843807425471,0.03272551173160121,0.020571101658896918,0.014937158953106891,0.03435652759339253,0.039428898341103136,0.015062841046893122,1.12,1.12,1.12,1.12
0.11040032315142555,1.4029279542043658,23.301543620374133,0.03272547572032136,0.02057135528805612,0.014937159010847495,0.034356563604672374,0.03942864471194393,0.015062840989152518,1.12,1.12,1.12,1.12
0.11062406774760564,1.4034990625364978,23.304649002331804,0.03272543968479491,0.020571609000402835,0.014937159068650771,0.034356599640198826,0.03942839099959722,0.015062840931349242,1.12,1.12,1.12,1.12
0.1108480432894762,1.4040703312451133,23.307754219990592,0.032725403625166904,0.020571862796607165,0.014937159126517066,0.03435663569982683,0.03942813720339289,0.015062840873482947,1.12,1.12,1.12,1.12
0.11107224978207518,1.4046417603221357,23.31085927321326,0.032725367541579176,0.020572116677270103,0.014937159184446769,0.03435667178341456,0.03942788332272995,0.015062840815553244,1.12,1.12,1.12,1.12
0.11129668723044697,1.4052133497594816,23.31396416186252,0.03272533143417122,0.020572370642927468,0.01493715924244024,0.03435670789082251,0.039427629357072586,0.015062840757559773,1.12,1.12,1.12,1.12
0.11152135563964212,1.405785099549062,23.317068885800975,0.03272529530308038,0.020572624694058572,0.014937159300497826,0.034356744021913355,0.03942737530594148,0.015062840699502186,1.12,1.12,1.12,1.12
0.11174625501471609,1.4063570096827793,23.32017344489119,0.03272525914844193,0.020572878831086827,0.01493715935862,0.034356780176551804,0.039427121168913226,0.015062840641380013,1.12,1.12,1.12,1.12
0.11197138536072773,1.4069290801525238,23.323277838995576,0.032725222970387935,0.020573133054388543,0.014937159416805235,0.0343568163546058,0.03942686694561151,0.015062840583194778,1.12,1.12,1.12,1.12
0.11219674668274103,1.4075013109501844,23.32638206797654,0.0327251867690489,0.020573387364294038,0.01493715947505321,0.03435685255594484,0.039426612635706015,0.015062840524946802,1.12,1.12,1.12,1.12
0.11242233898582357,1.408073702067646,23.329486131696434,0.03272515054455394,0.020573641761092165,0.014937159533364247,0.0343568887804398,0.03942635823890789,0.015062840466635766,1.12,1.12,1.12,1.12
0.11264816227504629,1.4086462534967894,23.332590030017588,0.03272511429703018,0.020573896245034307,0.014937159591738594,0.03435692502796356,0.03942610375496575,0.015062840408261419,1.12,1.12,1.12,1.12
0.11287421655548302,1.4092189652294889,23.335693762802233,0.03272507802660307,0.02057415081633701,0.014937159650176612,0.034356961298390665,0.03942584918366304,0.0150628403498234,1.12,1.12,1.12,1.12
0.11310050183220986,1.4097918372576157,23.338797329912598,0.032725041733396354,0.020574405475184465,0.014937159708678621,0.03435699759159738,0.03942559452481559,0.015062840291321392,1.12,1.12,1.12,1.12
0.11332701811030477,1.4103648695730335,23.34190073121083,0.03272500541753204,0.02057466022173282,0.014937159767245023,0.0343570339074617,0.03942533977826723,0.01506284023275499,1.12,1.12,1.12,1.12
0.1135537653948478,1.410938062167604,23.345003966559077,0.03272496907913075,0.02057491505611095,0.014937159825876178,0.034357070245862986,0.039425084943889105,0.015062840174123834,1.12,1.12,1.12,1.12
0.11378074369092035,1.4115114150331824,23.34810703581942,0.032724932718311395,0.02057516997842468,0.014937159884572435,0.03435710660668234,0.039424830021575374,0.015062840115427578,1.12,1.12,1.12,1.12
0.11400795300360489,1.4120849281616206,23.351209938853906,0.03272489633519149,0.020575424988756474,0.014937159943334194,0.03435714298980225,0.03942457501124358,0.015062840056665819,1.12,1.12,1.12,1.12
0.1142353933379849,1.4126586015447644,23.354312675524568,0.03272485992988711,0.020575680087169534,0.014937160002161803,0.03435717939510663,0.03942431991283052,0.01506283999783821,1.12,1.12,1.12,1.12
0.11446306469914475,1.4132324351744576,23.357415245693375,0.03272482350251299,0.020575935273708157,0.014937160061055665,0.03435721582248075,0.039424064726291896,0.015062839938944347,1.12,1.12,1.12,1.12
0.11469096709216897,1.4138064290425376,23.360517649222288,0.03272478705318255,0.020576190548400763,0.014937160120016169,0.03435725227181119,0.03942380945159929,0.015062839879983844,1.12,1.12,1.12,1.12
0.1149191005221427,1.4143805831408387,23.363619885973236,0.03272475058200769,0.020576445911259317,0.014937160179043701,0.03435728874298605,0.039423554088740737,0.015062839820956311,1.12,1.12,1.12,1.12
0.11514746499415135,1.4149548974611914,23.366721955808124,0.03272471408909955,0.020576701362283206,0.014937160238138625,0.03435732523589419,0.03942329863771685,0.015062839761861388,1.12,1.12,1.12,1.12
0.11537606051328009,1.4155293719954223,23.369823858588823,0.03272467757456726,0.02057695690145836,0.01493716029730141,0.034357361750426474,0.039423043098541694,0.015062839702698602,1.12,1.12,1.12,1.12
0.11560488708461408,1.4161040067353534,23.372925594177175,0.03272464103851974,0.020577212528758965,0.01493716035653242,0.034357398286473995,0.03942278747124109,0.015062839643467593,1.12,1.12,1.12,1.12
0.11583394471323741,1.4166788016728011,23.376027162435,0.032724604481064345,0.0205774682441503,0.014937160415831693,0.03435743484392939,0.039422531755849755,0.01506283958416832,1.12,1.12,1.12,1.12
0.11606323340423269,1.417253756799579,23.37912856322411,0.03272456790230854,0.020577724047589008,0.014937160475198996,0.03435747142268519,0.039422275952411046,0.015062839524801017,1.12,1.12,1.12,1.12
0.11629275316268411,1.4178288721074979,23.38222979640627,0.03272453130235742,0.020577979939021385,0.014937160534634897,0.03435750802263632,0.03942202006097867,0.015062839465365116,1.12,1.12,1.12,1.12
0.11652250399367531,1.4184041475883662,23.385330861843265,0.032724494681314886,0.020578235918386534,0.01493716059414002,0.03435754464367885,0.03942176408161352,0.015062839405859993,1.12,1.12,1.12,1.12
0.11675248590228895,1.4189795832339869,23.38843175939682,0.03272445803928414,0.02057849198561601,0.014937160653714837,0.03435758128570959,0.039421508014384044,0.015062839346285176,1.12,1.12,1.12,1.12
0.11698269889360545,1.41955517903616,23.391532488928668,0.03272442137636827,0.020578748140636816,0.014937160713359432,0.03435761794862546,0.03942125185936324,0.01506283928664058,1.12,1.12,1.12,1.12
0.11721314297270623,1.420130934986682,23.39463305030052,0.03272438469266825,0.02057900438336896,0.014937160773074554,0.034357654632325485,0.039420995616631094,0.015062839226925459,1.12,1.12,1.12,1.12
0.11744381814467203,1.4207068510773468,23.397733443374058,0.03272434798828422,0.020579260713727676,0.014937160832860855,0.03435769133670952,0.03942073928627238,0.015062839167139158,1.12,1.12,1.12,1.12
0.11767472441458092,1.4212829272999334,23.400833668010883,0.032724311263313544,0.020579517131624453,0.01493716089271642,0.03435772806168019,0.0394204828683756,0.015062839107283593,1.12,1.12,1.12,1.12
0.11790586178748752,1.4218591636460354,23.403933724071337,0.03272427451782833,0.020579773636983156,0.014937160952597422,0.0343577648071654,0.0394202263630169,0.01506283904740259,1.12,1.12,1.12,1.12
0.11813723026846921,1.422435560107433,23.407033611417024,0.03272423775192512,0.02058003022970656,0.014937161012504169,0.034357801573068614,0.039419969770293495,0.015062838987495844,1.12,1.12,1.12,1.12
0.11836882986260196,1.4230121166759009,23.410133329909552,0.032724200965699723,0.02058028690969499,0.014937161072436936,0.03435783835929401,0.039419713090305064,0.015062838927563077,1.12,1.12,1.12,1.12
0.11860066057496073,1.4235888333432123,23.413232879410494,0.03272416415924634,0.020580543676846336,0.01493716113239607,0.0343578751657474,0.03941945632315372,0.015062838867603942,1.12,1.12,1.12,1.12
0.11883272241061925,1.4241657101011356,23.416332259781406,0.03272412733265889,0.02058080053105521,0.01493716119238181,0.034357911992334844,0.03941919946894484,0.015062838807618203,1.12,1.12,1.12,1.12
0.11906501537465042,1.4247427469414355,23.419431470883854,0.03272409048603031,0.020581057472214725,0.014937161252394499,0.034357948838963426,0.03941894252778533,0.015062838747605514,1.12,1.12,1.12,1.12
0.11929753947212562,1.425319943855875,23.422530512579357,0.03272405361945252,0.02058131450021633,0.014937161312434388,0.034357985705541216,0.03941868549978372,0.015062838687565624,1.12,1.12,1.12,1.12
0.11953029470811503,1.4258973008362112,23.425629384729437,0.03272401673301656,0.020581571614949556,0.014937161372501756,0.03435802259197718,0.0394184283850505,0.015062838627498257,1.12,1.12,1.12,1.12
0.11976328108768777,1.4264748178741997,23.428728087195587,0.03272397982681252,0.020581828816303688,0.014937161432596921,0.034358059498181215,0.039418171183696366,0.015062838567403092,1.12,1.12,1.12,1.12
0.11999649861591154,1.4270524949615913,23.4318266198393,0.03272394290092984,0.02058208610416523,0.014937161492720119,0.0343580964240639,0.03941791389583482,0.015062838507279894,1.12,1.12,1.12,1.12
0.12022994729785275,1.4276303320901338,23.43492498252204,0.032723905955457155,0.0205823434784215,0.014937161552871628,0.03435813336953658,0.039417656521578553,0.015062838447128385,1.12,1.12,1.12,1.12
0.12046362713857661,1.4282083292515715,23.43802317510526,0.03272386899048202,0.020582600938958362,0.014937161613051739,0.03435817033451172,0.03941739906104169,0.015062838386948274,1.12,1.12,1.12,1.12
0.12069753814314699,1.4287864864376454,23.44112119745041,0.03272383200609141,0.020582858485661548,0.014937161673260688,0.03435820731890232,0.039417141514338505,0.015062838326739325,1.12,1.12,1.12,1.12
0.12093168031665372,1.429364803640096,23.444219049418784,0.03272379500234757,0.020583116118390893,0.014937161733502041,0.03435824432264617,0.03941688388160916,0.015062838266497972,1.12,1.12,1.12,1.12
0.12116605366418175,1.429943280850659,23.447316730871684,0.03272375797931476,0.020583373837008034,0.014937161793778853,0.034358281345678976,0.03941662616299202,0.01506283820622116,1.12,1.12,1.12,1.12
0.12140065819079138,1.4305219180610647,23.4504142416705,0.03272372093707737,0.020583631641398203,0.014937161854091302,0.034358318387916365,0.03941636835860185,0.01506283814590871,1.12,1.12,1.12,1.12
0.12163549390154103,1.4311007152630397,23.45351158167661,0.03272368387571917,0.020583889531447325,0.014937161914439515,0.03435835544927457,0.03941611046855273,0.015062838085560498,1.12,1.12,1.12,1.12
0.12187056080148789,1.431679672448307,23.456608750751393,0.03272364679532297,0.02058414750704024,0.01493716197482367,0.03435839252967077,0.03941585249295981,0.015062838025176342,1.12,1.12,1.12,1.12
0.12210585889568822,1.4322587896085874,23.45970574875617,0.03272360969597071,0.020584405568062653,0.014937162035243881,0.034358429629023024,0.0394155944319374,0.015062837964756132,1.12,1.12,1.12,1.12
0.12234138818919647,1.4328380667355967,23.462802575552296,0.03272357257774411,0.020584663714400903,0.014937162095700285,0.03435846674724963,0.03941533628559915,0.015062837904299728,1.12,1.12,1.12,1.12
0.12257714868706593,1.4334175038210475,23.46589923100109,0.03272353544072337,0.02058492194594108,0.01493716215619309,0.034358503884270364,0.03941507805405897,0.015062837843806923,1.12,1.12,1.12,1.12
0.12281314039434857,1.4339971008566494,23.468995714963846,0.032723498284988606,0.02058518026257078,0.014937162216722394,0.03435854104000513,0.039414819737429274,0.015062837783277619,1.12,1.12,1.12,1.12
0.12304936331609509,1.4345768578341092,23.472092027301862,0.03272346111061508,0.020585438664177336,0.014937162277288321,0.034358578214378654,0.03941456133582272,0.015062837722711692,1.12,1.12,1.12,1.12
0.1232858174573547,1.4351567747451286,23.475188167876404,0.03272342391768035,0.020585697150649118,0.014937162337891025,0.034358615407313386,0.039414302849350935,0.015062837662108988,1.12,1.12,1.12,1.12
0.12352250282317528,1.4357368515814066,23.478284136548748,0.032723386706262236,0.02058595572187516,0.014937162398530657,0.0343586526187315,0.03941404427812489,0.015062837601469356,1.12,1.12,1.12,1.12
0.12375941941860358,1.436317088334639,23.48137993318012,0.032723349476437624,0.020586214377745354,0.014937162459207343,0.03435868984855611,0.0394137856222547,0.01506283754079267,1.12,1.12,1.12,1.12
0.12399656724868474,1.4368974849965177,23.484475557631765,0.03272331222828312,0.020586473118150372,0.014937162519921207,0.03435872709671062,0.03941352688184968,0.015062837480078806,1.12,1.12,1.12,1.12
0.12423394631846288,1.4374780415587314,23.487571009764896,0.032723274961873994,0.020586731942981995,0.014937162580672347,0.03435876436311974,0.03941326805701806,0.015062837419327665,1.12,1.12,1.12,1.12
0.12447155663298055,1.4380587580129651,23.49066628944071,0.03272323767728552,0.020586990852131892,0.014937162641460944,0.034358801647708215,0.03941300914786816,0.015062837358539069,1.12,1.12,1.12,1.12
0.12470939819727925,1.4386396343509007,23.4937613965204,0.03272320037459192,0.02058724984549337,0.014937162702287107,0.034358838950401815,0.03941275015450668,0.015062837297712905,1.12,1.12,1.12,1.12
0.12494747101639869,1.4392206705642157,23.496856330865125,0.03272316305386663,0.02058750892296085,0.014937162763150963,0.0343588762711271,0.0394124910770392,0.01506283723684905,1.12,1.12,1.12,1.12
0.1251857750953779,1.4398018666445846,23.49995109233605,0.032723125715182544,0.02058776808442936,0.014937162824052608,0.03435891360981119,0.039412231915570695,0.015062837175947405,1.12,1.12,1.12,1.12
0.12542431043925426,1.4403832225836788,23.50304568079432,0.032723088358612096,0.020588027329795172,0.014937162884992139,0.03435895096638164,0.03941197267020488,0.015062837115007874,1.12,1.12,1.12,1.12
0.12566307705306387,1.440964738373166,23.50614009610105,0.032723050984226676,0.02058828665895529,0.01493716294596975,0.03435898834076706,0.03941171334104476,0.015062837054030262,1.12,1.12,1.12,1.12
0.12590207494184158,1.4415464140047096,23.509234338117352,0.03272301359209728,0.02058854607180749,0.014937163006985485,0.03435902573289645,0.039411453928192564,0.015062836993014528,1.12,1.12,1.12,1.12
0.12614130411062102,1.4421282494699708,23.512328406704317,0.03272297618229414,0.02058880556825099,0.014937163068039494,0.0343590631426996,0.039411194431749064,0.015062836931960519,1.12,1.12,1.12,1.12
0.12638076456441735,1.4427102447604758,23.515422301722147,0.032722938754869424,0.02058906514819811,0.014937163129101927,0.03435910057012431,0.03941093485180194,0.015062836870898086,1.12,1.12,1.12,1.12
0.12662045630825586,1.4432923998678344,23.518516023031612,0.032722901309886254,0.0205893248115534,0.014937163190163388,0.03435913801510748,0.03941067518844665,0.015062836809836624,1.12,1.12,1.12,1.12
0.1268603793471666,1.4438747147837014,23.521609570493787,0.03272286384741374,0.02058958455821913,0.01493716325122521,0.034359175477579995,0.03941041544178092,0.015062836748774802,1.12,1.12,1.12,1.12
0.12710053368617844,1.4444571894997265,23.52470294396973,0.03272282636752005,0.020589844388098244,0.014937163312288643,0.034359212957473684,0.03941015561190181,0.01506283668771137,1.12,1.12,1.12,1.12
0.1273409193303189,1.4450398240075555,23.527796143320472,0.03272278887027319,0.020590104301095064,0.014937163373355003,0.03435925045472055,0.03940989569890499,0.01506283662664501,1.12,1.12,1.12,1.12
0.1275815362846145,1.4456226182988314,23.530889168407057,0.032722751355740154,0.02059036429711475,0.014937163434425513,0.03435928796925358,0.039409635702885304,0.0150628365655745,1.12,1.12,1.12,1.12
0.12782238455408984,1.4462055723651934,23.53398201909049,0.03272271382398745,0.02059062437606482,0.014937163495501282,0.03435932550100629,0.03940937562393523,0.01506283650449873,1.12,1.12,1.12,1.12
0.12806346414376746,1.4467886861982753,23.537074695231762,0.03272267627508224,0.02059088453785357,0.014937163556583019,0.034359363049911495,0.03940911546214648,0.015062836443416994,1.12,1.12,1.12,1.12
0.12830477505867002,1.4473719597897081,23.54016719669184,0.03272263870908948,0.02059114478239016,0.014937163617671778,0.034359400615904256,0.039408855217609895,0.015062836382328235,1.12,1.12,1.12,1.12
0.12854631730381882,1.44795539313112,23.543259523331685,0.03272260112607395,0.020591405109583738,0.014937163678768656,0.03435943819891979,0.039408594890416315,0.015062836321231357,1.12,1.12,1.12,1.12
0.12878809088423449,1.4485389862141351,23.546351675012247,0.032722563526099646,0.020591665519345548,0.01493716373987472,0.03435947579889409,0.039408334480654506,0.015062836260125292,1.12,1.12,1.12,1.12
0.12903009580493574,1.4491227390303743,23.549443651594437,0.03272252590922997,0.020591926011588157,0.014937163800990985,0.034359513415763765,0.039408073988411896,0.015062836199009028,1.12,1.12,1.12,1.12
0.12927233207094088,1.4497066515714545,23.552535452939175,0.03272248827552782,0.020592186586223638,0.014937163862118435,0.03435955104946592,0.039407813413776416,0.015062836137881577,1.12,1.12,1.12,1.12
0.12951479968726556,1.4502907238289873,23.555627078907335,0.03272245062505574,0.020592447243167056,0.01493716392325764,0.03435958869993799,0.039407552756833,0.015062836076742372,1.12,1.12,1.12,1.12
0.12975749865892336,1.45087495579458,23.558718529359798,0.0327224129578767,0.02059270798233548,0.01493716398440885,0.034359626367117035,0.039407292017664575,0.015062836015591163,1.12,1.12,1.12,1.12
0.13000042899092898,1.4514593474598378,23.561809804157416,0.032722375274051585,0.02059296880364525,0.014937164045572937,0.03435966405094215,0.0394070311963548,0.015062835954427076,1.12,1.12,1.12,1.12
0.1302435906882958,1.4520438988163626,23.56490090316101,0.03272233757364079,0.02059322970701355,0.01493716410675075,0.034359701751352945,0.039406770292986504,0.015062835893249263,1.12,1.12,1.12,1.12
0.1304869837560357,1.452628609855754,23.56799182623143,0.032722299856704384,0.02059349069235883,0.014937164167943134,0.03435973946828935,0.039406509307641224,0.015062835832056878,1.12,1.12,1.12,1.12
0.13073060819916008,1.453213480569605,23.571082573229454,0.032722262123301704,0.020593751759600154,0.014937164229150895,0.03435977720169203,0.0394062482403999,0.015062835770849117,1.12,1.12,1.12,1.12
0.13097446402267848,1.4537985109495073,23.574173144015884,0.032722224373491426,0.020594012908658588,0.014937164290374838,0.03435981495150231,0.039405987091341466,0.015062835709625175,1.12,1.12,1.12,1.12
0.1312185512315998,1.4543837009870477,23.577263538451493,0.032722186607332115,0.02059427413945525,0.014937164351615684,0.03435985271766162,0.039405725860544805,0.015062835648384329,1.12,1.12,1.12,1.12
0.1314628698309317,1.4549690506738095,23.580353756397024,0.03272214882488128,0.020594535451912616,0.014937164412874154,0.034359890500112455,0.03940546454808744,0.015062835587125858,1.12,1.12,1.12,1.12
0.13170741982568082,1.455554560001373,23.58344379771321,0.0327221110261961,0.0205947968459545,0.014937164474151027,0.03435992829879764,0.039405203154045554,0.015062835525848986,1.12,1.12,1.12,1.12
0.13195220122085258,1.4561402289613143,23.586533662260777,0.03272207321133347,0.020595058321505377,0.014937164535446967,0.03435996611366027,0.039404941678494676,0.015062835464553045,1.12,1.12,1.12,1.12
0.13219721402145118,1.456726057545205,23.589623349900418,0.03272203538034946,0.02059531987849078,0.014937164596762698,0.03436000394464428,0.03940468012150927,0.015062835403237315,1.12,1.12,1.12,1.12
0.1324424582324805,1.4573120457446145,23.592712860492824,0.032721997533299685,0.020595581516837713,0.01493716465809887,0.03436004179169405,0.03940441848316234,0.015062835341901143,1.12,1.12,1.12,1.12
0.1326879338589424,1.4578981935511077,23.595802193898653,0.032721959670239276,0.020595843236473288,0.014937164719456192,0.03436007965475446,0.039404156763526765,0.015062835280543821,1.12,1.12,1.12,1.12
0.13293364090583812,1.4584845009562455,23.598891349978558,0.032721921791222575,0.02059610503732673,0.014937164780835302,0.03436011753377116,0.039403894962673325,0.01506283521916471,1.12,1.12,1.12,1.12
0.1331795793781681,1.4590709679515854,23.60198032859316,0.032721883896304094,0.020596366919327175,0.014937164842236852,0.03436015542868964,0.03940363308067288,0.01506283515776316,1.12,1.12,1.12,1.12
0.13342574928093118,1.4596575945286816,23.605069129603088,0.03272184598553701,0.02059662888240521,0.014937164903661357,0.034360193339456724,0.03940337111759484,0.015062835096338656,1.12,1.12,1.12,1.12
0.13367215061912524,1.4602443806790832,23.608157752868905,0.03272180805897473,0.02059689092649311,0.014937164965109342,0.034360231266019,0.03940310907350694,0.01506283503489067,1.12,1.12,1.12,1.12
0.13391878339774763,1.460831326394336,23.611246198251216,0.0327217701166696,0.020597153051522432,0.014937165026581406,0.034360269208324135,0.03940284694847762,0.015062834973418607,1.12,1.12,1.12,1.12
0.13416564762179436,1.461418431665984,23.614334465610565,0.032721732158673966,0.020597415257426976,0.014937165088078103,0.03436030716631977,0.03940258474257308,0.01506283491192191,1.12,1.12,1.12,1.12
0.1344127432962603,1.4620056964855643,23.617422554807494,0.03272169418503906,0.02059767754414149,0.014937165149599987,0.03436034513995467,0.03940232245585856,0.015062834850400025,1.12,1.12,1.12,1.12
0.13466007042613956,1.4625931208446135,23.62051046570252,0.03272165619581635,0.020597939911600638,0.014937165211147616,0.034360383129177385,0.039402060088399415,0.015062834788852397,1.12,1.12,1.12,1.12
0.1349076290164251,1.463180704734662,23.623598198156152,0.03272161819105629,0.020598202359741358,0.0149371652727215,0.03436042113393745,0.039401797640258696,0.015062834727278512,1.12,1.12,1.12,1.12
0.135155419072109,1.4637684481472366,23.62668575202887,0.03272158017080912,0.0205984648885002,0.014937165334322128,0.03436045915418462,0.03940153511149985,0.015062834665677885,1.12,1.12,1.12,1.12
0.13540344059818246,1.464356351073863,23.629773127181153,0.032721542135124515,0.020598727497815467,0.014937165395950053,0.03436049718986922,0.03940127250218459,0.01506283460404996,1.12,1.12,1.12,1.12
0.13565169359963525,1.4649444135060592,23.63286032347343,0.03272150408405167,0.020598990187626287,0.01493716545760572,0.03436053524094207,0.039401009812373766,0.015062834542394293,1.12,1.12,1.12,1.12
0.13590017808145669,1.4655326354353428,23.635947340766148,0.03272146601763948,0.02059925295787246,0.014937165519289586,0.03436057330735426,0.03940074704212759,0.015062834480710427,1.12,1.12,1.12,1.12
0.1361488940486348,1.466121016853225,23.63903417891971,0.03272142793593613,0.020599515808494617,0.014937165581002165,0.034360611389057605,0.039400484191505436,0.015062834418997847,1.12,1.12,1.12,1.12
0.13639784150615678,1.4667095577512155,23.642120837794508,0.032721389838989534,0.020599778739434194,0.014937165642743805,0.0343606494860042,0.03940022126056586,0.015062834357256208,1.12,1.12,1.12,1.12
0.1366470204590088,1.4672982581208183,23.645207317250915,0.03272135172684698,0.02060004175063418,0.014937165704515018,0.034360687598146755,0.039399958249365874,0.015062834295484995,1.12,1.12,1.12,1.12
0.13689643091217615,1.467887117953535,23.648293617149296,0.03272131359955571,0.020600304842037676,0.01493716576631618,0.034360725725438024,0.03939969515796238,0.015062834233683833,1.12,1.12,1.12,1.12
0.13714607287064326,1.4684761372408623,23.651379737349984,0.03272127545716197,0.02060056801358895,0.01493716582814772,0.03436076386783177,0.039399431986411104,0.015062834171852293,1.12,1.12,1.12,1.12
0.13739594633939337,1.4690653159742941,23.654465677713294,0.032721237299711936,0.020600831265232877,0.014937165890009999,0.0343608020252818,0.039399168734767176,0.015062834109990014,1.12,1.12,1.12,1.12
0.13764605132340907,1.4696546541453195,23.657551438099517,0.032721199127251244,0.020601094596915726,0.01493716595190342,0.03436084019774249,0.03939890540308433,0.015062834048096593,1.12,1.12,1.12,1.12
0.13789638782767186,1.4702441517454252,23.660637018368945,0.03272116093982519,0.020601358008583814,0.014937166013828357,0.03436087838516855,0.03939864199141624,0.015062833986171656,1.12,1.12,1.12,1.12
0.13814695585716238,1.4708338087660922,23.663722418381838,0.0327211227374784,0.020601621500184908,0.014937166075785116,0.03436091658751533,0.039398378499815145,0.015062833924214897,1.12,1.12,1.12,1.12
0.13839775541686036,1.4714236251987984,23.666807637998435,0.032721084520255406,0.020601885071667825,0.0149371661377741,0.03436095480473833,0.03939811492833223,0.015062833862225913,1.12,1.12,1.12,1.12
0.1386487865117446,1.4720136010350193,23.669892677078952,0.03272104628819994,0.020602148722981134,0.014937166199795598,0.0343609930367938,0.03939785127701892,0.015062833800204414,1.12,1.12,1.12,1.12
0.13890004914679296,1.472603736266224,23.6729775354836,0.03272100804135569,0.02060241245407543,0.014937166261849946,0.034361031283638044,0.03939758754592462,0.015062833738150067,1.12,1.12,1.12,1.12
0.13915154332698262,1.4731940308838807,23.676062213072562,0.032720969779765796,0.02060267626490081,0.014937166323937462,0.03436106954522794,0.03939732373509924,0.01506283367606255,1.12,1.12,1.12,1.12
0.13940326905728978,1.4737844848794504,23.679146709706014,0.03272093150347283,0.020602940155409227,0.014937166386058423,0.03436110782152091,0.039397059844590826,0.01506283361394159,1.12,1.12,1.12,1.12
0.13965522634268943,1.4743750982443935,23.68223102524408,0.03272089321251925,0.020603204125553276,0.014937166448213149,0.03436114611247448,0.03939679587444678,0.015062833551786864,1.12,1.12,1.12,1.12
0.1399074151881563,1.4749658709701639,23.68531515954689,0.03272085490694676,0.020603468175285966,0.014937166510401903,0.034361184418046975,0.03939653182471409,0.01506283348959811,1.12,1.12,1.12,1.12
0.14015983559866374,1.4755568030482142,23.68839911247457,0.032720816586796986,0.020603732304560696,0.014937166572624921,0.03436122273819675,0.03939626769543936,0.015062833427375091,1.12,1.12,1.12,1.12
0.14041248757918456,1.476147894469991,23.691482883887193,0.032720778252111005,0.020603996513332445,0.014937166634882496,0.03436126107288273,0.03939600348666761,0.015062833365117517,1.12,1.12,1.12,1.12
0.14066537113469035,1.4767391452269374,23.694566473644823,0.03272073990292951,0.02060426080155711,0.014937166697174847,0.03436129942206423,0.03939573919844294,0.015062833302825165,1.12,1.12,1.12,1.12
0.14091848627015244,1.4773305553104938,23.69764988160751,0.032720701539292796,0.02060452516919012,0.01493716675950224,0.03436133778570094,0.039395474830809935,0.015062833240497772,1.12,1.12,1.12,1.12
0.14117183299054067,1.4779221247120953,23.70073310763529,0.03272066316124089,0.020604789616188668,0.014937166821864883,0.034361376163752844,0.039395210383811385,0.01506283317813513,1.12,1.12,1.12,1.12
0.14142541130082442,1.478513853423175,23.703816151588168,0.03272062476881327,0.02060505414250996,0.014937166884262998,0.03436141455618047,0.039394945857490093,0.015062833115737015,1.12,1.12,1.12,1.12
0.14167922120597207,1.4791057414351585,23.706899013326133,0.032720586362049,0.02060531874811311,0.01493716694669675,0.03436145296294474,0.03939468125188694,0.015062833053303262,1.12,1.12,1.12,1.12
0.14193326271095152,1.4796977887394727,23.709981692709142,0.03272054794098722,0.020605583432956626,0.014937167009166405,0.034361491384006515,0.03939441656704343,0.015062832990833608,1.12,1.12,1.12,1.12
0.14218753582072924,1.480289995327536,23.713064189597162,0.03272050950566585,0.020605848197000287,0.014937167071672114,0.034361529819327885,0.039394151802999766,0.015062832928327899,1.12,1.12,1.12,1.12
0.14244204054027146,1.4808823611907653,23.716146503850112,0.0327204710561233,0.020606113040204543,0.014937167134214044,0.034361568268870435,0.03939388695979551,0.015062832865785969,1.12,1.12,1.12,1.12
0.1426967768745432,1.4814748863205733,23.7192286353279,0.03272043259239721,0.020606377962530786,0.01493716719679239,0.03436160673259653,0.03939362203746927,0.015062832803207624,1.12,1.12,1.12,1.12
0.14295174482850898,1.4820675707083681,23.722310583890426,0.03272039411452499,0.020606642963940464,0.014937167259407302,0.03436164521046875,0.03939335703605959,0.01506283274059271,1.12,1.12,1.12,1.12
0.14320694440713222,1.4826604143455544,23.725392349397545,0.03272035562254333,0.020606908044396854,0.01493716732205895,0.03436168370245041,0.0393930919556032,0.015062832677941063,1.12,1.12,1.12,1.12
0.14346237561537586,1.4832534172235328,23.728473931709107,0.032720317116488984,0.020607173203862295,0.01493716738474743,0.03436172220850475,0.03939282679613776,0.015062832615252583,1.12,1.12,1.12,1.12
0.14371803845820183,1.4838465793337006,23.73155533068495,0.0327202785963982,0.020607438442301312,0.014937167447472921,0.034361760728595536,0.03939256155769874,0.015062832552527092,1.12,1.12,1.12,1.12
0.1439739329405713,1.48443990066745,23.73463654618488,0.03272024006230695,0.020607703759677798,0.014937167510235522,0.03436179926268679,0.039392296240322255,0.015062832489764491,1.12,1.12,1.12,1.12
0.14423005906744477,1.485033381216171,23.737717578068686,0.032720201514250646,0.020607969155957556,0.014937167573035356,0.03436183781074309,0.0393920308440425,0.015062832426964656,1.12,1.12,1.12,1.12
0.14448641684378175,1.485627020971247,23.74079842619613,0.03272016295226465,0.02060823463110606,0.01493716763587255,0.03436187637272908,0.039391765368893994,0.015062832364127463,1.12,1.12,1.12,1.12
0.1447430062745411,1.4862208199240605,23.743879090426958,0.032720124376383664,0.020608500185089973,0.0149371676987472,0.03436191494861007,0.03939149981491008,0.015062832301252813,1.12,1.12,1.12,1.12
0.14499982736468106,1.4868147780659884,23.74695957062089,0.03272008578664243,0.02060876581787663,0.014937167761659403,0.03436195353835131,0.039391234182123425,0.01506283223834061,1.12,1.12,1.12,1.12
0.1452568801191589,1.4874088953884035,23.750039866637657,0.03272004718307492,0.02060903152943333,0.01493716782460923,0.03436199214191882,0.03939096847056672,0.015062832175390783,1.12,1.12,1.12,1.12
0.14551416454293117,1.4880031718826743,23.753119978336926,0.03272000856571522,0.020609297319728798,0.014937167887596775,0.03436203075927852,0.039390702680271256,0.015062832112403238,1.12,1.12,1.12,1.12
0.1457716806409539,1.4885976075401683,23.756199905578367,0.03271996993459664,0.02060956318873164,0.01493716795062211,0.0343620693903971,0.039390436811268414,0.015062832049377903,1.12,1.12,1.12,1.12
0.14602942841818187,1.4891922023522455,23.75927964822162,0.03271993128975248,0.02060982913641174,0.014937168013685304,0.03436210803524126,0.039390170863588314,0.01506283198631471,1.12,1.12,1.12,1.12
0.14628740787956956,1.4897869563102633,23.762359206126312,0.032719892631215663,0.020610095162739456,0.014937168076786383,0.03436214669377807,0.0393899048372606,0.01506283192321363,1.12,1.12,1.12,1.12
0.14654561903007055,1.4903818694055753,23.765438579152047,0.032719853959018774,0.020610361267685506,0.014937168139925433,0.03436218536597496,0.03938963873231455,0.01506283186007458,1.12,1.12,1.12,1.12
0.1468040618746378,1.4909769416295306,23.768517767158414,0.032719815273193786,0.02061062745122108,0.014937168203102494,0.03436222405179995,0.03938937254877897,0.015062831796897519,1.12,1.12,1.12,1.12
0.1470627364182233,1.4915721729734757,23.771596770004958,0.03271977657377301,0.020610893713318312,0.01493716826631758,0.03436226275122073,0.03938910628668174,0.015062831733682433,1.12,1.12,1.12,1.12
0.14732164266577855,1.4921675634287515,23.774675587551236,0.03271973786078791,0.020611160053949917,0.014937168329570746,0.034362301464205824,0.039388839946050136,0.015062831670429266,1.12,1.12,1.12,1.12
0.1475807806222542,1.4927631129866956,23.77775421965676,0.032719699134269586,0.02061142647308911,0.014937168392861994,0.03436234019072415,0.03938857352691094,0.01506283160713802,1.12,1.12,1.12,1.12
0.1478401502926001,1.493358821638642,23.780832666181027,0.032719660394249284,0.020611692970709028,0.014937168456191363,0.03436237893074445,0.039388307029291025,0.01506283154380865,1.12,1.12,1.12,1.12
0.14809975168176576,1.4939546893759195,23.78391092698351,0.0327196216407577,0.020611959546784464,0.014937168519558855,0.034362417684236035,0.03938804045321559,0.015062831480441158,1.12,1.12,1.12,1.12
0.14835958479469946,1.4945507161898544,23.786989001923686,0.03271958287382504,0.020612226201290496,0.014937168582964469,0.0343624564511687,0.03938777379870956,0.015062831417035544,1.12,1.12,1.12,1.12
0.1486196496363492,1.4951469020717683,23.790066890860974,0.032719544093481434,0.020612492934202253,0.01493716864640822,0.0343624952315123,0.0393875070657978,0.015062831353591793,1.12,1.12,1.12,1.12
0.14887994621166198,1.4957432470129786,23.79314459365479,0.03271950529975681,0.020612759745496007,0.014937168709890064,0.034362534025236924,0.03938724025450405,0.015062831290109949,1.12,1.12,1.12,1.12
0.14914047452558435,1.496339751004799,23.79622211016454,0.03271946649268054,0.020613026635148107,0.014937168773410031,0.0343625728323132,0.039386973364851946,0.015062831226589982,1.12,1.12,1.12,1.12
0.14940123458306198,1.4969364140385393,23.799299440249584,0.0327194276722817,0.020613293603135435,0.014937168836968093,0.03436261165271204,0.03938670639686462,0.01506283116303192,1.12,1.12,1.12,1.12
0.14966222638904,1.4975332361055047,23.802376583769266,0.03271938883858949,0.020613560649435925,0.014937168900564207,0.034362650486404245,0.03938643935056413,0.015062831099435806,1.12,1.12,1.12,1.12
0.14992344994846274,1.4981302171969972,23.80545354058294,0.03271934999163245,0.020613827774027815,0.014937168964198375,0.034362689333361285,0.03938617222597224,0.015062831035801638,1.12,1.12,1.12,1.12
0.15018490526627382,1.4987273573043152,23.80853031054989,0.03271931113143872,0.020614094976889402,0.014937169027870525,0.034362728193555014,0.03938590502311065,0.015062830972129487,1.12,1.12,1.12,1.12
0.15044659234741636,1.499324656418751,23.811606893529408,0.03271927225803656,0.02061436225800009,0.014937169091580632,0.03436276706695718,0.03938563774199996,0.01506283090841938,1.12,1.12,1.12,1.12
0.1507085111968326,1.4999221145315944,23.814683289380774,0.032719233371453715,0.020614629617339536,0.014937169155328639,0.03436280595354002,0.03938537038266052,0.015062830844671374,1.12,1.12,1.12,1.12
0.15097066181946417,1.5005197316341314,23.817759497963223,0.032719194471717616,0.02061489705488806,0.014937169219114532,0.03436284485327612,0.039385102945111994,0.01506283078088548,1.12,1.12,1.12,1.12
0.15123304422025213,1.5011175077176433,23.820835519135972,0.03271915555885552,0.0206151645706264,0.014937169282938229,0.03436288376613822,0.039384835429373655,0.015062830717061784,1.12,1.12,1.12,1.12
0.1514956584041367,1.5017154427734078,23.82391135275823,0.03271911663289434,0.020615432164535735,0.014937169346799672,0.034362922692099396,0.03938456783546432,0.01506283065320034,1.12,1.12,1.12,1.12
0.15175850437605784,1.5023135367926976,23.826986998689172,0.0327190776938609,0.02061569983659775,0.01493716941069878,0.03436296163113284,0.0393843001634023,0.015062830589301232,1.12,1.12,1.12,1.12
0.15202158214095426,1.5029117897667832,23.830062456787964,0.03271903874178145,0.020615967586794348,0.014937169474635512,0.03436300058321229,0.039384032413205705,0.015062830525364501,1.12,1.12,1.12,1.12
0.15228489170376447,1.5035102016869297,23.833137726913733,0.032718999776682245,0.02061623541510879,0.014937169538609768,0.03436303954831149,0.03938376458489126,0.015062830461390245,1.12,1.12,1.12,1.12
0.15254843306942611,1.5041087725443978,23.836212808925602,0.03271896079858899,0.020616503321523927,0.01493716960262148,0.034363078526404744,0.039383496678476126,0.015062830397378532,1.12,1.12,1.12,1.12
0.15281220624287625,1.5047075023304453,23.83928770268266,0.03271892180752756,0.020616771306023407,0.01493716966667058,0.03436311751746618,0.039383228693976646,0.015062830333329433,1.12,1.12,1.12,1.12
0.15307621122905132,1.5053063910363251,23.842362408043964,0.03271888280352314,0.02061703936859169,0.014937169730756955,0.034363156521470595,0.039382960631408365,0.015062830269243058,1.12,1.12,1.12,1.12
0.15334044803288716,1.5059054386532869,23.845436924868594,0.03271884378660106,0.02061730750921309,0.014937169794880523,0.03436319553839268,0.039382692490786964,0.01506283020511949,1.12,1.12,1.12,1.12
0.15360491665931872,1.506504645172575,23.848511253015552,0.03271880475678579,0.02061757572787276,0.0149371698590412,0.034363234568207945,0.03938242427212729,0.015062830140958813,1.12,1.12,1.12,1.12
0.15386961711328073,1.5071040105854312,23.85158539234385,0.032718765714102205,0.020617844024556242,0.01493716992323868,0.03436327361089153,0.03938215597544381,0.015062830076761333,1.12,1.12,1.12,1.12
0.15413454939970705,1.5077035348830918,23.854659342712484,0.032718726658574726,0.020618112399249544,0.014937169987472854,0.03436331266641901,0.03938188760075051,0.01506283001252716,1.12,1.12,1.12,1.12
0.15439971352353085,1.5083032180567906,23.8577331039804,0.03271868759022728,0.0206183808519389,0.014937170051743623,0.034363351734766456,0.03938161914806115,0.01506282994825639,1.12,1.12,1.12,1.12
0.1546651094896847,1.508903060097756,23.860806676006547,0.03271864850908368,0.020618649382611542,0.014937170116050863,0.034363390815910055,0.03938135061738851,0.01506282988394915,1.12,1.12,1.12,1.12
0.15493073730310078,1.5095030609972122,23.863880058649833,0.03271860941516774,0.02061891799125462,0.01493717018039449,0.03436342990982599,0.03938108200874543,0.015062829819605522,1.12,1.12,1.12,1.12
0.1551965969687104,1.5101032207463803,23.866953251769168,0.032718570308502615,0.020619186677855672,0.014937170244774395,0.03436346901649112,0.03938081332214438,0.015062829755225618,1.12,1.12,1.12,1.12
0.1554626884914444,1.5107035393364772,23.87002625522342,0.032718531189111555,0.020619455442403456,0.014937170309190423,0.03436350813588218,0.0393805445575966,0.01506282969080959,1.12,1.12,1.12,1.12
0.15572901187623273,1.5113040167587148,23.873099068871433,0.03271849205701749,0.020619724284886287,0.014937170373642492,0.03436354726797625,0.039380275715113766,0.015062829626357521,1.12,1.12,1.12,1.12
0.15599556712800522,1.5119046530043019,23.876171692572054,0.03271845291224296,0.020619993205293147,0.014937170438130448,0.03436358641275078,0.03938000679470691,0.015062829561869565,1.12,1.12,1.12,1.12
0.15626235425169077,1.512505448064443,23.879244126184066,0.032718413754810494,0.020620262203613515,0.01493717050265421,0.03436362557018324,0.03937973779638654,0.015062829497345803,1.12,1.12,1.12,1.12
0.1565293732522176,1.5131064019303375,23.88231636956628,0.032718374584742305,0.020620531279837317,0.014937170567213609,0.03436366474025143,0.039379468720162736,0.015062829432786404,1.12,1.12,1.12,1.12
0.15679662413451353,1.5137075145931818,23.885388422577442,0.03271833540206026,0.020620800433954978,0.01493717063180855,0.034363703922933475,0.039379199566045076,0.015062829368191463,1.12,1.12,1.12,1.12
0.1570641069035059,1.5143087860441686,23.888460285076288,0.03271829620678607,0.020621069665957198,0.01493717069643885,0.03436374311820767,0.039378930334042855,0.015062829303561162,1.12,1.12,1.12,1.12
0.15733182156412098,1.514910216274485,23.891531956921558,0.032718256998941375,0.02062133897583507,0.014937170761104401,0.03436378232605236,0.039378661024164985,0.015062829238895611,1.12,1.12,1.12,1.12
0.15759976812128484,1.5155118052753154,23.894603437971927,0.03271821777854744,0.020621608363580124,0.014937170825805049,0.034363821546446294,0.03937839163641993,0.015062829174194964,1.12,1.12,1.12,1.12
0.15786794657992292,1.5161135530378385,23.897674728086077,0.032718178545625365,0.020621877829184204,0.014937170890540682,0.03436386077936837,0.03937812217081585,0.01506282910945933,1.12,1.12,1.12,1.12
0.15813635694496,1.5167154595532304,23.90074582712266,0.03271813930019579,0.020622147372639843,0.014937170955311121,0.034363900024797944,0.03937785262736021,0.015062829044688891,1.12,1.12,1.12,1.12
0.15840499922132034,1.5173175248126627,23.903816734940307,0.03271810004227965,0.02062241699393985,0.014937171020116227,0.034363939282714084,0.0393775830060602,0.015062828979883786,1.12,1.12,1.12,1.12
0.15867387341392747,1.517919748807302,23.90688745139762,0.032718060771897095,0.020622686693077097,0.014937171084955861,0.03436397855309664,0.039377313306922956,0.015062828915044152,1.12,1.12,1.12,1.12
0.15894297952770461,1.518522131528312,23.909957976353173,0.032718021489068494,0.020622956470045167,0.01493717114982987,0.03436401783592524,0.039377043529954886,0.015062828850170143,1.12,1.12,1.12,1.12
0.15921231756757406,1.5191246729668517,23.913028309665542,0.03271798219381383,0.02062322632483815,0.014937171214738088,0.034364057131179904,0.0393767736751619,0.015062828785261925,1.12,1.12,1.12,1.12
0.15948188753845774,1.519727373114076,23.916098451193264,0.03271794288615265,0.020623496257449858,0.014937171279680375,0.034364096438841085,0.039376503742550195,0.015062828720319638,1.12,1.12,1.12,1.12
0.1597516894452772,1.5203302319611351,23.919168400794845,0.03271790356610499,0.020623766267875376,0.014937171344656552,0.03436413575888875,0.03937623373212468,0.01506282865534346,1.12,1.12,1.12,1.12
0.16002172329295303,1.5209332494991756,23.92223815832878,0.032717864233689775,0.020624036356109543,0.01493717140966648,0.03436417509130396,0.03937596364389051,0.015062828590333532,1.12,1.12,1.12,1.12
0.1602919890864054,1.521536425719341,23.925307723653546,0.03271782488892627,0.020624306522147473,0.014937171474709979,0.034364214436067464,0.03937569347785258,0.015062828525290034,1.12,1.12,1.12,1.12
0.16056248683055419,1.5221397606127682,23.928377096627592,0.032717785531833576,0.02062457676598556,0.014937171539786909,0.03436425379316016,0.039375423234014495,0.015062828460213104,1.12,1.12,1.12,1.12
0.16083321653031835,1.5227432541705923,23.931446277109337,0.03271774616243034,0.02062484708761944,0.014937171604897076,0.0343642931625634,0.03937515291238061,0.015062828395102937,1.12,1.12,1.12,1.12
0.1611041781906163,1.5233469063839427,23.934515264957184,0.032717706780735156,0.020625117487045652,0.0149371716700403,0.03436433254425858,0.0393748825129544,0.015062828329959713,1.12,1.12,1.12,1.12
0.1613753718163661,1.5239507172439446,23.937584060029515,0.0327176673867664,0.020625387964261166,0.01493717173521647,0.034364371938227334,0.03937461203573889,0.015062828264783543,1.12,1.12,1.12,1.12
0.1616467974124853,1.5245546867417212,23.940652662184675,0.032717627980542174,0.02062565851926282,0.014937171800425364,0.03436441134445156,0.039374341480737235,0.015062828199574649,1.12,1.12,1.12,1.12
0.16191845498389068,1.5251588148683888,23.943721071281015,0.03271758856208057,0.020625929152048417,0.014937171865666829,0.03436445076291317,0.03937407084795164,0.015062828134333184,1.12,1.12,1.12,1.12
0.16219034453549847,1.5257631016150612,23.946789287176838,0.03271754913139935,0.020626199862615713,0.014937171930940712,0.03436449019359439,0.03937380013738434,0.0150628280690593,1.12,1.12,1.12,1.12
0.1624624660722246,1.5263675469728473,23.949857309730426,0.032717509688516,0.02062647065096268,0.014937171996246806,0.034364529636477736,0.03937352934903737,0.015062828003753206,1.12,1.12,1.12,1.12
0.16273481959898417,1.526972150932852,23.95292513880005,0.032717470233448065,0.020626741517088126,0.01493717206158493,0.03436456909154567,0.03937325848291193,0.015062827938415083,1.12,1.12,1.12,1.12
0.16300740512069192,1.5275769134861759,23.95599277424395,0.03271743076621264,0.02062701246099083,0.014937172126954917,0.034364608558781096,0.039372987539009224,0.015062827873045095,1.12,1.12,1.12,1.12
0.16328022264226205,1.5281818346239158,23.95906021592035,0.03271739128682677,0.020627283482669984,0.014937172192356643,0.03436464803816697,0.03937271651733007,0.01506282780764337,1.12,1.12,1.12,1.12
0.16355327216860815,1.5287869143371642,23.962127463687438,0.032717351795307215,0.0206275545821252,0.014937172257789844,0.03436468752968652,0.03937244541787485,0.01506282774221017,1.12,1.12,1.12,1.12
0.16382655370464325,1.5293921526170093,23.965194517403393,0.0327173122916708,0.020627825759356178,0.014937172323254394,0.03436472703332294,0.039372174240643876,0.015062827676745619,1.12,1.12,1.12,1.12
0.16410006725527998,1.5299975494545344,23.968261376926353,0.03271727277593389,0.0206280970143633,0.014937172388750086,0.034364766549059844,0.03937190298563675,0.015062827611249927,1.12,1.12,1.12,1.12
0.16437381282543032,1.5306031048408195,23.971328042114457,0.03271723324811293,0.020628368347146986,0.014937172454276768,0.034364806076880805,0.03937163165285307,0.015062827545723245,1.12,1.12,1.12,1.12
0.16464779042000566,1.5312088187669404,23.974394512825803,0.03271719370822368,0.02062863975770804,0.01493717251983423,0.03436484561677006,0.039371360242292014,0.015062827480165783,1.12,1.12,1.12,1.12
0.16492200004391708,1.5318146912239692,23.977460788918474,0.0327171541562824,0.020628911246047488,0.014937172585422306,0.034364885168711334,0.039371088753952566,0.015062827414577706,1.12,1.12,1.12,1.12
0.165196441702075,1.5324207222029718,23.98052687025053,0.03271711459230486,0.020629182812166746,0.014937172651040831,0.03436492473268887,0.03937081718783331,0.015062827348959182,1.12,1.12,1.12,1.12
0.16547111539938936,1.5330269116950122,23.983592756679982,0.03271707501630644,0.020629454456067675,0.014937172716689567,0.034364964308687296,0.03937054554393238,0.015062827283310445,1.12,1.12,1.12,1.12
0.1657460211407695,1.5336332596911477,23.98665844806487,0.03271703542830279,0.0206297261777523,0.014937172782368363,0.03436500389669095,0.03937027382224775,0.01506282721763165,1.12,1.12,1.12,1.12
0.16602115893112424,1.5342397661824343,23.98972394426317,0.03271699582830895,0.020629997977222758,0.014937172848077038,0.03436504349668479,0.039370002022777295,0.015062827151922975,1.12,1.12,1.12,1.12
0.1662965287753619,1.5348464311599217,23.992789245132826,0.03271695621634019,0.02063026985448213,0.014937172913815397,0.03436508310865355,0.03936973014551792,0.015062827086184616,1.12,1.12,1.12,1.12
0.1665721306783905,1.535453254614656,23.99585435053181,0.03271691659241127,0.020630541809533054,0.014937172979583233,0.034365122732582465,0.039369458190467,0.01506282702041678,1.12,1.12,1.12,1.12
0.1668479646451173,1.5360602365376792,23.998919260318026,0.03271687695653697,0.020630813842378692,0.014937173045380392,0.03436516236845677,0.03936918615762136,0.01506282695461962,1.12,1.12,1.12,1.12
0.16712403068044904,1.5366673769200283,24.001983974349358,0.03271683730873198,0.020631085953022987,0.014937173111206695,0.03436520201626175,0.039368914046977066,0.015062826888793318,1.12,1.12,1.12,1.12
0.1674003287892922,1.5372746757527378,24.005048492483688,0.0327167976490107,0.020631358141469408,0.014937173177061933,0.03436524167598304,0.039368641858530645,0.01506282682293808,1.12,1.12,1.12,1.12
0.16767685897655227,1.5378821330268355,24.00811281457885,0.032716757977387045,0.020631630407721924,0.014937173242945925,0.03436528134760669,0.03936836959227813,0.015062826757054087,1.12,1.12,1.12,1.12
0.16795362124713478,1.5384897487333469,24.011176940492682,0.03271671829387568,0.020631902751785114,0.014937173308858492,0.03436532103111806,0.03936809724821494,0.01506282669114152,1.12,1.12,1.12,1.12
0.16823061560594432,1.5390975228632926,24.014240870082972,0.032716678598490145,0.02063217517366356,0.01493717337479944,0.03436536072650359,0.039367824826336495,0.015062826625200573,1.12,1.12,1.12,1.12
0.16850784205788538,1.5397054554076897,24.0173046032075,0.03271663889124443,0.020632447673362392,0.014937173440768586,0.034365400433749305,0.03936755232663766,0.015062826559231426,1.12,1.12,1.12,1.12
0.16878530060786165,1.5403135463575492,24.020368139724024,0.03271659917215192,0.020632720250886805,0.01493717350676571,0.03436544015284182,0.03936727974911325,0.015062826493234302,1.12,1.12,1.12,1.12
0.16906299126077645,1.5409217957038799,24.023431479490267,0.0327165594412262,0.020632992906241987,0.014937173572790674,0.034365479883767536,0.039367007093758066,0.015062826427209339,1.12,1.12,1.12,1.12
0.16934091402153242,1.5415302034376848,24.026494622363924,0.03271651969848072,0.020633265639434323,0.014937173638843282,0.03436551962651302,0.03936673436056573,0.015062826361156731,1.12,1.12,1.12,1.12
0.16961906889503192,1.5421387695499633,24.02955756820269,0.032716479943928456,0.020633538450469058,0.014937173704923326,0.03436555938106528,0.039366461549530996,0.015062826295076687,1.12,1.12,1.12,1.12
0.16989745588617683,1.5427474940317105,24.032620316864218,0.032716440177582407,0.020633811339352853,0.01493717377103064,0.03436559914741133,0.0393661886606472,0.015062826228969373,1.12,1.12,1.12,1.12
0.1701760749998684,1.5433563768739178,24.03568286820615,0.03271640039945556,0.02063408430609237,0.01493717383716503,0.03436563892553818,0.03936591569390768,0.015062826162834983,1.12,1.12,1.12,1.12
0.17045492624100733,1.5439654180675715,24.03874522208608,0.03271636060956057,0.02063435735069441,0.014937173903326328,0.03436567871543317,0.03936564264930564,0.015062826096673684,1.12,1.12,1.12,1.12
0.17073400961449403,1.5445746176036537,24.041807378361614,0.03271632080791009,0.020634630473165744,0.014937173969514342,0.03436571851708364,0.03936536952683431,0.015062826030485671,1.12,1.12,1.12,1.12
0.17101332512522838,1.545183975473142,24.044869336890294,0.032716280994516456,0.020634903673514032,0.014937174035728876,0.03436575833047728,0.03936509632648602,0.015062825964271137,1.12,1.12,1.12,1.12
0.17129287277810945,1.5457934916670109,24.04793109752967,0.03271624116939198,0.02063517695174666,0.014937174101969763,0.03436579815560176,0.039364823048253395,0.01506282589803025,1.12,1.12,1.12,1.12
0.17157265257803644,1.5464031661762299,24.05099266013726,0.03271620133254877,0.020635450307871672,0.014937174168236811,0.03436583799244497,0.03936454969212838,0.015062825831763202,1.12,1.12,1.12,1.12
0.1718526645299075,1.5470129989917638,24.054054024570554,0.032716161483998696,0.02063572374189704,0.014937174234529851,0.03436587784099504,0.039364276258103015,0.015062825765470161,1.12,1.12,1.12,1.12
0.1721329086386205,1.5476229901045735,24.057115190687014,0.03271612162375387,0.02063599725383114,0.014937174300848705,0.03436591770123987,0.039364002746168913,0.015062825699151308,1.12,1.12,1.12,1.12
0.17241338490907282,1.5482331395056157,24.06017615834408,0.03271608175182589,0.02063627084368244,0.014937174367193135,0.03436595757316785,0.03936372915631761,0.015062825632806878,1.12,1.12,1.12,1.12
0.17269409334616156,1.5488434471858423,24.06323692739918,0.03271604186822613,0.020636544511459742,0.014937174433563044,0.034365997456767605,0.03936345548854031,0.015062825566436969,1.12,1.12,1.12,1.12
0.17297503395478314,1.549453913136202,24.066297497709712,0.03271600197296626,0.02063681825717223,0.014937174499958197,0.03436603735202748,0.039363181742827824,0.015062825500041815,1.12,1.12,1.12,1.12
0.17325620673983333,1.5500645373476374,24.06935786913304,0.03271596206605748,0.020637092080829145,0.014937174566378428,0.034366077258936256,0.03936290791917091,0.015062825433621585,1.12,1.12,1.12,1.12
0.1735376117062077,1.5506753198110894,24.07241804152651,0.03271592214751101,0.020637365982440037,0.014937174632823583,0.034366117177482725,0.039362634017560016,0.01506282536717643,1.12,1.12,1.12,1.12
0.17381924885880135,1.5512862605174917,24.075478014747457,0.03271588221733779,0.020637639962014648,0.014937174699293454,0.03436615710765595,0.039362360037985406,0.015062825300706559,1.12,1.12,1.12,1.12
0.1741011182025088,1.5518973594577752,24.07853778865317,0.03271584227554897,0.020637914019562942,0.014937174765787903,0.03436619704944477,0.03936208598043711,0.01506282523421211,1.12,1.12,1.12,1.12
0.17438321974222404,1.5525086166228672,24.081597363100926,0.03271580232215504,0.02063818815509516,0.014937174832306721,0.034366237002838695,0.03936181184490489,0.015062825167693292,1.12,1.12,1.12,1.12
0.17466555348284074,1.5531200320036895,24.084656737947974,0.03271576235716661,0.02063846236862177,0.014937174898849756,0.034366276967827125,0.039361537631378285,0.015062825101150257,1.12,1.12,1.12,1.12
0.17494811942925184,1.5537316055911596,24.08771591305155,0.03271572238059439,0.020638736660153645,0.014937174965416827,0.034366316944399344,0.03936126333984641,0.015062825034583185,1.12,1.12,1.12,1.12
0.1752309175863502,1.5543433373761915,24.090774888268847,0.032715682392448764,0.020639011029701337,0.014937175032007755,0.03436635693254497,0.039360988970298716,0.015062824967992258,1.12,1.12,1.12,1.12
0.1755139479590281,1.5549552273496936,24.093833663457048,0.03271564239273966,0.02063928547727617,0.014937175098622399,0.03436639693225407,0.03936071452272388,0.015062824901377614,1.12,1.12,1.12,1.12
0.17579721055217692,1.555567275502571,24.096892238473313,0.032715602381477527,0.020639560002889412,0.014937175165260552,0.03436643694351621,0.03936043999711064,0.01506282483473946,1.12,1.12,1.12,1.12
0.17608070537068815,1.5561794818257249,24.09995061317476,0.03271556235867218,0.02063983460655272,0.014937175231922062,0.03436647696632156,0.03936016539344733,0.015062824768077951,1.12,1.12,1.12,1.12
0.17636443241945257,1.5567918463100499,24.103008787418503,0.03271552232433378,0.02064010928827764,0.014937175298606775,0.03436651700065996,0.03935989071172241,0.015062824701393238,1.12,1.12,1.12,1.12
0.17664839170336044,1.557404368946439,24.10606676106163,0.032715482278471764,0.020640384048076332,0.014937175365314526,0.03436655704652197,0.03935961595192372,0.015062824634685487,1.12,1.12,1.12,1.12
0.17693258322730165,1.5580170497257797,24.10912453396119,0.03271544222109596,0.020640658885961116,0.014937175432045133,0.03436659710389778,0.03935934111403894,0.01506282456795488,1.12,1.12,1.12,1.12
0.1772170069961658,1.5586298886389551,24.11218210597422,0.03271540215221569,0.020640933801944206,0.014937175498798444,0.03436663717277805,0.03935906619805585,0.015062824501201569,1.12,1.12,1.12,1.12
0.17750166301484138,1.5592428856768437,24.115239476957726,0.03271536207184056,0.020641208796038257,0.014937175565574293,0.03436667725315318,0.039358791203961796,0.01506282443442572,1.12,1.12,1.12,1.12
0.17778655128821727,1.5598560408303195,24.11829664676869,0.03271532197997967,0.020641483868256205,0.014937175632372526,0.034366717345014064,0.03935851613174385,0.015062824367627486,1.12,1.12,1.12,1.12
0.17807167182118136,1.5604693540902532,24.12135361526408,0.0327152818766423,0.020641759018610817,0.014937175699192992,0.03436675744835144,0.039358240981389236,0.01506282430080702,1.12,1.12,1.12,1.12
0.1783570246186213,1.5610828254475106,24.124410382300834,0.03271524176183743,0.020642034247115415,0.01493717576603551,0.034366797563156304,0.03935796575288464,0.015062824233964503,1.12,1.12,1.12,1.12
0.17864260968542411,1.5616964548929524,24.127466947735854,0.032715201635574065,0.020642309553783794,0.01493717583289994,0.03436683768941967,0.03935769044621626,0.015062824167100072,1.12,1.12,1.12,1.12
0.17892842702647657,1.562310242417436,24.130523311426025,0.03271516149786097,0.020642584938629027,0.014937175899786145,0.03436687782713277,0.039357415061371026,0.015062824100213867,1.12,1.12,1.12,1.12
0.1792144766466647,1.5629241880118139,24.133579473228224,0.03271512134870669,0.020642860401665575,0.014937175966693944,0.03436691797628705,0.03935713959833448,0.015062824033306069,1.12,1.12,1.12,1.12
0.17950075855087444,1.5635382916669345,24.13663543299928,0.03271508118812011,0.020643135942907065,0.014937176033623198,0.03436695813687363,0.03935686405709299,0.015062823966376815,1.12,1.12,1.12,1.12
0.17978727274399092,1.5641525533736418,24.139691190596007,0.03271504101610956,0.020643411562367764,0.014937176100573768,0.03436699830888418,0.03935658843763229,0.015062823899426245,1.12,1.12,1.12,1.12
0.18007401923089922,1.564766973122775,24.142746745875186,0.03271500083268325,0.020643687260061994,0.01493717616754546,0.03436703849231049,0.03935631273993806,0.015062823832454553,1.12,1.12,1.12,1.12
0.1803609980164836,1.565381550905169,24.1458020986936,0.03271496063784968,0.020643963036004492,0.014937176234538219,0.03436707868714406,0.03935603696399556,0.015062823765461794,1.12,1.12,1.12,1.12
0.18064820910562804,1.5659962867116548,24.14885724890798,0.03271492043161672,0.020644238890209998,0.014937176301551822,0.03436711889337701,0.039355761109790055,0.015062823698448191,1.12,1.12,1.12,1.12
0.18093565250321603,1.5666111805330596,24.151912196375037,0.03271488021399277,0.020644514822693416,0.014937176368586158,0.03436715911100097,0.03935548517730664,0.015062823631413855,1.12,1.12,1.12,1.12
0.18122332821413056,1.5672262323602038,24.154966940951468,0.03271483998498559,0.02064479083347001,0.014937176435641061,0.03436719934000815,0.03935520916653004,0.015062823564358951,1.12,1.12,1.12,1.12
0.1815112362432544,1.5678414421839055,24.15802148249393,0.03271479974460295,0.02064506692255505,0.01493717650271642,0.034367239580390785,0.039354933077445,0.015062823497283592,1.12,1.12,1.12,1.12
0.18179937659546966,1.5684568099949787,24.161075820859086,0.03271475949285246,0.02064534308996402,0.014937176569812083,0.03436727983214127,0.039354656910036034,0.01506282343018793,1.12,1.12,1.12,1.12
0.18208774927565796,1.5690723357842309,24.16412995590353,0.03271471922974212,0.02064561933571263,0.014937176636927924,0.03436732009525162,0.039354380664287425,0.01506282336307209,1.12,1.12,1.12,1.12
0.1823763542887007,1.5696880195424676,24.167183887483862,0.032714678955279075,0.020645895659816754,0.01493717670406379,0.03436736036971466,0.0393541043401833,0.015062823295936223,1.12,1.12,1.12,1.12
0.18266519163947872,1.5703038612604883,24.17023761545665,0.032714638669470886,0.020646172062292495,0.014937176771219557,0.03436740065552285,0.03935382793770756,0.015062823228780456,1.12,1.12,1.12,1.12
0.1829542613328723,1.570919860929088,24.17329113967844,0.03271459837232488,0.02064644854315595,0.0149371768383951,0.03436744095266886,0.039353551456844105,0.015062823161604913,1.12,1.12,1.12,1.12
0.18324356337376144,1.5715360185390583,24.17634446000575,0.03271455806384832,0.020646725102423658,0.014937176905590294,0.034367481261145416,0.039353274897576396,0.015062823094409719,1.12,1.12,1.12,1.12
0.1835330977670256,1.5721523340811858,24.179397576295056,0.032714517744048155,0.020647001740112525,0.01493717697280493,0.03436752158094558,0.03935299825988753,0.015062823027195082,1.12,1.12,1.12,1.12
0.1838228645175436,1.5727688075462525,24.18245048840285,0.03271447741293132,0.020647278456239038,0.014937177040038704,0.034367561912062417,0.039352721543761016,0.015062822959961308,1.12,1.12,1.12,1.12
0.18411286363019413,1.573385438925035,24.18550319618555,0.032714437070504976,0.02064755525082046,0.014937177107291463,0.03436760225448876,0.039352444749179594,0.01506282289270855,1.12,1.12,1.12,1.12
0.18440309510985534,1.574002228208308,24.188555699499588,0.03271439671677562,0.020647832123873583,0.01493717717456311,0.03436764260821812,0.03935216787612647,0.015062822825436903,1.12,1.12,1.12,1.12
0.184693558961405,1.5746191753868393,24.191607998201352,0.032714356351750185,0.020648109075415866,0.01493717724185352,0.03436768297324355,0.03935189092458419,0.015062822758146494,1.12,1.12,1.12,1.12
0.1849842551897204,1.5752362804513944,24.194660092147217,0.03271431597543517,0.020648386105464545,0.014937177309162594,0.034367723349558565,0.03935161389453551,0.015062822690837419,1.12,1.12,1.12,1.12
0.18527518379967836,1.5758535433927336,24.19771198119352,0.03271427558783718,0.02064866321403719,0.01493717737649021,0.034367763737156554,0.039351336785962865,0.015062822623509803,1.12,1.12,1.12,1.12
0.18556634479615536,1.576470964201612,24.200763665196597,0.032714235188962715,0.020648940401151894,0.014937177443836283,0.03436780413603102,0.03935105959884816,0.01506282255616373,1.12,1.12,1.12,1.12
0.18585773818402754,1.5770885428687818,24.203815144012722,0.03271419477881793,0.020649217666826203,0.014937177511200661,0.03436784454617581,0.03935078233317385,0.015062822488799352,1.12,1.12,1.12,1.12
0.18614936396817036,1.577706279384989,24.206866417498173,0.032714154357409375,0.0206494950110781,0.014937177578583274,0.03436788496758436,0.03935050498892195,0.015062822421416738,1.12,1.12,1.12,1.12
0.18644122215345893,1.5783241737409768,24.209917485509195,0.03271411392474288,0.020649772433926294,0.014937177645983984,0.034367925400250854,0.03935022756607376,0.015062822354016028,1.12,1.12,1.12,1.12
0.18673331274476804,1.5789422259274823,24.21296834790201,0.032714073480824835,0.020650049935388742,0.014937177713402736,0.0343679658441689,0.03934995006461131,0.015062822286597277,1.12,1.12,1.12,1.12
0.18702563574697187,1.5795604359352404,24.21601900453281,0.032714033025661116,0.020650327515484068,0.014937177780839389,0.03436800629933262,0.039349672484515985,0.015062822219160624,1.12,1.12,1.12,1.12
0.1873181911649443,1.5801788037549789,24.21906945525777,0.03271399255925744,0.02065060517423109,0.014937177848293862,0.03436804676573629,0.03934939482576896,0.015062822151706151,1.12,1.12,1.12,1.12
0.1876109790035587,1.580797329377423,24.222119699933025,0.03271395208161987,0.020650882911648516,0.014937177915766098,0.03436808724337387,0.03934911708835154,0.015062822084233915,1.12,1.12,1.12,1.12
0.1879039992676882,1.581416012793293,24.2251697384147,0.032713911592753886,0.02065116072775547,0.014937177983255945,0.03436812773223985,0.039348839272244585,0.015062822016744068,1.12,1.12,1.12,1.12
0.18819725196220505,1.5820348539933045,24.228219570558885,0.03271387109266538,0.02065143862257096,0.014937178050763333,0.034368168232328355,0.03934856137742909,0.01506282194923668,1.12,1.12,1.12,1.12
0.18849073709198177,1.5826538529681693,24.231269196221668,0.032713830581359626,0.020651716596114422,0.01493717811828818,0.03436820874363411,0.03934828340388563,0.015062821881711833,1.12,1.12,1.12,1.12
0.1887844546618896,1.583273009708593,24.234318615259067,0.032713790058842285,0.020651994648405447,0.014937178185830402,0.03436824926615145,0.039348005351594606,0.01506282181416961,1.12,1.12,1.12,1.12
0.18907840467680012,1.5838923242052794,24.23736782752712,0.03271374952511885,0.020652272779463243,0.014937178253389888,0.034368289799874885,0.03934772722053681,0.015062821746610125,1.12,1.12,1.12,1.12
0.18937258714158403,1.5845117964489248,24.24041683288182,0.03271370898019432,0.020652550989307905,0.014937178320966568,0.034368330344799414,0.03934744901069215,0.015062821679033445,1.12,1.12,1.12,1.12
0.18966700206111176,1.585131426430224,24.243465631179127,0.03271366842407403,0.02065282927795914,0.014937178388560374,0.03436837090091971,0.039347170722040914,0.015062821611439639,1.12,1.12,1.12,1.12
0.18996164944025337,1.5857512141398649,24.24651422227499,0.03271362785676302,0.02065310764543682,0.014937178456171193,0.03436841146823072,0.039346892354563234,0.01506282154382882,1.12,1.12,1.12,1.12
0.19025652928387815,1.5863711595685324,24.249562606025318,0.032713587278266676,0.02065338609176154,0.014937178523799,0.03436845204672706,0.039346613908238515,0.015062821476201013,1.12,1.12,1.12,1.12
0.19055164159685548,1.5869912627069063,24.252610782286027,0.032713546688589556,0.020653664616953366,0.014937178591443667,0.03436849263640418,0.03934633538304669,0.015062821408556346,1.12,1.12,1.12,1.12
0.19084698638405384,1.5876115235456625,24.255658750912964,0.032713506087736766,0.020653943221032756,0.014937178659105127,0.03436853323725697,0.0393460567789673,0.015062821340894886,1.12,1.12,1.12,1.12
0.19114256365034177,1.588231942075471,24.258706511761982,0.03271346547571302,0.020654221904020054,0.014937178726783351,0.034368573849280715,0.03934577809598,0.015062821273216662,1.12,1.12,1.12,1.12
0.19143837340058686,1.5888525182869992,24.261754064688894,0.0327134248525231,0.020654500665936243,0.014937178794478215,0.03436861447247064,0.03934549933406381,0.015062821205521798,1.12,1.12,1.12,1.12
0.1917344156396566,1.5894732521709085,24.26480140954949,0.03271338421817177,0.020654779506802223,0.01493717886218969,0.034368655106821966,0.03934522049319783,0.015062821137810323,1.12,1.12,1.12,1.12
0.19203069037241782,1.5900941437178564,24.26784854619956,0.03271334357266337,0.02065505842663895,0.014937178929917708,0.03436869575233037,0.0393449415733611,0.015062821070082305,1.12,1.12,1.12,1.12
0.1923271976037375,1.5907151929184964,24.27089547449481,0.032713302916002385,0.020655337425467435,0.014937178997662184,0.03436873640899135,0.03934466257453262,0.015062821002337828,1.12,1.12,1.12,1.12
0.19262393733848127,1.5913363997634768,24.27394219429098,0.03271326224819343,0.020655616503308938,0.014937179065423078,0.034368777076800305,0.039344383496691115,0.015062820934576934,1.12,1.12,1.12,1.12
0.19292090958151525,1.5919577642434406,24.276988705443756,0.03271322156924078,0.020655895660184914,0.014937179133200293,0.034368817755752956,0.03934410433981514,0.01506282086679972,1.12,1.12,1.12,1.12
0.19321811433770453,1.5925792863490285,24.280035007808802,0.03271318087914893,0.020656174896116847,0.014937179200993814,0.03436885844584481,0.039343825103883207,0.015062820799006199,1.12,1.12,1.12,1.12
0.19351555161191414,1.5932009660708752,24.283081101241763,0.032713140177921596,0.020656454211126385,0.014937179268803585,0.03436889914707214,0.03934354578887367,0.015062820731196427,1.12,1.12,1.12,1.12
0.19381322140900822,1.5938228033996105,24.286126985598248,0.03271309946556339,0.0206567336052354,0.014937179336629525,0.03436893985943035,0.03934326639476465,0.015062820663370488,1.12,1.12,1.12,1.12
0.1941111237338512,1.594444798325861,24.28917266073385,0.032713058742077916,0.02065701307846579,0.01493717940447159,0.03436898058291582,0.03934298692153426,0.015062820595528423,1.12,1.12,1.12,1.12
0.1944092585913063,1.595066950840247,24.29221812650413,0.03271301800746934,0.02065729263083943,0.014937179472329726,0.034369021317524395,0.03934270736916062,0.015062820527670287,1.12,1.12,1.12,1.12
0.19470762598623692,1.5956892609333864,24.295263382764638,0.03271297726174177,0.020657572262378493,0.01493717954020389,0.034369062063251965,0.03934242773762156,0.015062820459796122,1.12,1.12,1.12,1.12
0.19500622592350583,1.5963117285958912,24.298308429370874,0.03271293650489887,0.020657851973105434,0.014937179608094056,0.034369102820094866,0.03934214802689462,0.015062820391905957,1.12,1.12,1.12,1.12
0.1953050584079753,1.5969343538183693,24.301353266178324,0.03271289573694425,0.020658131763042376,0.01493717967600014,0.03436914358804949,0.03934186823695768,0.015062820323999873,1.12,1.12,1.12,1.12
0.19560412344450714,1.5975571365914236,24.304397893042466,0.03271285495788179,0.020658411632212215,0.014937179743922141,0.03436918436711195,0.03934158836778784,0.015062820256077872,1.12,1.12,1.12,1.12
0.19590342103796307,1.5981800769056536,24.30744230981872,0.03271281416771521,0.020658691580637434,0.014937179811859977,0.03436922515727853,0.03934130841936262,0.015062820188140036,1.12,1.12,1.12,1.12
0.19620295119320402,1.5988031747516525,24.310486516362502,0.03271277336644779,0.020658971608340737,0.014937179879813647,0.03436926595854595,0.039341028391659316,0.015062820120186365,1.12,1.12,1.12,1.12
0.1965027139150907,1.59942643012001,24.31353051252921,0.032712732554083246,0.02065925171534483,0.014937179947783097,0.03436930677091049,0.039340748284655225,0.015062820052216916,1.12,1.12,1.12,1.12
0.19680270920848325,1.6000498430013117,24.31657429817418,0.0327126917306248,0.020659531901672967,0.014937180015768312,0.03436934759436894,0.039340468098327086,0.015062819984231701,1.12,1.12,1.12,1.12
0.19710293707824167,1.6006734133861382,24.31961787315278,0.03271265089607617,0.02065981216734819,0.014937180083769236,0.03436938842891757,0.03934018783265186,0.015062819916230777,1.12,1.12,1.12,1.12
0.19740339752922514,1.6012971412650654,24.32266123732028,0.03271261005044018,0.020660092512393646,0.014937180151785856,0.03436942927455355,0.03933990748760641,0.015062819848214157,1.12,1.12,1.12,1.12
0.19770409056629284,1.6019210266286639,24.325704390531996,0.03271256919372045,0.02066037293683265,0.01493718021981813,0.03436947013127328,0.039339627063167404,0.015062819780181883,1.12,1.12,1.12,1.12
0.1980050161943031,1.6025450694675016,24.328747332643168,0.03271252832591992,0.020660653440688792,0.014937180287866031,0.034369510999073816,0.03933934655931126,0.015062819712133982,1.12,1.12,1.12,1.12
0.19830617441811427,1.6031692697721405,24.331790063509025,0.03271248744704164,0.020660934023985555,0.014937180355929558,0.0343695518779521,0.0393390659760145,0.015062819644070455,1.12,1.12,1.12,1.12
0.19860756524258394,1.6037936275331384,24.334832582984795,0.032712446557088826,0.020661214686746726,0.014937180424008656,0.03436959276790491,0.03933878531325333,0.015062819575991357,1.12,1.12,1.12,1.12
0.19890918867256946,1.6044181427410482,24.33787489092564,0.03271240565606437,0.02066149542899598,0.014937180492103297,0.03436963366892937,0.039338504571004074,0.015062819507896716,1.12,1.12,1.12,1.12
0.19921104471292772,1.6050428153864187,24.340916987186713,0.032712364743971156,0.02066177625075749,0.014937180560213495,0.03436967458102258,0.03933822374924256,0.015062819439786518,1.12,1.12,1.12,1.12
0.19951313336851517,1.6056676454597938,24.343958871623162,0.03271232382081196,0.02066205715205499,0.014937180628339236,0.034369715504181775,0.03933794284794506,0.015062819371660777,1.12,1.12,1.12,1.12
0.19981545464418782,1.606292632951713,24.347000544090065,0.03271228288658967,0.020662338132912655,0.014937180696480479,0.034369756438404064,0.0393376618670874,0.015062819303519534,1.12,1.12,1.12,1.12
0.2001180085448013,1.6069177778527113,24.35004200444252,0.03271224194130706,0.02066261919335477,0.014937180764637237,0.03436979738368667,0.039337380806645283,0.015062819235362776,1.12,1.12,1.12,1.12
0.20042079507521082,1.6075430801533188,24.353083252535566,0.03271220098496663,0.02066290033340551,0.014937180832809496,0.034369838340027103,0.039337099666594544,0.015062819167190517,1.12,1.12,1.12,1.12
0.2007238142402633,1.6081685398440286,24.35612428822404,0.03271216001756794,0.020663181553093463,0.01493718090099,0.0343698793074258,0.03933681844690659,0.015062819099010014,1.12,1.12,1.12,1.12
0.20102706604481224,1.6087941569153579,24.35916511136291,0.0327121190391132,0.02066346285244358,0.01493718096917794,0.03436992028588054,0.03933653714755647,0.015062819030822072,1.12,1.12,1.12,1.12
0.20133055049371126,1.609419931357823,24.362205721807143,0.032712078049604965,0.02066374423148032,0.014937181037373348,0.03436996127538877,0.039336255768519734,0.015062818962626665,1.12,1.12,1.12,1.12
0.2016342675918142,1.6100458631619359,24.365246119411704,0.03271203704904563,0.020664025690228793,0.014937181105576278,0.03437000227594811,0.03933597430977126,0.015062818894423735,1.12,1.12,1.12,1.12
0.20193821734397377,1.610671952318203,24.3682863040315,0.03271199603743735,0.020664307228713874,0.014937181173786743,0.034370043287556384,0.03933569277128618,0.01506281882621327,1.12,1.12,1.12,1.12
0.2022423997550428,1.6112981988171275,24.37132627552144,0.03271195501478269,0.020664588846960485,0.014937181242004771,0.034370084310211046,0.03933541115303957,0.015062818757995242,1.12,1.12,1.12,1.12
0.20254681482987344,1.6119246026492071,24.374366033736372,0.032711913981083696,0.020664870544993497,0.014937181310230419,0.03437012534391004,0.03933512945500656,0.015062818689769594,1.12,1.12,1.12,1.12
0.20285146257331751,1.6125511638049357,24.377405578531164,0.0327118729363427,0.020665152322838526,0.014937181378463726,0.034370166388651036,0.03933484767716153,0.015062818621536286,1.12,1.12,1.12,1.12
0.20315634299022645,1.613177882274801,24.38044490976062,0.03271183188056154,0.02066543418052047,0.014937181446704709,0.0343702074444322,0.03933456581947958,0.015062818553295304,1.12,1.12,1.12,1.12
0.20346145608545108,1.613804758049289,24.38348402727954,0.03271179081374248,0.020665716118064947,0.014937181514953407,0.034370248511251256,0.039334283881935106,0.015062818485046606,1.12,1.12,1.12,1.12
0.20376680186384208,1.6144317911188772,24.386522930942693,0.032711749735887585,0.0206659981354973,0.014937181583209863,0.03437028958910615,0.039334001864502754,0.01506281841679015,1.12,1.12,1.12,1.12
0.20407238033024966,1.6150589814740415,24.38956162060481,0.03271170864699857,0.020666280232843337,0.01493718165147409,0.034370330677995165,0.039333719767156716,0.015062818348525922,1.12,1.12,1.12,1.12
0.20437819148952327,1.6156863291052517,24.392600096120617,0.032711667547077605,0.020666562410128625,0.014937181719746145,0.03437037177791613,0.03933343758987143,0.015062818280253867,1.12,1.12,1.12,1.12
0.20468423534651237,1.6163138340029741,24.395638357344794,0.032711626436126406,0.020666844667379086,0.014937181788026083,0.03437041288886733,0.03933315533262097,0.01506281821197393,1.12,1.12,1.12,1.12
0.2049905119060659,1.6169414961576694,24.398676404131997,0.032711585314146585,0.020667127004620284,0.014937181856313902,0.03437045401084715,0.03933287299537977,0.01506281814368611,1.12,1.12,1.12,1.12
0.20529702117303225,1.6175693155597934,24.401714236336886,0.03271154418114014,0.020667409421878502,0.01493718192460966,0.0343704951438536,0.03933259057812155,0.015062818075390352,1.12,1.12,1.12,1.12
0.20560376315225926,1.6181972921997982,24.404751853814044,0.032711503037108736,0.02066769191917983,0.014937181992913412,0.034370536287885,0.03933230808082022,0.0150628180070866,1.12,1.12,1.12,1.12
0.20591073784859484,1.6188254260681316,24.407789256418077,0.032711461882053816,0.020667974496550334,0.014937182061225157,0.03437057744293992,0.03933202550344972,0.015062817938774856,1.12,1.12,1.12,1.12
0.2062179452668861,1.6194537171552357,24.410826444003533,0.032711420715977046,0.02066825715401599,0.01493718212954498,0.03437061860901669,0.03933174284598406,0.015062817870455034,1.12,1.12,1.12,1.12
0.20652538541197973,1.6200821654515476,24.413863416424938,0.03271137953888004,0.020668539891603777,0.014937182197872892,0.0343706597861137,0.03933146010839628,0.01506281780212712,1.12,1.12,1.12,1.12
0.20683305828872234,1.6207107709475013,24.416900173536813,0.032711338350764174,0.020668822709339618,0.01493718226620891,0.03437070097422956,0.039331177290660435,0.015062817733791103,1.12,1.12,1.12,1.12
0.20714096390195966,1.6213395336335248,24.41993671519363,0.03271129715163085,0.0206691056072503,0.014937182334553128,0.03437074217336289,0.039330894392749755,0.015062817665446884,1.12,1.12,1.12,1.12
0.2074491022565372,1.6219684535000423,24.422973041249854,0.03271125594148133,0.02066938858536227,0.014937182402905536,0.034370783383512404,0.039330611414637784,0.015062817597094477,1.12,1.12,1.12,1.12
0.20775747335730027,1.622597530537473,24.426009151559885,0.03271121472031718,0.020669671643702425,0.0149371824712662,0.03437082460467655,0.03933032835629763,0.015062817528733813,1.12,1.12,1.12,1.12
0.20806607720909334,1.6232267647362306,24.42904504597815,0.03271117348813973,0.02066995478229755,0.01493718253963515,0.034370865836854,0.0393300452177025,0.015062817460364863,1.12,1.12,1.12,1.12
0.2083749138167609,1.6238561560867266,24.43208072435902,0.03271113224494987,0.02067023800117418,0.014937182608012425,0.034370907080043867,0.039329761998825874,0.015062817391987587,1.12,1.12,1.12,1.12
0.20868398318514672,1.6244857045793653,24.43511618655684,0.032711090990748926,0.020670521300359623,0.014937182676398084,0.03437094833424481,0.03932947869964043,0.01506281732360193,1.12,1.12,1.12,1.12
0.2089932853190941,1.6251154102045469,24.438151432425933,0.03271104972553812,0.020670804679881027,0.014937182744792152,0.034370989599455615,0.039329195320119026,0.015062817255207861,1.12,1.12,1.12,1.12
0.20930282022344635,1.6257452729526678,24.441186461820593,0.032711008449318346,0.020671088139765148,0.014937182813194672,0.03437103087567539,0.039328911860234905,0.015062817186805341,1.12,1.12,1.12,1.12
0.20961258790304582,1.6263752928141189,24.444221274595094,0.03271096716209093,0.020671371680039685,0.014937182881605712,0.034371072162902805,0.03932862831996037,0.0150628171183943,1.12,1.12,1.12,1.12
0.2099225883627347,1.6270054697792873,24.447255870603684,0.0327109258638566,0.020671655300731784,0.014937182950025288,0.03437111346113714,0.03932834469926827,0.015062817049974725,1.12,1.12,1.12,1.12
0.210232821607355,1.6276358038385546,24.450290249700572,0.03271088455461624,0.0206719390018687,0.014937183018453468,0.0343711547703775,0.03932806099813135,0.015062816981546545,1.12,1.12,1.12,1.12
0.21054328764174796,1.628266294982298,24.45332441173996,0.032710843234370846,0.020672222783478134,0.014937183086890266,0.03437119609062289,0.03932777721652192,0.015062816913109747,1.12,1.12,1.12,1.12
0.21085398647075426,1.628896943200889,24.456358356576004,0.03271080190312131,0.02067250664558737,0.014937183155335765,0.034371237421872425,0.039327493354412685,0.015062816844664248,1.12,1.12,1.12,1.12
0.21116491809921467,1.6295277484846975,24.459392084062852,0.03271076056086847,0.020672790588224105,0.014937183223789965,0.03437127876412527,0.03932720941177595,0.015062816776210047,1.12,1.12,1.12,1.12
0.21147608253196915,1.6301587108240847,24.462425594054615,0.03271071920761298,0.02067307461141621,0.014937183292252937,0.034371320117380755,0.039326925388583844,0.015062816707747076,1.12,1.12,1.12,1.12
0.21178747977385753,1.6307898302094104,24.465458886405376,0.03271067784335552,0.020673358715191326,0.014937183360724735,0.03437136148163822,0.03932664128480873,0.015062816639275278,1.12,1.12,1.12,1.12
0.2120991098297189,1.6314211066310276,24.46849196096919,0.032710636468096854,0.02067364289957735,0.014937183429205386,0.03437140285689688,0.039326357100422704,0.015062816570794627,1.12,1.12,1.12,1.12
0.2124109727043922,1.6320525400792851,24.471524817600105,0.032710595081837546,0.02067392716460234,0.014937183497694947,0.03437144424315619,0.03932607283539771,0.015062816502305065,1.12,1.12,1.12,1.12
0.2127230684027156,1.6326841305445279,24.474557456152123,0.032710553684578314,0.020674211510294332,0.014937183566193446,0.03437148564041542,0.03932578848970572,0.015062816433806567,1.12,1.12,1.12,1.12
0.2130353969295274,1.6333158780170949,24.477589876479215,0.03271051227631938,0.020674495936681303,0.014937183634700965,0.034371527048674355,0.03932550406331875,0.015062816365299048,1.12,1.12,1.12,1.12
0.21334795828966496,1.633947782487322,24.480622078435346,0.03271047085706147,0.020674780443791757,0.01493718370321756,0.03437156846793227,0.039325219556208296,0.015062816296782452,1.12,1.12,1.12,1.12
0.2136607524879656,1.6345798439455388,24.483654061874443,0.03271042942680491,0.020675065031653617,0.014937183771743232,0.034371609898188826,0.03932493496834644,0.015062816228256781,1.12,1.12,1.12,1.12
0.21397377952926588,1.6352120623820707,24.486685826650408,0.032710387985550315,0.020675349700295498,0.014937183840278062,0.03437165133944342,0.039324650299704556,0.01506281615972195,1.12,1.12,1.12,1.12
0.2142870394184021,1.6358444377872385,24.489717372617115,0.03271034653329791,0.020675634449745628,0.014937183908822121,0.03437169279169583,0.039324365550254425,0.015062816091177891,1.12,1.12,1.12,1.12
0.21460053216021022,1.6364769701513588,24.492748699628404,0.03271030507004791,0.02067591928003254,0.01493718397737541,0.03437173425494583,0.039324080719967514,0.015062816022624603,1.12,1.12,1.12,1.12
0.21491425775952566,1.6371096594647427,24.49577980753812,0.03271026359580076,0.020676204191184905,0.01493718404593801,0.03437177572919298,0.03932379580881515,0.015062815954062003,1.12,1.12,1.12,1.12
0.2152282162211835,1.6377425057176964,24.498810696200042,0.032710222110556575,0.020676489183231284,0.014937184114509963,0.03437181721443716,0.03932351081676877,0.01506281588549005,1.12,1.12,1.12,1.12
0.2155424075500184,1.6383755089005227,24.50184136546794,0.032710180614315854,0.020676774256200264,0.014937184183091326,0.03437185871067788,0.03932322574379979,0.015062815816908687,1.12,1.12,1.12,1.12
0.21585683175086443,1.6390086690035184,24.504871815195568,0.03271013910707832,0.02067705941012077,0.014937184251682153,0.03437190021791542,0.039322940589879285,0.01506281574831786,1.12,1.12,1.12,1.12
0.21617148882855552,1.6396419860169749,24.507902045236627,0.032710097588844356,0.020677344645021745,0.014937184320282473,0.03437194173614938,0.03932265535497831,0.01506281567971754,1.12,1.12,1.12,1.12
0.21648637878792476,1.6402754599311813,24.510932055444822,0.03271005605961391,0.02067762996093203,0.014937184388892397,0.034371983265379824,0.03932237003906802,0.015062815611107616,1.12,1.12,1.12,1.12
0.21680150163380532,1.6409090907364199,24.513961845673812,0.03271001451938732,0.020677915357880716,0.01493718445751191,0.034372024805606416,0.03932208464211934,0.015062815542488103,1.12,1.12,1.12,1.12
0.2171168573710296,1.641542878422969,24.51699141577722,0.0327099729681643,0.02067820083589672,0.014937184526141123,0.034372066356829434,0.03932179916410333,0.01506281547385889,1.12,1.12,1.12,1.12
0.21743244600442965,1.6421768229811022,24.52002076560868,0.03270993140594486,0.020678486395009354,0.014937184594780065,0.03437210791904888,0.0393215136049907,0.015062815405219948,1.12,1.12,1.12,1.12
0.21774826753883714,1.642810924401089,24.523049895021764,0.032709889832729044,0.020678772035247817,0.014937184663428804,0.03437214949226469,0.03932122796475224,0.015062815336571209,1.12,1.12,1.12,1.12
0.21806432197908343,1.6434451826731924,24.526078803870025,0.03270984824851669,0.020679057756641195,0.014937184732087355,0.03437219107647704,0.03932094224335886,0.015062815267912658,1.12,1.12,1.12,1.12
0.21838060932999914,1.6440795977876714,24.529107492006997,0.03270980665330764,0.020679343559218966,0.014937184800755843,0.0343722326716861,0.03932065644078109,0.01506281519924417,1.12,1.12,1.12,1.12
0.21869712959641482,1.6447141697347811,24.532135959286187,0.0327097650471016,0.02067962944301066,0.014937184869434267,0.034372274277892134,0.03932037055698939,0.015062815130565746,1.12,1.12,1.12,1.12
0.21901388278316017,1.645348898504771,24.535164205561077,0.032709723429898585,0.02067991540804559,0.01493718493812271,0.03437231589509515,0.03932008459195446,0.015062815061877302,1.12,1.12,1.12,1.12
0.21933086889506515,1.6459837840878866,24.538192230685105,0.03270968180169809,0.02068020145435337,0.01493718500682123,0.03437235752329565,0.039319798545646684,0.015062814993178783,1.12,1.12,1.12,1.12
0.21964808793695836,1.6466188264743673,24.54122003451171,0.03270964016250005,0.020680487581963558,0.01493718507552988,0.03437239916249368,0.039319512418036495,0.015062814924470133,1.12,1.12,1.12,1.12
0.2199655399136689,1.64725402565445,24.544247616894268,0.03270959851230387,0.02068077379090602,0.014937185144248716,0.034372440812689864,0.03931922620909403,0.015062814855751297,1.12,1.12,1.12,1.12
0.22028322483002472,1.6478893816183633,24.547274977686175,0.03270955685110949,0.0206810600812104,0.014937185212977794,0.03437248247388425,0.03931893991878965,0.015062814787022219,1.12,1.12,1.12,1.12
0.22060114269085382,1.6485248943563342,24.550302116740752,0.03270951517891635,0.020681346452906507,0.014937185281717197,0.03437252414607739,0.039318653547093546,0.015062814718282816,1.12,1.12,1.12,1.12
0.22091929350098358,1.649160563858584,24.553329033911336,0.03270947349572406,0.02068163290602415,0.01493718535046698,0.034372565829269675,0.0393183670939759,0.015062814649533032,1.12,1.12,1.12,1.12
0.22123767726524088,1.6497963901153287,24.556355729051216,0.032709431801532074,0.020681919440593666,0.014937185419227172,0.03437260752346166,0.03931808055940639,0.01506281458077284,1.12,1.12,1.12,1.12
0.22155629398845245,1.6504323731167798,24.559382202013637,0.03270939009633994,0.020682206056644642,0.01493718548799787,0.034372649228653795,0.03931779394335541,0.015062814512002143,1.12,1.12,1.12,1.12
0.22187514367544417,1.651068512853145,24.562408452651855,0.03270934838014711,0.020682492754207304,0.014937185556779128,0.03437269094484663,0.03931750724579275,0.015062814443220884,1.12,1.12,1.12,1.12
0.2221942263310419,1.6517048093146252,24.565434480819075,0.032709306652953074,0.020682779533311796,0.014937185625570976,0.03437273267204066,0.03931722046668826,0.015062814374429037,1.12,1.12,1.12,1.12
0.2225135419600709,1.6523412624914178,24.568460286368484,0.032709264914757175,0.020683066393988342,0.014937185694373523,0.03437277441023656,0.03931693360601171,0.01506281430562649,1.12,1.12,1.12,1.12
0.2228330905673558,1.652977872373716,24.571485869153236,0.03270922316555874,0.02068335333626725,0.014937185763186825,0.03437281615943499,0.0393166466637328,0.015062814236813188,1.12,1.12,1.12,1.12
0.2231528721577213,1.6536146389517068,24.574511229026452,0.03270918140535711,0.020683640360178723,0.014937185832010896,0.034372857919636624,0.03931635963982133,0.015062814167989116,1.12,1.12,1.12,1.12
0.22347288673599117,1.6542515622155727,24.57753636584125,0.03270913963415156,0.020683927465753205,0.014937185900845862,0.034372899690842174,0.03931607253424685,0.015062814099154151,1.12,1.12,1.12,1.12
0.22379313430698913,1.654888642155493,24.580561279450702,0.03270909785194159,0.020684214653021116,0.01493718596969175,0.03437294147305214,0.03931578534697894,0.015062814030308264,1.12,1.12,1.12,1.12
0.22411361487553796,1.6555258787616396,24.583585969707848,0.03270905605872598,0.020684501922012988,0.014937186038548642,0.034372983266267754,0.039315498077987066,0.015062813961451371,1.12,1.12,1.12,1.12
0.22443432844646072,1.656163272024182,24.586610436465733,0.032709014254504454,0.020684789272759352,0.014937186107416595,0.03437302507048928,0.0393152107272407,0.015062813892583418,1.12,1.12,1.12,1.12
0.22475527502457943,1.6568008219332822,24.58963467957733,0.03270897243927573,0.020685076705291017,0.014937186176295664,0.03437306688571801,0.03931492329470904,0.015062813823704349,1.12,1.12,1.12,1.12
0.22507645461471606,1.6574385284791011,24.59265869889562,0.0327089306130392,0.020685364219638513,0.014937186245185932,0.034373108711954536,0.03931463578036154,0.01506281375481408,1.12,1.12,1.12,1.12
0.22539786722169178,1.6580763916517918,24.59568249427355,0.03270888877579381,0.020685651815832595,0.01493718631408747,0.03437315054919993,0.03931434818416746,0.015062813685912543,1.12,1.12,1.12,1.12
0.22571951285032776,1.658714411441503,24.598706065564024,0.03270884692753878,0.020685939493904015,0.014937186383000331,0.034373192397454955,0.03931406050609604,0.015062813616999682,1.12,1.12,1.12,1.12
0.22604139150544456,1.6593525878383795,24.601729412619928,0.03270880506827317,0.02068622725388386,0.014937186451924572,0.034373234256720564,0.03931377274611619,0.01506281354807544,1.12,1.12,1.12,1.12
0.22636350319186196,1.6599909208325607,24.60475253529414,0.03270876319799604,0.02068651509580305,0.01493718652086029,0.0343732761269977,0.039313484904197005,0.015062813479139722,1.12,1.12,1.12,1.12
0.22668584791439994,1.6606294104141819,24.60777543343949,0.03270872131670616,0.020686803019692446,0.014937186589807527,0.03437331800828758,0.03931319698030761,0.015062813410192485,1.12,1.12,1.12,1.12
0.2270084256778775,1.661268056573372,24.610798106908774,0.03270867942440264,0.020687091025583138,0.014937186658766366,0.034373359900591094,0.039312908974416916,0.015062813341233647,1.12,1.12,1.12,1.12
0.2273312364871136,1.6619068593002568,24.61382055555479,0.032708637521084105,0.020687379113506044,0.014937186727736876,0.03437340180390963,0.03931262088649401,0.015062813272263137,1.12,1.12,1.12,1.12
0.22765428034692636,1.6625458185849564,24.616842779230268,0.0327085956067501,0.020687667283492583,0.014937186796719126,0.034373443718243635,0.03931233271650747,0.015062813203280886,1.12,1.12,1.12,1.12
0.22797755726213415,1.6631849344175866,24.619864777787956,0.032708553681398855,0.020687955535573815,0.014937186865713159,0.03437348564359488,0.03931204446442624,0.015062813134286854,1.12,1.12,1.12,1.12
0.22830106723755383,1.663824206788257,24.622886551080562,0.03270851174502948,0.020688243869781187,0.014937186934719099,0.03437352757996426,0.03931175613021887,0.015062813065280914,1.12,1.12,1.12,1.12
0.22862481027800305,1.6644636356870735,24.62590809896073,0.03270846979764086,0.0206885322861457,0.014937187003736974,0.034373569527352876,0.03931146771385435,0.01506281299626304,1.12,1.12,1.12,1.12
0.22894878638829808,1.6651032211041379,24.62892942128113,0.0327084278392315,0.020688820784699025,0.014937187072766853,0.034373611485762234,0.03931117921530103,0.01506281292723316,1.12,1.12,1.12,1.12
0.22927299557325506,1.6657429630295455,24.631950517894364,0.03270838586980046,0.020689109365472386,0.014937187141808833,0.034373653455193276,0.03931089063452767,0.01506281285819118,1.12,1.12,1.12,1.12
0.22959743783769007,1.6663828614533878,24.634971388653035,0.03270834388934635,0.020689398028497397,0.014937187210862984,0.03437369543564739,0.03931060197150266,0.015062812789137028,1.12,1.12,1.12,1.12
0.22992211318641803,1.667022916365751,24.637992033409713,0.03270830189786772,0.020689686773805643,0.014937187279929334,0.03437373742712602,0.03931031322619441,0.015062812720070679,1.12,1.12,1.12,1.12
0.230247021624254,1.6676631277567155,24.641012452016927,0.03270825989536347,0.020689975601428573,0.014937187349008008,0.03437377942963027,0.03931002439857148,0.015062812650992005,1.12,1.12,1.12,1.12
0.23057216315601226,1.6683034956163596,24.64403264432719,0.03270821788183209,0.02069026451139805,0.014937187418099032,0.034373821443161645,0.039309735488602005,0.01506281258190098,1.12,1.12,1.12,1.12
0.23089753778650693,1.6689440199347545,24.64705261019298,0.03270817585727237,0.02069055350374563,0.014937187487202533,0.034373863467721366,0.039309446496254424,0.01506281251279748,1.12,1.12,1.12,1.12
0.23122314552055168,1.6695847007019666,24.65007234946676,0.03270813382168264,0.020690842578503066,0.014937187556318537,0.0343739055033111,0.03930915742149699,0.015062812443681475,1.12,1.12,1.12,1.12
0.23154898636295923,1.6702255379080584,24.653091862000963,0.03270809177506162,0.020691131735702195,0.014937187625447143,0.034373947549932116,0.03930886826429786,0.01506281237455287,1.12,1.12,1.12,1.12
0.23187506031854266,1.670866531543087,24.656111147647977,0.03270804971740793,0.020691420975374852,0.014937187694588405,0.03437398960758581,0.0393085790246252,0.015062812305411608,1.12,1.12,1.12,1.12
0.23220136739211394,1.671507681597104,24.6591302062602,0.03270800764871984,0.020691710297553012,0.014937187763742393,0.0343740316762739,0.03930828970244704,0.01506281223625762,1.12,1.12,1.12,1.12
0.23252790758848496,1.672148988060158,24.662149037689964,0.03270796556899608,0.02069199970226865,0.014937187832909177,0.03437407375599766,0.039308000297731405,0.015062812167090836,1.12,1.12,1.12,1.12
0.2328546809124668,1.6727904509222906,24.665167641789598,0.032707923478235035,0.020692289189553736,0.014937187902088894,0.0343741158467587,0.03930771081044632,0.015062812097911119,1.12,1.12,1.12,1.12
0.2331816873688708,1.6734320701735397,24.668186018411383,0.0327078813764351,0.020692578759440305,0.014937187971281518,0.03437415794855864,0.03930742124055975,0.015062812028718495,1.12,1.12,1.12,1.12
0.23350892696250708,1.674073845803938,24.671204167407602,0.03270783926359466,0.020692868411960608,0.014937188040487215,0.034374200061399074,0.039307131588039446,0.015062811959512798,1.12,1.12,1.12,1.12
0.23383639969818593,1.674715777803513,24.67422208863049,0.03270779713971217,0.020693158147146617,0.014937188109705998,0.03437424218528157,0.039306841852853436,0.015062811890294014,1.12,1.12,1.12,1.12
0.23416410558071654,1.6753578661622883,24.677239781932254,0.03270775500478584,0.020693447965030642,0.014937188178937966,0.03437428432020789,0.03930655203496941,0.015062811821062047,1.12,1.12,1.12,1.12
0.2344920446149084,1.676000110870282,24.680257247165084,0.03270771285881424,0.0206937378656451,0.014937188248183214,0.034374326466179494,0.03930626213435495,0.015062811751816799,1.12,1.12,1.12,1.12
0.23482021680556997,1.6766425119175072,24.68327448418114,0.03270767070179548,0.020694027849021995,0.014937188317441785,0.03437436862319826,0.03930597215097806,0.015062811682558228,1.12,1.12,1.12,1.12
0.23514862215748167,1.6772850692938572,24.68629149283184,0.03270762853371578,0.0206943179152054,0.014937188386689268,0.034374410791277954,0.03930568208479465,0.015062811613310745,1.12,1.12,1.12,1.12
0.23547726067544686,1.6779277829893182,24.689308272969186,0.03270758635457155,0.02069460806422932,0.014937188455922304,0.03437445297042219,0.039305391935770734,0.015062811544077709,1.12,1.12,1.12,1.12
0.23580613236427306,1.67857065299389,24.692324824445258,0.03270754416436089,0.020694898296126307,0.014937188525141379,0.034374495160632845,0.039305101703873746,0.015062811474858634,1.12,1.12,1.12,1.12
0.23613523722876711,1.6792136792975663,24.69534114711211,0.032707501963082586,0.020695188610928866,0.014937188594346978,0.03437453736191115,0.03930481138907119,0.015062811405653034,1.12,1.12,1.12,1.12
0.23646457527373546,1.679856861890336,24.698357240821775,0.032707459750734524,0.020695479008669554,0.014937188663539575,0.03437457957425921,0.0393045209913305,0.015062811336460438,1.12,1.12,1.12,1.12
0.23679414650398442,1.6805002007621852,24.70137310542625,0.03270741752731521,0.020695769489380983,0.014937188732719708,0.03437462179767853,0.03930423051061907,0.015062811267280304,1.12,1.12,1.12,1.12
0.23712395092431962,1.6811436959030925,24.70438874077751,0.032707375292822916,0.0206960600530956,0.014937188801887796,0.03437466403217082,0.039303939946904454,0.015062811198112216,1.12,1.12,1.12,1.12
0.23745398853954605,1.681787347303033,24.70740414672748,0.03270733304725587,0.020696350699846433,0.01493718887104431,0.034374706277737865,0.03930364930015362,0.015062811128955703,1.12,1.12,1.12,1.12
0.2377842593544683,1.6824311549519753,24.71041932312811,0.03270729079061213,0.020696641429666124,0.014937188940189722,0.034374748534381605,0.03930335857033393,0.015062811059810291,1.12,1.12,1.12,1.12
0.23811476337389106,1.6830751188398851,24.713434269831268,0.03270724852289014,0.020696932242587507,0.014937189009324475,0.034374790802103594,0.039303067757412546,0.015062810990675538,1.12,1.12,1.12,1.12
0.23844550060261796,1.6837192389567215,24.716448986688818,0.03270720624408785,0.020697223138643472,0.014937189078448987,0.03437483308090589,0.03930277686135658,0.015062810921551026,1.12,1.12,1.12,1.12
0.23877647104545227,1.6843635152924403,24.7194634735526,0.03270716395420353,0.02069751411786691,0.0149371891475637,0.0343748753707902,0.03930248588213314,0.015062810852436312,1.12,1.12,1.12,1.12
0.23910767470719707,1.6850079478369904,24.722477730274427,0.03270712165323514,0.020697805180290824,0.014937189216669103,0.0343749176717586,0.03930219481970923,0.01506281078333091,1.12,1.12,1.12,1.12
0.23943911159265455,1.6856525365803172,24.72549175670607,0.032707079341180945,0.02069809632594824,0.014937189285765526,0.03437495998381279,0.039301903674051814,0.015062810714234487,1.12,1.12,1.12,1.12
0.23977078170662702,1.6862972815123607,24.72850555269928,0.03270703701803879,0.020698387554872133,0.014937189354853442,0.03437500230695495,0.03930161244512792,0.015062810645146571,1.12,1.12,1.12,1.12
0.2401026850539159,1.6869421826230562,24.731519118105783,0.032706994683807,0.02069867886709581,0.01493718942393324,0.034375044641186736,0.03930132113290424,0.015062810576066774,1.12,1.12,1.12,1.12
0.2404348216393224,1.6875872399023326,24.734532452777287,0.032706952338483586,0.020698970262652272,0.014937189493005348,0.03437508698651015,0.03930102973734778,0.015062810506994664,1.12,1.12,1.12,1.12
0.24076719146764702,1.6882324533401165,24.737545556565458,0.03270690998206621,0.02069926174157488,0.01493718956207013,0.034375129342927524,0.03930073825842517,0.015062810437929883,1.12,1.12,1.12,1.12
0.24109979454368996,1.688877822926327,24.740558429321926,0.032706867614553214,0.02069955330389686,0.014937189631128028,0.03437517171044052,0.03930044669610319,0.015062810368871984,1.12,1.12,1.12,1.12
0.24143263087225117,1.68952334865088,24.74357107089832,0.032706825235942316,0.02069984494965149,0.014937189700179376,0.03437521408905142,0.03930015505034856,0.015062810299820636,1.12,1.12,1.12,1.12
0.24176570045812973,1.690169030503685,24.746583481146224,0.032706782846231575,0.02070013667887205,0.014937189769224563,0.03437525647876216,0.039299863321128004,0.01506281023077545,1.12,1.12,1.12,1.12
0.24209900330612444,1.6908148684746476,24.749595659917198,0.03270674044541877,0.020700428491592038,0.014937189838263948,0.03437529887957497,0.039299571508408015,0.015062810161736065,1.12,1.12,1.12,1.12
0.2424325394210338,1.691460862553668,24.752607607062775,0.03270669803350201,0.020700720387844818,0.01493718990729792,0.03437534129149172,0.039299279612155236,0.015062810092702092,1.12,1.12,1.12,1.12
0.24276630880765568,1.6921070127306412,24.75561932243445,0.03270665561047892,0.02070101236766389,0.01493718997632687,0.03437538371451482,0.03929898763233616,0.015062810023673143,1.12,1.12,1.12,1.12
0.2431003114707874,1.6927533189954582,24.75863080588371,0.03270661317634754,0.020701304431082812,0.0149371900453511,0.03437542614864619,0.03929869556891724,0.015062809954648912,1.12,1.12,1.12,1.12
0.24343454741522602,1.6933997813380033,24.761642057261994,0.032706570731105555,0.020701596578135056,0.014937190114370974,0.03437546859388818,0.039298403421865,0.015062809885629039,1.12,1.12,1.12,1.12
0.24376901664576822,1.6940463997481574,24.764653076420743,0.032706528274750735,0.02070188880885432,0.014937190183386836,0.034375511050243,0.039298111191145735,0.015062809816613176,1.12,1.12,1.12,1.12
0.24410371916721002,1.6946931742157956,24.76766386321134,0.03270648580728114,0.02070218112327421,0.014937190252399077,0.0343755535177126,0.03929781887672584,0.015062809747600936,1.12,1.12,1.12,1.12
0.24443865498434691,1.6953401047307886,24.77067441748515,0.0327064433286941,0.0207024735214284,0.014937190321407959,0.034375595996299635,0.039297526478571654,0.015062809678592054,1.12,1.12,1.12,1.12
0.24477382410197412,1.6959871912830016,24.77368473909351,0.03270640083898768,0.020702766003350664,0.014937190390413885,0.034375638486006055,0.03929723399664939,0.015062809609586128,1.12,1.12,1.12,1.12
0.24510922652488631,1.6966344338622947,24.776694827887738,0.03270635833815949,0.020703058569074728,0.014937190459417118,0.034375680986834245,0.039296941430925325,0.015062809540582894,1.12,1.12,1.12,1.12
0.24544486225787765,1.6972818324585235,24.77970468371911,0.032706315826207255,0.02070335121863448,0.014937190528417993,0.03437572349878648,0.03929664878136557,0.01506280947158202,1.12,1.12,1.12,1.12
0.245780731305742,1.6979293870615384,24.782714306438898,0.03270627330312875,0.02070364395206367,0.014937190597416897,0.034375766021864984,0.03929635604793638,0.015062809402583116,1.12,1.12,1.12,1.12
0.24611683367327278,1.6985770976611847,24.78572369589831,0.032706230768921374,0.02070393676939636,0.014937190666414052,0.03437580855607236,0.039296063230603695,0.01506280933358596,1.12,1.12,1.12,1.12
0.24645316936526251,1.699224964247302,24.788732851948563,0.032706188223582844,0.02070422967066632,0.01493719073540982,0.03437585110141089,0.039295770329333735,0.015062809264590193,1.12,1.12,1.12,1.12
0.24678973838650364,1.6998729868097262,24.79174177444081,0.032706145667111,0.02070452265590761,0.01493719080440449,0.03437589365788274,0.039295477344092444,0.015062809195595522,1.12,1.12,1.12,1.12
0.24712654074178833,1.7005211653382883,24.79475046322621,0.032706103099503225,0.020704815725154174,0.014937190873398329,0.03437593622549051,0.03929518427484588,0.015062809126601684,1.12,1.12,1.12,1.12
0.24746357643590766,1.701169499822813,24.79775891815589,0.03270606052075714,0.02070510887844018,0.014937190942391668,0.034375978804236595,0.03929489112155987,0.015062809057608345,1.12,1.12,1.12,1.12
0.24780084547365278,1.7018179902531196,24.80076713908092,0.03270601793087041,0.020705402115799576,0.014937191011384798,0.034376021394123324,0.03929459788420048,0.015062808988615214,1.12,1.12,1.12,1.12
0.24813834785981437,1.702466636619025,24.803775125852376,0.03270597532984054,0.02070569543726647,0.014937191080377998,0.034376063995153194,0.039294304562733584,0.015062808919622014,1.12,1.12,1.12,1.12
0.24847608359918213,1.7031154389103387,24.806782878321282,0.032705932717664865,0.020705988842875195,0.01493719114937156,0.03437610660732887,0.03929401115712486,0.015062808850628454,1.12,1.12,1.12,1.12
0.24881405269654577,1.7037643971168657,24.809790396338656,0.03270589009434105,0.02070628233265992,0.014937191218365745,0.034376149230652686,0.03929371766734013,0.015062808781634268,1.12,1.12,1.12,1.12
0.2491522551566943,1.7044135112284065,24.81279767975547,0.03270584745986671,0.020706575906654867,0.014937191287360874,0.034376191865127026,0.039293424093345186,0.015062808712639139,1.12,1.12,1.12,1.12
0.24949069098441667,1.7050627812347565,24.815804728422677,0.032705804814239015,0.02070686956489423,0.014937191356357155,0.03437623451075472,0.03929313043510582,0.015062808643642858,1.12,1.12,1.12,1.12
0.24982936018450064,1.705712207125705,24.8188115421912,0.032705762157455576,0.020707163307412346,0.01493719142535492,0.03437627716753816,0.03929283669258771,0.015062808574645092,1.12,1.12,1.12,1.12
0.25016826276173404,1.7063617888910372,24.821818120911928,0.032705719489513896,0.020707457134243712,0.01493719149435438,0.03437631983547984,0.03929254286575634,0.015062808505645633,1.12,1.12,1.12,1.12
0.25050739872090405,1.707011526520534,24.82482446443574,0.03270567681041142,0.02070775104542255,0.01493719156335585,0.034376362514582315,0.0392922489545775,0.015062808436644162,1.12,1.12,1.12,1.12
0.2508467680667975,1.7076614200039697,24.827830572613465,0.03270563412014521,0.02070804504098339,0.014937191632359542,0.034376405204848526,0.03929195495901666,0.01506280836764047,1.12,1.12,1.12,1.12
0.25118637080420053,1.7083114693311146,24.830836445295926,0.032705591418713154,0.02070833912096076,0.014937191701365704,0.03437644790628058,0.03929166087903929,0.015062808298634309,1.12,1.12,1.12,1.12
0.25152620693789896,1.7089616744917338,24.83384208233391,0.03270554870611214,0.020708633285389078,0.01493719177037467,0.034376490618881594,0.039291366714610976,0.015062808229625343,1.12,1.12,1.12,1.12
0.25186627647267834,1.709612035475586,24.83684748357815,0.03270550598233973,0.020708927534302868,0.014937191839386604,0.034376533342654,0.039291072465697185,0.015062808160613408,1.12,1.12,1.12,1.12
0.2522065794133231,1.710262552272427,24.8398526488794,0.03270546324739321,0.02070922186773677,0.014937191908401787,0.03437657607760053,0.03929077813226328,0.015062808091598226,1.12,1.12,1.12,1.12
0.2525471157646179,1.7109132248720067,24.842857578088346,0.032705420501269955,0.020709516285725427,0.014937191977420439,0.03437661882372378,0.03929048371427463,0.015062808022579574,1.12,1.12,1.12,1.12
0.2528878855313468,1.7115640532640695,24.845862271055665,0.03270537774396709,0.020709810788303362,0.014937192046442824,0.034376661581026646,0.03929018921169669,0.015062807953557189,1.12,1.12,1.12,1.12
0.25322888871829274,1.7122150374383545,24.84886672763201,0.032705334975482114,0.02071010537550544,0.014937192115469178,0.03437670434951162,0.039289894624494615,0.015062807884530835,1.12,1.12,1.12,1.12
0.2535701253302389,1.712866177384597,24.85187094766798,0.032705292195812086,0.02071040004736624,0.014937192184499737,0.03437674712918165,0.039289599952633814,0.015062807815500276,1.12,1.12,1.12,1.12
0.25391159537196767,1.7135174730925264,24.85487493101418,0.032705249404954506,0.020710694803920654,0.014937192253534681,0.03437678992003923,0.0392893051960794,0.015062807746465331,1.12,1.12,1.12,1.12
0.2542532988482611,1.7141689245518668,24.85787867752117,0.03270520660290638,0.020710989645203348,0.014937192322574303,0.03437683272208736,0.039289010354796705,0.01506280767742571,1.12,1.12,1.12,1.12
0.2545952357639007,1.7148205317523382,24.86088218703948,0.03270516378966487,0.020711284571249267,0.014937192391618809,0.034376875535328866,0.03928871542875079,0.015062807608381204,1.12,1.12,1.12,1.12
0.25493740612366755,1.715472294683654,24.86388545941962,0.03270512096522743,0.02071157958209327,0.014937192460668394,0.034376918359766306,0.03928842041790678,0.015062807539331619,1.12,1.12,1.12,1.12
0.25527980993234184,1.716124213335524,24.866888494512057,0.03270507812959117,0.02071187467777022,0.014937192529723337,0.03437696119540257,0.03928812532222983,0.015062807470276676,1.12,1.12,1.12,1.12
0.255622447194704,1.7167762876976522,24.869891292167246,0.032705035282752926,0.020712169858315033,0.01493719259878376,0.03437700404224081,0.03928783014168502,0.015062807401216252,1.12,1.12,1.12,1.12
0.2559653179155334,1.7174285177597373,24.87289385223562,0.03270499242471031,0.02071246512376279,0.014937192667849958,0.034377046900283426,0.03928753487623726,0.015062807332150055,1.12,1.12,1.12,1.12
0.2563084220996091,1.7180809035114735,24.875896174567554,0.03270494955546027,0.020712760474148495,0.01493719273692215,0.034377089769533464,0.03928723952585156,0.015062807263077863,1.12,1.12,1.12,1.12
0.25665175975170984,1.7187334449425506,24.878898259013432,0.032704906674999756,0.020713055909507117,0.01493719280600049,0.03437713264999398,0.03928694409049294,0.015062807193999522,1.12,1.12,1.12,1.12
0.2569953308766138,1.7193861420426513,24.881900105423572,0.032704863783326155,0.020713351429873766,0.014937192875085228,0.03437717554166758,0.03928664857012629,0.015062807124914784,1.12,1.12,1.12,1.12
0.25733913547909854,1.7200389948014543,24.884901713648294,0.032704820880436414,0.020713647035283556,0.014937192944176544,0.03437721844455732,0.0392863529647165,0.015062807055823468,1.12,1.12,1.12,1.12
0.25768317356394094,1.7206920032086335,24.887903083537893,0.032704777966327536,0.020713942725771622,0.014937193013274674,0.0343772613586662,0.03928605727422843,0.015062806986725338,1.12,1.12,1.12,1.12
0.2580274451359181,1.721345167253857,24.8909042149426,0.032704735040996635,0.02071423850137319,0.014937193082379785,0.0343773042839971,0.039285761498626864,0.015062806917620228,1.12,1.12,1.12,1.12
0.25837195019980586,1.721998486926789,24.89390510771266,0.032704692104440714,0.020714534362123505,0.014937193151492056,0.03437734722055302,0.03928546563787655,0.015062806848507956,1.12,1.12,1.12,1.12
0.25871668876038,1.7226519622170877,24.896905761698253,0.03270464915665694,0.02071483030805779,0.014937193220611752,0.0343773901683368,0.03928516969194226,0.01506280677938826,1.12,1.12,1.12,1.12
0.25906166082241583,1.7233055931144052,24.899906176749564,0.03270460619764226,0.020715126339211354,0.014937193289739026,0.034377433127351475,0.0392848736607887,0.015062806710260987,1.12,1.12,1.12,1.12
0.259406866390688,1.7239593796083907,24.902906352716727,0.032704563227393624,0.02071542245561958,0.014937193358874043,0.03437747609760011,0.03928457754438047,0.01506280664112597,1.12,1.12,1.12,1.12
0.2597523054699705,1.724613321688686,24.905906289449867,0.032704520245908086,0.02071571865731764,0.014937193428017026,0.03437751907908565,0.039284281342682414,0.015062806571982987,1.12,1.12,1.12,1.12
0.26009797806503737,1.7252674193449302,24.908905986799045,0.03270447725318243,0.020716014944341,0.014937193497168169,0.03437756207181131,0.039283985055659054,0.015062806502831844,1.12,1.12,1.12,1.12
0.2604438841806617,1.7259216725667557,24.91190544461435,0.03270443424921393,0.020716311316725217,0.014937193566327667,0.034377605075779805,0.03928368868327484,0.015062806433672346,1.12,1.12,1.12,1.12
0.2607900238216163,1.7265760813437898,24.914904662745784,0.03270439123399932,0.020716607774505624,0.014937193635495657,0.03437764809099442,0.03928339222549443,0.015062806364504355,1.12,1.12,1.12,1.12
0.26113639699267327,1.7272306456656548,24.91790364104336,0.032704348207535594,0.020716904317717777,0.014937193704672391,0.03437769111745814,0.039283095682282276,0.015062806295327621,1.12,1.12,1.12,1.12
0.2614830036986045,1.7278853655219686,24.920902379357067,0.03270430516981965,0.02071720094639723,0.014937193773857993,0.03437773415517409,0.039282799053602824,0.01506280622614202,1.12,1.12,1.12,1.12
0.2618298439441813,1.7285402409023432,24.923900877536816,0.03270426212084826,0.02071749766057948,0.014937193843052643,0.03437777720414548,0.03928250233942057,0.01506280615694737,1.12,1.12,1.12,1.12
0.2621769177341743,1.7291952717963852,24.926899135432556,0.0327042190606186,0.020717794460300143,0.014937193912256563,0.034377820264375136,0.03928220553969991,0.01506280608774345,1.12,1.12,1.12,1.12
0.2625242250733538,1.729850458193698,24.929897152894156,0.03270417598912728,0.02071809134559477,0.014937193981469893,0.034377863335866454,0.039281908654405284,0.01506280601853012,1.12,1.12,1.12,1.12
0.2628717659664896,1.7305058000838767,24.932894929771493,0.03270413290637142,0.020718388316499137,0.01493719405069284,0.03437790641862232,0.03928161168350092,0.015062805949307173,1.12,1.12,1.12,1.12
0.263219540418351,1.7311612974565138,24.935892465914385,0.03270408981234757,0.020718685373048995,0.014937194119925543,0.034377949512646166,0.03928131462695106,0.01506280588007447,1.12,1.12,1.12,1.12
0.26356754843370683,1.7318169503011955,24.938889761172646,0.03270404670705268,0.02071898251527987,0.014937194189168154,0.034377992617941056,0.03928101748472018,0.015062805810831859,1.12,1.12,1.12,1.12
0.26391579001732507,1.732472758607504,24.941886815396046,0.0327040035904837,0.02071927974322771,0.014937194258420897,0.03437803573451004,0.039280720256772345,0.015062805741579116,1.12,1.12,1.12,1.12
0.26426426517397383,1.7331287223650138,24.944883628434333,0.03270396046263735,0.020719577056928173,0.014937194327683881,0.03437807886235639,0.03928042294307188,0.015062805672316132,1.12,1.12,1.12,1.12
0.2646129739084202,1.7337848415632984,24.94788020013724,0.032703917323510356,0.020719874456417264,0.014937194396957315,0.03437812200148338,0.03928012554358279,0.015062805603042698,1.12,1.12,1.12,1.12
0.2649619162254309,1.7344411161919215,24.950876530354446,0.03270387417309967,0.020720171941730647,0.014937194466241366,0.03437816515189407,0.039279828058269406,0.015062805533758647,1.12,1.12,1.12,1.12
0.2653110921297725,1.7350975462404454,24.95387261893562,0.032703831011401785,0.020720469512904405,0.014937194535536158,0.03437820831359195,0.03927953048709565,0.015062805464463855,1.12,1.12,1.12,1.12
0.2656605016262105,1.7357541316984244,24.956868465730388,0.03270378783841382,0.020720767169974286,0.014937194604841886,0.034378251486579914,0.03927923283002577,0.015062805395158127,1.12,1.12,1.12,1.12
0.26601014471951034,1.7364108725554102,24.959864070588367,0.03270374465413223,0.02072106491297626,0.014937194674158688,0.03437829467086151,0.03927893508702379,0.015062805325841325,1.12,1.12,1.12,1.12
0.26636002141443677,1.7370677688009473,24.96285943335914,0.03270370145855389,0.020721362741946525,0.014937194743486731,0.034378337866439845,0.03927863725805353,0.015062805256513281,1.12,1.12,1.12,1.12
0.2667101317157538,1.737724820424576,24.965854553892246,0.03270365825167548,0.020721660656920826,0.01493719481282621,0.034378381073318254,0.03927833934307923,0.015062805187173803,1.12,1.12,1.12,1.12
0.26706047562822566,1.738382027415831,24.96884943203721,0.03270361503349378,0.02072195865793547,0.014937194882177207,0.034378424291499954,0.039278041342064585,0.015062805117822806,1.12,1.12,1.12,1.12
0.2674110531566151,1.7390393897642427,24.971844067643538,0.03270357180400535,0.02072225674502637,0.014937194951539917,0.03437846752098839,0.039277743254973685,0.015062805048460096,1.12,1.12,1.12,1.12
0.26776186430568494,1.7396969074593351,24.974838460560683,0.03270352856320702,0.020722554918229746,0.014937195020914507,0.03437851076178672,0.03927744508177031,0.015062804979085506,1.12,1.12,1.12,1.12
0.26811290908019786,1.7403545804906273,24.977832610638085,0.032703485311095404,0.02072285317758163,0.014937195090301114,0.03437855401389833,0.039277146822418424,0.015062804909698899,1.12,1.12,1.12,1.12
0.26846418748491513,1.7410124088476349,24.980826517725163,0.03270344204766712,0.02072315152311832,0.014937195159699893,0.03437859727732662,0.03927684847688173,0.01506280484030012,1.12,1.12,1.12,1.12
0.2688156995245982,1.7416703925198656,24.983820181671287,0.03270339877291889,0.020723449954876016,0.014937195229111008,0.034378640552074846,0.03927655004512404,0.015062804770889004,1.12,1.12,1.12,1.12
0.26916744520400765,1.7423285314968233,24.986813602325817,0.032703355486847385,0.020723748472890935,0.014937195298534572,0.03437868383814635,0.03927625152710912,0.01506280470146544,1.12,1.12,1.12,1.12
0.2695194245279035,1.742986825768007,24.989806779538064,0.03270331218944911,0.02072404707719941,0.01493719536797078,0.03437872713554463,0.039275952922800644,0.015062804632029234,1.12,1.12,1.12,1.12
0.2698716375010459,1.7436452753229106,24.992799713157346,0.03270326888072078,0.020724345767837604,0.014937195437419698,0.034378770444272955,0.03927565423216245,0.015062804562580315,1.12,1.12,1.12,1.12
0.2702240841281937,1.7443038801510213,24.99579240303291,0.032703225560658966,0.020724644544842075,0.014937195506881537,0.03437881376433477,0.03927535545515798,0.015062804493118476,1.12,1.12,1.12,1.12
0.2705767644141056,1.744962640241823,24.998784849014,0.032703182229260386,0.02072494340824904,0.014937195576356449,0.03437885709573335,0.03927505659175101,0.015062804423643564,1.12,1.12,1.12,1.12
0.2709296783635397,1.7456215555847934,25.001777050949848,0.03270313888652138,0.020725242358095003,0.014937195645844531,0.03437890043847236,0.03927475764190505,0.015062804354155482,1.12,1.12,1.12,1.12
0.2712828259812538,1.7462806261694046,25.004769008689603,0.03270309553243872,0.020725541394416402,0.014937195715345977,0.03437894379255502,0.03927445860558365,0.015062804284654036,1.12,1.12,1.12,1.12
0.2716362072720049,1.7469398519851245,25.007760722082445,0.032703052167008806,0.020725840517249544,0.014937195784860899,0.03437898715798493,0.03927415948275051,0.015062804215139114,1.12,1.12,1.12,1.12
0.2719898222405496,1.7475992330214147,25.01075219097749,0.032703008790228305,0.020726139726622406,0.01493719585438942,0.03437903053476543,0.03927386027337765,0.015062804145610592,1.12,1.12,1.12,1.12
0.27234367089164396,1.7482587692677336,25.013743415223843,0.032702965402093886,0.02072643902252294,0.014937195923931723,0.03437907392289985,0.03927356097747711,0.01506280407606829,1.12,1.12,1.12,1.12
0.27269775323004275,1.7489184607135315,25.01673439467057,0.03270292200260266,0.02072673840497974,0.014937195993487903,0.03437911732239107,0.039273261595020315,0.01506280400651211,1.12,1.12,1.12,1.12
0.2730520692605003,1.7495783073482565,25.019725129166716,0.03270287859175147,0.020727037874021997,0.014937196063058128,0.034379160733242264,0.039272962125978056,0.015062803936941885,1.12,1.12,1.12,1.12
0.2734066189877705,1.7502383091613496,25.022715618561307,0.032702835169537536,0.02072733742967975,0.014937196132642508,0.0343792041554562,0.039272662570320305,0.015062803867357505,1.12,1.12,1.12,1.12
0.2737614024166063,1.7508984661422475,25.025705862703333,0.032702791735957915,0.020727637071983718,0.01493719620224121,0.03437924758903582,0.039272362928016336,0.015062803797758803,1.12,1.12,1.12,1.12
0.27411641955175997,1.7515587782803803,25.02869586144175,0.03270274829100939,0.020727936800965074,0.014937196271854303,0.03437929103398435,0.03927206319903498,0.01506280372814571,1.12,1.12,1.12,1.12
0.27447167039798365,1.752219245565176,25.03168561462551,0.03270270483468929,0.020728236616655876,0.014937196341482023,0.03437933449030445,0.03927176338334418,0.01506280365851799,1.12,1.12,1.12,1.12
0.2748271549600288,1.7528798679860533,25.034675122103508,0.03270266136699418,0.020728536519088514,0.014937196411124412,0.03437937795799956,0.03927146348091154,0.0150628035888756,1.12,1.12,1.12,1.12
0.27518287324264573,1.7535406455324296,25.037664383724625,0.03270261788792106,0.02072883650829585,0.01493719648078165,0.03437942143707268,0.0392711634917042,0.015062803519218362,1.12,1.12,1.12,1.12
0.27553882525058476,1.7542015781937135,25.040653399337714,0.03270257439746682,0.020729136584311414,0.014937196550453863,0.034379464927526915,0.03927086341568864,0.01506280344954615,1.12,1.12,1.12,1.12
0.27589501098859553,1.7548626659593118,25.043642168791603,0.03270253089562858,0.02072943674716904,0.014937196620141174,0.03437950842936516,0.039270563252831014,0.015062803379858838,1.12,1.12,1.12,1.12
0.2762514304614269,1.7555239088186232,25.04663069193508,0.03270248738240317,0.020729736996902864,0.014937196689843724,0.03437955194259057,0.03927026300309719,0.01506280331015629,1.12,1.12,1.12,1.12
0.2766080836738274,1.7561853067610427,25.04961896861691,0.03270244385778737,0.020730037333547613,0.014937196759561608,0.03437959546720637,0.03926996266645244,0.015062803240438405,1.12,1.12,1.12,1.12
0.2769649706305449,1.75684685977596,25.052606998685842,0.03270240032177818,0.020730337757138062,0.014937196829294994,0.034379639003215556,0.03926966224286199,0.01506280317070502,1.12,1.12,1.12,1.12
0.2773220913363268,1.757508567852758,25.05559478199057,0.0327023567743725,0.020730638267709628,0.014937196899043992,0.03437968255062124,0.039269361732290425,0.015062803100956021,1.12,1.12,1.12,1.12
0.2776794457959197,1.7581704309808164,25.0585823183798,0.03270231321556688,0.020730938865297782,0.014937196968808727,0.034379726109426856,0.03926906113470227,0.015062803031191285,1.12,1.12,1.12,1.12
0.27803703401407004,1.7588324491495098,25.06156960770217,0.032702269645358606,0.02073123954993855,0.01493719703858934,0.03437976967963513,0.0392687604500615,0.015062802961410673,1.12,1.12,1.12,1.12
0.2783948559955232,1.759494622348205,25.064556649806306,0.03270222606374401,0.020731540321667796,0.01493719710838591,0.034379813261249725,0.03926845967833226,0.015062802891614102,1.12,1.12,1.12,1.12
0.27875291174502465,1.7601569505662658,25.067543444540814,0.03270218247072021,0.020731841180522015,0.014937197178198636,0.03437985685427353,0.03926815881947804,0.015062802821801377,1.12,1.12,1.12,1.12
0.27911120126731864,1.76081943379305,25.07052999175424,0.032702138866283814,0.020732142126537567,0.014937197248027598,0.03437990045870992,0.039267857873462486,0.015062802751972415,1.12,1.12,1.12,1.12
0.2794697245671494,1.7614820720179105,25.073516291295153,0.032702095250431495,0.020732443159751424,0.014937197317872922,0.03437994407456224,0.03926755684024863,0.015062802682127091,1.12,1.12,1.12,1.12
0.27982848164926033,1.7621448652301943,25.07650234301204,0.032702051623160144,0.02073274428020036,0.014937197387734732,0.03437998770183359,0.03926725571979969,0.01506280261226528,1.12,1.12,1.12,1.12
0.2801874725183945,1.7628078134192433,25.079488146753402,0.03270200798446643,0.020733045487921486,0.014937197457613155,0.034380031340527306,0.03926695451207857,0.015062802542386858,1.12,1.12,1.12,1.12
0.28054669717929415,1.7634709165743936,25.082473702367682,0.032701964334346856,0.020733346782952078,0.0149371975275083,0.03438007499064688,0.039266653217047975,0.015062802472491713,1.12,1.12,1.12,1.12
0.2809061556367013,1.7641341746849777,25.08545900970331,0.03270192067279826,0.020733648165329605,0.01493719759742032,0.03438011865219548,0.03926635183467045,0.015062802402579692,1.12,1.12,1.12,1.12
0.28126584789535736,1.764797587740322,25.08844406860868,0.03270187699981719,0.020733949635091536,0.014937197667349314,0.034380162325176544,0.03926605036490852,0.015062802332650699,1.12,1.12,1.12,1.12
0.2816257739600029,1.7654611557297457,25.09142887893217,0.03270183331540044,0.020734251192275677,0.01493719773729539,0.034380206009593295,0.03926574880772438,0.015062802262704622,1.12,1.12,1.12,1.12
0.28198593383537823,1.766124878642566,25.094413440522104,0.03270178961954434,0.020734552836919717,0.014937197807258704,0.034380249705449395,0.039265447163080336,0.01506280219274131,1.12,1.12,1.12,1.12
0.2823463275262232,1.7667887564680926,25.0973977532268,0.03270174591224567,0.020734854569061656,0.014937197877239364,0.034380293412748064,0.0392651454309384,0.015062802122760649,1.12,1.12,1.12,1.12
0.28270695503727694,1.7674527891956302,25.100381816894554,0.03270170219350105,0.020735156388739406,0.014937197947237468,0.03438033713149269,0.03926484361126065,0.015062802052762544,1.12,1.12,1.12,1.12
0.2830678163732781,1.7681169768144789,25.10336563137359,0.03270165846330686,0.020735458295991216,0.014937198017253156,0.03438038086168688,0.03926454170400884,0.015062801982746857,1.12,1.12,1.12,1.12
0.2834289115389648,1.7687813193139328,25.10634919651216,0.03270161472165972,0.020735760290855332,0.014937198087286524,0.034380424603334014,0.03926423970914472,0.015062801912713489,1.12,1.12,1.12,1.12
0.2837902405390746,1.7694458166832814,25.109332512158435,0.03270157096855614,0.02073606237336989,0.014937198157337725,0.0343804683564376,0.03926393762663016,0.015062801842662288,1.12,1.12,1.12,1.12
0.28415180337834434,1.770110468911807,25.112315578160604,0.03270152720399261,0.020736364543573527,0.014937198227406856,0.03438051212100113,0.03926363545642653,0.015062801772593157,1.12,1.12,1.12,1.12
0.2845136000615109,1.77077527598879,25.115298394366803,0.032701483427965694,0.020736666801504433,0.014937198297494014,0.03438055589702804,0.03926333319849562,0.015062801702505998,1.12,1.12,1.12,1.12
0.28487563059331017,1.7714402379035024,25.11828096062513,0.03270143964047173,0.02073696914720133,0.014937198367599366,0.034380599684522006,0.039263030852798725,0.015062801632400646,1.12,1.12,1.12,1.12
0.28523789497847735,1.7721053546452112,25.121263276783672,0.032701395841507164,0.02073727158070271,0.01493719843772301,0.03438064348348657,0.039262728419297344,0.015062801562277003,1.12,1.12,1.12,1.12
0.2856003932217475,1.7727706262031804,25.12424534269048,0.03270135203106839,0.02073757410204735,0.01493719850786504,0.03438068729392535,0.0392624258979527,0.015062801492134972,1.12,1.12,1.12,1.12
0.28596312532785506,1.7734360525666657,25.127227158193573,0.032701308209152014,0.02073787671127386,0.014937198578025557,0.03438073111584172,0.03926212328872619,0.015062801421974456,1.12,1.12,1.12,1.12
0.2863260913015336,1.7741016337249196,25.130208723140957,0.03270126437575421,0.02073817940842107,0.014937198648204725,0.03438077494923952,0.03926182059157898,0.015062801351795288,1.12,1.12,1.12,1.12
0.28668929114751657,1.7747673696671886,25.133190037380583,0.03270122053087143,0.02073848219352778,0.014937198718402628,0.0343808187941223,0.039261517806472274,0.015062801281597385,1.12,1.12,1.12,1.12
0.28705272487053674,1.7754332603827134,25.1361711007604,0.032701176674500176,0.020738785066632848,0.014937198788619419,0.03438086265049356,0.039261214933367206,0.015062801211380594,1.12,1.12,1.12,1.12
0.2874163924753263,1.7760993058607306,25.139151913128302,0.03270113280663656,0.020739088027775215,0.01493719885885518,0.03438090651835718,0.03926091197222484,0.015062801141144833,1.12,1.12,1.12,1.12
0.2877802939666168,1.7767655060904692,25.142132474332172,0.03270108892727713,0.02073939107699385,0.014937198929110024,0.0343809503977166,0.0392606089230062,0.015062801070889989,1.12,1.12,1.12,1.12
0.2881444293491397,1.7774318610611552,25.14511278421988,0.032701045036417964,0.020739694214327725,0.014937198999384074,0.03438099428857577,0.03926030578567233,0.015062801000615939,1.12,1.12,1.12,1.12
0.2885087986276251,1.7780983707620082,25.148092842639215,0.03270100113405566,0.02073999734281773,0.014937199069677456,0.034381038190938074,0.039260002657182325,0.015062800930322556,1.12,1.12,1.12,1.12
0.2888734018055576,1.7787650351826512,25.15107264944799,0.03270095722032712,0.020740300381744792,0.014937199139989837,0.034381082104666616,0.03925969961825526,0.015062800860010175,1.12,1.12,1.12,1.12
0.2892382388853813,1.779431854313045,25.154052204512354,0.0327009132954858,0.02074060335099115,0.014937199210320481,0.034381126029507936,0.039259396649008904,0.015062800789679531,1.12,1.12,1.12,1.12
0.28960330986979077,1.7800988281430639,25.157031507696406,0.032700869359753804,0.020740906268960052,0.01493719928066882,0.03438116996523993,0.03925909373104,0.015062800719331193,1.12,1.12,1.12,1.12
0.2899686147617122,1.7807659566625025,25.16001055886238,0.03270082541332503,0.020741209152686624,0.014937199351034353,0.03438121391166871,0.03925879084731343,0.01506280064896566,1.12,1.12,1.12,1.12
0.2903341535642868,1.7814332398610802,25.162989357870764,0.032700781456366734,0.020741512017941277,0.014937199421416691,0.034381257868627,0.039258487982058776,0.015062800578583321,1.12,1.12,1.12,1.12
0.29069992628085456,1.782100677728449,25.165967904580413,0.03270073748902208,0.02074181651413018,0.014937199491815462,0.034381301835971656,0.039258183485869874,0.015062800508184551,1.12,1.12,1.12,1.12
0.2910659329359464,1.782768270247315,25.168946198679993,0.03270069350893495,0.0207421210478701,0.01493719956223813,0.034381345816058784,0.039257878952129954,0.015062800437761883,1.12,1.12,1.12,1.12
0.2914321735336488,1.7834360174070565,25.171924240022136,0.03270064951618751,0.020742425622949145,0.014937199632684459,0.03438138980880623,0.03925757437705091,0.015062800367315554,1.12,1.12,1.12,1.12
0.29179864807809536,1.7841039191970305,25.174902028459098,0.03270060551085585,0.020742730242879925,0.01493719970315427,0.034381433814137885,0.03925726975712013,0.015062800296845744,1.12,1.12,1.12,1.12
0.29216535657346193,1.7847719756065736,25.17787956384273,0.03270056149301015,0.020743034910920638,0.01493719977364745,0.03438147783198359,0.039256965089079415,0.015062800226352563,1.12,1.12,1.12,1.12
0.2925322990239648,1.785440186625007,25.18085684602457,0.03270051746271552,0.02074333963009317,0.014937199844163848,0.03438152186227822,0.03925666036990688,0.015062800155836165,1.12,1.12,1.12,1.12
0.29289947543385714,1.7861085522416318,25.1838338748558,0.03270047342003163,0.02074364440320048,0.014937199914703325,0.03438156590496211,0.039256355596799575,0.015062800085296688,1.12,1.12,1.12,1.12
0.2932668858074258,1.7867770724457337,25.186810650187304,0.03270042936501427,0.020743949232841452,0.014937199985265812,0.034381609959979464,0.0392560507671586,0.015062800014734201,1.12,1.12,1.12,1.12
0.29363453014899,1.787445747226585,25.18978717186971,0.03270038529771446,0.020744254121429162,0.014937200055851224,0.034381654027279274,0.03925574587857089,0.015062799944148789,1.12,1.12,1.12,1.12
0.2940024084628977,1.7881145765734396,25.192763439753328,0.032700341218179385,0.020744559071202873,0.014937200126459493,0.03438169810681435,0.03925544092879718,0.01506279987354052,1.12,1.12,1.12,1.12
0.2943705207535241,1.7887835604755389,25.195739453688283,0.03270029712645256,0.020744864084240866,0.014937200197090564,0.034381742198541176,0.03925513591575919,0.015062799802909449,1.12,1.12,1.12,1.12
0.29473886702526964,1.7894526989221125,25.198715213524405,0.03270025302257418,0.020745169162472737,0.014937200267744422,0.03438178630241956,0.039254830837527316,0.015062799732255591,1.12,1.12,1.12,1.12
0.29510744728255783,1.7901219919023743,25.201690719111348,0.03270020890658121,0.02074547430768986,0.014937200338420983,0.03438183041841253,0.039254525692310194,0.01506279966157903,1.12,1.12,1.12,1.12
0.2954762615298336,1.7907914394055273,25.20466597029855,0.03270016477850779,0.020745779521555957,0.014937200409120263,0.03438187454648595,0.039254220478444096,0.01506279959087975,1.12,1.12,1.12,1.12
0.2958453097715621,1.7914610414207623,25.207640966935255,0.03270012063838512,0.020746084805616405,0.01493720047984226,0.034381918686608615,0.03925391519438365,0.015062799520157752,1.12,1.12,1.12,1.12
0.29621459201222633,1.79213079793726,25.210615708870534,0.032700076486242236,0.020746390161307027,0.014937200550586949,0.0343819628387515,0.03925360983869303,0.015062799449413064,1.12,1.12,1.12,1.12
0.2965841082563269,1.792800708944187,25.213590195953294,0.03270003232210544,0.02074669558996206,0.014937200621354382,0.03438200700288829,0.03925330441003799,0.01506279937864563,1.12,1.12,1.12,1.12
0.29695385850837985,1.7934707744307035,25.216564428032264,0.032699988145999226,0.020747001092822043,0.014937200692144548,0.03438205117899451,0.03925299890717801,0.015062799307855465,1.12,1.12,1.12,1.12
0.29732384277291607,1.7941409943859563,25.21953840495605,0.032699943957945565,0.020747306671040355,0.014937200762957487,0.03438209536704817,0.0392526933289597,0.015062799237042526,1.12,1.12,1.12,1.12
0.29769406105447943,1.7948113687990823,25.222512126573086,0.03269989975796522,0.020747612325689863,0.014937200833793227,0.034382139567028513,0.03925238767431019,0.015062799166206786,1.12,1.12,1.12,1.12
0.29806451335762685,1.7954818976592126,25.225485592731708,0.03269985554607674,0.020747918057769266,0.01493720090465181,0.034382183778917,0.03925208194223079,0.015062799095348203,1.12,1.12,1.12,1.12
0.2984351996869264,1.7961525809554648,25.228458803280105,0.032699811322297045,0.020748223868207794,0.01493720097553329,0.03438222800269669,0.03925177613179226,0.015062799024466722,1.12,1.12,1.12,1.12
0.29880612004695667,1.7968234186769498,25.231431758066353,0.03269976708664174,0.02074852975787117,0.014937201046437698,0.034382272238351996,0.03925147024212888,0.015062798953562315,1.12,1.12,1.12,1.12
0.299177274442306,1.7974944108127688,25.234404456938417,0.0326997228391252,0.02074883572756664,0.014937201117365032,0.034382316485868536,0.039251164272433414,0.015062798882634981,1.12,1.12,1.12,1.12
0.29954866287757165,1.7981655573520143,25.237376899744167,0.032699678579760805,0.02074914177804668,0.014937201188315236,0.03438236074523293,0.03925085822195337,0.015062798811684777,1.12,1.12,1.12,1.12
0.2999202853573599,1.7988368582837717,25.240349086331346,0.032699634308560155,0.020749447910012875,0.01493720125928838,0.03438240501643358,0.03925055208998718,0.015062798740711633,1.12,1.12,1.12,1.12
0.3002921418862845,1.799508313597118,25.243321016547625,0.03269959002553352,0.020749754124120168,0.014937201330284533,0.034382449299460216,0.039250245875879886,0.01506279866971548,1.12,1.12,1.12,1.12
0.30066423246896695,1.8001799232811213,25.24629269024058,0.03269954573069056,0.020750060420980737,0.014937201401303779,0.034382493594303176,0.039249939579019316,0.015062798598696234,1.12,1.12,1.12,1.12
0.3010365571100348,1.800851687324843,25.24926410725768,0.0326995014240396,0.020750366801166598,0.01493720147234616,0.034382537900954135,0.039249633198833456,0.015062798527653853,1.12,1.12,1.12,1.12
0.30140911581412244,1.8015236057173372,25.25223526744636,0.03269945710558825,0.02075067326521307,0.014937201543411785,0.03438258221940549,0.03924932673478698,0.015062798456588228,1.12,1.12,1.12,1.12
0.30178190858586956,1.8021956784476503,25.25520617065392,0.032699412775343106,0.02075097981362173,0.01493720161450078,0.03438262654965063,0.039249020186378325,0.015062798385499232,1.12,1.12,1.12,1.12
0.3021549354299211,1.8028679055048205,25.25817681672762,0.03269936843331023,0.020751286446863026,0.014937201685613188,0.03438267089168351,0.03924871355313703,0.015062798314386824,1.12,1.12,1.12,1.12
0.30252819635092704,1.80354028687788,25.261147205514625,0.03269932407949461,0.020751593165378557,0.014937201756749063,0.03438271524549913,0.039248406834621496,0.01506279824325095,1.12,1.12,1.12,1.12
0.30290169135354184,1.8042128225558534,25.26411733686205,0.032699279713900686,0.020751899969583598,0.014937201827908586,0.03438275961109305,0.039248100030416455,0.015062798172091427,1.12,1.12,1.12,1.12
0.30327542044242417,1.8048855125277585,25.267087210616936,0.03269923533653224,0.020752206859869393,0.014937201899091798,0.0343828039884615,0.03924779314013066,0.015062798100908215,1.12,1.12,1.12,1.12
0.30364938362223626,1.8055583567826048,25.270056826626252,0.03269919094739265,0.020752513836604786,0.01493720197029881,0.03438284837760108,0.03924748616339527,0.015062798029701202,1.12,1.12,1.12,1.12
0.30402358089764453,1.8062313553093992,25.27302618473692,0.03269914654648426,0.02075282090013883,0.014937202041529735,0.03438289277850948,0.039247179099861224,0.015062797958470278,1.12,1.12,1.12,1.12
0.30439801227331814,1.8069045080971364,25.275995284795776,0.03269910213380922,0.02075312805080176,0.01493720211278464,0.034382937191184515,0.03924687194919829,0.015062797887215373,1.12,1.12,1.12,1.12
0.3047726777539299,1.8075778151348083,25.27896412664963,0.03269905770936926,0.020753435288906996,0.01493720218405642,0.034382981615624475,0.03924656471109306,0.015062797815943593,1.12,1.12,1.12,1.12
0.30514757734415526,1.808251276411399,25.281932710145213,0.03269901327316521,0.020753742614752324,0.01493720225532888,0.034383026051828525,0.03924625738524773,0.015062797744671133,1.12,1.12,1.12,1.12
0.30552271104867246,1.8089248919158873,25.28490103512921,0.03269896882519813,0.020754047032111533,0.014937202326602367,0.03438307049979561,0.03924595296788852,0.015062797673397646,1.12,1.12,1.12,1.12
0.30589807883326153,1.8095986616497162,25.28786910175939,0.032698924369855,0.020754351941095178,0.014937202397863225,0.03438311495513874,0.039245648058904875,0.015062797602136788,1.12,1.12,1.12,1.12
0.3062736807077837,1.8102725856002302,25.290836909841257,0.03269887990651016,0.020754657325578463,0.014937202469113911,0.03438315941848358,0.03924534267442159,0.015062797530886102,1.12,1.12,1.12,1.12
0.3066495166818992,1.8109466637548288,25.29380445918185,0.03269883543456642,0.02075496317132569,0.014937202540356798,0.034383203890427316,0.03924503682867436,0.015062797459643215,1.12,1.12,1.12,1.12
0.30702558676509073,1.811620896100957,25.29677174958956,0.032698790953451906,0.020755269465935255,0.01493720261159405,0.03438324837154183,0.0392447305340648,0.015062797388405963,1.12,1.12,1.12,1.12
0.30740189096668735,1.8122952826261014,25.29973878087393,0.032698746462617334,0.020755576112097662,0.014937202682827833,0.0343832928623764,0.03924442388790239,0.01506279731717218,1.12,1.12,1.12,1.12
0.3077784292947609,1.8129698233181415,25.30270555285449,0.032698701961663246,0.02075588303808995,0.014937202754059783,0.03438333736333049,0.0392441169619101,0.01506279724594023,1.12,1.12,1.12,1.12
0.30815520175645583,1.8136445181652416,25.30567206535811,0.032698657450300705,0.020756190231573962,0.014937202825291124,0.03438338187469303,0.03924380976842609,0.015062797174708889,1.12,1.12,1.12,1.12
0.30853220835875944,1.8143193671556117,25.308638318212854,0.032698612928260984,0.020756497680959385,0.014937202896523089,0.03438342639673275,0.03924350231904067,0.015062797103476924,1.12,1.12,1.12,1.12
0.3089094491085117,1.814994370277499,25.31160431124795,0.03269856839529439,0.020756805375347465,0.014937202967756746,0.034383470929699345,0.03924319462465259,0.015062797032243266,1.12,1.12,1.12,1.12
0.30928692401241253,1.8156695275191888,25.314570044293653,0.032698523851169004,0.02075711330447788,0.014937203038993097,0.03438351547382473,0.03924288669552217,0.015062796961006916,1.12,1.12,1.12,1.12
0.3096646330770316,1.8163448388690016,25.317535517181224,0.032698479295670047,0.02075742145861495,0.01493720311023318,0.03438356002932369,0.039242578541385104,0.015062796889766833,1.12,1.12,1.12,1.12
0.3100425763088135,1.8170203043152886,25.320500729742882,0.03269843472859785,0.020757729828630167,0.014937203181477829,0.03438360459639589,0.039242270171369886,0.015062796818522184,1.12,1.12,1.12,1.12
0.31042075371408573,1.8176959238464319,25.32346568181171,0.03269839014976833,0.02075803840592272,0.014937203252727932,0.034383649175225406,0.039241961594077335,0.01506279674727208,1.12,1.12,1.12,1.12
0.3107991652990662,1.818371697450842,25.326430373221648,0.03269834555901108,0.020758347182350007,0.014937203323984266,0.03438369376598266,0.03924165281765005,0.015062796676015747,1.12,1.12,1.12,1.12
0.3111778110698678,1.8190476251169558,25.329394803807414,0.032698300956168935,0.020758656150191068,0.014937203395247567,0.0343837383688248,0.039241343849808985,0.015062796604752446,1.12,1.12,1.12,1.12
0.31155669103250405,1.8197237068332333,25.33235897340446,0.0326982563410973,0.020758965302111965,0.014937203466518487,0.03438378298389644,0.03924103469788809,0.015062796533481526,1.12,1.12,1.12,1.12
0.31193580519289466,1.8203999425881592,25.335322881848963,0.032698211713662884,0.02075927463113414,0.014937203537797691,0.03438382761133085,0.039240725368865914,0.015062796462202321,1.12,1.12,1.12,1.12
0.31231515355686845,1.82107633237024,25.33828652897779,0.03269816707374423,0.020759584130604913,0.014937203609085764,0.0343838722512495,0.03924041586939514,0.015062796390914249,1.12,1.12,1.12,1.12
0.31269473613016957,1.8217528761680022,25.341249914628406,0.0326981224212301,0.02075989379416915,0.01493720368038326,0.034383916903763634,0.039240106205830905,0.015062796319616753,1.12,1.12,1.12,1.12
0.31307455291845837,1.822429573969992,25.34421303863893,0.03269807775601946,0.020760203615743877,0.014937203751690664,0.034383961568974275,0.039239796384256176,0.015062796248309349,1.12,1.12,1.12,1.12
0.3134546039273179,1.8231064257647749,25.34717590084805,0.03269803307802077,0.020760513589494017,0.014937203823008463,0.034384006246972965,0.039239486410506036,0.01506279617699155,1.12,1.12,1.12,1.12
0.3138348891622547,1.8237834315409316,25.350138501095014,0.03269798838715182,0.020760823709809806,0.0149372038943371,0.034384050937841915,0.03923917629019025,0.015062796105662912,1.12,1.12,1.12,1.12
0.3142154086287023,1.8244605912870626,25.35310083921962,0.03269794368333906,0.020761133971285956,0.014937203965676993,0.03438409564165468,0.0392388660287141,0.01506279603432302,1.12,1.12,1.12,1.12
0.3145961623320238,1.8251379049917817,25.356062915062196,0.03269789896651726,0.02076144436870203,0.014937204037028473,0.03438414035847648,0.03923855563129802,0.01506279596297154,1.12,1.12,1.12,1.12
0.31497715027751455,1.8258153726437194,25.359024728463545,0.03269785423662924,0.020761754897003715,0.014937204108391902,0.034384185088364494,0.03923824510299634,0.01506279589160811,1.12,1.12,1.12,1.12
0.3153583724704032,1.82649299423152,25.361986279264997,0.032697809493625773,0.020762065488659304,0.014937204179767571,0.03438422983136796,0.03923793451134075,0.015062795820232441,1.12,1.12,1.12,1.12
0.3157398289150368,1.8271707697441018,25.364947567314843,0.03269776473755737,0.020762376139652594,0.014937204251155495,0.03438427458743637,0.03923762386034746,0.015062795748844518,1.12,1.12,1.12,1.12
0.31612151961570767,1.8278486991703937,25.367908592461795,0.03269771996848009,0.020762686847045103,0.01493720432255563,0.03438431935651365,0.03923731315295495,0.015062795677444382,1.12,1.12,1.12,1.12
0.31650344457666785,1.828526782499332,25.370869354554863,0.03269767518645322,0.020762997607826683,0.014937204393967951,0.03438436413854051,0.03923700239217337,0.015062795606032062,1.12,1.12,1.12,1.12
0.3168856038021282,1.829205019719861,25.373829853443326,0.03269763039154033,0.020763308418915105,0.014937204465392345,0.0343844089334534,0.03923669158108495,0.015062795534607668,1.12,1.12,1.12,1.12
0.3172679972962573,1.8298834108209328,25.3767900889768,0.032697585583808475,0.020763619277156475,0.0149372045368288,0.03438445374118526,0.03923638072284358,0.015062795463171214,1.12,1.12,1.12,1.12
0.31765062506318054,1.830561955791508,25.379750061005197,0.03269754076332865,0.020763930179324153,0.014937204608277244,0.03438449856166509,0.0392360698206759,0.01506279539172277,1.12,1.12,1.12,1.12
0.3180334871069783,1.8312406546205553,25.382709769378767,0.032697495930175735,0.020764241122119137,0.014937204679737554,0.034384543394818,0.039235758877880916,0.01506279532026246,1.12,1.12,1.12,1.12
0.31841658343168605,1.831919507297053,25.385669213948084,0.03269745108442845,0.020764552102169043,0.01493720475120966,0.034384588240565284,0.03923544789783101,0.015062795248790353,1.12,1.12,1.12,1.12
0.3187999140412927,1.8325985138099885,25.388628394564066,0.032697406226169956,0.020764863116027876,0.014937204822693381,0.03438463309882378,0.03923513688397218,0.015062795177306632,1.12,1.12,1.12,1.12
0.3191834789397394,1.833277674148359,25.391587311077956,0.03269736135548712,0.020765174160175093,0.014937204894188622,0.034384677969506616,0.03923482583982496,0.015062795105811391,1.12,1.12,1.12,1.12
0.3195672781309192,1.8339569883011717,25.39454596334141,0.03269731647247143,0.020765485270845596,0.014937204965695255,0.03438472285252231,0.03923451472915446,0.015062795034304757,1.12,1.12,1.12,1.12
0.3199513116191976,1.8346364562572797,25.397504351202237,0.032697271577166453,0.02076579647740648,0.014937205037213283,0.03438476774782728,0.039234203522593575,0.01506279496278673,1.12,1.12,1.12,1.12
0.3203355794092949,1.8353160780054194,25.400462474505407,0.0326972266694186,0.020766107743620726,0.01493720510874294,0.03438481265557514,0.03923389225637933,0.015062794891257072,1.12,1.12,1.12,1.12
0.32072008150548276,1.8359958535344625,25.40342033309943,0.03269718174927577,0.020766419071881925,0.014937205180284185,0.034384857575717964,0.03923358092811813,0.015062794819715827,1.12,1.12,1.12,1.12
0.32110481791206197,1.8366757828332672,25.406377926832562,0.03269713681678266,0.020766730464413352,0.014937205251837046,0.03438490250821108,0.0392332695355867,0.015062794748162966,1.12,1.12,1.12,1.12
0.321489788633361,1.8373558658906746,25.409335255552786,0.03269709187197972,0.020767041923280494,0.014937205323401537,0.034384947453014014,0.03923295807671956,0.015062794676598476,1.12,1.12,1.12,1.12
0.3218749936737331,1.8380361026955165,25.412292319107884,0.03269704691490449,0.020767353450402065,0.01493720539497767,0.03438499241008924,0.03923264654959799,0.015062794605022342,1.12,1.12,1.12,1.12
0.3222604330375554,1.8387164932366078,25.415249117345375,0.032697001945591164,0.02076766504756089,0.014937205466565476,0.03438503737940257,0.03923233495243916,0.015062794533434537,1.12,1.12,1.12,1.12
0.3226461067292265,1.8393970375027537,25.418205650112615,0.03269695696407132,0.02076797671641392,0.014937205538164994,0.034385082360922414,0.03923202328358613,0.015062794461835019,1.12,1.12,1.12,1.12
0.3230320147531653,1.8400777354827458,25.421161917256754,0.032696911970373665,0.020768288458500872,0.014937205609776322,0.03438512735462007,0.03923171154149918,0.015062794390223691,1.12,1.12,1.12,1.12
0.3234181571138088,1.840758587165366,25.42411791862475,0.03269686696452451,0.020768600275253263,0.014937205681399474,0.03438517236046923,0.03923139972474679,0.01506279431860054,1.12,1.12,1.12,1.12
0.3238045338156119,1.8414395925393834,25.427073654063395,0.03269682194654777,0.02076891216800189,0.014937205753034477,0.034385217378445965,0.03923108783199816,0.015062794246965536,1.12,1.12,1.12,1.12
0.32419114486304484,1.8421207515935578,25.430029123419327,0.032696776916465276,0.02076922413798421,0.014937205824681485,0.03438526240852846,0.03923077586201584,0.015062794175318528,1.12,1.12,1.12,1.12
0.3245779902605926,1.842802064316638,25.43298432653904,0.03269673187429717,0.02076953618635119,0.01493720589634051,0.03438530745069657,0.039230463813648864,0.015062794103659502,1.12,1.12,1.12,1.12
0.32496507001275426,1.843483530697363,25.43593926326887,0.03269668682006116,0.020769848314173667,0.014937205968011624,0.034385352504932576,0.03923015168582639,0.015062794031988389,1.12,1.12,1.12,1.12
0.32535238412404105,1.8441651507244619,25.438893933455038,0.032696641753773736,0.02077016052244779,0.014937206039694922,0.03438539757122,0.039229839477552264,0.01506279396030509,1.12,1.12,1.12,1.12
0.32573993259897593,1.8448469243866557,25.441848336943618,0.03269659667544961,0.020770472812100982,0.014937206111390489,0.03438544264954413,0.03922952718789907,0.015062793888609524,1.12,1.12,1.12,1.12
0.32612771544209257,1.8455288516726533,25.444802473580573,0.032696551585102096,0.02077078518399661,0.014937206183098406,0.03438548773989164,0.039229214816003444,0.015062793816901607,1.12,1.12,1.12,1.12
0.32651573265793454,1.8462109325711589,25.447756343211758,0.032696506482743026,0.02077109763893878,0.014937206254818758,0.03438553284225071,0.039228902361061274,0.015062793745181255,1.12,1.12,1.12,1.12
0.3269039842510549,1.8468931670708646,25.450709945682913,0.03269646136838317,0.020771410177676447,0.014937206326551641,0.03438557795661057,0.039228589822323606,0.015062793673448371,1.12,1.12,1.12,1.12
0.3272924702260147,1.8475755551604562,25.45366328083969,0.032696416242031956,0.02077172280090772,0.014937206398297168,0.03438562308296178,0.03922827719909233,0.015062793601702845,1.12,1.12,1.12,1.12
0.32768119058738326,1.8482580968286102,25.456616348527632,0.03269637110369755,0.020772035509283415,0.014937206470055392,0.034385668221296184,0.03922796449071664,0.01506279352994462,1.12,1.12,1.12,1.12
0.3280701453397368,1.8489407920639953,25.45956914859219,0.032696325953387395,0.020772348303410737,0.014937206541826453,0.03438571337160634,0.039227651696589316,0.01506279345817356,1.12,1.12,1.12,1.12
0.328459334487658,1.849623640855272,25.46252168087873,0.0326962807911082,0.020772661183856067,0.014937206613610449,0.034385758533885535,0.039227338816143986,0.015062793386389564,1.12,1.12,1.12,1.12
0.3288487580357362,1.8503066431910942,25.465473945232553,0.03269623561686508,0.02077297415114837,0.014937206685407461,0.03438580370812866,0.03922702584885168,0.015062793314592551,1.12,1.12,1.12,1.12
0.32923841598856607,1.8509897990601072,25.468425941498847,0.03269619043066302,0.020773287205781893,0.014937206757217575,0.03438584889433072,0.03922671279421816,0.015062793242782438,1.12,1.12,1.12,1.12
0.32962830835074713,1.8516731084509488,25.47137766952275,0.03269614523250586,0.020773600348218346,0.014937206829040928,0.03438589409248788,0.03922639965178171,0.015062793170959085,1.12,1.12,1.12,1.12
0.3300184351268845,1.8523565713522505,25.47432912914931,0.03269610002239698,0.020773913578889858,0.014937206900877575,0.03438593930259676,0.039226086421110196,0.015062793099122437,1.12,1.12,1.12,1.12
0.33040879632158715,1.8530401877526352,25.477280320223525,0.032696054800338825,0.020774226898200798,0.014937206972727685,0.03438598452465491,0.039225773101799255,0.015062793027272328,1.12,1.12,1.12,1.12
0.33079939193946806,1.8537239576407196,25.48023124259031,0.03269600956633345,0.020774540306529976,0.014937207044591297,0.034386029758660286,0.03922545969347008,0.015062792955408716,1.12,1.12,1.12,1.12
0.33119022198514386,1.854407881005113,25.483181896094525,0.0326959643203823,0.020774853804232496,0.014937207116468551,0.03438607500461144,0.03922514619576756,0.015062792883531462,1.12,1.12,1.12,1.12
0.3315812864632349,1.8550919578344183,25.486132280580957,0.032695919062486145,0.020775167391641536,0.014937207188359503,0.03438612026250759,0.03922483260835852,0.01506279281164051,1.12,1.12,1.12,1.12
0.3319725853783645,1.8557761881172308,25.48908239589434,0.03269587379264555,0.020775481069070095,0.014937207260264346,0.03438616553234819,0.03922451893092996,0.015062792739735667,1.12,1.12,1.12,1.12
0.3323641187351588,1.8564605718421394,25.492032241879368,0.03269582851086039,0.020775794836812328,0.014937207332183108,0.034386210814133344,0.039224205163187725,0.015062792667816904,1.12,1.12,1.12,1.12
0.3327558865382466,1.8571451089977267,25.494981818380637,0.032695783217130236,0.020776108695145012,0.014937207404115888,0.0343862561078635,0.03922389130485504,0.015062792595884125,1.12,1.12,1.12,1.12
0.33314788879225943,1.857829799572567,25.497931125242726,0.03269573791145414,0.020776422644329162,0.01493720747606285,0.0343863014135396,0.03922357735567089,0.015062792523937163,1.12,1.12,1.12,1.12
0.33354012550183,1.858514643555231,25.50088016231015,0.032695692593830816,0.02077673668461083,0.014937207548024023,0.03438634673116292,0.03922326331538922,0.01506279245197599,1.12,1.12,1.12,1.12
0.33393259667159403,1.8591996409342801,25.503828929427367,0.03269564726425883,0.020777050816222276,0.014937207619999573,0.034386392060734905,0.03922294918377778,0.01506279238000044,1.12,1.12,1.12,1.12
0.33432530230618884,1.8598847916982704,25.5067774264388,0.03269560192273607,0.020777365039383378,0.014937207691989557,0.034386437402257664,0.039222634960616676,0.015062792308010456,1.12,1.12,1.12,1.12
0.33471824241025283,1.860570095835751,25.509725653188802,0.032695556569260376,0.020777679354302137,0.014937207763994098,0.03438648275573336,0.03922232064569792,0.015062792236005915,1.12,1.12,1.12,1.12
0.3351114169884268,1.8612555533352655,25.5126736095217,0.03269551120382941,0.020777993761176006,0.01493720783601328,0.03438652812116433,0.03922200623882405,0.015062792163986732,1.12,1.12,1.12,1.12
0.3355048260453523,1.8619411641853507,25.515621295281754,0.03269546582644017,0.020778308260192446,0.014937207908047215,0.03438657349855356,0.03922169173980761,0.015062792091952798,1.12,1.12,1.12,1.12
0.33589846958567215,1.862626928374537,25.518568710313197,0.03269542043708995,0.02077862285152976,0.014937207980096012,0.034386618887903786,0.03922137714847029,0.015062792019904,1.12,1.12,1.12,1.12
0.3362923476140305,1.8633128458913484,25.521515854460223,0.03269537503577513,0.020778937535357783,0.014937208052159728,0.034386664289218605,0.03922106246464227,0.015062791947840284,1.12,1.12,1.12,1.12
0.33668646013507253,1.8639989167243023,25.524462727566952,0.03269532962249261,0.020779252311838692,0.014937208124238488,0.03438670970250113,0.03922074768816136,0.015062791875761525,1.12,1.12,1.12,1.12
0.33708080715344413,1.8646851408619103,25.527409329477486,0.03269528419723855,0.02077956718112739,0.014937208196332388,0.034386755127755186,0.039220432818872664,0.015062791803667624,1.12,1.12,1.12,1.12
0.3374753886737922,1.8653715182926789,25.53035566003588,0.03269523876000907,0.020779882143372286,0.014937208268441554,0.034386800564984665,0.03922011785662777,0.015062791731558459,1.12,1.12,1.12,1.12
0.3378702047007641,1.8660580490051062,25.533301719086147,0.03269519331080034,0.020780197199071926,0.014937208340566055,0.034386846014193395,0.03921980280092813,0.015062791659433958,1.12,1.12,1.12,1.12
0.3382652552390127,1.8667447329876847,25.53624750647222,0.032695147849607586,0.02078051234836284,0.014937208412705988,0.03438689147538615,0.039219487651637214,0.015062791587294025,1.12,1.12,1.12,1.12
0.33866054029319187,1.8674315702288995,25.539193022038,0.032695102376425866,0.020780827591372175,0.014937208484861436,0.03438693694856787,0.03921917240862788,0.015062791515138577,1.12,1.12,1.12,1.12
0.33905605986795523,1.8681185607172293,25.542138265627322,0.032695056891250296,0.02078114292822353,0.014937208557032483,0.03438698243374344,0.039218857071776525,0.01506279144296753,1.12,1.12,1.12,1.12
0.33945181396795726,1.8688057044411481,25.54508323708403,0.03269501139407571,0.020781458359037164,0.014937208629219281,0.034387027930918024,0.03921854164096289,0.015062791370780731,1.12,1.12,1.12,1.12
0.3398478025978525,1.8694930013891224,25.548027936251888,0.03269496588489712,0.020781773883930266,0.014937208701421859,0.034387073440096616,0.03921822611606979,0.015062791298578154,1.12,1.12,1.12,1.12
0.3402440257622965,1.8701804515496132,25.550972362974623,0.03269492036370908,0.020782089503017576,0.014937208773640326,0.03438711896128466,0.03921791049698248,0.015062791226359687,1.12,1.12,1.12,1.12
0.3406404834659442,1.870868054911076,25.553916517095953,0.03269487483050604,0.020782405216411337,0.014937208845874794,0.0343871644944877,0.039217594783588716,0.015062791154125219,1.12,1.12,1.12,1.12
0.3410371757134516,1.871555811461959,25.556860398459527,0.032694829285282556,0.02078272102422174,0.014937208918125305,0.03438721003971118,0.039217278975778314,0.015062791081874707,1.12,1.12,1.12,1.12
0.3414341025094741,1.8722437211907057,25.559804006908983,0.032694783728032806,0.020783036926556586,0.01493720899039197,0.03438725559696093,0.03921696307344347,0.015062791009608043,1.12,1.12,1.12,1.12
0.34183126385866824,1.872931784085752,25.5627473422879,0.032694738158751124,0.020783352923522486,0.0149372090626749,0.03438730116624261,0.03921664707647757,0.015062790937325113,1.12,1.12,1.12,1.12
0.34222865976569,1.8736200001355279,25.565690404439835,0.03269469257743163,0.020783669015223855,0.01493720913497415,0.03438734674756211,0.0392163309847762,0.015062790865025863,1.12,1.12,1.12,1.12
0.34262629023519625,1.8743083693284597,25.568633193208292,0.03269464698406843,0.02078398520176422,0.014937209207289831,0.034387392340925305,0.03921601479823583,0.015062790792710182,1.12,1.12,1.12,1.12
0.34302415527184316,1.874996891652964,25.571575708436754,0.032694601378655375,0.020784301483245504,0.014937209279622027,0.03438743794633836,0.03921569851675455,0.015062790720377986,1.12,1.12,1.12,1.12
0.34342225488028766,1.8756855670974542,25.574517949968655,0.03269455576118635,0.02078461785976854,0.014937209351970793,0.034387483563807386,0.039215382140231514,0.01506279064802922,1.12,1.12,1.12,1.12
0.3438205890651864,1.8763743956503356,25.577459917647403,0.032694510131655086,0.020784934331433025,0.01493720942433624,0.03438752919333865,0.03921506566856703,0.015062790575663773,1.12,1.12,1.12,1.12
0.3442191578311968,1.87706337730001,25.580401611316354,0.0326944644900552,0.02078525089833777,0.014937209496718395,0.03438757483493854,0.03921474910166228,0.015062790503281617,1.12,1.12,1.12,1.12
0.3446179611829756,1.87775251203487,25.58334303081885,0.03269441883638052,0.02078556756058078,0.014937209569117399,0.03438762048861321,0.03921443243941927,0.015062790430882614,1.12,1.12,1.12,1.12
0.34501699912517997,1.8784417998433043,25.586284175998166,0.03269437317062435,0.02078588431825934,0.014937209641533306,0.03438766615436939,0.03921411568174071,0.015062790358466707,1.12,1.12,1.12,1.12
0.3454162716624672,1.8791312407136946,25.58922504669757,0.032694327492780506,0.020786201171469842,0.014937209713966226,0.03438771183221323,0.03921379882853021,0.015062790286033786,1.12,1.12,1.12,1.12
0.3458157787994943,1.8798208346344172,25.59216564276028,0.03269428180284206,0.020786518120308295,0.014937209786416217,0.034387757522151674,0.03921348187969176,0.015062790213583796,1.12,1.12,1.12,1.12
0.346215520540919,1.8805105815938419,25.59510596402947,0.0326942361008023,0.0207868351648699,0.014937209858883346,0.03438780322419144,0.039213164835130154,0.015062790141116666,1.12,1.12,1.12,1.12
0.34661549689139837,1.8812004815803318,25.598046010348295,0.032694190386654554,0.020787152305249523,0.01493720993136767,0.03438784893833918,0.03921284769475053,0.015062790068632342,1.12,1.12,1.12,1.12
0.34701570785558983,1.8818905345822454,25.600985781559856,0.032694144660391944,0.020787469541541537,0.014937210003869328,0.03438789466460179,0.03921253045845852,0.015062789996130685,1.12,1.12,1.12,1.12
0.34741615343815097,1.8825807405879331,25.60392527750723,0.032694098922007586,0.02078778687383981,0.014937210076388346,0.03438794040298615,0.039212213126160245,0.015062789923611666,1.12,1.12,1.12,1.12
0.3478168336437391,1.8832710995857422,25.606864498033456,0.0326940531714946,0.020788104302237875,0.014937210148924823,0.03438798615349914,0.03921189569776218,0.01506278985107519,1.12,1.12,1.12,1.12
0.34821774847701187,1.8839616115640105,25.609803442981523,0.03269400740884598,0.02078842182682869,0.014937210221478828,0.034388031916147754,0.03921157817317136,0.015062789778521185,1.12,1.12,1.12,1.12
0.3486188979426267,1.884652276511072,25.612742112194407,0.03269396163405447,0.020788739447704874,0.014937210294050415,0.03438807769093927,0.03921126055229518,0.015062789705949597,1.12,1.12,1.12,1.12
0.3490202820452412,1.8853430944152536,25.61568050551503,0.03269391584711295,0.020789057164959074,0.014937210366639683,0.03438812347788078,0.03921094283504098,0.01506278963336033,1.12,1.12,1.12,1.12
0.34942190078951274,1.8860340652648775,25.618618622786283,0.03269387004801433,0.020789374978683328,0.014937210439246701,0.03438816927697941,0.039210625021316725,0.015062789560753312,1.12,1.12,1.12,1.12
0.34982375418009903,1.8867251890482561,25.621556463851014,0.03269382423675116,0.020789692888969258,0.014937210511871496,0.03438821508824258,0.039210307111030795,0.015062789488128517,1.12,1.12,1.12,1.12
0.3502258422216574,1.8874164657537014,25.62449402855205,0.032693778413316166,0.020790010895908317,0.01493721058451418,0.03438826091167757,0.039209989104091736,0.015062789415485833,1.12,1.12,1.12,1.12
0.35062816491884546,1.8881078953695143,25.627431316732178,0.03269373257770214,0.020790328999591573,0.014937210657174835,0.0343883067472916,0.03920967100040848,0.015062789342825178,1.12,1.12,1.12,1.12
0.3510307222763208,1.8887994778839925,25.630368328234123,0.03269368672990142,0.020790647200109674,0.014937210729853517,0.03438835259509232,0.03920935279989038,0.015062789270146495,1.12,1.12,1.12,1.12
0.3514335142987408,1.8894912132854256,25.63330506290061,0.032693640869906504,0.020790965497553326,0.014937210802550283,0.03438839845508723,0.03920903450244673,0.01506278919744973,1.12,1.12,1.12,1.12
0.3518365409907629,1.8901831015620993,25.636241520574313,0.03269359499771002,0.02079128389201229,0.0149372108752652,0.03438844432728372,0.03920871610798776,0.015062789124734813,1.12,1.12,1.12,1.12
0.3522398023570447,1.8908751427022907,25.639177701097864,0.032693549113304354,0.020791602383576552,0.01493721094799838,0.03438849021168938,0.0392083976164235,0.015062789052001632,1.12,1.12,1.12,1.12
0.35264329840224334,1.8915673366942727,25.64211360431386,0.03269350321668163,0.020791920972335176,0.014937211020749824,0.03438853610831211,0.03920807902766488,0.015062788979250188,1.12,1.12,1.12,1.12
0.3530470291310166,1.892259683526312,25.645049230064874,0.032693457307834406,0.0207922396583774,0.014937211093519642,0.03438858201715933,0.039207760341622655,0.01506278890648037,1.12,1.12,1.12,1.12
0.3534509945480216,1.8929521831866678,25.647984578193427,0.032693411386754634,0.02079255844179187,0.01493721116630789,0.0343886279382391,0.039207441558208184,0.015062788833692123,1.12,1.12,1.12,1.12
0.35385519465791576,1.893644835663594,25.65091964854202,0.03269336545343471,0.020792877322666575,0.014937211239114595,0.03438867387155903,0.03920712267733348,0.015062788760885418,1.12,1.12,1.12,1.12
0.354259629465356,1.8943376409453387,25.653854440953094,0.0326933195078668,0.020793196301089667,0.014937211311939882,0.034388719817126934,0.039206803698910386,0.01506278868806013,1.12,1.12,1.12,1.12
0.3546642989749998,1.895030599020143,25.65678895526908,0.0326932735500432,0.020793515377148408,0.014937211384783766,0.034388765774950536,0.039206484622851645,0.015062788615216247,1.12,1.12,1.12,1.12
0.3550692031915042,1.8957237098762427,25.659723191332347,0.032693227579955464,0.020793834550929702,0.014937211457646343,0.03438881174503827,0.03920616544907035,0.01506278854235367,1.12,1.12,1.12,1.12
0.3554743421195264,1.8964169735018672,25.66265714898526,0.032693181597596044,0.020794153822520117,0.01493721153052767,0.03438885772739769,0.039205846177479936,0.015062788469472344,1.12,1.12,1.12,1.12
0.35587971576372324,1.89711038988524,25.66559082807013,0.03269313560295678,0.020794473192005725,0.014937211603427814,0.034388903722036956,0.03920552680799433,0.0150627883965722,1.12,1.12,1.12,1.12
0.3562853241287515,1.8978039590145777,25.668524228429224,0.03269308959602951,0.020794792659471983,0.014937211676346818,0.034388949728964224,0.03920520734052807,0.015062788323653195,1.12,1.12,1.12,1.12
0.3566911672192684,1.8984976808780916,25.671457349904774,0.03269304357680636,0.020795112225003964,0.014937211749284751,0.03438899574818738,0.03920488777499609,0.015062788250715262,1.12,1.12,1.12,1.12
0.3570972450399304,1.8991915554639858,25.674390192338997,0.0326929975452791,0.020795431888686128,0.01493721182224167,0.034389041779714635,0.039204568111313925,0.015062788177758343,1.12,1.12,1.12,1.12
0.35750355759539404,1.8998855827604595,25.67732275557405,0.03269295150143958,0.020795751650602545,0.014937211895217642,0.034389087823554154,0.03920424834939751,0.01506278810478237,1.12,1.12,1.12,1.12
0.35791010489031605,1.9005797627557055,25.680255039452074,0.032692905445279474,0.020796071510836567,0.014937211968212724,0.03438913387971426,0.039203928489163486,0.015062788031787289,1.12,1.12,1.12,1.12
0.3583168869293526,1.901274095437909,25.68318704381516,0.03269285937679062,0.020796391469470765,0.014937212041226972,0.03438917994820312,0.03920360853052929,0.015062787958773041,1.12,1.12,1.12,1.12
0.3587239037171601,1.901968580795251,25.686118768505356,0.032692813295964906,0.020796711526587686,0.01493721211426044,0.03438922602902883,0.03920328847341237,0.015062787885739573,1.12,1.12,1.12,1.12
0.3591311552583949,1.9026632188159056,25.689050213364702,0.03269276720279374,0.020797031682268485,0.014937212187313198,0.0343892721222,0.03920296831773157,0.015062787812686815,1.12,1.12,1.12,1.12
0.35953864155771253,1.9033580094880411,25.691981378235184,0.032692721097269006,0.0207973519365946,0.014937212260385302,0.03438931822772473,0.039202648063405454,0.01506278773961471,1.12,1.12,1.12,1.12
0.35994636261976914,1.9040529527998178,25.69491226295875,0.032692674979382275,0.020797672289646074,0.01493721233347678,0.03438936434561146,0.03920232771035398,0.015062787666523234,1.12,1.12,1.12,1.12
0.36035431844922033,1.9047480487393926,25.69784286737731,0.032692628849125105,0.02079799274150257,0.014937212406587741,0.03438941047586863,0.039202007258497484,0.015062787593412272,1.12,1.12,1.12,1.12
0.3607625090507214,1.9054432972949138,25.70077319133275,0.032692582706489226,0.020798313292243076,0.014937212479718187,0.03438945661850451,0.03920168670775698,0.015062787520281826,1.12,1.12,1.12,1.12
0.3611709344289281,1.9061386984545257,25.70370323466693,0.03269253655146609,0.020798633941945865,0.014937212552868201,0.03438950277352765,0.03920136605805419,0.015062787447131812,1.12,1.12,1.12,1.12
0.3615795945884953,1.9068342522063642,25.706632997221636,0.0326924903840472,0.020798954690688487,0.014937212626037838,0.034389548940946535,0.039201045309311566,0.015062787373962175,1.12,1.12,1.12,1.12
0.3619884895340779,1.9075299585385617,25.709562478838652,0.032692444204224236,0.02079927553854749,0.014937212699227154,0.0343895951207695,0.03920072446145256,0.015062787300772859,1.12,1.12,1.12,1.12
0.36239761927033076,1.9082258174392415,25.712491679359726,0.03269239801198853,0.020799596485599314,0.014937212772436204,0.034389641313005204,0.03920040351440074,0.01506278722756381,1.12,1.12,1.12,1.12
0.36280698380190834,1.9089218288965233,25.71542059862655,0.0326923518073316,0.020799917531919204,0.014937212845665016,0.03438968751766214,0.03920008246808085,0.015062787154334997,1.12,1.12,1.12,1.12
0.3632165831334647,1.909617992898518,25.718349236480794,0.032692305590244886,0.020800238677581795,0.014937212918913645,0.03438973373474885,0.03919976132241826,0.015062787081086368,1.12,1.12,1.12,1.12
0.36362641726965433,1.9103143094333335,25.721277592764103,0.03269225936072001,0.02080055992266122,0.014937212992182175,0.034389779964273726,0.03919944007733883,0.015062787007817838,1.12,1.12,1.12,1.12
0.3640364862151307,1.9110107784890698,25.724205667318056,0.0326922131187482,0.020800881267230176,0.01493721306547069,0.03438982620624553,0.03919911873276988,0.015062786934529324,1.12,1.12,1.12,1.12
0.36444678997454716,1.9117074000538197,25.727133459984238,0.03269216686432086,0.020801202711361044,0.01493721313877916,0.03438987246067288,0.03919879728863901,0.015062786861220853,1.12,1.12,1.12,1.12
0.3648573285525573,1.9124041741156717,25.730060970604157,0.0326921205974296,0.02080152425512527,0.01493721321210767,0.03438991872756414,0.03919847574487478,0.015062786787892343,1.12,1.12,1.12,1.12
0.36526810195381404,1.913101100662707,25.732988199019314,0.032692074318065645,0.020801845898593463,0.014937213285456274,0.03438996500692809,0.03919815410140659,0.015062786714543738,1.12,1.12,1.12,1.12
0.3656791101829698,1.9137981796830013,25.735915145071164,0.032692028026220454,0.02080216764183579,0.014937213358825002,0.03439001129877328,0.039197832358164264,0.01506278664117501,1.12,1.12,1.12,1.12
0.36609035324467687,1.9144954111646237,25.738841808601137,0.032691981721885366,0.020802489484920805,0.01493721343221395,0.03439005760310837,0.03919751051507925,0.015062786567786063,1.12,1.12,1.12,1.12
0.3665018311435877,1.9151927950956371,25.741768189450625,0.03269193540505172,0.020802811427917123,0.014937213505623104,0.03439010391994202,0.03919718857208293,0.015062786494376909,1.12,1.12,1.12,1.12
0.36691354388435365,1.9158903314640985,25.744694287460973,0.0326918890757108,0.02080313347089202,0.01493721357905256,0.034390150249282936,0.03919686652910803,0.015062786420947452,1.12,1.12,1.12,1.12
0.3673254914716262,1.916588020258059,25.747620102473505,0.032691842733854226,0.02080345561391228,0.014937213652502362,0.03439019659113951,0.03919654438608777,0.01506278634749765,1.12,1.12,1.12,1.12
0.3677376739100562,1.9172858614655626,25.750545634329505,0.03269179637947317,0.020803777857043404,0.014937213725972565,0.034390242945520566,0.03919622214295665,0.015062786274027448,1.12,1.12,1.12,1.12
0.36815009120429415,1.9179838550746475,25.75347088287021,0.03269175001255892,0.02080410020035023,0.014937213799463195,0.03439028931243482,0.039195899799649825,0.015062786200536818,1.12,1.12,1.12,1.12
0.36856274335899064,1.9186820010733472,25.756395847936858,0.032691703633103086,0.020804422643897286,0.014937213872974309,0.03439033569189065,0.03919557735610277,0.015062786127025704,1.12,1.12,1.12,1.12
0.3689756303787953,1.919380299449686,25.75932052937062,0.03269165724109685,0.02080474518774794,0.014937213946505934,0.03439038208389689,0.03919525481225211,0.015062786053494079,1.12,1.12,1.12,1.12
0.36938875226835766,1.9200787501916847,25.762244927012645,0.03269161083653144,0.020805067831964008,0.014937214020058154,0.0343904284884623,0.039194932168036045,0.015062785979941859,1.12,1.12,1.12,1.12
0.36980210903232663,1.9207773532873564,25.765169040704045,0.03269156441939841,0.020805390576607297,0.014937214093630996,0.034390474905595325,0.03919460942339276,0.015062785906369017,1.12,1.12,1.12,1.12
0.3702157006753507,1.9214761087247092,25.768092870285905,0.032691517989689,0.020805713421739064,0.014937214167224488,0.034390521335304736,0.03919428657826099,0.015062785832775524,1.12,1.12,1.12,1.12
0.3706295272020783,1.922175016491744,25.771016415599256,0.03269147154739471,0.02080603636741893,0.0149372142408387,0.034390567777599024,0.039193963632581125,0.015062785759161312,1.12,1.12,1.12,1.12
0.37104358861715686,1.922874076576456,25.773939676485124,0.03269142509250683,0.020806359413705733,0.014937214314473674,0.034390614232486905,0.03919364058629432,0.01506278568552634,1.12,1.12,1.12,1.12
0.3714578849252339,1.9235732889668342,25.776862652784487,0.0326913786250167,0.020806682560658013,0.014937214388129422,0.03439066069997704,0.03919331743934204,0.015062785611870591,1.12,1.12,1.12,1.12
0.37187241613095595,1.9242726536508614,25.779785344338283,0.032691332144915985,0.020807005808333445,0.014937214461806042,0.03439070718007775,0.03919299419166661,0.01506278553819397,1.12,1.12,1.12,1.12
0.3722871822389692,1.9249721706165142,25.78270775098742,0.032691285652195756,0.020807329156788346,0.014937214535503562,0.03439075367279798,0.03919267084321171,0.01506278546449645,1.12,1.12,1.12,1.12
0.3727021832539194,1.9256718398517627,25.78562987257277,0.03269123914684735,0.02080765260607864,0.01493721460922201,0.034390800178146386,0.03919234739392141,0.015062785390778002,1.12,1.12,1.12,1.12
0.3731174191804521,1.926371661344572,25.788551708935184,0.032691192628862664,0.02080797615625954,0.014937214682961414,0.03439084669613107,0.039192023843740514,0.015062785317038599,1.12,1.12,1.12,1.12
0.37353289002321166,1.927071635082899,25.791473259915474,0.032691146098232704,0.02080829980738569,0.014937214756721856,0.03439089322676103,0.039191700192614365,0.015062785243278157,1.12,1.12,1.12,1.12
0.3739485957868424,1.9277717610546958,25.794394525354406,0.03269109955494914,0.020808623559509992,0.014937214830503337,0.03439093977004459,0.03919137644049006,0.015062785169496676,1.12,1.12,1.12,1.12
0.37436453647598794,1.9284720392479089,25.797315505092726,0.03269105299900349,0.020808947412685352,0.014937214904305926,0.03439098632599025,0.0391910525873147,0.015062785095694087,1.12,1.12,1.12,1.12
0.37478071209529135,1.929172469650477,25.800236198971152,0.032691006430387026,0.020809271366963478,0.014937214978129651,0.03439103289460671,0.039190728633036576,0.015062785021870362,1.12,1.12,1.12,1.12
0.37519712264939487,1.9298730522503331,25.80315660683035,0.03269095984909137,0.020809595422395744,0.014937215051974567,0.034391079475902364,0.03919040457760431,0.015062784948025446,1.12,1.12,1.12,1.12
0.3756137681429406,1.9305737870354056,25.80607672851097,0.0326909132551082,0.020809919579032193,0.014937215125840675,0.034391126069885536,0.03919008042096786,0.015062784874159338,1.12,1.12,1.12,1.12
0.37603064858057006,1.9312746739936149,25.80899656385362,0.03269086664842874,0.020810243836923453,0.014937215199728057,0.034391172676564996,0.0391897561630766,0.015062784800271956,1.12,1.12,1.12,1.12
0.37644776396692353,1.9319757131128747,25.811916112698867,0.032690820029044776,0.02081056819611765,0.014937215273636756,0.03439121929594896,0.0391894318038824,0.015062784726363257,1.12,1.12,1.12,1.12
0.37686511430664127,1.9326769043810956,25.814835374887267,0.032690773396947814,0.020810892656663083,0.014937215347566798,0.03439126592804592,0.03918910734333697,0.015062784652433214,1.12,1.12,1.12,1.12
0.37728269960436284,1.9333782477861778,25.81775435025932,0.03269072675212953,0.020811217218607347,0.014937215421518213,0.03439131257286421,0.039188782781392706,0.0150627845784818,1.12,1.12,1.12,1.12
0.3777005198647266,1.934079743316019,25.820673038655517,0.03269068009458159,0.020811541881997186,0.014937215495491069,0.034391359230412144,0.03918845811800287,0.015062784504508944,1.12,1.12,1.12,1.12
0.37811857509237123,1.9347813909585092,25.823591439916292,0.03269063342429557,0.020811866646878896,0.014937215569485351,0.03439140590069817,0.03918813335312116,0.015062784430514661,1.12,1.12,1.12,1.12
0.37853686529193364,1.9354831907015317,25.826509553882065,0.03269058674126307,0.02081219151329816,0.014937215643501145,0.034391452583730664,0.03918780848670189,0.015062784356498868,1.12,1.12,1.12,1.12
0.37895539046805116,1.9361851425329641,25.82942738039322,0.03269054004547578,0.020812516481299115,0.014937215717538449,0.034391499279517956,0.03918748351870094,0.015062784282461564,1.12,1.12,1.12,1.12
0.37937415062535984,1.9368872464406774,25.832344919290087,0.0326904933369257,0.020812841550926053,0.014937215791597347,0.03439154598806804,0.039187158449074,0.015062784208402666,1.12,1.12,1.12,1.12
0.37979314576849466,1.9375895024125385,25.835262170413003,0.032690446615604496,0.02081316672222247,0.014937215865677839,0.03439159270938924,0.03918683327777758,0.015062784134322174,1.12,1.12,1.12,1.12
0.38021237590209084,1.9382919104364047,25.83817913360224,0.03269039988150385,0.020813491995231415,0.014937215939779994,0.034391639443489885,0.03918650800476864,0.01506278406022002,1.12,1.12,1.12,1.12
0.38063184103078207,1.9389944705001299,25.84109580869804,0.03269035313461571,0.020813817369995075,0.014937216013903826,0.034391686190378024,0.03918618263000498,0.015062783986096187,1.12,1.12,1.12,1.12
0.38105154115920165,1.93969718259156,25.84401219554063,0.032690306374931755,0.020814142846554806,0.014937216088049363,0.03439173295006198,0.03918585715344525,0.01506278391195065,1.12,1.12,1.12,1.12
0.3814714762919822,1.9404000466985367,25.8469282939702,0.03269025960244393,0.0208144684249518,0.01493721616221666,0.03439177972254981,0.039185531575048255,0.015062783837783353,1.12,1.12,1.12,1.12
0.3818916464337555,1.9411030628088923,25.849844103826904,0.03269021281714418,0.020814794105226686,0.014937216236405731,0.034391826507849554,0.03918520589477337,0.015062783763594281,1.12,1.12,1.12,1.12
0.38231205158915255,1.9418062309104571,25.852759624950853,0.0326901660190243,0.020815119887419242,0.014937216310616633,0.034391873305969434,0.03918488011258081,0.01506278368938338,1.12,1.12,1.12,1.12
0.3827326917628039,1.9425095509910522,25.855674857182148,0.03269011920807657,0.02081544577156874,0.014937216384849392,0.03439192011691716,0.03918455422843131,0.015062783615150621,1.12,1.12,1.12,1.12
0.3831535669593385,1.943213023038492,25.85858980036084,0.03269007238429272,0.020815771757714152,0.014937216459104036,0.03439196694070101,0.0391842282422859,0.015062783540895977,1.12,1.12,1.12,1.12
0.38357467718338545,1.943916647040588,25.861504454326948,0.03269002554766487,0.020816097845894388,0.014937216533380607,0.03439201377732887,0.039183902154105665,0.015062783466619406,1.12,1.12,1.12,1.12
0.38399602243957265,1.9446204229851425,25.864418818920473,0.032689978698185185,0.020816424036146808,0.014937216607679132,0.03439206062680855,0.039183575963853245,0.01506278339232088,1.12,1.12,1.12,1.12
0.3844176027325271,1.945324350859952,25.867332893981384,0.032689931835845565,0.020816750328508604,0.01493721668199964,0.03439210748914817,0.03918324967149145,0.015062783318000372,1.12,1.12,1.12,1.12
0.38483941806687527,1.9460284306528086,25.87024667934959,0.03268988496063824,0.02081707672301697,0.014937216756342186,0.0343921543643555,0.039182923276983084,0.015062783243657826,1.12,1.12,1.12,1.12
0.3852614684472426,1.9467326623514962,25.873160174865014,0.03268983807255538,0.020817403219708097,0.014937216830706784,0.03439220125243836,0.039182596780291956,0.015062783169293228,1.12,1.12,1.12,1.12
0.3856837538782538,1.9474370459437935,25.876073380367504,0.032689791171589266,0.020817729818617958,0.014937216905093448,0.03439224815340447,0.039182270181382095,0.015062783094906565,1.12,1.12,1.12,1.12
0.3861062743645327,1.948141581417472,25.878986295696897,0.03268974425773197,0.02081805651978247,0.014937216979502232,0.03439229506726177,0.039181943480217585,0.01506278302049778,1.12,1.12,1.12,1.12
0.38652902991070237,1.9488462687602988,25.881898920692997,0.03268969733097582,0.020818383323236545,0.014937217053933166,0.034392341994017916,0.03918161667676351,0.015062782946066847,1.12,1.12,1.12,1.12
0.3869520205213848,1.9495511079600334,25.88481125519558,0.03268965039131316,0.02081871022901552,0.014937217128386318,0.03439238893368057,0.039181289770984534,0.015062782871613695,1.12,1.12,1.12,1.12
0.3873752462012017,1.950256099004429,25.887723299044378,0.03268960343873634,0.02081903723715331,0.014937217202861647,0.0343924358862574,0.039180962762846744,0.015062782797138366,1.12,1.12,1.12,1.12
0.38779870695477314,1.9509612418812332,25.890635052079098,0.032689556473237735,0.020819364347684444,0.01493721727735925,0.034392482851756,0.03918063565231561,0.015062782722640763,1.12,1.12,1.12,1.12
0.38822240278671893,1.9516665365781873,25.893546514139434,0.0326895094948097,0.02081969156064195,0.014937217351879098,0.03439252983018404,0.0391803084393581,0.015062782648120915,1.12,1.12,1.12,1.12
0.3886463337016288,1.9523719830830295,25.896457685065197,0.03268946250346699,0.020820018876082147,0.014937217426420304,0.034392576821526744,0.039179981123917906,0.015062782573579708,1.12,1.12,1.12,1.12
0.3890704997041196,1.953077581383488,25.899368564696005,0.032689415499202124,0.02082034629403795,0.014937217500982841,0.03439262382579161,0.0391796537059621,0.015062782499017172,1.12,1.12,1.12,1.12
0.38949490079880944,1.953783331467286,25.90227915287145,0.0326893684820076,0.02082067381454214,0.014937217575566791,0.03439267084298614,0.03917932618545791,0.015062782424433221,1.12,1.12,1.12,1.12
0.3899195369903142,1.9544892333221382,25.90518944943107,0.032689321451875475,0.020821001437626607,0.01493721765017221,0.03439271787311826,0.039178998562373446,0.015062782349827802,1.12,1.12,1.12,1.12
0.3903444082832497,1.9551952869357565,25.90809945421439,0.0326892744087981,0.020821329163323632,0.01493721772479914,0.03439276491619564,0.03917867083667642,0.015062782275200873,1.12,1.12,1.12,1.12
0.39076951468223087,1.955901492295844,25.911009167060886,0.03268922735276769,0.020821656991664994,0.014937217799447594,0.034392811972226045,0.03917834300833506,0.015062782200552419,1.12,1.12,1.12,1.12
0.3911948561918712,1.9566078493900976,25.913918587810013,0.03268918028377671,0.02082198492268189,0.014937217874117684,0.03439285904121703,0.03917801507731816,0.015062782125882329,1.12,1.12,1.12,1.12
0.39162043281678366,1.9573143582062096,25.9168277163012,0.03268913320181743,0.020822312956405964,0.014937217948809423,0.0343929061231763,0.03917768704359409,0.01506278205119059,1.12,1.12,1.12,1.12
0.3920462445615801,1.9580210187318636,25.91973655237383,0.032689086106882426,0.02082264109286805,0.014937218023522866,0.03439295321811131,0.039177358907132004,0.015062781976477146,1.12,1.12,1.12,1.12
0.3924722914308717,1.9587278309547402,25.922645095867274,0.032689038998964026,0.020822969332098845,0.014937218098258057,0.03439300032602971,0.03917703066790121,0.015062781901741956,1.12,1.12,1.12,1.12
0.39289857342926865,1.9594347948625108,25.925553346620845,0.03268899187805485,0.020823297674129326,0.014937218173015035,0.034393047446938885,0.03917670232587073,0.015062781826984978,1.12,1.12,1.12,1.12
0.39332509056137976,1.9601419104428417,25.928461304473842,0.03268894474414746,0.020823626118990357,0.014937218247793899,0.03439309458084627,0.039176373881009696,0.015062781752206114,1.12,1.12,1.12,1.12
0.3937518428318136,1.9608491776833938,25.931368969265545,0.03268889759723437,0.020823954666711997,0.01493721832259462,0.03439314172775937,0.039176045333288056,0.015062781677405393,1.12,1.12,1.12,1.12
0.3941788302451774,1.9615565965718205,25.934276340835176,0.03268885043730824,0.02082428331732461,0.014937218397417268,0.0343931888876855,0.03917571668267544,0.015062781602582745,1.12,1.12,1.12,1.12
0.3946060528060773,1.9622641670957686,25.93718341902194,0.03268880326436169,0.02082461207085845,0.014937218472261898,0.03439323606063205,0.0391753879291416,0.015062781527738114,1.12,1.12,1.12,1.12
0.3950335105191187,1.9629718892428802,25.940090203665015,0.03268875607838756,0.020824940927343577,0.014937218547128553,0.03439328324660618,0.039175059072656476,0.01506278145287146,1.12,1.12,1.12,1.12
0.39546120338890633,1.9636797630007905,25.942996694603544,0.03268870887937836,0.020825269886810105,0.014937218622017287,0.03439333044561538,0.03917473011318995,0.015062781377982726,1.12,1.12,1.12,1.12
0.3958891314200435,1.964387788357128,25.945902891676624,0.03268866166732709,0.020825598949288204,0.014937218696928115,0.034393377657666646,0.03917440105071185,0.015062781303071898,1.12,1.12,1.12,1.12
0.39631729461713266,1.9650959652995141,25.948808794723337,0.03268861444222654,0.0208259281148081,0.014937218771861105,0.0343934248827672,0.03917407188519195,0.015062781228138908,1.12,1.12,1.12,1.12
0.3967456929847757,1.9658042938155669,25.95171440358274,0.032688567204069485,0.020826257383399133,0.014937218846816258,0.03439347212092425,0.03917374261660092,0.015062781153183755,1.12,1.12,1.12,1.12
0.3971743265275726,1.966512773892895,25.954619718093838,0.03268851995284888,0.020826586755091275,0.014937218921793644,0.034393519372144854,0.03917341324490878,0.01506278107820637,1.12,1.12,1.12,1.12
0.3976031952501236,1.9672214055191029,25.95752473809562,0.03268847268855779,0.020826916229915005,0.01493721899679333,0.034393566636435946,0.03917308377008505,0.015062781003206682,1.12,1.12,1.12,1.12
0.3980322991570271,1.9679301886817868,25.960429463427047,0.03268842541118905,0.020827245807899603,0.014937219071815291,0.03439361391380469,0.03917275419210045,0.015062780928184721,1.12,1.12,1.12,1.12
0.3984616382528807,1.9686391233685392,25.96333389392703,0.03268837812073555,0.020827575489075045,0.014937219146859596,0.034393661204258186,0.03917242451092501,0.015062780853140417,1.12,1.12,1.12,1.12
0.39889121254228155,1.969348209566944,25.966238029434468,0.032688330817190636,0.020827905273471503,0.014937219221926298,0.0343937085078031,0.03917209472652855,0.015062780778073714,1.12,1.12,1.12,1.12
0.39932102202982495,1.9700574472645795,25.96914186978821,0.03268828350054709,0.02082823516111862,0.014937219297015414,0.03439375582444665,0.039171764838881434,0.015062780702984599,1.12,1.12,1.12,1.12
0.39975106672010585,1.970766836449019,25.97204541482709,0.03268823617079819,0.020828565152047313,0.014937219372126956,0.034393803154195546,0.03917143484795274,0.015062780627873057,1.12,1.12,1.12,1.12
0.4001813466177184,1.9714763771078276,25.974948664389913,0.03268818882793706,0.02082889524628706,0.014937219447261035,0.03439385049705668,0.03917110475371299,0.015062780552738977,1.12,1.12,1.12,1.12
0.4006118617272549,1.9721860692285649,25.97785161831544,0.03268814147195692,0.020829225443867838,0.014937219522417639,0.034393897853036814,0.039170774556132215,0.015062780477582374,1.12,1.12,1.12,1.12
0.40104261205330777,1.9728959127987846,25.9807542764424,0.03268809410285106,0.020829555744820483,0.014937219597596807,0.034393945222142674,0.03917044425517957,0.015062780402403206,1.12,1.12,1.12,1.12
0.40147359760046736,1.9736059078060333,25.983656638609506,0.032688046720612596,0.020829886149175192,0.014937219672798582,0.03439399260438114,0.03917011385082486,0.01506278032720143,1.12,1.12,1.12,1.12
0.4019048183733238,1.9743160542378515,25.986558704655423,0.03268799932523497,0.02083021665696272,0.014937219748022978,0.03439403999975876,0.039169783343037334,0.015062780251977034,1.12,1.12,1.12,1.12
0.40233627437646624,1.9750263520817744,25.9894604744188,0.03268795191671131,0.020830547268213706,0.014937219823270065,0.034394087408282425,0.03916945273178635,0.015062780176729948,1.12,1.12,1.12,1.12
0.4027679656144823,1.97573680132533,25.99236194773823,0.032687904495035114,0.020830877982958906,0.014937219898539841,0.03439413482995862,0.03916912201704115,0.015062780101460171,1.12,1.12,1.12,1.12
0.4031998920919591,1.9764474019560383,25.995263124452304,0.032687857060199776,0.020831208801228962,0.01493721997383235,0.03439418226479396,0.03916879119877109,0.015062780026167663,1.12,1.12,1.12,1.12
0.40363205381348277,1.9771581539614163,25.998164004399577,0.03268780961219869,0.020831539723055237,0.014937220049147645,0.034394229712795044,0.039168460276944816,0.015062779950852367,1.12,1.12,1.12,1.12
0.40406445078363806,1.977869057328973,26.001064587418547,0.03268776215102531,0.020831870748469206,0.014937220124485756,0.034394277173968424,0.03916812925153085,0.015062779875514257,1.12,1.12,1.12,1.12
0.4044970830070092,1.9785801120462112,26.003964873347705,0.03268771467667303,0.020832201877502204,0.01493722019984671,0.03439432464832071,0.03916779812249785,0.015062779800153303,1.12,1.12,1.12,1.12
0.4049299504881795,1.979291318100626,26.006864862025505,0.03268766718913557,0.020832533110185902,0.014937220275230534,0.034394372135858164,0.03916746688981415,0.015062779724769479,1.12,1.12,1.12,1.12
0.40536305323173044,1.9800026754797082,26.009764553290363,0.03268761968840628,0.0208328644465523,0.014937220350637243,0.03439441963658746,0.03916713555344775,0.01506277964936277,1.12,1.12,1.12,1.12
0.40579639124224354,1.9807141841709424,26.012663946980673,0.032687572174478874,0.020833195886633654,0.014937220426066905,0.03439446715051486,0.0391668041133664,0.015062779573933108,1.12,1.12,1.12,1.12
0.4062299645242991,1.9814258441618042,26.015563042934794,0.03268752464734692,0.020833527430462434,0.014937220501519521,0.034394514677646815,0.03916647256953762,0.015062779498480491,1.12,1.12,1.12,1.12
0.40666377308247603,1.9821376554397654,26.018461840991044,0.03268747710700398,0.020833859078070255,0.014937220576995147,0.034394562217989755,0.0391661409219298,0.015062779423004866,1.12,1.12,1.12,1.12
0.40709781692135255,1.9828496179922912,26.021360340987723,0.03268742955344378,0.020834190829490756,0.014937220652493768,0.034394609771549955,0.0391658091705093,0.015062779347506244,1.12,1.12,1.12,1.12
0.40753209604550583,1.9835617318068384,26.024258542763096,0.03268738198665999,0.02083452268475644,0.01493722072801544,0.034394657338333745,0.03916547731524361,0.015062779271984572,1.12,1.12,1.12,1.12
0.4079666104595123,1.9842739968708596,26.027156446155402,0.03268733440664612,0.020834854643901113,0.01493722080356022,0.03439470491834762,0.03916514535609894,0.015062779196439793,1.12,1.12,1.12,1.12
0.40840136016794726,1.9849864131718011,26.03005405100282,0.03268728681339633,0.02083518670695811,0.01493722087912809,0.034394752511597404,0.039164813293041945,0.015062779120871922,1.12,1.12,1.12,1.12
0.4088363451753849,1.9856989806971002,26.032951357143535,0.03268723920690403,0.0208355188739614,0.014937220954719096,0.03439480011808971,0.03916448112603865,0.015062779045280916,1.12,1.12,1.12,1.12
0.40927156548639865,1.9864116994341914,26.035848364415678,0.03268719158716321,0.020835851144945045,0.014937221030333292,0.034394847737830525,0.03916414885505501,0.01506277896966672,1.12,1.12,1.12,1.12
0.4097070211055611,1.9871245693705,26.03874507265735,0.0326871439541675,0.02083618351994354,0.014937221105970677,0.03439489537082624,0.03916381648005651,0.015062778894029336,1.12,1.12,1.12,1.12
0.41014271203744346,1.987837590493446,26.041641481706634,0.032687096307910946,0.020836515998991362,0.014937221181631294,0.03439494301708279,0.03916348400100869,0.015062778818368719,1.12,1.12,1.12,1.12
0.4105786382866161,1.9885507627904424,26.044537591401557,0.032687048648387174,0.020836848582123424,0.01493722125731517,0.03439499067660656,0.03916315141787663,0.015062778742684843,1.12,1.12,1.12,1.12
0.4110147998576489,1.989264086248898,26.047433401580133,0.03268700097559024,0.020837181269374422,0.014937221333022332,0.034395038349403495,0.03916281873062563,0.01506277866697768,1.12,1.12,1.12,1.12
0.4114511967551102,1.9899775608562118,26.050328912080346,0.03268695328951393,0.02083751406078141,0.014937221408752796,0.034395086035479805,0.039162485939218644,0.015062778591247217,1.12,1.12,1.12,1.12
0.4118878289835678,1.9906911865997792,26.053224122740133,0.03268690559015219,0.020837846956379164,0.014937221484506602,0.03439513373484154,0.03916215304362089,0.01506277851549341,1.12,1.12,1.12,1.12
0.41232469654758824,1.9914049634669873,26.056119033397408,0.03268685787749909,0.020838179956204406,0.01493722156028375,0.03439518144749465,0.03916182004379565,0.015062778439716262,1.12,1.12,1.12,1.12
0.41276179945173724,1.9921188914452181,26.059013643890054,0.03268681015154851,0.02083851306029308,0.014937221636084297,0.03439522917344523,0.039161486939706974,0.015062778363915716,1.12,1.12,1.12,1.12
0.4131991377005797,1.992832970521846,26.061907954055922,0.032686762412294346,0.020838846268683403,0.014937221711908255,0.03439527691269939,0.03916115373131665,0.015062778288091758,1.12,1.12,1.12,1.12
0.41363671129867935,1.9935472006842407,26.064801963732823,0.032686714659730665,0.020839179581411738,0.014937221787755667,0.03439532466526307,0.039160820418588316,0.015062778212244346,1.12,1.12,1.12,1.12
0.41407452025059915,1.9942615819197635,26.06769567275854,0.03268666689385141,0.020839512998515775,0.014937221863626532,0.034395372431142324,0.03916048700148428,0.01506277813637348,1.12,1.12,1.12,1.12
0.41451256456090113,1.9949761142157698,26.070589080970827,0.03268661911465076,0.020839846520033373,0.014937221939520906,0.034395420210342975,0.03916015347996668,0.015062778060479107,1.12,1.12,1.12,1.12
0.4149508442341464,1.9956907975596092,26.07348218820741,0.03268657132212255,0.02084018014600303,0.014937222015438775,0.03439546800287119,0.039159819853997024,0.015062777984561238,1.12,1.12,1.12,1.12
0.41538935927489495,1.9964056319386245,26.07637499430598,0.03268652351626106,0.020840513876463018,0.014937222091380195,0.03439551580873268,0.039159486123537035,0.015062777908619818,1.12,1.12,1.12,1.12
0.4158281096877061,1.997120617340153,26.079267499104173,0.032686475697060235,0.020840847711452615,0.014937222167345166,0.0343955636279335,0.03915915228854744,0.015062777832654847,1.12,1.12,1.12,1.12
0.4162670954771378,1.9978357537515237,26.08215970243963,0.03268642786451431,0.02084118165101112,0.014937222243333742,0.034395611460479425,0.03915881834898893,0.01506277775666627,1.12,1.12,1.12,1.12
0.4167063166477478,1.9985510411600587,26.085051604149932,0.03268638001861712,0.020841515695178114,0.01493722231934591,0.034395659306376614,0.03915848430482194,0.015062777680654102,1.12,1.12,1.12,1.12
0.4171457732040922,1.999266479553078,26.08794320407263,0.03268633215936295,0.020841849843993537,0.014937222395381755,0.034395707165630784,0.039158150156006516,0.015062777604618258,1.12,1.12,1.12,1.12
0.4175854651507269,1.9999820689178898,26.090834502045276,0.03268628428674608,0.020842184097498384,0.014937222471441247,0.034395755038247655,0.03915781590250167,0.015062777528558766,1.12,1.12,1.12,1.12
0.41802539249220616,2.0006978092417986,26.093725497905332,0.032686236400760404,0.020842518455733094,0.014937222547524429,0.03439580292423333,0.03915748154426696,0.015062777452475584,1.12,1.12,1.12,1.12
0.4184655552330838,2.0014137005121024,26.096616191490273,0.032686188501400315,0.02084285291873922,0.014937222623631341,0.03439585082359342,0.039157147081260835,0.015062777376368672,1.12,1.12,1.12,1.12
0.4189059533779127,2.002129742716092,26.099506582637538,0.03268614058865982,0.02084318748655789,0.01493722269976197,0.03439589873633392,0.03915681251344216,0.015062777300238042,1.12,1.12,1.12,1.12
0.4193465869312446,2.002845935841051,26.1023966711845,0.032686092662533084,0.02084352215923163,0.014937222775916359,0.03439594666246065,0.03915647784076842,0.015062777224083654,1.12,1.12,1.12,1.12
0.41978745589763067,2.0035622798742585,26.105286456968525,0.03268604472301445,0.02084385693680238,0.014937222852094548,0.034395994601979285,0.039156143063197674,0.015062777147905465,1.12,1.12,1.12,1.12
0.4202285602816209,2.004278774802986,26.108175939826957,0.03268599677009787,0.020844191819311908,0.014937222928296537,0.03439604255489587,0.039155808180688145,0.015062777071703476,1.12,1.12,1.12,1.12
0.4206699000877646,2.004995420614498,26.111065119597075,0.032685948803777676,0.020844526806804264,0.01493722300452234,0.03439609052121606,0.03915547319319579,0.015062776995477672,1.12,1.12,1.12,1.12
0.42111147532061,2.0057122172960526,26.113953996116148,0.03268590082404821,0.020844861899322942,0.014937223080772,0.03439613850094553,0.03915513810067711,0.015062776919228013,1.12,1.12,1.12,1.12
0.42155328598470465,2.006429164834903,26.116842569221404,0.03268585283090342,0.02084519709691185,0.014937223157045529,0.03439618649409032,0.039154802903088204,0.015062776842954484,1.12,1.12,1.12,1.12
0.4219953320845953,2.0071462632182935,26.119730838750055,0.032685804824337694,0.020845532399614453,0.01493722323334297,0.03439623450065604,0.0391544676003856,0.015062776766657043,1.12,1.12,1.12,1.12
0.4224376136248271,2.007863512433464,26.122618804539243,0.03268575680434532,0.020845867807476215,0.014937223309664321,0.034396282520648414,0.03915413219252384,0.015062776690335691,1.12,1.12,1.12,1.12
0.42288013060994545,2.0085809124676457,26.125506466426113,0.03268570877092042,0.02084620332054163,0.014937223386009613,0.03439633055407332,0.039153796679458425,0.0150627766139904,1.12,1.12,1.12,1.12
0.4233228830444941,2.0092984633080655,26.12839382424776,0.032685660724057375,0.02084653893885649,0.014937223462378857,0.03439637860093636,0.03915346106114356,0.015062776537621156,1.12,1.12,1.12,1.12
0.4237658709330159,2.0100161649419412,26.13128087784125,0.03268561266375014,0.020846874662466514,0.014937223538772096,0.034396426661243595,0.03915312533753354,0.015062776461227917,1.12,1.12,1.12,1.12
0.4242090942800532,2.010734017356488,26.13416762704361,0.032685564589993166,0.0208472104914173,0.014937223615189316,0.03439647473500057,0.03915278950858275,0.015062776384810697,1.12,1.12,1.12,1.12
0.42465255309014777,2.0114520205389095,26.137054071691843,0.0326855165027809,0.02084754642575587,0.014937223691630572,0.03439652282221284,0.039152453574244184,0.015062776308369441,1.12,1.12,1.12,1.12
0.42509624736783974,2.012170174476406,26.13994021162291,0.03268546840210723,0.020847882465528766,0.014937223768095892,0.034396570922886505,0.03915211753447129,0.01506277623190412,1.12,1.12,1.12,1.12
0.4255401771176688,2.0128884791561714,26.14282604667374,0.032685420287966616,0.020848218610783453,0.014937223844585248,0.03439661903702712,0.0391517813892166,0.015062776155414764,1.12,1.12,1.12,1.12
0.4259843423441738,2.013606934565391,26.145711576681236,0.032685372160353166,0.02084855486156767,0.014937223921098697,0.03439666716464057,0.039151445138432384,0.015062776078901316,1.12,1.12,1.12,1.12
0.42642874305189277,2.014325540691246,26.14859680148226,0.03268532401926144,0.020848891217928323,0.014937223997636292,0.034396715305732295,0.03915110878207173,0.01506277600236372,1.12,1.12,1.12,1.12
0.42687337924536295,2.015044297520908,26.151481720913644,0.03268527586468539,0.020849227679914706,0.01493722407419798,0.034396763460308344,0.03915077232008535,0.015062775925802033,1.12,1.12,1.12,1.12
0.4273182509291205,2.0157632050415453,26.154366334812188,0.03268522769661941,0.02084955477592687,0.014937224150783843,0.034396811628374324,0.03915044522407318,0.01506277584921617,1.12,1.12,1.12,1.12
0.4277633579762193,2.016482263276701,26.15725064403847,0.032685179528261055,0.020849882629097483,0.014937224227349805,0.03439685979673268,0.03915011737090257,0.015062775772650208,1.12,1.12,1.12,1.12
0.4282087004000533,2.0172014722112217,26.160134648361463,0.03268513135856321,0.020850211193398444,0.014937224303899793,0.03439690796643052,0.03914978880660161,0.01506277569610022,1.12,1.12,1.12,1.12
0.42865427821339064,2.0179208318301103,26.1630183475549,0.03268508318655389,0.02085054042602863,0.01493722438043743,0.03439695613843985,0.039149459573971424,0.015062775619562582,1.12,1.12,1.12,1.12
0.4291000914284171,2.018640342118519,26.165901741396926,0.03268503501133063,0.020850870287189793,0.014937224456966089,0.034397004313663104,0.03914912971281026,0.015062775543033924,1.12,1.12,1.12,1.12
0.42954614005677616,2.019360003061731,26.168784829669804,0.03268498683205562,0.020851200739871706,0.014937224533488919,0.03439705249293812,0.03914879926012835,0.015062775466511094,1.12,1.12,1.12,1.12
0.4299924241096081,2.0200798146451575,26.171667612159602,0.03268493864795069,0.02085153174966048,0.01493722461000875,0.034397100677043047,0.039148468250339574,0.015062775389991262,1.12,1.12,1.12,1.12
0.4304389435975837,2.0207997768543264,26.174550088655955,0.03268489045829398,0.020851863284554933,0.014937224686528291,0.034397148866699756,0.03914813671544512,0.015062775313471721,1.12,1.12,1.12,1.12
0.43088569853093794,2.021519889674871,26.177432258951796,0.03268484226241536,0.02085219531479815,0.014937224763049956,0.03439719706257838,0.039147804685201903,0.015062775236950057,1.12,1.12,1.12,1.12
0.4313326889194995,2.022240153092525,26.180314122843125,0.0326847940596931,0.020852527812718985,0.014937224839576033,0.034397245265300636,0.03914747218728107,0.01506277516042398,1.12,1.12,1.12,1.12
0.4317799147727197,2.0229605670931137,26.183195680128783,0.03268474584954989,0.0208528607525873,0.01493722491610866,0.034397293475443846,0.039147139247412754,0.015062775083891353,1.12,1.12,1.12,1.12
0.43222737609969875,2.023681131662549,26.186076930610263,0.032684697631450654,0.020853194110479284,0.014937224992649739,0.03439734169354308,0.03914680588952077,0.015062775007350274,1.12,1.12,1.12,1.12
0.4326750729092099,2.024401846786821,26.188957874091543,0.03268464940489879,0.020853527864147348,0.01493722506920106,0.034397389920094945,0.039146472135852706,0.015062774930798953,1.12,1.12,1.12,1.12
0.4331230052097219,2.0251227124519895,26.191838510378858,0.03268460116943378,0.020853861992906342,0.01493722514576426,0.034397438155559956,0.03914613800709371,0.015062774854235753,1.12,1.12,1.12,1.12
0.4335711730094214,2.025843728644186,26.194718839280597,0.032684552924628796,0.020854196477520598,0.014937225222340866,0.03439748640036494,0.039145803522479455,0.015062774777659146,1.12,1.12,1.12,1.12
0.43401957631623084,2.0265648953496007,26.197598860607094,0.03268450467008771,0.020854531300106838,0.014937225298932322,0.034397534654906026,0.039145468699893216,0.015062774701067691,1.12,1.12,1.12,1.12
0.43446821513782824,2.0272862125544817,26.200478574170532,0.03268445640544382,0.020854866444035253,0.014937225375539848,0.03439758291954992,0.0391451335559648,0.015062774624460165,1.12,1.12,1.12,1.12
0.43491708948166397,2.028007680245131,26.203357979784805,0.03268440813035678,0.020855201893844016,0.014937225452164693,0.03439763119463696,0.03914479810615604,0.01506277454783532,1.12,1.12,1.12,1.12
0.43536619935497545,2.028729298407897,26.206237077265392,0.03268435984451179,0.02085553763515824,0.014937225528807885,0.034397679480481946,0.039144462364841814,0.015062774471192128,1.12,1.12,1.12,1.12
0.43581554476480355,2.0294510670291737,26.209115866429226,0.03268431154761692,0.020855873654611057,0.014937225605470464,0.03439772777737682,0.039144126345388996,0.015062774394529549,1.12,1.12,1.12,1.12
0.43626512571800524,2.0301729860953976,26.211994347094617,0.032684263239401656,0.020856209939777104,0.014937225682153346,0.03439777608559208,0.03914379006022295,0.015062774317846667,1.12,1.12,1.12,1.12
0.4367149422212663,2.030895055593039,26.214872519081133,0.032684214919616095,0.020856546479103233,0.014937225758857378,0.03439782440537764,0.03914345352089682,0.015062774241142635,1.12,1.12,1.12,1.12
0.4371649942811138,2.0316172755086073,26.21775038220953,0.03268416658802864,0.02085688326184862,0.014937225835583351,0.034397872736965096,0.039143116738151434,0.015062774164416662,1.12,1.12,1.12,1.12
0.4376152819039265,2.0323396458286402,26.220627936301653,0.032684118244424853,0.020857220278028943,0.01493722591233193,0.03439792108056888,0.03914277972197111,0.015062774087668082,1.12,1.12,1.12,1.12
0.43806580509594567,2.0330621665397053,26.223505181180354,0.032684069888606615,0.02085755751836177,0.01493722598910377,0.03439796943638712,0.039142442481638284,0.015062774010896243,1.12,1.12,1.12,1.12
0.4385165638632844,2.033784837628399,26.22638211666943,0.03268402152039074,0.02085789497421975,0.014937226065899478,0.034398017804603,0.039142105025780305,0.015062773934100535,1.12,1.12,1.12,1.12
0.4389675582119365,2.0345076590813362,26.229258742593547,0.0326839731396078,0.02085823263758091,0.014937226142719598,0.034398066185385934,0.039141767362419144,0.015062773857280415,1.12,1.12,1.12,1.12
0.43941878814778434,2.035230630885161,26.232135058778198,0.03268392474610121,0.020858570500991824,0.014937226219564614,0.034398114578892525,0.03914142949900823,0.015062773780435398,1.12,1.12,1.12,1.12
0.43987025367660765,2.0359537530265315,26.2350110650496,0.03268387633972669,0.020858908557523204,0.014937226296434958,0.034398162985267045,0.03914109144247685,0.015062773703565055,1.12,1.12,1.12,1.12
0.44032195480408876,2.036677025492126,26.237886761234684,0.03268382792035068,0.020859246800734865,0.014937226373331045,0.03439821140464305,0.03914075319926519,0.015062773626668968,1.12,1.12,1.12,1.12
0.4407738915358219,2.037400448268641,26.24076214716101,0.032683779487850284,0.020859585224642957,0.01493722645025325,0.03439825983714345,0.039140414775357096,0.015062773549746764,1.12,1.12,1.12,1.12
0.44122606387731667,2.038124021342785,26.24363722265675,0.03268373104211192,0.020859923823686344,0.014937226527201905,0.03439830828288182,0.03914007617631371,0.015062773472798108,1.12,1.12,1.12,1.12
0.44167847183400605,2.0388477447012816,26.246511987550637,0.032683682583031004,0.02086026259269641,0.014937226604177331,0.03439835674196273,0.03913973740730364,0.015062773395822682,1.12,1.12,1.12,1.12
0.44213111541125,2.0395716183308643,26.249386441671877,0.03268363411051117,0.020860601526864253,0.014937226681179777,0.034398405214482564,0.0391393984731358,0.015062773318820236,1.12,1.12,1.12,1.12
0.4425839946143415,2.04029564221828,26.252260584850198,0.032683585624463996,0.02086094062170618,0.014937226758209465,0.03439845370052974,0.03913905937829387,0.015062773241790547,1.12,1.12,1.12,1.12
0.4430371094485106,2.0410198163502815,26.255134416915737,0.03268353712480776,0.02086127987308023,0.014937226835266645,0.034398502200185976,0.039138720126919824,0.015062773164733367,1.12,1.12,1.12,1.12
0.443490459918929,2.041744140713633,26.258007937699062,0.03268348861146769,0.02086161927714028,0.014937226912351512,0.034398550713526044,0.03913838072285977,0.015062773087648501,1.12,1.12,1.12,1.12
0.4439440460307137,2.0424686152951033,26.26088114703108,0.032683440084375015,0.020861958830311583,0.014937226989464189,0.03439859924061872,0.03913804116968847,0.015062773010535824,1.12,1.12,1.12,1.12
0.444397867788932,2.0431932400814694,26.26375404474307,0.03268339154346661,0.020862298529274903,0.014937227066604886,0.034398647781527125,0.03913770147072515,0.015062772933395127,1.12,1.12,1.12,1.12
0.4448519251986034,2.043918015059512,26.26662663066664,0.032683342988684694,0.020862638370949094,0.014937227143773726,0.03439869633630904,0.03913736162905096,0.015062772856226286,1.12,1.12,1.12,1.12
0.445306218264704,2.044642940216018,26.269498904633664,0.03268329441997625,0.02086297835247275,0.014937227220970795,0.034398744905017486,0.039137021647527304,0.015062772779029218,1.12,1.12,1.12,1.12
0.4457607469921687,2.0453680155377763,26.27237086647631,0.03268324583729304,0.020863318471189884,0.014937227298196215,0.034398793487700696,0.03913668152881017,0.015062772701803798,1.12,1.12,1.12,1.12
0.4462155113858948,2.046093241011579,26.275242516026992,0.03268319724059049,0.020863658724635387,0.014937227375450071,0.03439884208440325,0.03913634127536467,0.015062772624549942,1.12,1.12,1.12,1.12
0.4466705114507435,2.0468186166242197,26.278113853118334,0.032683148629828684,0.020863999110521447,0.014937227452732404,0.03439889069516505,0.039136000889478606,0.015062772547267608,1.12,1.12,1.12,1.12
0.4471257471915435,2.0475441423624967,26.28098487758321,0.0326831000049706,0.020864339626725126,0.014937227530043312,0.034398939320023136,0.03913566037327493,0.0150627724699567,1.12,1.12,1.12,1.12
0.4475812186130925,2.0482698182132046,26.28385558925466,0.03268305136598304,0.020864680271276526,0.014937227607382864,0.034398987959010696,0.03913531972872353,0.01506277239261715,1.12,1.12,1.12,1.12
0.4480369257201602,2.0489956441631434,26.2867259879659,0.032683002712835585,0.020865021042349996,0.014937227684751059,0.03439903661215815,0.03913497895765006,0.015062772315248954,1.12,1.12,1.12,1.12
0.44849286851748826,2.04972162019911,26.289596073550324,0.0326829540455007,0.02086536193825178,0.014937227762147953,0.034399085279493036,0.03913463806174827,0.01506277223785206,1.12,1.12,1.12,1.12
0.44894904700979454,2.050447746307901,26.292465845841484,0.032682905363953796,0.02086570295741194,0.01493722783957356,0.03439913396103994,0.03913429704258811,0.015062772160426452,1.12,1.12,1.12,1.12
0.44940546120177305,2.0511740224763124,26.295335304673056,0.03268285666817228,0.020866044098374725,0.014937227917027895,0.03439918265682146,0.03913395590162533,0.015062772082972117,1.12,1.12,1.12,1.12
0.4498621110980967,2.05190044869114,26.298204449878828,0.032682807958135995,0.020866385359792683,0.014937227994510971,0.03439923136685774,0.03913361464020737,0.015062772005489042,1.12,1.12,1.12,1.12
0.4503189967034178,2.0526270249391754,26.301073281292734,0.03268275923382724,0.020866726740416758,0.014937228072022787,0.034399280091166495,0.039133273259583296,0.015062771927977225,1.12,1.12,1.12,1.12
0.4507761180223697,2.05335375120721,26.30394179874878,0.03268271049522975,0.02086706823909168,0.01493722814956333,0.03439932882976399,0.039132931760908374,0.015062771850436682,1.12,1.12,1.12,1.12
0.4512334750595683,2.054080627482032,26.306810002081086,0.03268266174232903,0.020867409854746277,0.014937228227132587,0.0343993775826647,0.039132590145253776,0.015062771772867425,1.12,1.12,1.12,1.12
0.45169106781961343,2.0548076537504274,26.309677891123844,0.03268261297511271,0.020867751586391897,0.014937228304730571,0.034399426349881024,0.039132248413608156,0.015062771695269442,1.12,1.12,1.12,1.12
0.45214889630708943,2.0555348299991794,26.312545465711338,0.03268256419356935,0.02086809343311291,0.014937228382357254,0.034399475131424384,0.03913190656688714,0.015062771617642759,1.12,1.12,1.12,1.12
0.45260696052656607,2.056262156215066,26.3154127256779,0.03268251539768946,0.02086843539406169,0.01493722846001258,0.034399523927304276,0.03913156460593836,0.015062771539987432,1.12,1.12,1.12,1.12
0.4530652604825998,2.056989632384864,26.31827967085794,0.03268246658746421,0.02086877746845814,0.014937228537696579,0.03439957273752953,0.039131222531541915,0.015062771462303434,1.12,1.12,1.12,1.12
0.45352379617973543,2.0577172584953454,26.321146301085914,0.03268241776288666,0.020869119655579305,0.014937228615409165,0.034399621562107074,0.03913088034442075,0.015062771384590848,1.12,1.12,1.12,1.12
0.4539825676225047,2.058445034533278,26.324012616196338,0.03268236892395049,0.020869461954759416,0.014937228693150353,0.03439967040104325,0.03913053804524064,0.01506277130684966,1.12,1.12,1.12,1.12
0.45444157481542985,2.0591729604854243,26.32687861602375,0.03268232007065025,0.02086980436538416,0.014937228770920075,0.034399719254343486,0.039130195634615894,0.015062771229079938,1.12,1.12,1.12,1.12
0.45490081776302216,2.059901036338546,26.329744300402744,0.032682271202982005,0.020870146886887903,0.014937228848718315,0.03439976812201173,0.03912985311311215,0.015062771151281698,1.12,1.12,1.12,1.12
0.4553602964697836,2.0606292620793965,26.33260966916793,0.03268222232094192,0.02087048951874948,0.014937228926545018,0.034399817004051814,0.03912951048125057,0.015062771073454995,1.12,1.12,1.12,1.12
0.4558200109402072,2.0613576376947274,26.335474722153965,0.03268217342452756,0.02087083226048897,0.014937229004400171,0.034399865900466176,0.039129167739511084,0.015062770995599842,1.12,1.12,1.12,1.12
0.4562799611787779,2.0620861631712817,26.33833945919551,0.032682124513736976,0.020871175111666196,0.014937229082283704,0.03439991481125676,0.03912882488833386,0.015062770917716309,1.12,1.12,1.12,1.12
0.45674014718997236,2.0628148384958016,26.341203880127264,0.03268207558856867,0.02087151807187626,0.014937229160195603,0.034399963736425065,0.03912848192812379,0.01506277083980441,1.12,1.12,1.12,1.12
0.4572005689782603,2.0635436636550213,26.344067984783905,0.03268202664902187,0.020871861140748238,0.014937229238135799,0.03440001267597187,0.039128138859251815,0.015062770761864214,1.12,1.12,1.12,1.12
0.4576612265481047,2.064272638635672,26.34693177300017,0.03268197769509634,0.020872204317942455,0.014937229316104264,0.034400061629897394,0.0391277956820576,0.015062770683895749,1.12,1.12,1.12,1.12
0.4581221199039616,2.065001763424476,26.34979524461077,0.03268192872679243,0.020872547603148356,0.014937229394100929,0.034400110598201306,0.0391274523968517,0.015062770605899084,1.12,1.12,1.12,1.12
0.4585832490502819,2.065731038008154,26.35265839945044,0.032681879744110964,0.020872890996081528,0.014937229472125793,0.03440015958088277,0.039127109003918525,0.01506277052787422,1.12,1.12,1.12,1.12
0.45904461399150986,2.06646046237342,26.355521237353898,0.032681830747052665,0.02087323449648376,0.014937229550178788,0.03440020857794107,0.03912676550351629,0.015062770449821225,1.12,1.12,1.12,1.12
0.45950621473208497,2.0671900365069797,26.358383758155874,0.03268178173561925,0.020873578104120827,0.014937229628259843,0.03440025758937448,0.039126421895879226,0.01506277037174017,1.12,1.12,1.12,1.12
0.45996805127644197,2.0679197603955366,26.361245961691104,0.03268173270981234,0.02087392181877723,0.014937229706368974,0.0344003066151814,0.03912607818122282,0.01506277029363104,1.12,1.12,1.12,1.12
0.4604301236290101,2.0686496340257863,26.364107847794315,0.03268168366963414,0.020874265640260847,0.014937229784506068,0.034400355655359593,0.039125734359739206,0.015062770215493945,1.12,1.12,1.12,1.12
0.460892431794215,2.06937965738442,26.3669694163002,0.03268163461508683,0.02087460956839643,0.014937229862671111,0.03440040470990691,0.039125390431603624,0.015062770137328901,1.12,1.12,1.12,1.12
0.46135497577647755,2.07010983045812,26.369830667043473,0.032681585546173064,0.02087495360302752,0.01493722994086405,0.03440045377882067,0.039125046396972535,0.015062770059135963,1.12,1.12,1.12,1.12
0.4618177555802152,2.070840153233566,26.372691599858822,0.032681536462895455,0.020875297744012533,0.014937230019084827,0.03440050286209828,0.03912470225598752,0.015062769980915186,1.12,1.12,1.12,1.12
0.4622807712098415,2.0715706256974293,26.375552214580942,0.032681487365257056,0.020875641991225824,0.014937230097333429,0.03440055195973668,0.03912435800877423,0.015062769902666584,1.12,1.12,1.12,1.12
0.46274402266976633,2.0723012478363767,26.378412511044495,0.03268143825326081,0.020875986344554898,0.014937230175609786,0.03440060107173293,0.039124013655445156,0.015062769824390226,1.12,1.12,1.12,1.12
0.46320750996439675,2.073032019637068,26.38127248908412,0.03268138912691004,0.0208763308039015,0.0149372302539139,0.03440065019808369,0.039123669196098554,0.015062769746086113,1.12,1.12,1.12,1.12
0.46367123309813585,2.0737629410861556,26.384132148534455,0.032681339986208036,0.020876675369179365,0.014937230332245671,0.0344006993387857,0.03912332463082069,0.015062769667754342,1.12,1.12,1.12,1.12
0.4641351920753847,2.074494012170287,26.38699148923013,0.03268129083115823,0.020877020040312277,0.014937230410605074,0.03440074849383551,0.039122979959687776,0.01506276958939494,1.12,1.12,1.12,1.12
0.4645993869005411,2.0752252328761034,26.38985051100572,0.03268124166176417,0.02087736481723515,0.014937230488992065,0.034400797663229565,0.0391226351827649,0.015062769511007948,1.12,1.12,1.12,1.12
0.4650638175780002,2.075956603190239,26.392709213695806,0.03268119247802931,0.020877709699893776,0.014937230567406604,0.03440084684696443,0.03912229030010628,0.01506276943259341,1.12,1.12,1.12,1.12
0.4655284841121546,2.076688123099321,26.395567597134942,0.0326811432799573,0.020878054688240055,0.014937230645848634,0.03440089604503643,0.03912194531176,0.015062769354151379,1.12,1.12,1.12,1.12
0.4659933865073946,2.077419792589971,26.398425661157653,0.032681094067551875,0.020878399782237378,0.014937230724318157,0.03440094525744186,0.039121600217762675,0.015062769275681856,1.12,1.12,1.12,1.12
0.46645852476810856,2.078151611648804,26.40128340559845,0.03268104484081652,0.020878744981856545,0.014937230802815088,0.034400994484177216,0.03912125501814351,0.015062769197184925,1.12,1.12,1.12,1.12
0.4669238988986818,2.0788835802624286,26.40414083029181,0.032680995599755236,0.0208790902870728,0.0149372308813394,0.0344010437252385,0.039120909712927254,0.015062769118660613,1.12,1.12,1.12,1.12
0.46738950890349795,2.0796156984174465,26.40699793507219,0.032680946344371464,0.020879435697870707,0.014937230959891065,0.03440109298062227,0.039120564302129346,0.015062769040108948,1.12,1.12,1.12,1.12
0.467855354786939,2.0803479661004536,26.40985471977402,0.032680897074668924,0.020879781214240223,0.014937231038470042,0.03440114225032481,0.03912021878575983,0.015062768961529971,1.12,1.12,1.12,1.12
0.46832143655338493,2.081080383298037,26.412711184231703,0.0326808477906515,0.02088012683617846,0.014937231117076288,0.034401191534342235,0.039119873163821595,0.015062768882923724,1.12,1.12,1.12,1.12
0.4687877542072131,2.081812949996779,26.415567328279614,0.03268079849232264,0.020880472563686636,0.01493723119570979,0.0344012408326711,0.03911952743631342,0.015062768804290222,1.12,1.12,1.12,1.12
0.46925430775280025,2.0825456661832553,26.4184231517521,0.03268074917968611,0.02088081839676975,0.014937231274370494,0.03440129014530763,0.0391191816032303,0.015062768725629519,1.12,1.12,1.12,1.12
0.4697210971945211,2.0832785318440346,26.421278654483483,0.03268069985274541,0.020881164335439018,0.014937231353058328,0.03440133947224833,0.039118835664561036,0.015062768646941685,1.12,1.12,1.12,1.12
0.4701881225367477,2.0840115469656766,26.424133836308044,0.03268065051150415,0.020881510379710172,0.014937231431773293,0.034401388813489586,0.03911848962028988,0.01506276856822672,1.12,1.12,1.12,1.12
0.47065538378385235,2.0847447115347393,26.426988697060054,0.032680601155965716,0.020881856529602755,0.014937231510515375,0.03440143816902802,0.0391181434703973,0.015062768489484638,1.12,1.12,1.12,1.12
0.471122880940204,2.085478025537769,26.429843236573742,0.032680551786133716,0.020882202785138637,0.01493723158928452,0.03440148753886002,0.039117797214861416,0.015062768410715494,1.12,1.12,1.12,1.12
0.4715906140101715,2.0862114889613084,26.4326974546833,0.032680502402011535,0.020882549146346324,0.014937231668080697,0.0344015369229822,0.03911745085365373,0.015062768331919316,1.12,1.12,1.12,1.12
0.4720585829981218,2.0869451017918914,26.43555135122291,0.03268045300360228,0.02088289561325357,0.014937231746903853,0.03440158632139145,0.03911710438674648,0.01506276825309616,1.12,1.12,1.12,1.12
0.47252678790842045,2.087678864016046,26.4384049260267,0.032680403590909624,0.02088324218589327,0.014937231825753988,0.03440163573408411,0.039116757814106784,0.015062768174246025,1.12,1.12,1.12,1.12
0.4729952287454314,2.0884127756202937,26.441258178928777,0.03268035416393639,0.02088358886430075,0.01493723190463106,0.03440168516105735,0.0391164111356993,0.015062768095368953,1.12,1.12,1.12,1.12
0.4734639055135177,2.089146836591148,26.44411110976322,0.03268030472268585,0.020883935648512764,0.01493723198353504,0.03440173460230789,0.03911606435148729,0.015062768016464972,1.12,1.12,1.12,1.12
0.4739328182170411,2.089881046915117,26.446963718364074,0.03268025526716117,0.02088428253857033,0.01493723206246593,0.03440178405783256,0.03911571746142972,0.015062767937534083,1.12,1.12,1.12,1.12
0.47440196686036185,2.0906154065787015,26.449816004565353,0.03268020579736508,0.02088462953451692,0.014937232141423673,0.034401833527628656,0.039115370465483135,0.01506276785857634,1.12,1.12,1.12,1.12
0.4748713514478391,2.091349915568394,26.452667968201037,0.03268015631330068,0.02088497663639438,0.014937232220408228,0.03440188301169306,0.03911502336360567,0.015062767779591785,1.12,1.12,1.12,1.12
0.47534097198383113,2.092084573870682,26.45551960910506,0.032680106814970855,0.020885323844250403,0.014937232299419595,0.03440193251002288,0.03911467615574965,0.015062767700580418,1.12,1.12,1.12,1.12
0.4758108284726948,2.092819381472045,26.45837092711134,0.03268005730237816,0.02088567115813242,0.01493723237845776,0.034401982022615574,0.039114328841867635,0.015062767621542253,1.12,1.12,1.12,1.12
0.47628092091878554,2.093554338358957,26.46122192205376,0.03268000777552538,0.02088601857808947,0.014937232457522667,0.03440203154946836,0.03911398142191058,0.015062767542477346,1.12,1.12,1.12,1.12
0.47675124932645824,2.0942894445178823,26.464072593766176,0.032679958234414885,0.020886366104174048,0.014937232536614317,0.03440208109057885,0.039113633895826005,0.015062767463385696,1.12,1.12,1.12,1.12
0.4772218137000665,2.095024699935282,26.46692294208238,0.03267990867904941,0.020886713736436746,0.014937232615732696,0.03440213064594433,0.03911328626356331,0.015062767384267317,1.12,1.12,1.12,1.12
0.47769261404396224,2.095760104597607,26.469772966836175,0.03267985910943122,0.020887061474931856,0.014937232694877747,0.03440218021556252,0.0391129385250682,0.015062767305122265,1.12,1.12,1.12,1.12
0.47816365036249747,2.0964956584913033,26.472622667861287,0.032679809525562764,0.02088740931971414,0.014937232774049472,0.03440222979943097,0.039112590680285914,0.01506276722595054,1.12,1.12,1.12,1.12
0.47863492266002217,2.0972313616028084,26.475472044991438,0.03267975992744604,0.02088775727083908,0.014937232853247842,0.0344022793975477,0.03911224272916097,0.01506276714675217,1.12,1.12,1.12,1.12
0.47910643094088584,2.097967213918554,26.47832109806031,0.032679710315083266,0.020888105328362716,0.014937232932472844,0.03440232900991047,0.03911189467163734,0.015062767067527169,1.12,1.12,1.12,1.12
0.4795781752094366,2.098703215424965,26.48116982690154,0.032679660688476664,0.02088845349234314,0.014937233011724477,0.03440237863651707,0.039111546507656914,0.015062766988275536,1.12,1.12,1.12,1.12
0.4800501554700219,2.099439366108457,26.484018231348742,0.032679611047628065,0.02088880176283861,0.0149372330910027,0.03440242827736567,0.03911119823716144,0.015062766908997313,1.12,1.12,1.12,1.12
0.4805223717269879,2.1001756659554434,26.486866311235488,0.032679561392539136,0.020889150139908552,0.014937233170307485,0.0344024779324546,0.0391108498600915,0.015062766829692528,1.12,1.12,1.12,1.12
0.48099482398467974,2.1009121149523247,26.48971406639532,0.032679511723211874,0.02088949862361203,0.014937233249638845,0.03440252760178186,0.039110501376388024,0.015062766750361167,1.12,1.12,1.12,1.12
0.48146751224744194,2.1016487130854986,26.492561496661747,0.032679462039647944,0.020889847214010437,0.01493723332899674,0.03440257728534579,0.039110152785989616,0.015062766671003272,1.12,1.12,1.12,1.12
0.481940436519618,2.102385460341355,26.49540860186825,0.03267941234184896,0.020890195911165033,0.014937233408381184,0.03440262698314478,0.03910980408883502,0.015062766591618829,1.12,1.12,1.12,1.12
0.4824135968055496,2.1031223567062756,26.49825538184824,0.0326793626298163,0.02089054471513699,0.014937233487792106,0.03440267669517744,0.039109455284863065,0.015062766512207906,1.12,1.12,1.12,1.12
0.48288699310957894,2.1038594021666364,26.50110183643514,0.03267931290355147,0.02089089362598895,0.014937233567229535,0.034402726421442265,0.039109106374011104,0.015062766432770477,1.12,1.12,1.12,1.12
0.48336062543604597,2.1045965967088045,26.50394796546232,0.032679263163055805,0.02089124264378245,0.01493723364669347,0.03440277616193793,0.039108757356217605,0.015062766353306542,1.12,1.12,1.12,1.12
0.4838344937892902,2.105333940319143,26.506793768763103,0.032679213408330354,0.02089159176858152,0.014937233726183871,0.03440282591666338,0.039108408231418534,0.015062766273816142,1.12,1.12,1.12,1.12
0.4843085981736504,2.106071432984004,26.509639246170778,0.03267916363937662,0.020891941000447722,0.014937233805700723,0.03440287568561712,0.03910805899955233,0.01506276619429929,1.12,1.12,1.12,1.12
0.484782938593464,2.1068090746897368,26.512484397518634,0.03267911385619532,0.020892290339446007,0.014937233885244025,0.03440292546879842,0.039107709660554046,0.015062766114755988,1.12,1.12,1.12,1.12
0.4852575150530676,2.1075468654226803,26.515329222639874,0.03267906405878768,0.020892639785639877,0.014937233964813751,0.03440297526620606,0.039107360214360176,0.015062766035186262,1.12,1.12,1.12,1.12
0.48573232755679707,2.108284805169169,26.518173721367713,0.03267901424715425,0.020892989339092838,0.014937234044409914,0.03440302507783949,0.039107010660907215,0.015062765955590099,1.12,1.12,1.12,1.12
0.4862073761089869,2.1090228939155273,26.521017893535287,0.0326789644212962,0.020893338999871308,0.014937234124032486,0.03440307490369754,0.039106661000128745,0.015062765875967526,1.12,1.12,1.12,1.12
0.48668266071397137,2.1097611316480758,26.52386173897574,0.032678914581213914,0.02089368876803921,0.014937234203681482,0.03440312474377982,0.039106311231960844,0.01506276579631853,1.12,1.12,1.12,1.12
0.48715818137608285,2.110499518353125,26.526705257522135,0.03267886472690823,0.02089403864366035,0.01493723428335686,0.034403174598085506,0.0391059613563397,0.015062765716643153,1.12,1.12,1.12,1.12
0.4876339380996537,2.1112380540169817,26.52954844900754,0.032678814858379646,0.02089438862680082,0.014937234363058619,0.03440322446661409,0.039105611373199234,0.015062765636941394,1.12,1.12,1.12,1.12
0.48810993088901483,2.1119767386259416,26.532391313264966,0.032678764975628494,0.02089473871752434,0.014937234442786773,0.03440327434936524,0.03910526128247571,0.01506276555721324,1.12,1.12,1.12,1.12
0.4885861597484965,2.112715572166297,26.5352338501274,0.03267871507865522,0.02089508891589642,0.014937234522541296,0.03440332424633852,0.03910491108410363,0.015062765477458717,1.12,1.12,1.12,1.12
0.4890626246824276,2.113454554624331,26.53807605942778,0.03267866516746015,0.020895439221983614,0.014937234602322158,0.034403374157533584,0.03910456077801644,0.015062765397677855,1.12,1.12,1.12,1.12
0.48953932569513664,2.11419368598632,26.540917940999027,0.032678615242043685,0.020895789635850787,0.014937234682129416,0.03440342408295005,0.03910421036414927,0.015062765317870597,1.12,1.12,1.12,1.12
0.49001626279095056,2.1149329662385337,26.54375949467401,0.03267856530240548,0.020896140157564025,0.014937234761963014,0.034403474022588254,0.03910385984243603,0.015062765238036999,1.12,1.12,1.12,1.12
0.4904934359741964,2.1156723953672354,26.546600720285568,0.03267851534854582,0.02089649078718797,0.014937234841822966,0.034403523976447914,0.03910350921281208,0.015062765158177047,1.12,1.12,1.12,1.12
0.490970845249199,2.1164119733586784,26.549441617666506,0.032678465380464705,0.020896841524788157,0.014937234921709272,0.03440357394452903,0.0391031584752119,0.01506276507829074,1.12,1.12,1.12,1.12
0.4914484906202831,2.1171517001991123,26.5522821866496,0.032678415398162186,0.020897192370433026,0.014937235001670462,0.03440362392683155,0.03910280762956703,0.01506276499832955,1.12,1.12,1.12,1.12
0.49192637209177176,2.1178915758747743,26.55512242706756,0.03267836540163743,0.020897543324190804,0.014937235081748088,0.034403673923356304,0.03910245667580925,0.015062764918251925,1.12,1.12,1.12,1.12
0.49240448966798617,2.1186316003718937,26.557962338753036,0.032678315390889556,0.02089789438613021,0.014937235161940454,0.03440372393410418,0.03910210561386984,0.015062764838059559,1.12,1.12,1.12,1.12
0.492882843353247,2.1193717736766917,26.56080192153869,0.032678265365917614,0.020898245556320666,0.014937235242245842,0.03440377395907612,0.03910175444367939,0.015062764757754171,1.12,1.12,1.12,1.12
0.49336143315187375,2.120112095775383,26.563641175257086,0.03267821532672038,0.02089859683482842,0.014937235322662654,0.03440382399827335,0.03910140316517163,0.015062764677337359,1.12,1.12,1.12,1.12
0.4938402590681852,2.120852566654175,26.566480099740804,0.03267816527329642,0.02089894822172078,0.014937235403189253,0.034403874051697314,0.03910105177827927,0.01506276459681076,1.12,1.12,1.12,1.12
0.4943193211064994,2.1215931862992674,26.569318694822357,0.032678115205644676,0.020899299717066777,0.014937235483824085,0.03440392411934906,0.039100700282933276,0.015062764516175928,1.12,1.12,1.12,1.12
0.4947986192711331,2.122333954696854,26.572156960334233,0.03267806512376381,0.020899651320932244,0.01493723556456554,0.034403974201229925,0.03910034867906781,0.015062764435434473,1.12,1.12,1.12,1.12
0.49527815356640226,2.1230748718331216,26.5749948961089,0.03267801502765233,0.020900003033385794,0.014937235645412175,0.03440402429734141,0.03909999696661426,0.015062764354587838,1.12,1.12,1.12,1.12
0.4957579239966224,2.1238159376942476,26.577832501978754,0.03267796491730862,0.020900354854493708,0.01493723572636245,0.034404074407685115,0.039099645145506345,0.015062764273637563,1.12,1.12,1.12,1.12
0.49623793056610754,2.1245571522664064,26.58066977777619,0.03267791479273158,0.020900706784323292,0.014937235807414934,0.03440412453226216,0.03909929321567676,0.01506276419258508,1.12,1.12,1.12,1.12
0.4967181732791711,2.125298515535762,26.583506723333567,0.03267786465391942,0.020901058822940854,0.014937235888568157,0.03440417467107432,0.0390989411770592,0.015062764111431856,1.12,1.12,1.12,1.12
0.4971986521401253,2.126040027488471,26.586343338483186,0.03267781450087032,0.020901410970412176,0.014937235969820772,0.03440422482412342,0.03909858902958788,0.01506276403017924,1.12,1.12,1.12,1.12
0.497679367153282,2.126781688110687,26.58917962305732,0.03267776433358299,0.020901763226802622,0.014937236051171393,0.034404274991410744,0.03909823677319743,0.01506276394882862,1.12,1.12,1.12,1.12
0.49816031832295127,2.1275234973885513,26.592015576888215,0.03267771415205534,0.02090211559217947,0.014937236132618659,0.0344043251729384,0.03909788440782058,0.015062763867381354,1.12,1.12,1.12,1.12
0.49864150565344306,2.1282654553082017,26.594851199808083,0.03267766395628585,0.020902468066608754,0.014937236214161265,0.034404375368707885,0.0390975319333913,0.015062763785838748,1.12,1.12,1.12,1.12
0.499122929149066,2.1290075618557673,26.5976864916491,0.032677613746272594,0.020902820650155474,0.014937236295797934,0.03440442557872114,0.03909717934984458,0.015062763704202078,1.12,1.12,1.12,1.12
0.49960458881412784,2.129749817017371,26.600521452243395,0.032677563522013675,0.020903173342884995,0.01493723637752739,0.03440447580298006,0.03909682665711506,0.015062763622472622,1.12,1.12,1.12,1.12
0.500086484652935,2.130492220779128,26.603356081423073,0.032677513283507154,0.02090352614486299,0.014937236459348385,0.03440452604148658,0.039096473855137065,0.015062763540651627,1.12,1.12,1.12,1.12
0.500568616669794,2.131234773127146,26.606190379020198,0.03267746303075092,0.020903879056154873,0.014937236541259696,0.03440457629424282,0.03909612094384518,0.015062763458740316,1.12,1.12,1.12,1.12
0.5010509848690093,2.131977474047527,26.609024344866803,0.0326774127637432,0.02090423207682568,0.014937236623260172,0.03440462656125054,0.039095767923174374,0.01506276337673984,1.12,1.12,1.12,1.12
0.5015335892548848,2.1327203235263634,26.61185797879488,0.03267736248248171,0.020904585206940135,0.014937236705348633,0.03440467684251203,0.03909541479305992,0.01506276329465138,1.12,1.12,1.12,1.12
0.5020164298317237,2.1334633215497436,26.6146912806364,0.0326773121869644,0.020904938446564436,0.014937236787523914,0.034404727138029334,0.03909506155343562,0.015062763212476099,1.12,1.12,1.12,1.12
0.5024995066038278,2.1342064681037463,26.61752425022327,0.03267726187718906,0.020905291795763004,0.014937236869784931,0.03440477744780468,0.03909470820423705,0.015062763130215082,1.12,1.12,1.12,1.12
0.5029828195754983,2.1349497631744443,26.620356887387402,0.032677211553153396,0.020905645254598815,0.014937236952130561,0.03440482777184034,0.03909435474540124,0.015062763047869451,1.12,1.12,1.12,1.12
0.503466368751035,2.135693206747903,26.623189191960638,0.032677161214855144,0.020905998823137206,0.014937237034559736,0.03440487811013859,0.03909400117686285,0.015062762965440277,1.12,1.12,1.12,1.12
0.5039501541347372,2.13643679881018,26.6260211637748,0.032677110862292025,0.020906352501444736,0.014937237117071428,0.03440492846270171,0.03909364749855532,0.015062762882928585,1.12,1.12,1.12,1.12
0.5044341757309031,2.137180539347327,26.628852802661676,0.032677060495461596,0.02090670628958302,0.014937237199664583,0.03440497882953214,0.03909329371041703,0.01506276280033543,1.12,1.12,1.12,1.12
0.5049184335438297,2.137924428345387,26.63168410845301,0.03267701011436158,0.020907060187617066,0.0149372372823382,0.034405029210632154,0.03909293981238299,0.015062762717661812,1.12,1.12,1.12,1.12
0.5054029275778131,2.138668465790398,26.634515080980513,0.03267695971898937,0.020907414195610652,0.014937237365091283,0.03440507960600436,0.0390925858043894,0.01506276263490873,1.12,1.12,1.12,1.12
0.5058876578371484,2.1394126516683882,26.63734572007587,0.03267690930934247,0.020907768313629754,0.014937237447922858,0.034405130015651264,0.0390922316863703,0.015062762552077155,1.12,1.12,1.12,1.12
0.5063726243261301,2.14015698596538,26.640176025570717,0.032676858885418436,0.020908122541735324,0.014937237530832023,0.0344051804395753,0.03909187745826473,0.01506276246916799,1.12,1.12,1.12,1.12
0.506857827049051,2.14090146866739,26.643005997296676,0.032676808447214434,0.020908476879993698,0.014937237613817766,0.0344052308777793,0.039091523120006355,0.015062762386182246,1.12,1.12,1.12,1.12
0.5073432660102036,2.141646099760425,26.6458356350853,0.03267675799472797,0.020908831328467575,0.014937237696879227,0.03440528133026577,0.03909116867153248,0.015062762303120786,1.12,1.12,1.12,1.12
0.5078289412138787,2.1423908792304847,26.64866493876814,0.03267670752795632,0.020909185887220016,0.014937237780015503,0.03440533179703742,0.03909081411278004,0.01506276221998451,1.12,1.12,1.12,1.12
0.5083148526643667,2.1431358070635635,26.65149390817669,0.03267665704689682,0.02090954055631636,0.014937237863225691,0.03440538227809692,0.039090459443683695,0.015062762136774321,1.12,1.12,1.12,1.12
0.5088010003659568,2.143880883245648,26.654322543142424,0.03267660655154653,0.020909895335820328,0.014937237946508988,0.03440543277344721,0.039090104664179726,0.015062762053491024,1.12,1.12,1.12,1.12
0.509287384322937,2.144626107762717,26.657150843496762,0.03267655604190289,0.02091025022579221,0.014937238029864519,0.03440548328309084,0.039089749774207844,0.015062761970135494,1.12,1.12,1.12,1.12
0.5097740045395943,2.145371480600743,26.659978809071106,0.032676505517962806,0.020910605226296952,0.014937238113291493,0.03440553380703093,0.0390893947737031,0.01506276188670852,1.12,1.12,1.12,1.12
0.5102608610202153,2.1461170017456896,26.662806439696816,0.032676454979723546,0.02091096033739845,0.01493723819678909,0.03440558434527019,0.039089039662601605,0.015062761803210922,1.12,1.12,1.12,1.12
0.5107479537690847,2.146862671183514,26.665633735205212,0.032676404427182115,0.020911315559160704,0.014937238280356493,0.03440563489781162,0.03908868444083935,0.01506276171964352,1.12,1.12,1.12,1.12
0.5112352827904865,2.147608488900167,26.668460695427594,0.032676353860335294,0.02091167089164528,0.014937238363992966,0.03440568546465844,0.039088329108354775,0.015062761636007047,1.12,1.12,1.12,1.12
0.511722848088704,2.148354454881591,26.671287320195198,0.03267630327918031,0.020912026334913958,0.014937238447697718,0.03440573604581343,0.039087973665086095,0.015062761552302295,1.12,1.12,1.12,1.12
0.5122106496680191,2.1491005691137226,26.674113609339255,0.03267625268371416,0.02091238188903094,0.014937238531469985,0.03440578664127958,0.03908761811096911,0.015062761468530028,1.12,1.12,1.12,1.12
0.512698687532713,2.149846831582489,26.676939562690944,0.032676202073933514,0.020912737554060035,0.0149372386153091,0.03440583725106022,0.03908726244594002,0.015062761384690912,1.12,1.12,1.12,1.12
0.5131869616870651,2.150593242273812,26.679765180081414,0.03267615144983549,0.020913093330063692,0.014937238699214317,0.03440588787515825,0.03908690666993636,0.015062761300785696,1.12,1.12,1.12,1.12
0.5136754721353547,2.1513398011736053,26.682590461341775,0.0326761008114167,0.020913449217103253,0.014937238783184953,0.03440593851357704,0.0390865507828968,0.01506276121681506,1.12,1.12,1.12,1.12
0.5141642188818597,2.1520865082677747,26.6854154063031,0.032676050158673975,0.020913805215243247,0.014937238867220287,0.03440598916631976,0.039086194784756806,0.015062761132779726,1.12,1.12,1.12,1.12
0.5146532019308568,2.1528333635422214,26.688240014796435,0.03267599949160416,0.020914161324544905,0.014937238951319723,0.03440603983338958,0.03908583867545515,0.01506276104868029,1.12,1.12,1.12,1.12
0.5151424212866219,2.153580366982836,26.691064286652775,0.032675948810203914,0.020914517545071037,0.014937239035482552,0.03440609051478982,0.039085482454929016,0.01506276096451746,1.12,1.12,1.12,1.12
0.5156318769534297,2.1543275185755038,26.693888221703105,0.032675898114469804,0.0209148738768849,0.014937239119708123,0.03440614121052393,0.039085126123115155,0.01506276088029189,1.12,1.12,1.12,1.12
0.5161215689355537,2.155074818306101,26.696711819778347,0.032675847404398606,0.020915230320048633,0.014937239203995825,0.03440619192059513,0.03908476967995142,0.015062760796004188,1.12,1.12,1.12,1.12
0.5166114972372666,2.1558222661604995,26.699535080709403,0.03267579667998671,0.020915586874623693,0.014937239288345047,0.034406242645007024,0.03908441312537636,0.015062760711654966,1.12,1.12,1.12,1.12
0.5171016618628401,2.1565698621245626,26.702358004327138,0.032675745941231016,0.020915943540672027,0.014937239372755179,0.03440629338376272,0.039084056459328026,0.015062760627244834,1.12,1.12,1.12,1.12
0.5175920628165444,2.1573176061841433,26.705180590462376,0.03267569518812796,0.020916300318257947,0.014937239457225596,0.034406344136865774,0.03908369968174211,0.015062760542774417,1.12,1.12,1.12,1.12
0.5180827001026492,2.158065498325091,26.708002838945916,0.03267564442067383,0.020916657207443845,0.014937239541755756,0.034406394904319904,0.03908334279255621,0.015062760458244256,1.12,1.12,1.12,1.12
0.5185735737254228,2.158813538533247,26.710824749608502,0.03267559363886513,0.02091701420828901,0.014937239626345064,0.034406445686128606,0.039082985791711045,0.015062760373654949,1.12,1.12,1.12,1.12
0.5190646836891325,2.1595617267944456,26.71364632228086,0.0326755428426983,0.02091737132085822,0.014937239710993033,0.034406496482295434,0.039082628679141834,0.01506276028900698,1.12,1.12,1.12,1.12
0.5195560299980447,2.1603100630945113,26.716467556793674,0.03267549203216996,0.020917728545211317,0.014937239795699025,0.034406547292823775,0.039082271454788736,0.015062760204300987,1.12,1.12,1.12,1.12
0.5200476126564244,2.1610585474192647,26.719288452977604,0.032675441207276223,0.020918085881411808,0.014937239880462555,0.03440659811771751,0.039081914118588246,0.015062760119537458,1.12,1.12,1.12,1.12
0.5205394316685357,2.1618071797545166,26.722109010663242,0.03267539036801348,0.020918443329520475,0.014937239965283122,0.03440664895698026,0.03908155667047958,0.01506276003471689,1.12,1.12,1.12,1.12
0.5210314870386415,2.1625559600860718,26.724929229681187,0.03267533951437801,0.020918800889599576,0.014937240050160172,0.034406699810615726,0.03908119911040048,0.01506275994983984,1.12,1.12,1.12,1.12
0.5215237787710039,2.163304888399727,26.727749109861964,0.03267528864636604,0.020919158561710505,0.014937240135093205,0.034406750678627696,0.03908084143828955,0.015062759864906808,1.12,1.12,1.12,1.12
0.5220163068698837,2.1640539646812704,26.730568651036094,0.03267523776397391,0.0209195163459166,0.014937240220081721,0.03440680156101983,0.03908048365408345,0.015062759779918292,1.12,1.12,1.12,1.12
0.5225090713395403,2.164803188916487,26.73338785303404,0.03267518686719778,0.020919874242277897,0.014937240305125263,0.034406852457795956,0.039080125757722156,0.01506275969487475,1.12,1.12,1.12,1.12
0.5230020721842329,2.16555256109115,26.73620671568623,0.032675135956033774,0.02092023225085554,0.014937240390223386,0.03440690336895996,0.03907976774914451,0.015062759609776627,1.12,1.12,1.12,1.12
0.5234953094082189,2.166302081191026,26.739025238823075,0.03267508503047789,0.0209205903717129,0.01493724047537559,0.034406954294515846,0.039079409628287154,0.015062759524624422,1.12,1.12,1.12,1.12
0.5239887830157545,2.167051749201877,26.74184342227494,0.03267503409052652,0.020920948604909784,0.014937240560581391,0.034407005234467214,0.03907905139509027,0.015062759439418621,1.12,1.12,1.12,1.12
0.5244824930110953,2.1678015651094547,26.74466126587215,0.03267498313617545,0.02092130695050992,0.014937240645840427,0.034407056188818286,0.03907869304949013,0.015062759354159586,1.12,1.12,1.12,1.12
0.5249764393984956,2.168551528899505,26.747478769444992,0.032674932167420956,0.020921665408573015,0.014937240731152213,0.03440710715757278,0.03907833459142704,0.0150627592688478,1.12,1.12,1.12,1.12
0.5254706221822083,2.1693016405577654,26.750295932823725,0.03267488118425882,0.020922023979160154,0.014937240816516317,0.03440715814073492,0.0390779760208399,0.015062759183483695,1.12,1.12,1.12,1.12
0.5259650413664857,2.1700519000699674,26.753112755838576,0.03267483018668521,0.020922382662334482,0.014937240901932325,0.034407209138308525,0.03907761733766557,0.015062759098067688,1.12,1.12,1.12,1.12
0.5264596969555786,2.170802307421833,26.75592923831972,0.03267477917469608,0.020922741458155425,0.014937240987399833,0.03440726015029766,0.03907725854184463,0.01506275901260018,1.12,1.12,1.12,1.12
0.5269545889537371,2.1715528625990794,26.758745380097313,0.03267472814828715,0.020923100366685876,0.014937241072918495,0.03440731117670659,0.03907689963331418,0.015062758927081518,1.12,1.12,1.12,1.12
0.5274497173652097,2.1723035655874137,26.76156118100147,0.032674677107454475,0.020923459387986093,0.014937241158487852,0.03440736221753926,0.03907654061201396,0.015062758841512161,1.12,1.12,1.12,1.12
0.5279450821942441,2.1730544163725374,26.76437664086226,0.0326746260521939,0.02092381852211686,0.01493724124410753,0.034407413272799836,0.03907618147788319,0.015062758755892483,1.12,1.12,1.12,1.12
0.5284406834450865,2.173805414940144,26.76719175950973,0.0326745749825012,0.02092417776913974,0.014937241329777168,0.03440746434249253,0.03907582223086031,0.015062758670222845,1.12,1.12,1.12,1.12
0.528936521121983,2.1745565612759203,26.770006536773888,0.03267452389837239,0.020924537129116738,0.014937241415496419,0.03440751542662135,0.039075462870883315,0.015062758584503594,1.12,1.12,1.12,1.12
0.5294325952291771,2.175307855365545,26.772820972484702,0.032674472799802956,0.020924896602107834,0.014937241501264908,0.03440756652519078,0.03907510339789222,0.015062758498735104,1.12,1.12,1.12,1.12
0.529928905770912,2.1760592971946884,26.77563506647211,0.03267442168678897,0.02092525618817337,0.014937241587082262,0.03440761763820477,0.039074743811826684,0.015062758412917751,1.12,1.12,1.12,1.12
0.5304254527514302,2.1768108867490152,26.778448818565998,0.032674370559325816,0.02092561588737646,0.01493724167294816,0.03440766876566792,0.039074384112623595,0.015062758327051853,1.12,1.12,1.12,1.12
0.530922236174972,2.177562624014182,26.78126222859624,0.03267431941740939,0.020925975699775445,0.014937241758862269,0.034407719907584344,0.03907402430022461,0.015062758241137744,1.12,1.12,1.12,1.12
0.5314192560457774,2.1783145089758373,26.784075296392658,0.03267426826103531,0.02092633562543314,0.014937241844824228,0.034407771063958426,0.03907366437456691,0.015062758155175784,1.12,1.12,1.12,1.12
0.5319165123680851,2.1790665416196227,26.78688802178505,0.0326742170901993,0.02092669566441102,0.014937241930833775,0.03440782223479444,0.03907330433558903,0.015062758069166238,1.12,1.12,1.12,1.12
0.5324140051461324,2.179818721931173,26.789700404603167,0.03267416590489686,0.02092705581676882,0.014937242016890548,0.03440787342009688,0.039072944183231234,0.015062757983109465,1.12,1.12,1.12,1.12
0.5329117343841555,2.180571049896114,26.792512444676717,0.03267411470512377,0.020927416082567596,0.014937242102994241,0.03440792461986997,0.03907258391743246,0.015062757897005771,1.12,1.12,1.12,1.12
0.5334097000863898,2.1813235255000656,26.7953241418354,0.03267406349087526,0.020927776461868552,0.01493724218914455,0.034407975834118476,0.0390722235381315,0.015062757810855462,1.12,1.12,1.12,1.12
0.5339079022570691,2.1820761487286395,26.79813549590886,0.03267401226214728,0.020928136954731613,0.014937242275341184,0.03440802706284646,0.03907186304526844,0.015062757724658829,1.12,1.12,1.12,1.12
0.5344063409004265,2.1828289195674384,26.800946506726692,0.03267396101893505,0.02092849756121895,0.014937242361583822,0.03440807830605869,0.0390715024387811,0.015062757638416191,1.12,1.12,1.12,1.12
0.5349050160206934,2.1835818380020617,26.8037571741185,0.032673909761234354,0.020928858281388907,0.014937242447872215,0.03440812956375938,0.039071141718611146,0.015062757552127798,1.12,1.12,1.12,1.12
0.5354039276221008,2.184334904018097,26.80656749791379,0.03267385848904031,0.020929219115304043,0.014937242534206085,0.03440818083595343,0.03907078088469601,0.015062757465793927,1.12,1.12,1.12,1.12
0.5359030757088777,2.185088117601126,26.809377477942085,0.03267380720234858,0.020929580063024145,0.014937242620585114,0.034408232122645155,0.03907041993697591,0.015062757379414898,1.12,1.12,1.12,1.12
0.5364024602852525,2.185841478736724,26.812187114032852,0.03267375590115451,0.020929941124609774,0.01493724270700908,0.034408283423839225,0.03907005887539028,0.015062757292990933,1.12,1.12,1.12,1.12
0.5369020813554525,2.1865949874104573,26.814996406015513,0.032673704585453656,0.020930302300122633,0.014937242793477662,0.03440833473954008,0.03906969769987742,0.01506275720652235,1.12,1.12,1.12,1.12
0.5374019389237031,2.187348643607885,26.81780535371948,0.0326736532552413,0.02093066358962123,0.014937242879990709,0.03440838606975244,0.039069336410378824,0.015062757120009304,1.12,1.12,1.12,1.12
0.5379020329942299,2.1881024473145594,26.820613956974096,0.03267360191051255,0.02093102499316718,0.014937242966547915,0.034408437414481186,0.03906897500683287,0.015062757033452098,1.12,1.12,1.12,1.12
0.5384023635712557,2.1888563985160245,26.82342221560869,0.03267355055126314,0.02093138651082105,0.014937243053149016,0.034408488773730594,0.039068613489179005,0.015062756946850997,1.12,1.12,1.12,1.12
0.5389029306590033,2.1896104971978176,26.826230129452547,0.03267349917748824,0.020931748142644035,0.014937243139793763,0.034408540147505495,0.03906825185735602,0.01506275686020625,1.12,1.12,1.12,1.12
0.5394037342616941,2.190364743345467,26.82903769833492,0.03267344778918296,0.020932109888696288,0.014937243226481975,0.03440859153581077,0.039067890111303766,0.015062756773518038,1.12,1.12,1.12,1.12
0.5399047743835477,2.191119136944496,26.83184492208503,0.03267339638634276,0.02093247174903673,0.01493724331321336,0.03440864293865098,0.039067528250963324,0.015062756686786652,1.12,1.12,1.12,1.12
0.5404060510287833,2.1918736779804173,26.834651800532047,0.03267334496896279,0.02093283372372612,0.014937243399987726,0.034408694356030944,0.039067166276273935,0.015062756600012286,1.12,1.12,1.12,1.12
0.5409075642016186,2.1926283664387376,26.83745833350512,0.03267329353703846,0.02093319581282671,0.01493724348680485,0.034408745787955275,0.03906680418717334,0.015062756513195164,1.12,1.12,1.12,1.12
0.5414093139062702,2.193383202304958,26.840264520833347,0.0326732420905646,0.020933558016397236,0.014937243573664535,0.034408797234429134,0.03906644198360282,0.015062756426335477,1.12,1.12,1.12,1.12
0.5419113001469533,2.1941381855645683,26.843070362345806,0.03267319062953655,0.020933920334497924,0.014937243660566507,0.034408848695457184,0.03906607966550213,0.015062756339433506,1.12,1.12,1.12,1.12
0.5424135229278824,2.1948933162030526,26.845875857871537,0.03267313915394976,0.020934282767189505,0.01493724374751064,0.03440890017104398,0.03906571723281055,0.015062756252489373,1.12,1.12,1.12,1.12
0.54291598225327,2.1956485942058888,26.848681007239534,0.032673087663799005,0.020934645314531236,0.014937243834496697,0.03440895166119473,0.03906535468546882,0.015062756165503316,1.12,1.12,1.12,1.12
0.5434186781273282,2.196404019558544,26.851485810278753,0.032673036159079405,0.020935007976586206,0.014937243921524457,0.03440900316591433,0.03906499202341385,0.015062756078475556,1.12,1.12,1.12,1.12
0.5439216105542675,2.1971595922464817,26.85429026681812,0.03267298463978624,0.020935370753411064,0.014937244008593753,0.034409054685207496,0.03906462924658899,0.01506275599140626,1.12,1.12,1.12,1.12
0.5444247795382974,2.197915312255153,26.85709437668654,0.032672933105914514,0.020935733645067123,0.014937244095704377,0.03440910621907922,0.03906426635493293,0.015062755904295635,1.12,1.12,1.12,1.12
0.5449281850836258,2.198671179570007,26.85989813971285,0.03267288155745923,0.02093609665161661,0.014937244182856135,0.034409157767534504,0.039063903348383444,0.015062755817143877,1.12,1.12,1.12,1.12
0.5454318271944602,2.1994271941764807,26.862701555725874,0.03267282999441551,0.020936459773117366,0.014937244270048902,0.03440920933057823,0.03906354022688269,0.01506275572995111,1.12,1.12,1.12,1.12
0.545935705875006,2.2001833560600055,26.8655046245544,0.032672778416778236,0.0209368230096294,0.014937244357282442,0.0344092609082155,0.03906317699037065,0.01506275564271757,1.12,1.12,1.12,1.12
0.5464398211294678,2.2009396652060054,26.868307346027166,0.032672726824542586,0.020937186361214444,0.014937244444556574,0.03440931250045115,0.03906281363878561,0.015062755555443438,1.12,1.12,1.12,1.12
0.546944172962049,2.201696121599896,26.871109719972885,0.03267267521770345,0.020937549827931945,0.014937244531871202,0.034409364107290286,0.03906245017206811,0.01506275546812881,1.12,1.12,1.12,1.12
0.547448761376952,2.202452725227085,26.87391174622023,0.03267262359625578,0.02093791340984208,0.014937244619226075,0.03440941572873796,0.039062086590157974,0.015062755380773937,1.12,1.12,1.12,1.12
0.5479535863783774,2.203209476072975,26.87671342459783,0.03267257196019435,0.020938277107003578,0.014937244706621111,0.034409467364799384,0.039061722892996475,0.015062755293378902,1.12,1.12,1.12,1.12
0.5484586479705253,2.203966374122957,26.87951475493429,0.0326725203095144,0.020938640919478196,0.014937244794056087,0.03440951901547934,0.03906135908052186,0.015062755205943926,1.12,1.12,1.12,1.12
0.5489639461575943,2.2047234193624177,26.882315737058185,0.03267246864421064,0.020939004847324694,0.014937244881530878,0.0344095706807831,0.03906099515267536,0.015062755118469134,1.12,1.12,1.12,1.12
0.5494694809437812,2.2054806117767334,26.885116370798023,0.03267241696427792,0.020939368890604326,0.014937244969045305,0.03440962236071582,0.03906063110939573,0.015062755030954708,1.12,1.12,1.12,1.12
0.5499752523332825,2.2062379513512766,26.887916655982306,0.032672365269711234,0.02093973304937713,0.014937245056599241,0.0344096740552825,0.039060266950622924,0.015062754943400772,1.12,1.12,1.12,1.12
0.5504812603302928,2.2069954380714094,26.890716592439492,0.03267231356050532,0.020940097323702556,0.014937245144192535,0.03440972576448842,0.0390599026762975,0.015062754855807478,1.12,1.12,1.12,1.12
0.5509875049390061,2.2077530719224856,26.893516179998,0.03267226183665506,0.020940461713641,0.01493724523182502,0.03440977748833868,0.03905953828635905,0.015062754768174993,1.12,1.12,1.12,1.12
0.5514939861636142,2.2085108528898547,26.89631541848621,0.03267221009815541,0.020940826219251973,0.014937245319496584,0.03440982922683833,0.03905917378074808,0.015062754680503429,1.12,1.12,1.12,1.12
0.5520007040083089,2.2092687809588543,26.899114307732468,0.03267215834500076,0.020941190840594925,0.014937245407207103,0.03440988097999298,0.03905880915940513,0.01506275459279291,1.12,1.12,1.12,1.12
0.5525076584772799,2.210026856114817,26.90191284756508,0.03267210657718639,0.020941555577730336,0.014937245494956397,0.03440993274780735,0.03905844442226972,0.015062754505043616,1.12,1.12,1.12,1.12
0.5530148495747158,2.210785078343068,26.90471103781233,0.03267205479470675,0.02094192043071838,0.014937245582744396,0.034409984530286986,0.03905807956928167,0.015062754417255617,1.12,1.12,1.12,1.12
0.5535222773048043,2.211543447628924,26.90750887830245,0.032672002997556626,0.020942285399619065,0.014937245670570948,0.03441003632743711,0.03905771460038099,0.015062754329429065,1.12,1.12,1.12,1.12
0.5540299416717316,2.2123019639576937,26.910306368863637,0.032671951185730796,0.020942650484490427,0.014937245758435927,0.03441008813926294,0.039057349515509626,0.015062754241564086,1.12,1.12,1.12,1.12
0.5545378426796826,2.213060627314679,26.913103509324063,0.03267189935922393,0.020943015685394806,0.014937245846339181,0.034410139965769804,0.03905698431460525,0.015062754153660832,1.12,1.12,1.12,1.12
0.555045980332841,2.213819437685173,26.915900299511854,0.032671847518030706,0.020943381002390515,0.014937245934280627,0.03441019180696303,0.03905661899760954,0.015062754065719386,1.12,1.12,1.12,1.12
0.5555543546353893,2.214578395054462,26.91869673925509,0.03267179566214601,0.020943746435537564,0.014937246022260112,0.03441024366284773,0.03905625356446249,0.015062753977739901,1.12,1.12,1.12,1.12
0.5560629655915089,2.215337499407825,26.921492828381847,0.03267174379156412,0.02094411198489715,0.01493724611027758,0.03441029553342961,0.0390558880151029,0.015062753889722433,1.12,1.12,1.12,1.12
0.5565718132053797,2.2160967507305336,26.924288566720133,0.032671691906280165,0.020944477650529952,0.014937246198332893,0.03441034741871357,0.0390555223494701,0.01506275380166712,1.12,1.12,1.12,1.12
0.5570808974811807,2.2168561490078496,26.92708395409793,0.03267164000628836,0.020944843432493893,0.014937246286425926,0.034410399318705376,0.03905515656750616,0.015062753713574087,1.12,1.12,1.12,1.12
0.5575902184230891,2.217615694225029,26.92987899034319,0.03267158809158355,0.020945209330847953,0.014937246374556581,0.03441045123341019,0.0390547906691521,0.015062753625443431,1.12,1.12,1.12,1.12
0.5580997760352812,2.218375386367318,26.932673675283816,0.032671536162160175,0.020945575345652057,0.014937246462724735,0.03441050316283356,0.039054424654348,0.015062753537275278,1.12,1.12,1.12,1.12
0.558609570321932,2.219135225419959,26.93546800874769,0.032671484218012914,0.020945941476967794,0.01493724655093033,0.03441055510698082,0.03905405852303226,0.015062753449069682,1.12,1.12,1.12,1.12
0.5591196012872154,2.2198952113681827,26.938261990562637,0.032671432259136546,0.020946307724852814,0.014937246639173243,0.03441060706585719,0.03905369227514724,0.01506275336082677,1.12,1.12,1.12,1.12
0.5596298689353033,2.220655344197214,26.941055620556465,0.03267138028552519,0.020946674089371176,0.014937246727453363,0.03441065903946855,0.03905332591062888,0.01506275327254665,1.12,1.12,1.12,1.12
0.5601403732703675,2.2214156238922707,26.943848898556933,0.03267132829717373,0.020947040570577752,0.014937246815770633,0.03441071102782001,0.0390529594294223,0.01506275318422938,1.12,1.12,1.12,1.12
0.5606511142965779,2.2221760504385606,26.946641824391776,0.03267127629407657,0.02094740716853488,0.014937246904124929,0.03441076303091717,0.03905259283146517,0.015062753095875084,1.12,1.12,1.12,1.12
0.5611620920181026,2.2229366238212864,26.949434397888677,0.03267122427622843,0.020947773883301907,0.014937246992516168,0.03441081504876531,0.03905222611669815,0.015062753007483845,1.12,1.12,1.12,1.12
0.5616733064391094,2.2236973440256405,26.95222661887529,0.03267117224362337,0.020948140714939084,0.014937247080944252,0.03441086708137037,0.03905185928506097,0.01506275291905576,1.12,1.12,1.12,1.12
0.5621847575637644,2.224458211036809,26.955018487179245,0.03267112019625634,0.020948507663505228,0.014937247169409112,0.034410919128737394,0.039051492336494825,0.0150627528305909,1.12,1.12,1.12,1.12
0.5626964453962325,2.2252192248399716,26.9578100026281,0.03267106813412152,0.020948874729060596,0.014937247257910707,0.03441097119087222,0.03905112527093946,0.015062752742089305,1.12,1.12,1.12,1.12
0.563208369940677,2.2259803854202977,26.96060116504943,0.03267101605721334,0.02094924191166464,0.01493724734644887,0.034411023267780394,0.03905075808833541,0.015062752653551142,1.12,1.12,1.12,1.12
0.5637205312012604,2.2267416927629498,26.963391974270714,0.03267096396552638,0.020949609211379033,0.014937247435023532,0.03441107535946736,0.03905039078862102,0.015062752564976481,1.12,1.12,1.12,1.12
0.5642329291821419,2.227503146853083,26.96618243011945,0.03267091185905602,0.020949976628261674,0.014937247523634525,0.03441112746593772,0.03905002337173838,0.015062752476365487,1.12,1.12,1.12,1.12
0.5647455638874795,2.228264747675844,26.968972532423063,0.032670859737797764,0.020950344162376427,0.014937247612281643,0.03441117958719597,0.039049655837623626,0.01506275238771837,1.12,1.12,1.12,1.12
0.5652584353214316,2.2290264952163734,26.971762281008964,0.0326708076017459,0.020950711813779666,0.014937247700964718,0.03441123172324784,0.03904928818622039,0.015062752299035295,1.12,1.12,1.12,1.12
0.5657715434881554,2.2297883894598,26.974551675704507,0.03267075545089487,0.020951079582533283,0.014937247789683764,0.034411283874098864,0.03904892041746677,0.01506275221031625,1.12,1.12,1.12,1.12
0.5662848883918067,2.2305504303912507,26.977340716337025,0.03267070328523891,0.020951447468697426,0.014937247878438684,0.034411336039754825,0.03904855253130263,0.01506275212156133,1.12,1.12,1.12,1.12
0.5667984700365402,2.23131261799584,26.9801294027338,0.032670651104772463,0.020951815472331353,0.014937247967229436,0.03441138822022127,0.0390481845276687,0.015062752032770577,1.12,1.12,1.12,1.12
0.5673122884265092,2.2320749522586767,26.982917734722083,0.032670598909489756,0.02095218359349335,0.014937248056055952,0.03441144041550398,0.0390478164065067,0.015062751943944061,1.12,1.12,1.12,1.12
0.5678263435658655,2.2328374331648613,26.985705712129086,0.032670546699385405,0.02095255183224337,0.014937248144918161,0.03441149262560833,0.03904744816775668,0.015062751855081852,1.12,1.12,1.12,1.12
0.56834063545876,2.2336000606994872,26.988493334781992,0.03267049447445319,0.02095292018864467,0.014937248233816036,0.03441154485054054,0.039047079811355384,0.015062751766183977,1.12,1.12,1.12,1.12
0.568855164109342,2.2343628348476385,26.99128060250794,0.032670442234687846,0.02095328866275442,0.014937248322749508,0.03441159709030589,0.03904671133724563,0.015062751677250505,1.12,1.12,1.12,1.12
0.5693699295217596,2.2351257555943933,26.99406751513404,0.03267038998008348,0.020953657254632496,0.014937248411718507,0.034411649344910256,0.03904634274536756,0.015062751588281506,1.12,1.12,1.12,1.12
0.5698849317001596,2.23588882292482,26.99685407248735,0.03267033771063432,0.020954025964338097,0.014937248500722977,0.03441170161435941,0.03904597403566196,0.015062751499277036,1.12,1.12,1.12,1.12
0.5704001706486872,2.2366520368239806,26.99964027439491,0.03267028542633482,0.02095439479193162,0.014937248589762836,0.034411753898658914,0.039045605208068435,0.015062751410237177,1.12,1.12,1.12,1.12
0.570915646371487,2.2374153972769295,27.00242612068371,0.03267023312717898,0.020954763737472404,0.014937248678838083,0.034411806197814754,0.03904523626252765,0.01506275132116193,1.12,1.12,1.12,1.12
0.5714313588727016,2.238178904268712,27.005211611180705,0.032670180813161254,0.02095513280101921,0.014937248767948635,0.03441185851183248,0.03904486719898084,0.015062751232051377,1.12,1.12,1.12,1.12
0.5719473081564724,2.2389425577843656,27.00799674571283,0.03267012848427564,0.020955501982633518,0.014937248857094479,0.034411910840718096,0.039044498017366536,0.015062751142905534,1.12,1.12,1.12,1.12
0.5724634942269399,2.2397063578089216,27.010781524106946,0.03267007614051648,0.020955871282373473,0.01493724894627553,0.03441196318447726,0.03904412871762658,0.015062751053724482,1.12,1.12,1.12,1.12
0.5729799170882427,2.2404703043274026,27.013565946189914,0.03267002378187789,0.02095624070030233,0.01493724903549179,0.03441201554311585,0.03904375929969772,0.015062750964508223,1.12,1.12,1.12,1.12
0.5734965767445185,2.2412343973248228,27.016350011788553,0.03266997140835409,0.020956610236475992,0.014937249124743132,0.034412067916639644,0.03904338976352406,0.01506275087525688,1.12,1.12,1.12,1.12
0.5740134731999037,2.2419986367861884,27.01913372072962,0.03266991901993932,0.020956979890956073,0.014937249214029613,0.03441212030505442,0.03904302010904398,0.0150627507859704,1.12,1.12,1.12,1.12
0.5745306064585329,2.2427630226964985,27.02191707283985,0.032669866616627685,0.020957349663801916,0.014937249303351108,0.03441217270836605,0.03904265033619814,0.015062750696648905,1.12,1.12,1.12,1.12
0.57504797652454,2.2435275550407447,27.024700067945965,0.03266981419841347,0.020957719555075027,0.014937249392707658,0.034412225126580265,0.039042280444925026,0.015062750607292355,1.12,1.12,1.12,1.12
0.5755655834020569,2.2442922338039106,27.027482705874604,0.032669761765290684,0.020958089564833055,0.014937249482099124,0.03441227755970305,0.039041910435167,0.015062750517900889,1.12,1.12,1.12,1.12
0.5760834270952148,2.245057058970971,27.030264986452416,0.03266970931725338,0.020958459693136977,0.014937249571525507,0.034412330007740355,0.039041540306863076,0.015062750428474506,1.12,1.12,1.12,1.12
0.5766015076081431,2.245822030526892,27.03304690950597,0.03266965685429579,0.02095882994004561,0.014937249660986779,0.034412382470697944,0.039041170059954444,0.015062750339013234,1.12,1.12,1.12,1.12
0.5771198249449706,2.246587148456635,27.03582847486182,0.0326696043764122,0.02095920030561843,0.01493724975048294,0.03441243494858154,0.03904079969438162,0.015062750249517073,1.12,1.12,1.12,1.12
0.5776383791098235,2.2473524127451507,27.038609682346493,0.03266955188359627,0.020959570789917004,0.014937249840013878,0.034412487441397466,0.03904042921008305,0.015062750159986135,1.12,1.12,1.12,1.12
0.5781571701068277,2.248117823377384,27.041390531786462,0.032669499375842515,0.020959941392997866,0.014937249929579607,0.03441253994915122,0.03904005860700219,0.015062750070420405,1.12,1.12,1.12,1.12
0.5786761979401075,2.24888338033827,27.044171023008168,0.03266944685314482,0.020960312114926827,0.014937250019180115,0.03441259247184891,0.039039687885073227,0.015062749980819898,1.12,1.12,1.12,1.12
0.5791954626137857,2.249649083612737,27.046951155838016,0.03266939431549731,0.0209606829557602,0.014937250108815303,0.03441264500949642,0.03903931704423985,0.01506274989118471,1.12,1.12,1.12,1.12
0.579714964131984,2.2504149331857044,27.04973093010237,0.03266934176289393,0.020961053915555666,0.014937250198485158,0.0344126975620998,0.03903894608444439,0.015062749801514855,1.12,1.12,1.12,1.12
0.5802347024988221,2.2511809290420857,27.052510345627574,0.032669289195328965,0.020961424994375172,0.01493725028818968,0.03441275012966477,0.03903857500562488,0.015062749711810333,1.12,1.12,1.12,1.12
0.5807546777184194,2.251947071166784,27.055289402239907,0.03266923661279636,0.020961796192278753,0.014937250377928785,0.03441280271219738,0.0390382038077213,0.015062749622071228,1.12,1.12,1.12,1.12
0.5812748897948931,2.2527133595446966,27.05806809976563,0.032669184015289954,0.020962167509324614,0.014937250467702445,0.03441285530970378,0.03903783249067544,0.015062749532297567,1.12,1.12,1.12,1.12
0.5817953387323594,2.253479794160711,27.060846438030964,0.03266913140280392,0.02096253894557465,0.014937250557510717,0.03441290792218982,0.039037461054425404,0.015062749442489295,1.12,1.12,1.12,1.12
0.5823160245349331,2.254246374999709,27.06362441686209,0.03266907877533248,0.02096291050108845,0.01493725064735349,0.03441296054966125,0.039037089498911604,0.015062749352646523,1.12,1.12,1.12,1.12
0.5828369472067276,2.2550131020465622,27.066402036085154,0.032669026132869206,0.020963282175926468,0.01493725073723079,0.03441301319212453,0.039036717824073586,0.015062749262769223,1.12,1.12,1.12,1.12
0.5833581067518551,2.2557799752861363,27.069179295526276,0.032668973475408425,0.02096365397014835,0.014937250827142562,0.03441306584958531,0.039036346029851704,0.01506274917285745,1.12,1.12,1.12,1.12
0.5838795031744259,2.256546994703287,27.071956195011506,0.03266892080294398,0.02096402588381291,0.014937250917088779,0.03441311852204976,0.039035974116187144,0.015062749082911234,1.12,1.12,1.12,1.12
0.5844011364785499,2.257314160282863,27.074732734366897,0.03266886811546987,0.020964397916981514,0.014937251007069455,0.03441317120952386,0.03903560208301854,0.015062748992930558,1.12,1.12,1.12,1.12
0.5849230066683344,2.258081472009706,27.07750891341843,0.03266881541298011,0.02096477006971373,0.014937251097084464,0.034413223912013624,0.039035229930286325,0.015062748902915549,1.12,1.12,1.12,1.12
0.5854451137478865,2.2588489298686496,27.08028473199208,0.032668762695468645,0.020965142342069032,0.014937251187133876,0.03441327662952509,0.03903485765793102,0.015062748812866136,1.12,1.12,1.12,1.12
0.5859674577213112,2.2596165338445164,27.08306018991376,0.03266870996292942,0.020965514734107682,0.014937251277217636,0.034413329362064315,0.03903448526589237,0.015062748722782376,1.12,1.12,1.12,1.12
0.5864900385927125,2.260384283922126,27.085835287009367,0.03266865721535628,0.020965887245889242,0.014937251367335758,0.03441338210963746,0.03903411275411081,0.015062748632664255,1.12,1.12,1.12,1.12
0.5870128563661928,2.2611521800862855,27.08861002310475,0.03266860445274328,0.02096625987747286,0.014937251457488171,0.03441343487225046,0.039033740122527194,0.015062748542511842,1.12,1.12,1.12,1.12
0.5875359110458531,2.261920222321797,27.091384398025703,0.03266855167508431,0.020966632628921067,0.014937251547674904,0.034413487649909424,0.039033367371078986,0.015062748452325109,1.12,1.12,1.12,1.12
0.5880592026357933,2.262688410613453,27.094158411598013,0.032668498882373276,0.0209670055002924,0.014937251637895888,0.03441354044262046,0.03903299449970765,0.015062748362104125,1.12,1.12,1.12,1.12
0.5885827311401116,2.2634567449460383,27.096932063647415,0.03266844607460412,0.020967378491646482,0.014937251728151121,0.03441359325038962,0.03903262150835357,0.015062748271848891,1.12,1.12,1.12,1.12
0.5891064965629049,2.264225225304332,27.09970535399962,0.03266839325177062,0.020967751603045454,0.014937251818440592,0.034413646073223114,0.0390322483969546,0.015062748181559421,1.12,1.12,1.12,1.12
0.589630498908269,2.2649938516731,27.10247828248027,0.03266834041386674,0.020968124834548962,0.014937251908764299,0.034413698911127,0.03903187516545109,0.015062748091235714,1.12,1.12,1.12,1.12
0.590154738180298,2.2657626240371056,27.105250848915013,0.032668287560886466,0.020968498186214796,0.0149372519991222,0.03441375176410727,0.03903150181378526,0.015062748000877813,1.12,1.12,1.12,1.12
0.5906792143830845,2.266531542381101,27.108023053129426,0.03266823469282343,0.02096887165810457,0.014937252089514297,0.03441380463217031,0.03903112834189548,0.015062747910485716,1.12,1.12,1.12,1.12
0.5912039275207202,2.267300606689833,27.110794894949052,0.03266818180967174,0.020969245250280044,0.014937252179940588,0.034413857515322,0.03903075474972001,0.015062747820059424,1.12,1.12,1.12,1.12
0.5917288775972948,2.2680698169480364,27.113566374199426,0.032668128911425176,0.020969618962797754,0.014937252270401019,0.03441391041356856,0.0390303810372023,0.015062747729598994,1.12,1.12,1.12,1.12
0.592254064616897,2.2688391731404414,27.116337490706005,0.032668075998077584,0.02096999279572001,0.014937252360895575,0.03441396332691615,0.03903000720428004,0.015062747639104437,1.12,1.12,1.12,1.12
0.5927794885836141,2.2696086752517686,27.119108244294235,0.032668023069622576,0.020970366749108516,0.014937252451424271,0.03441401625537116,0.03902963325089154,0.015062747548575742,1.12,1.12,1.12,1.12
0.5933051495015318,2.270378323266731,27.121878634789528,0.032667970126054435,0.020970740823019918,0.014937252541987078,0.0344140691989393,0.039029259176980136,0.015062747458012934,1.12,1.12,1.12,1.12
0.5938310473747347,2.271148117170035,27.12464866201724,0.03266791716736667,0.020971115017515307,0.014937252632583997,0.03441412215762707,0.039028884982484746,0.015062747367416016,1.12,1.12,1.12,1.12
0.5943571822073056,2.271918056946376,27.12741832580269,0.032667864193553164,0.020971489332657356,0.014937252723215,0.03441417513144057,0.0390285106673427,0.015062747276785013,1.12,1.12,1.12,1.12
0.594883554003326,2.2726881425804426,27.13018762597119,0.032667811204607766,0.020971863768505156,0.014937252813880059,0.03441422812038597,0.0390281362314949,0.015062747186119954,1.12,1.12,1.12,1.12
0.5954101627668765,2.273458374056917,27.132956562347978,0.03266775820052409,0.020972238325118464,0.014937252904579201,0.03441428112446965,0.03902776167488159,0.015062747095420811,1.12,1.12,1.12,1.12
0.5959370085020356,2.274228751360471,27.135725134758268,0.03266770518129625,0.020972613002557317,0.014937252995312358,0.03441433414369749,0.03902738699744274,0.015062747004687654,1.12,1.12,1.12,1.12
0.5964640912128806,2.27499927447577,27.138493343027243,0.0326676521469178,0.020972987800882387,0.0149372530860796,0.034414387178075934,0.03902701219911767,0.015062746913920413,1.12,1.12,1.12,1.12
0.5969914109034876,2.2757699433874707,27.141261186980042,0.032667599097382705,0.020973362720155597,0.014937253176880869,0.03441444022761103,0.039026637279844456,0.015062746823119144,1.12,1.12,1.12,1.12
0.5975189675779312,2.2765407580802197,27.144028666441777,0.032667546032684514,0.020973737760435374,0.014937253267716194,0.03441449329230922,0.03902626223956468,0.015062746732283819,1.12,1.12,1.12,1.12
0.5980467612402846,2.277311718538661,27.146795781237497,0.03266749295281707,0.020974112921783306,0.01493725335858552,0.03441454637217667,0.03902588707821675,0.015062746641414493,1.12,1.12,1.12,1.12
0.598574791894619,2.278082824747425,27.149562531192245,0.032667439857774094,0.020974488204255265,0.014937253449488833,0.03441459946721964,0.03902551179574479,0.01506274655051118,1.12,1.12,1.12,1.12
0.5991030595450052,2.2788540766911356,27.152328916131005,0.03266738674754949,0.020974863607916283,0.014937253540426146,0.03441465257744425,0.03902513639208377,0.015062746459573867,1.12,1.12,1.12,1.12
0.5996315641955117,2.2796254743544093,27.155094935878743,0.03266733362213703,0.020975239132826284,0.014937253631397474,0.03441470570285671,0.03902476086717377,0.01506274636860254,1.12,1.12,1.12,1.12
0.6001603058502063,2.2803970177218558,27.157860590260352,0.032667280481530114,0.02097561477904475,0.014937253722402816,0.03441475884346362,0.039024385220955304,0.015062746277597197,1.12,1.12,1.12,1.12
0.6006892845131548,2.281168706778074,27.16062587910074,0.03266722732572275,0.020975990546633072,0.01493725381344213,0.03441481199927099,0.03902400945336698,0.015062746186557882,1.12,1.12,1.12,1.12
0.6012185001884216,2.281940541507656,27.16339080222471,0.032667174154708656,0.02097636643565015,0.014937253904515418,0.03441486517028508,0.0390236335643499,0.015062746095484594,1.12,1.12,1.12,1.12
0.6017479528800701,2.282712521895186,27.166155359457104,0.03266712096848151,0.02097674244615827,0.014937253995622665,0.034414918356512225,0.039023257553841784,0.015062746004377348,1.12,1.12,1.12,1.12
0.6022776425921619,2.2834846479252398,27.168919550622668,0.032667067767034985,0.02097711857821699,0.014937254086763885,0.03441497155795875,0.03902288142178306,0.015062745913236128,1.12,1.12,1.12,1.12
0.6028075693287573,2.2842569195823836,27.171683375546145,0.032667014550362694,0.02097749483188774,0.01493725417793905,0.03441502477463104,0.039022505168112315,0.015062745822060963,1.12,1.12,1.12,1.12
0.603337733093915,2.285029336851179,27.174446834052205,0.032666961318458476,0.020977871207228743,0.014937254269148187,0.03441507800653526,0.03902212879277131,0.015062745730851826,1.12,1.12,1.12,1.12
0.6038681338916926,2.2858018997161764,27.17720992596551,0.03266690807131606,0.0209782477043039,0.014937254360391256,0.03441513125367768,0.039021752295696155,0.015062745639608757,1.12,1.12,1.12,1.12
0.6043987717261458,2.2865746081619194,27.17997265111068,0.03266685480892906,0.02097862432317199,0.01493725445166827,0.03441518451606468,0.03902137567682806,0.015062745548331744,1.12,1.12,1.12,1.12
0.6049296466013292,2.287347462172942,27.182735009312296,0.03266680153129109,0.02097900106389544,0.014937254542979228,0.03441523779370265,0.03902099893610461,0.015062745457020785,1.12,1.12,1.12,1.12
0.6054607585212962,2.288120461733773,27.18549700039489,0.03266674823839588,0.020979377926532344,0.01493725463432416,0.034415291086597855,0.03902062207346771,0.015062745365675853,1.12,1.12,1.12,1.12
0.6059921074900981,2.2888936068289305,27.18825862418298,0.032666694930236995,0.020979754911143234,0.014937254725703022,0.03441534439475674,0.03902024508885682,0.01506274527429699,1.12,1.12,1.12,1.12
0.6065236935117849,2.289666897442925,27.191019880501017,0.032666641606808156,0.020980132017791475,0.014937254817115789,0.03441539771818558,0.03901986798220858,0.015062745182884224,1.12,1.12,1.12,1.12
0.6070555165904056,2.2904403335602583,27.193780769173426,0.0326665882681032,0.020980509246534468,0.014937254908562486,0.034415451056890534,0.039019490753465585,0.015062745091437527,1.12,1.12,1.12,1.12
0.6075875767300074,2.291213915165426,27.196541290024605,0.032666534914115364,0.02098088659743627,0.014937255000043156,0.03441550441087837,0.03901911340256378,0.015062744999956856,1.12,1.12,1.12,1.12
0.6081198739346361,2.2919876422429133,27.199301442878916,0.032666481544838644,0.020981264070554617,0.014937255091557744,0.03441555778015509,0.039018735929445436,0.015062744908442269,1.12,1.12,1.12,1.12
0.608652408208336,2.292761514777199,27.20206122756066,0.03266642816026638,0.02098164166595276,0.014937255183106277,0.034415611164727355,0.03901835833404729,0.015062744816893736,1.12,1.12,1.12,1.12
0.6091851795551501,2.2935355327527533,27.204820643894102,0.03266637476039258,0.020982019383689987,0.014937255274688727,0.034415664564601156,0.039017980616310066,0.015062744725311286,1.12,1.12,1.12,1.12
0.6097181879791194,2.294309696154037,27.207579691703515,0.03266632134521047,0.020982397223826055,0.014937255366305108,0.03441571797978327,0.039017602776174,0.015062744633694905,1.12,1.12,1.12,1.12
0.6102514334842845,2.295084004965503,27.210338370813076,0.03266626791471372,0.02098277518642394,0.014937255457955434,0.034415771410280016,0.03901722481357611,0.015062744542044579,1.12,1.12,1.12,1.12
0.6107849160746831,2.2958584591715976,27.213096681046967,0.03266621446889628,0.020983153271544208,0.014937255549639622,0.034415824856097454,0.039016846728455845,0.01506274445036039,1.12,1.12,1.12,1.12
0.611318635754353,2.2966330587567585,27.21585462222929,0.032666161007751326,0.020983531479248918,0.014937255641357769,0.03441587831724241,0.039016468520751135,0.015062744358642244,1.12,1.12,1.12,1.12
0.6118525925273292,2.2974078037054126,27.218612194184153,0.03266610753127275,0.02098390980959719,0.014937255733109847,0.03441593179372099,0.03901609019040286,0.015062744266890166,1.12,1.12,1.12,1.12
0.6123867863976461,2.2981826940019823,27.221369396735604,0.032666054039453885,0.020984288262647643,0.014937255824895843,0.03441598528553985,0.03901571173735241,0.01506274417510417,1.12,1.12,1.12,1.12
0.6129212173693359,2.298957729630879,27.224126229707643,0.03266600053228863,0.02098466683846642,0.01493725591671577,0.034416038792705106,0.03901533316153363,0.015062744083284244,1.12,1.12,1.12,1.12
0.6134558854464303,2.2997329105765068,27.226882692924256,0.03266594700977027,0.020985045537112557,0.014937256008569627,0.03441609231522347,0.0390149544628875,0.015062743991430386,1.12,1.12,1.12,1.12
0.6139907906329587,2.3005082368232634,27.22963878620938,0.03266589347189247,0.020985424358645477,0.01493725610045743,0.034416145853101265,0.039014575641354576,0.015062743899542583,1.12,1.12,1.12,1.12
0.6145259329329493,2.3012837083555353,27.232394509386914,0.032665839918648854,0.020985803303128103,0.014937256192379178,0.03441619940634488,0.03901419669687195,0.015062743807620835,1.12,1.12,1.12,1.12
0.6150613123504286,2.3020593251577015,27.23514986228073,0.032665786350032866,0.02098618237062075,0.014937256284334871,0.03441625297496087,0.039013817629379305,0.015062743715665142,1.12,1.12,1.12,1.12
0.615596928889422,2.302835087214134,27.23790484471462,0.032665732766038014,0.020986561561185002,0.014937256376324468,0.03441630655895572,0.03901343843881505,0.015062743623675545,1.12,1.12,1.12,1.12
0.6161327825539532,2.303610994509196,27.240659456512397,0.032665679166658024,0.020986940874880955,0.014937256468348023,0.03441636015833571,0.0390130591251191,0.01506274353165199,1.12,1.12,1.12,1.12
0.6166688733480445,2.304387047027242,27.243413697497807,0.0326656255518864,0.02098732031177053,0.01493725656040551,0.034416413773107335,0.039012679688229523,0.015062743439594503,1.12,1.12,1.12,1.12
0.6172052012757165,2.3051632447526185,27.24616756749455,0.03266557192171654,0.0209876998719154,0.014937256652496955,0.034416467403277196,0.039012300128084654,0.015062743347503058,1.12,1.12,1.12,1.12
0.6177417663409884,2.3059395876696636,27.2489210663263,0.03266551827614206,0.020988079555386507,0.014937256744622346,0.03441652104885168,0.039011920444613546,0.015062743255377667,1.12,1.12,1.12,1.12
0.6182785685478784,2.3067160757627088,27.251674193816704,0.03266546461515657,0.020988459362258627,0.01493725683678171,0.03441657470983717,0.039011540637741426,0.015062743163218303,1.12,1.12,1.12,1.12
0.6188156079004028,2.307492709016073,27.25442694978933,0.0326654109387533,0.020988839292591988,0.014937256928975018,0.03441662838624043,0.039011160707408066,0.015062743071024995,1.12,1.12,1.12,1.12
0.619352884402577,2.308269487414071,27.257179334067754,0.03266535724692593,0.020989219346447707,0.0149372570212023,0.034416682078067806,0.039010780653552346,0.015062742978797714,1.12,1.12,1.12,1.12
0.6198903980584142,2.309046410941009,27.259931346475497,0.032665303539667956,0.02098959952388474,0.014937257113463526,0.03441673578532578,0.039010400476115314,0.015062742886536487,1.12,1.12,1.12,1.12
0.6204281488719268,2.309823479581182,27.262682986836012,0.03266524981697272,0.02098997982496198,0.014937257205758753,0.03441678950802102,0.039010020175038074,0.01506274279424126,1.12,1.12,1.12,1.12
0.6209661368471253,2.31060069331888,27.265434254972767,0.032665196078833725,0.020990360249742823,0.014937257298087897,0.03441684324616001,0.03900963975025723,0.015062742701912116,1.12,1.12,1.12,1.12
0.6215043619880186,2.311378052138383,27.268185150709158,0.03266514232524448,0.020990740798282392,0.014937257390451042,0.03441689699974926,0.03900925920171766,0.01506274260954897,1.12,1.12,1.12,1.12
0.6220428242986142,2.3121555560239613,27.27093567386855,0.03266508855619843,0.020991121470647967,0.014937257482848187,0.03441695076879531,0.03900887852935209,0.015062742517151825,1.12,1.12,1.12,1.12
0.6225815237829183,2.3129332049598803,27.273685824274263,0.03266503477168908,0.020991502266895,0.014937257575279334,0.03441700455330465,0.03900849773310505,0.01506274242472068,1.12,1.12,1.12,1.12
0.6231204604449352,2.313710998930395,27.276435601749608,0.03266498097170972,0.02099188318708392,0.014937257667744466,0.034417058353284014,0.03900811681291613,0.015062742332255546,1.12,1.12,1.12,1.12
0.6236596342886678,2.314488937919752,27.279185006117814,0.032664927156253964,0.020992264231276814,0.014937257760243558,0.03441711216873977,0.03900773576872324,0.015062742239756455,1.12,1.12,1.12,1.12
0.6241990453181177,2.31526702191219,27.281934037202113,0.0326648733253152,0.020992645399534215,0.014937257852776692,0.034417165999678534,0.03900735460046584,0.01506274214722332,1.12,1.12,1.12,1.12
0.6247386935372843,2.3160452508919405,27.284682694825676,0.03266481947888694,0.020993026691917688,0.014937257945343868,0.034417219846106795,0.039006973308082366,0.015062742054656145,1.12,1.12,1.12,1.12
0.6252785789501664,2.3168236248432237,27.28743097881164,0.03266476561696241,0.020993408108485545,0.014937258037945017,0.034417273708031326,0.03900659189151451,0.015062741962054996,1.12,1.12,1.12,1.12
0.6258187015607604,2.3176021437502548,27.2901788889831,0.032664711739535335,0.020993789649301042,0.014937258130580194,0.0344173275854584,0.03900621035069901,0.015062741869419818,1.12,1.12,1.12,1.12
0.6263590613730617,2.3183808075972387,27.292926425163127,0.03266465784659911,0.02099417131442416,0.014937258223249442,0.034417381478394626,0.039005828685575894,0.015062741776750571,1.12,1.12,1.12,1.12
0.6268996583910642,2.319159616368372,27.295673587174736,0.0326646039381468,0.020994553103915292,0.01493725831595269,0.03441743538684694,0.03900544689608476,0.015062741684047323,1.12,1.12,1.12,1.12
0.6274404926187599,2.3199385700478437,27.29842037484093,0.03266455001417223,0.02099493501783878,0.014937258408689952,0.0344174893108215,0.039005064982161275,0.015062741591310061,1.12,1.12,1.12,1.12
0.6279815640601394,2.320717668619833,27.301166787984638,0.03266449607466865,0.020995317056254625,0.014937258501461298,0.03441754325032509,0.03900468294374543,0.015062741498538715,1.12,1.12,1.12,1.12
0.6285228727191919,2.3214969120685143,27.303912826428775,0.03266444211962943,0.020995699219221703,0.014937258594266672,0.0344175972053643,0.03900430078077835,0.01506274140573334,1.12,1.12,1.12,1.12
0.6290644185999054,2.3222763003780496,27.30665848999621,0.032664388149048096,0.02099608150680543,0.014937258687106145,0.03441765117594564,0.03900391849319462,0.015062741312893868,1.12,1.12,1.12,1.12
0.6296062017062651,2.3230558335325937,27.30940377850979,0.03266433416291803,0.02099646391906207,0.014937258779979673,0.03441770516207571,0.039003536080937984,0.01506274122002034,1.12,1.12,1.12,1.12
0.6301482220422561,2.3238355115162945,27.312148691792295,0.03266428016123252,0.02099684645605565,0.014937258872887299,0.03441775916376122,0.0390031535439444,0.015062741127112714,1.12,1.12,1.12,1.12
0.6306904796118611,2.3246153343132896,27.31489322966649,0.032664226143985065,0.02099722911785007,0.014937258965829023,0.03441781318100867,0.039002770882149984,0.01506274103417099,1.12,1.12,1.12,1.12
0.6312329744190617,2.3253953019077103,27.31763739195509,0.032664172111169065,0.020997611904504387,0.014937259058804817,0.03441786721382467,0.039002388095495666,0.015062740941195196,1.12,1.12,1.12,1.12
0.6317757064678373,2.3261754142836764,27.320381178480773,0.03266411806277797,0.02099799481608,0.014937259151814694,0.03441792126221577,0.03900200518392005,0.015062740848185319,1.12,1.12,1.12,1.12
0.6323186757621667,2.3269556714253024,27.32312458906618,0.032664063998805004,0.020998377852639583,0.014937259244858697,0.03441797532618873,0.03900162214736047,0.015062740755141316,1.12,1.12,1.12,1.12
0.6328618823060265,2.327736073316693,27.325867623533927,0.032664009919243564,0.020998761014243916,0.014937259337936812,0.03441802940575017,0.03900123898575614,0.015062740662063201,1.12,1.12,1.12,1.12
0.6334053261033916,2.3285166199419436,27.32861028170656,0.03266395582408704,0.02099914430095312,0.014937259431049038,0.03441808350090669,0.03900085569904693,0.015062740568950975,1.12,1.12,1.12,1.12
0.633949007158236,2.3292973112851434,27.33135256340663,0.032663901713328836,0.020999527712834087,0.014937259524195418,0.0344181376116649,0.039000472287165966,0.015062740475804595,1.12,1.12,1.12,1.12
0.6344929254745317,2.3300781473303718,27.334094468456602,0.032663847586962336,0.020999911249945158,0.014937259617375923,0.0344181917380314,0.039000088750054895,0.01506274038262409,1.12,1.12,1.12,1.12
0.635037081056249,2.3308591280617,27.336835996678943,0.03266379344498094,0.021000294912347617,0.014937259710590567,0.0344182458800128,0.038999705087652436,0.015062740289409446,1.12,1.12,1.12,1.12
0.635581473907357,2.3316402534631906,27.339577147896055,0.03266373928737781,0.02100067870010683,0.014937259803839364,0.03441830003761592,0.038999321299893225,0.015062740196160648,1.12,1.12,1.12,1.12
0.636126104031823,2.332421523518898,27.342317921930317,0.03266368511414652,0.021001062613282023,0.01493725989712233,0.03441835421084721,0.03899893738671803,0.015062740102877684,1.12,1.12,1.12,1.12
0.6366709714336131,2.3332029382128674,27.345058318604057,0.03266363092528024,0.021001446651936206,0.014937259990439461,0.034418408399713496,0.03899855334806385,0.015062740009560552,1.12,1.12,1.12,1.12
0.6372160761166914,2.333984497529137,27.347798337739583,0.03266357672077247,0.02100183081612983,0.014937260083790788,0.03441846260422127,0.038998169183870224,0.015062739916209225,1.12,1.12,1.12,1.12
0.6377614180850206,2.334766201451735,27.350537979159142,0.03266352250061627,0.02100221510592945,0.014937260177176281,0.034418516824377465,0.0389977848940706,0.015062739822823731,1.12,1.12,1.12,1.12
0.6383069973425617,2.3355480499646823,27.35327724268497,0.03266346826480537,0.021002599521392745,0.014937260270595998,0.03441857106018836,0.03899740047860731,0.015062739729404015,1.12,1.12,1.12,1.12
0.6388528138932742,2.3363300430519915,27.35601612813923,0.03266341401333284,0.021002984062584773,0.014937260364049909,0.0344186253116609,0.03899701593741528,0.015062739635950104,1.12,1.12,1.12,1.12
0.6393988677411166,2.3371121806976656,27.35875463534407,0.032663359746192,0.021003368729565985,0.014937260457538057,0.034418679578801736,0.03899663127043407,0.015062739542461956,1.12,1.12,1.12,1.12
0.6399451588900448,2.3378944628856995,27.3614927641216,0.03266330546337631,0.021003753522399693,0.0149372605510604,0.03441873386161742,0.03899624647760036,0.015062739448939613,1.12,1.12,1.12,1.12
0.6404916873440136,2.33867688960008,27.36423051429388,0.032663251164879004,0.021004138441145626,0.014937260644617006,0.03441878816011473,0.03899586155885443,0.015062739355383006,1.12,1.12,1.12,1.12
0.6410384531069767,2.3394594608247847,27.36696788568294,0.03266319685069341,0.021004523485868953,0.014937260738207836,0.034418842474300326,0.0389954765141311,0.015062739261792177,1.12,1.12,1.12,1.12
0.6415854561828855,2.3402421765437844,27.36970487811077,0.032663142520812816,0.02100490865663221,0.014937260831832971,0.03441889680418092,0.038995091343367844,0.015062739168167041,1.12,1.12,1.12,1.12
0.6421326965756897,2.3410250367410392,27.372441491399314,0.03266308817523056,0.021005293953495374,0.014937260925492302,0.03441895114976318,0.03899470604650468,0.015062739074507711,1.12,1.12,1.12,1.12
0.6426801742893385,2.3418080414005025,27.37517772537049,0.03266303381393987,0.02100567937652284,0.014937261019185938,0.03441900551105387,0.03899432062347721,0.015062738980814075,1.12,1.12,1.12,1.12
0.6432278893277783,2.3425911905061176,27.37791357984617,0.03266297943693397,0.021006064925778167,0.014937261112913866,0.034419059888059766,0.038993935074221886,0.015062738887086147,1.12,1.12,1.12,1.12
0.6437758416949546,2.3433744840418207,27.380649054648188,0.03266292504420637,0.021006450601324833,0.014937261206676045,0.034419114280787366,0.03899354939867522,0.015062738793323968,1.12,1.12,1.12,1.12
0.6443240313948113,2.3441579219915387,27.38338414959833,0.032662870635750185,0.021006836403221818,0.014937261300472543,0.03441916868924355,0.038993163596778235,0.01506273869952747,1.12,1.12,1.12,1.12
0.6448724584312903,2.3449415043391904,27.386118864518377,0.032662816211558754,0.021007222331533904,0.014937261394303389,0.03441922311343498,0.03899277766846615,0.015062738605696624,1.12,1.12,1.12,1.12
0.6454211228083322,2.3457252310686854,27.38885319923002,0.03266276177162525,0.021007608386323928,0.01493726148816854,0.03441927755336849,0.038992391613676125,0.015062738511831472,1.12,1.12,1.12,1.12
0.6459700245298763,2.3465091021639246,27.39158715355495,0.03266270731594312,0.021007994567655564,0.014937261582068026,0.03441933200905062,0.03899200543234449,0.015062738417931987,1.12,1.12,1.12,1.12
0.6465191635998592,2.3472931176088028,27.39432072731482,0.03266265284450559,0.021008380875587263,0.014937261676001831,0.034419386480488146,0.03899161912441279,0.015062738323998182,1.12,1.12,1.12,1.12
0.6470685400222171,2.3480772773872025,27.39705392033121,0.03266259835730578,0.02100876731018564,0.014937261769970012,0.03441944096768795,0.038991232689814415,0.015062738230030001,1.12,1.12,1.12,1.12
0.6476181538008844,2.348861581483001,27.399786732425696,0.03266254385433692,0.02100915387151281,0.014937261863972526,0.034419495470656813,0.038990846128487244,0.015062738136027487,1.12,1.12,1.12,1.12
0.6481680049397932,2.349646029880065,27.402519163419804,0.03266248933559257,0.021009540559632778,0.014937261958009429,0.034419549989401166,0.038990459440367276,0.015062738041990584,1.12,1.12,1.12,1.12
0.6487180934428745,2.350430622562252,27.40525121313501,0.03266243480106573,0.021009927374605886,0.014937262052080708,0.034419604523928005,0.03899007262539417,0.015062737947919305,1.12,1.12,1.12,1.12
0.6492684193140579,2.3512153595134153,27.40798288139277,0.03266238025074969,0.02101031431649608,0.014937262146186375,0.03441965907424405,0.03898968568350397,0.015062737853813638,1.12,1.12,1.12,1.12
0.6498189825572709,2.352000240717393,27.410714168014486,0.03266232568463767,0.02101070138536662,0.01493726224032646,0.034419713640356064,0.03898929861463343,0.015062737759673553,1.12,1.12,1.12,1.12
0.6503697831764397,2.3527852661580213,27.413445072821546,0.03266227110272285,0.021011088581280868,0.014937262334500975,0.034419768222270886,0.038988911418719185,0.015062737665499037,1.12,1.12,1.12,1.12
0.6509208211754887,2.353570435819122,27.416175595635252,0.03266221650499862,0.02101147590430122,0.01493726242870988,0.034419822819995116,0.038988524095698834,0.015062737571290133,1.12,1.12,1.12,1.12
0.6514720965583406,2.3543557496845122,27.418905736276923,0.03266216189145821,0.021011863354490956,0.014937262522953215,0.03441987743353553,0.0389881366455091,0.015062737477046798,1.12,1.12,1.12,1.12
0.6520236093289171,2.355141207738,27.421635494567795,0.03266210726209473,0.02101225093191339,0.014937262617231037,0.034419932062899006,0.03898774906808666,0.015062737382768976,1.12,1.12,1.12,1.12
0.6525753594911378,2.355926809963382,27.42436487032909,0.032662052616901305,0.02101263863663211,0.014937262711543303,0.03441998670809243,0.038987361363367945,0.01506273728845671,1.12,1.12,1.12,1.12
0.6531273470489203,2.35671255634445,27.42709386338197,0.03266199795587138,0.02101302646871142,0.01493726280589007,0.034420041369122356,0.03898697353128863,0.015062737194109943,1.12,1.12,1.12,1.12
0.6536795720061811,2.357498446864985,27.42982247354759,0.03266194327899785,0.021013414428212918,0.01493726290027124,0.034420096045995885,0.038986585571787136,0.015062737099728774,1.12,1.12,1.12,1.12
0.6542320343668351,2.3582844815087585,27.43255070064703,0.03266188858627428,0.021013802515200186,0.014937262994686923,0.03442015073871946,0.03898619748479987,0.01506273700531309,1.12,1.12,1.12,1.12
0.6547847341347954,2.3590706602595364,27.43527854450137,0.03266183387769367,0.021014190729736815,0.014937263089137093,0.03442020544730007,0.03898580927026324,0.01506273691086292,1.12,1.12,1.12,1.12
0.6553376713139736,2.3598569831010736,27.438006004931605,0.032661779153249304,0.02101457907188642,0.01493726318362179,0.03442026017174443,0.038985420928113634,0.015062736816378222,1.12,1.12,1.12,1.12
0.6558908459082796,2.360643450017118,27.440733081758733,0.032661724412934245,0.021014967541712726,0.014937263278141016,0.03442031491205949,0.03898503245828733,0.015062736721858996,1.12,1.12,1.12,1.12
0.6564442579216214,2.3614300609914065,27.443459774803692,0.03266166965674172,0.021015356139277463,0.014937263372694784,0.034420369668252015,0.03898464386072259,0.015062736627305229,1.12,1.12,1.12,1.12
0.6569979073579058,2.3622168160076695,27.446186083887387,0.03266161488466496,0.02101574486464447,0.014937263467283066,0.03442042444032878,0.03898425513535558,0.015062736532716947,1.12,1.12,1.12,1.12
0.6575517942210377,2.363003715049628,27.448912008830668,0.03266156009669696,0.02101613371787958,0.014937263561905903,0.034420479228296774,0.03898386628212047,0.01506273643809411,1.12,1.12,1.12,1.12
0.6581059185149205,2.3637907581009943,27.451637549454382,0.03266150529283124,0.02101652269904375,0.014937263656563338,0.0344205340321625,0.038983477300956304,0.015062736343436675,1.12,1.12,1.12,1.12
0.6586602802434558,2.3645779451454714,27.454362705579296,0.03266145047306068,0.02101691180819898,0.014937263751255342,0.034420588851933054,0.038983088191801074,0.015062736248744671,1.12,1.12,1.12,1.12
0.6592148794105439,2.365365276166756,27.45708747702616,0.032661395637378576,0.02101730104541133,0.014937263845981957,0.03442064368761516,0.038982698954588724,0.015062736154018055,1.12,1.12,1.12,1.12
0.6597697160200824,2.3661527511485336,27.45981186361568,0.03266134078577809,0.021017690410747802,0.014937263940743184,0.034420698539215644,0.03898230958925225,0.015062736059256829,1.12,1.12,1.12,1.12
0.6603247900759691,2.3669403700744813,27.46253586516854,0.032661285918252236,0.021018079904267267,0.014937264035539008,0.0344207534067415,0.038981920095732786,0.015062735964461005,1.12,1.12,1.12,1.12
0.6608801015820982,2.3677281329282693,27.46525948150535,0.03266123103479435,0.021018469526036032,0.014937264130369457,0.03442080829019939,0.03898153047396402,0.015062735869630556,1.12,1.12,1.12,1.12
0.6614356505423633,2.368516039693557,27.467982712446712,0.032661176135397485,0.021018859276116242,0.014937264225234531,0.03442086318959625,0.03898114072388381,0.015062735774765482,1.12,1.12,1.12,1.12
0.661991436960657,2.3693040903539964,27.470705557813172,0.03266112122005482,0.021019249154574038,0.014937264320134258,0.03442091810493891,0.038980750845426015,0.015062735679865755,1.12,1.12,1.12,1.12
0.6625474608408682,2.370092284893231,27.473428017425245,0.03266106628875942,0.021019639161470677,0.014937264415068638,0.034420973036234315,0.038980360838529376,0.015062735584931375,1.12,1.12,1.12,1.12
0.6631037221868866,2.370880623294893,27.476150091103396,0.032661011341504675,0.021020029296871523,0.014937264510037684,0.03442102798348906,0.03897997070312853,0.015062735489962328,1.12,1.12,1.12,1.12
0.6636602210025979,2.3716691055426113,27.478871778668058,0.032660956378283146,0.021020419560840747,0.014937264605041412,0.03442108294671059,0.038979580439159306,0.015062735394958601,1.12,1.12,1.12,1.12
0.664216957291888,2.372457731619999,27.481593079939643,0.032660901399088615,0.021020809953441938,0.014937264700079847,0.03442113792590512,0.038979190046558115,0.015062735299920166,1.12,1.12,1.12,1.12
0.6647739310586399,2.373246501510667,27.484313994738486,0.03266084640391392,0.021021200474737434,0.014937264795152977,0.03442119292107981,0.03897879952526262,0.015062735204847036,1.12,1.12,1.12,1.12
0.6653311423067362,2.3740354151982137,27.48703452288492,0.032660791392752186,0.021021591124791655,0.014937264890260801,0.03442124793224155,0.0389784088752084,0.015062735109739211,1.12,1.12,1.12,1.12
0.665888591040056,2.3748244726662295,27.4897546641992,0.032660736365596466,0.021021981903671383,0.014937264985403403,0.03442130295939727,0.03897801809632867,0.01506273501459661,1.12,1.12,1.12,1.12
0.6664462772624784,2.3756136738982967,27.49247441850159,0.03266068132243988,0.021022372811440093,0.014937265080580686,0.03442135800255386,0.03897762718855996,0.015062734919419327,1.12,1.12,1.12,1.12
0.6670042009778803,2.3764030188779883,27.49519378561227,0.032660626263275594,0.02102276384815932,0.01493726517579276,0.03442141306171814,0.03897723615184073,0.015062734824207252,1.12,1.12,1.12,1.12
0.6675623621901366,2.3771925075888687,27.497912765351394,0.03266057118809673,0.02102315501389479,0.014937265271039599,0.034421468136897004,0.038976844986105263,0.015062734728960414,1.12,1.12,1.12,1.12
0.6681207609031206,2.3779821400144936,27.500631357539095,0.0326605160968963,0.02102354630871231,0.014937265366321187,0.03442152322809744,0.038976453691287744,0.015062734633678826,1.12,1.12,1.12,1.12
0.668679397120704,2.3787719161384104,27.50334956199545,0.03266046098966746,0.021023937732674525,0.014937265461637567,0.034421578335326275,0.03897606226732553,0.015062734538362446,1.12,1.12,1.12,1.12
0.6692382708467575,2.3795618359441564,27.50606737854049,0.03266040586640334,0.0210243292858463,0.014937265556988738,0.034421633458590395,0.038975670714153754,0.015062734443011275,1.12,1.12,1.12,1.12
0.6697973820851489,2.380351899415261,27.50878480699424,0.03266035072709683,0.02102472096829039,0.01493726565237477,0.034421688597896904,0.038975279031709664,0.015062734347625242,1.12,1.12,1.12,1.12
0.6703567308397456,2.3811421065352456,27.511501847176632,0.03266029557174127,0.021025112780072797,0.014937265747795608,0.034421743753252465,0.03897488721992726,0.015062734252204404,1.12,1.12,1.12,1.12
0.6709163171144117,2.3819324572876224,27.51421849890761,0.032660240400329554,0.02102550472125958,0.01493726584325128,0.03442179892466418,0.03897449527874047,0.015062734156748733,1.12,1.12,1.12,1.12
0.6714761409130111,2.382722951655893,27.516934762007054,0.03266018521285485,0.021025896791913468,0.014937265938741812,0.03442185411213888,0.038974103208086586,0.015062734061258201,1.12,1.12,1.12,1.12
0.6720362022394056,2.383513589623552,27.519650636294795,0.03266013000931017,0.02102628899209652,0.014937266034267177,0.03442190931568356,0.03897371100790353,0.015062733965732836,1.12,1.12,1.12,1.12
0.6725965010974548,2.3843043711740854,27.522366121590647,0.032660074789688576,0.021026681321876017,0.014937266129827417,0.03442196453530516,0.038973318678124036,0.015062733870172595,1.12,1.12,1.12,1.12
0.6731570374910174,2.3850952962909697,27.525081217714384,0.03266001955398318,0.02102707378131713,0.014937266225422532,0.03442201977101056,0.038972926218682924,0.01506273377457748,1.12,1.12,1.12,1.12
0.6737178114239492,2.385886364957673,27.527795924485712,0.032659964302187094,0.02102746637048286,0.014937266321052522,0.03442207502280664,0.03897253362951719,0.01506273367894749,1.12,1.12,1.12,1.12
0.674278822900106,2.3866775771576534,27.530510241724333,0.03265990903429311,0.021027859089438522,0.01493726641671747,0.034422130290700625,0.03897214091056153,0.015062733583282542,1.12,1.12,1.12,1.12
0.6748400719233407,2.3874689328743615,27.533224169249877,0.032659853750294454,0.021028251938249393,0.014937266512417308,0.03442218557469928,0.03897174806175066,0.015062733487582705,1.12,1.12,1.12,1.12
0.675401558497504,2.3882604320912395,27.535937706881967,0.032659798450184296,0.021028644916976647,0.014937266608152089,0.03442224087480944,0.03897135508302341,0.015062733391847924,1.12,1.12,1.12,1.12
0.6759632826264469,2.389052074791718,27.53865085444017,0.03265974313395548,0.021029038025691144,0.0149372667039218,0.03442229619103826,0.03897096197430891,0.015062733296078212,1.12,1.12,1.12,1.12
0.6765252443140165,2.3898438609592234,27.541363611744003,0.03265968780160122,0.021029431264454945,0.014937266799726484,0.034422351523392514,0.03897056873554511,0.015062733200273529,1.12,1.12,1.12,1.12
0.6770874435640597,2.3906357905771687,27.544075978612966,0.03265963245311426,0.021029824633332417,0.014937266895566126,0.034422406871879474,0.038970175366667636,0.015062733104433887,1.12,1.12,1.12,1.12
0.6776498803804206,2.39142786362896,27.546787954866495,0.032659577088487934,0.02103021813239031,0.014937266991440726,0.0344224622365058,0.03896978186760974,0.015062733008559287,1.12,1.12,1.12,1.12
0.6782125547669422,2.392220080097996,27.549499540324007,0.03265952170771508,0.02103061176169091,0.014937267087350325,0.03442251761727866,0.038969388238309144,0.015062732912649687,1.12,1.12,1.12,1.12
0.678775466727466,2.393012439967663,27.552210734804866,0.0326594663107887,0.021031005521298746,0.014937267183294967,0.03442257301420504,0.03896899447870131,0.015062732816705046,1.12,1.12,1.12,1.12
0.6793386162658319,2.3938049432213417,27.554921538128408,0.03265941089770191,0.021031399411280738,0.014937267279274608,0.034422628427291824,0.038968600588719315,0.015062732720725405,1.12,1.12,1.12,1.12
0.6799020033858769,2.3945975898424026,27.557631950113922,0.032659355468447615,0.021031793431702694,0.01493726737528929,0.03442268385654612,0.03896820656829736,0.015062732624710723,1.12,1.12,1.12,1.12
0.6804656280914373,2.395390379814207,27.560341970580666,0.03265930002301909,0.021032187582630313,0.014937267471339027,0.03442273930197465,0.03896781241736974,0.015062732528660985,1.12,1.12,1.12,1.12
0.6810294903863476,2.396183313120107,27.56305159934783,0.03265924456140895,0.0210325818641261,0.014937267567423779,0.034422794763584785,0.038967418135873955,0.015062732432576234,1.12,1.12,1.12,1.12
0.6815935902744399,2.3969763897434477,27.565760836234602,0.032659189083610485,0.021032976276255944,0.014937267663543627,0.03442285024138325,0.03896702372374411,0.015062732336456386,1.12,1.12,1.12,1.12
0.6821579277595456,2.3977696096675643,27.568469681060105,0.03265913358961653,0.02103337081908474,0.01493726775969853,0.03442290573537721,0.03896662918091531,0.015062732240301482,1.12,1.12,1.12,1.12
0.6827225028454935,2.3985629728757822,27.57117813364344,0.0326590780794202,0.021033765492678602,0.01493726785588853,0.034422961245573536,0.03896623450732145,0.015062732144111482,1.12,1.12,1.12,1.12
0.6832873155361112,2.399356479351419,27.573886193803652,0.03265902255301428,0.02103416029710356,0.014937267952113642,0.03442301677197945,0.03896583970289649,0.01506273204788637,1.12,1.12,1.12,1.12
0.6838523658352241,2.400150129077783,27.576593861359758,0.032658967010392004,0.021034555232424534,0.014937268048373864,0.03442307231460173,0.03896544476757552,0.015062731951626149,1.12,1.12,1.12,1.12
0.6844176537466563,2.4009439220381736,27.579301136130724,0.03265891145154626,0.0210349502987065,0.014937268144669225,0.03442312787344748,0.03896504970129355,0.015062731855330788,1.12,1.12,1.12,1.12
0.68498317927423,2.4017378582158813,27.582008017935493,0.03265885587646988,0.02103534549601352,0.014937268240999724,0.03442318344852385,0.038964654503986534,0.015062731759000289,1.12,1.12,1.12,1.12
0.6855489424217659,2.4025319375941874,27.584714506592935,0.032658800285156,0.021035740824414007,0.01493726833736539,0.03442323903983774,0.03896425917558605,0.015062731662634624,1.12,1.12,1.12,1.12
0.6861149431930823,2.4033261601563645,27.587420601921934,0.03265874467759755,0.02103613628397094,0.014937268433766207,0.034423294647396185,0.03896386371602911,0.015062731566233806,1.12,1.12,1.12,1.12
0.6866811815919966,2.404120525885677,27.590126303741272,0.03265868905378738,0.02103653187474963,0.014937268530202205,0.034423350271206354,0.03896346812525042,0.015062731469797808,1.12,1.12,1.12,1.12
0.687247657622323,2.4049150347653794,27.59283161186976,0.03265863341371861,0.02103692759681766,0.014937268626673383,0.03442340591127513,0.03896307240318239,0.01506273137332663,1.12,1.12,1.12,1.12
0.6878143712878763,2.4057096867787173,27.595536526126093,0.03265857775738418,0.021037323450238093,0.014937268723179797,0.03442346156760956,0.03896267654976196,0.015062731276820215,1.12,1.12,1.12,1.12
0.6883813225924675,2.406504481908927,27.598241046328987,0.03265852208477693,0.021037719435079705,0.014937268819721433,0.034423517240216805,0.03896228056492035,0.01506273118027858,1.12,1.12,1.12,1.12
0.6889485115399065,2.4072994201392373,27.600945172297088,0.03265846639588982,0.021038115551408998,0.014937268916298305,0.03442357292910392,0.038961884448591055,0.015062731083701708,1.12,1.12,1.12,1.12
0.6895159381340017,2.4080945014528674,27.60364890384902,0.03265841069071573,0.02103851179928798,0.014937269012910398,0.034423628634278,0.038961488200712074,0.015062730987089615,1.12,1.12,1.12,1.12
0.6900836023785596,2.408889725833026,27.606352240803343,0.03265835496924785,0.021038908178783455,0.014937269109557727,0.03442368435574589,0.0389610918212166,0.015062730890442286,1.12,1.12,1.12,1.12
0.6906515042773842,2.4096850932629152,27.60905518297859,0.03265829923147884,0.02103930468996204,0.014937269206240347,0.0344237400935149,0.03896069531003801,0.015062730793759666,1.12,1.12,1.12,1.12
0.6912196438342799,2.4104806037257256,27.611757730193265,0.03265824347740187,0.021039701332890626,0.014937269302958217,0.034423795847591865,0.03896029866710943,0.015062730697041796,1.12,1.12,1.12,1.12
0.6917880210530459,2.4112762572046416,27.61445988226582,0.03265818770700968,0.021040098107630245,0.014937269399711406,0.03442385161798406,0.03895990189236981,0.015062730600288607,1.12,1.12,1.12,1.12
0.6923566359374832,2.4120720536828366,27.617161639014665,0.032658131920295375,0.021040495014253646,0.0149372694964999,0.03442390740469836,0.03895950498574641,0.015062730503500113,1.12,1.12,1.12,1.12
0.6929254884913889,2.412867993143476,27.619863000258174,0.03265807611725163,0.021040892052820725,0.014937269593323727,0.0344239632077421,0.03895910794717933,0.015062730406676286,1.12,1.12,1.12,1.12
0.6934945787185586,2.4136640755697156,27.62256396581469,0.032658020297871404,0.021041289223403203,0.014937269690182872,0.03442401902712233,0.03895871077659685,0.01506273030981714,1.12,1.12,1.12,1.12
0.6940639066227864,2.4144603009447025,27.625264535502495,0.03265796446214786,0.02104168652606575,0.014937269787077365,0.03442407486284588,0.0389583134739343,0.015062730212922648,1.12,1.12,1.12,1.12
0.6946334722078653,2.4152566692515745,27.627964709139853,0.03265790861007356,0.02104208396087176,0.014937269884007218,0.034424130714920176,0.03895791603912829,0.015062730115992795,1.12,1.12,1.12,1.12
0.6952032754775849,2.41605318047346,27.630664486544966,0.032657852741641735,0.021042481527889734,0.014937269980972404,0.034424186583352,0.03895751847211032,0.01506273001902761,1.12,1.12,1.12,1.12
0.6957733164357347,2.4168498345934792,27.633363867536005,0.032657796856844945,0.021042879227185646,0.014937270077972978,0.03442424246814879,0.03895712077281441,0.015062729922027035,1.12,1.12,1.12,1.12
0.696343595086101,2.417646631594743,27.63606285193112,0.03265774095567636,0.021043277058825416,0.014937270175008954,0.034424298369317374,0.03895672294117464,0.015062729824991059,1.12,1.12,1.12,1.12
0.6969141114324695,2.418443571460354,27.63876143954839,0.03265768503812866,0.02104367502287638,0.014937270272080277,0.03442435428686508,0.038956324977123674,0.015062729727919735,1.12,1.12,1.12,1.12
0.6974848654786234,2.419240654173405,27.641459630205883,0.03265762910419495,0.021044073119402262,0.0149372703691871,0.034424410220798785,0.03895592688059779,0.015062729630812913,1.12,1.12,1.12,1.12
0.6980558572283444,2.4200378797169786,27.644157423721595,0.032657573153867914,0.021044471348471816,0.014937270466329339,0.03442446617112582,0.03895552865152824,0.015062729533670674,1.12,1.12,1.12,1.12
0.6986270866854117,2.42083524807415,27.646854819913507,0.03265751718714044,0.02104486971014885,0.014937270563506994,0.0344245221378533,0.0389551302898512,0.01506272943649302,1.12,1.12,1.12,1.12
0.6991985538536047,2.421632759227985,27.64955181859955,0.03265746120400553,0.021045268204504475,0.01493727066072012,0.0344245781209882,0.03895473179549558,0.015062729339279893,1.12,1.12,1.12,1.12
0.6997702587366986,2.42243041316154,27.652248419597615,0.032657405204456036,0.021045666831601362,0.014937270757968704,0.0344246341205377,0.03895433316839869,0.015062729242031309,1.12,1.12,1.12,1.12
0.7003422013384679,2.4232282098578626,27.65494462272556,0.03265734918848473,0.021046065591505958,0.014937270855252774,0.034424690136509006,0.038953934408494095,0.015062729144747239,1.12,1.12,1.12,1.12
0.7009143816626854,2.4240261492999906,27.657640427801194,0.03265729315608451,0.02104646448428593,0.014937270952572357,0.034424746168909226,0.03895353551571412,0.015062729047427656,1.12,1.12,1.12,1.12
0.701486799713122,2.4248242314709545,27.66033583464228,0.03265723710724827,0.02104686351000795,0.014937271049927411,0.034424802217745465,0.0389531364899921,0.015062728950072601,1.12,1.12,1.12,1.12
0.7020594554935464,2.4256224563537736,27.663030843066554,0.0326571810419688,0.021047262668740796,0.01493727114731802,0.03442485828302494,0.03895273733125926,0.015062728852681992,1.12,1.12,1.12,1.12
0.7026323490077266,2.426420823931459,27.665725452891724,0.03265712496023898,0.021047661960549885,0.014937271244744116,0.034424914364754755,0.03895233803945017,0.015062728755255897,1.12,1.12,1.12,1.12
0.7032054802594274,2.4272193341870127,27.66841966393541,0.03265706886205161,0.021048061385499417,0.014937271342205752,0.03442497046294213,0.038951938614500636,0.015062728657794261,1.12,1.12,1.12,1.12
0.703778849252413,2.428017987103428,27.671113476015243,0.032657012747399516,0.02104846094365731,0.014937271439702984,0.03442502657759422,0.03895153905634274,0.015062728560297028,1.12,1.12,1.12,1.12
0.7043524559904443,2.4288167826636884,27.67380688894879,0.03265695661627577,0.021048860635090372,0.0149372715372358,0.03442508270871797,0.03895113936490968,0.015062728462764213,1.12,1.12,1.12,1.12
0.7049263004772819,2.429615720850769,27.67649990255357,0.03265690046867287,0.021049260459866825,0.014937271634804183,0.03442513885632087,0.03895073954013323,0.01506272836519583,1.12,1.12,1.12,1.12
0.7055003827166838,2.4304148016476352,27.679192516647092,0.03265684430458382,0.021049660418054505,0.01493727173240815,0.034425195020409916,0.03895033958194555,0.015062728267591863,1.12,1.12,1.12,1.12
0.7060747027124062,2.4312140250372423,27.681884731046782,0.03265678812400136,0.021050060509718027,0.0149372718300477,0.03442525120099238,0.038949939490282026,0.015062728169952314,1.12,1.12,1.12,1.12
0.7066492604682042,2.43201339100254,27.68457654557007,0.032656731926918536,0.02105046073492614,0.0149372719277229,0.0344253073980752,0.03894953926507391,0.015062728072277112,1.12,1.12,1.12,1.12
0.7072240559878303,2.4328128995264633,27.6872679600343,0.032656675713327976,0.02105086109374449,0.014937272025433754,0.03442536361166576,0.038949138906255565,0.015062727974566259,1.12,1.12,1.12,1.12
0.7077990892750354,2.4336125505919433,27.689958974256825,0.032656619483222404,0.021051261586240266,0.014937272123180231,0.03442541984177133,0.03894873841375979,0.015062727876819781,1.12,1.12,1.12,1.12
0.7083743603335683,2.434412344181899,27.692649588054913,0.03265656323659477,0.02105166221248192,0.014937272220962361,0.034425476088398965,0.038948337787518134,0.015062727779037652,1.12,1.12,1.12,1.12
0.7089498691671761,2.4352122802792415,27.695339801245815,0.032656506973437804,0.02105206297253709,0.014937272318780156,0.03442553235155593,0.038947937027462964,0.015062727681219856,1.12,1.12,1.12,1.12
0.7095256157796049,2.4360123588668716,27.698029613646742,0.03265645069374434,0.021052463866472304,0.014937272416633673,0.03442558863124939,0.03894753613352775,0.01506272758336634,1.12,1.12,1.12,1.12
0.7101016001745979,2.4368125799276825,27.700719025074857,0.03265639439750728,0.021052864894352985,0.014937272514522842,0.034425644927486454,0.03894713510564707,0.01506272748547717,1.12,1.12,1.12,1.12
0.7106778223558973,2.437612943444556,27.703408035347277,0.03265633808471913,0.021053266056247688,0.01493727261244776,0.03442570124027461,0.038946733943752365,0.015062727387552252,1.12,1.12,1.12,1.12
0.7112542823272419,2.4384134494003677,27.7060966442811,0.03265628175537294,0.021053667352223276,0.014937272710408372,0.034425757569620796,0.03894633264777678,0.01506272728959164,1.12,1.12,1.12,1.12
0.7118309800923708,2.439214097777981,27.708784851693366,0.03265622540946139,0.021054068782349028,0.014937272808404706,0.034425813915532344,0.038945931217651025,0.015062727191595307,1.12,1.12,1.12,1.12
0.7124079156550196,2.440014888560252,27.711472657401067,0.03265616904697727,0.02105447034668989,0.014937272906436788,0.03442587027801647,0.03894552965331016,0.015062727093563225,1.12,1.12,1.12,1.12
0.7129850890189234,2.4408158217300264,27.71416006122118,0.03265611266791352,0.021054872045317224,0.014937273004504634,0.03442592665708022,0.03894512795468283,0.015062726995495379,1.12,1.12,1.12,1.12
0.7135625001878139,2.4416168972701424,27.71684706297061,0.032656056272262646,0.02105527387829531,0.014937273102608242,0.03442598305273109,0.03894472612170474,0.01506272689739177,1.12,1.12,1.12,1.12
0.714140149165422,2.4424181151634277,27.71953366246626,0.032655999860017604,0.02105567584569301,0.01493727320074767,0.03442603946497613,0.03894432415430704,0.015062726799252343,1.12,1.12,1.12,1.12
0.7147180359554774,2.4432194753927003,27.722219859524962,0.0326559434311709,0.021056077947575552,0.014937273298922887,0.03442609589382284,0.0389439220524245,0.015062726701077125,1.12,1.12,1.12,1.12
0.7152961605617061,2.44402097794077,27.724905653963503,0.03265588698571559,0.02105648018401199,0.014937273397133924,0.03442615233927815,0.038943519815988065,0.015062726602866089,1.12,1.12,1.12,1.12
0.7158745229878337,2.4448226227904364,27.727591045598658,0.03265583052364429,0.021056882555073292,0.014937273495380751,0.034426208801349445,0.03894311744492676,0.015062726504619262,1.12,1.12,1.12,1.12
0.7164531232375833,2.445624409924492,27.730276034247133,0.03265577404494974,0.021057285060823328,0.014937273593663425,0.034426265280044,0.038942714939176726,0.015062726406336588,1.12,1.12,1.12,1.12
0.7170319613146763,2.446426339325717,27.73296061972562,0.0326557175496246,0.02105768770133068,0.014937273691981973,0.03442632177536914,0.038942312298669374,0.01506272630801804,1.12,1.12,1.12,1.12
0.7176110372228326,2.4472284109768854,27.735644801850757,0.03265566103766199,0.021058090476664598,0.01493727379033638,0.03442637828733175,0.038941909523335455,0.015062726209663632,1.12,1.12,1.12,1.12
0.7181903509657698,2.4480306248607584,27.738328580439116,0.03265560450905419,0.02105849338689364,0.014937273888726676,0.034426434815939544,0.038941506613106414,0.015062726111273336,1.12,1.12,1.12,1.12
0.7187699025472031,2.448832980960092,27.741011955307275,0.03265554796379422,0.02105889643208253,0.01493727398715286,0.03442649136119952,0.03894110356791752,0.015062726012847152,1.12,1.12,1.12,1.12
0.7193496919708473,2.44963547925763,27.74369492627175,0.03265549140187457,0.021059299612300852,0.014937274085614932,0.034426547923119166,0.0389407003876992,0.01506272591438508,1.12,1.12,1.12,1.12
0.7199297192404139,2.450438119736108,27.746377493148994,0.032655434823288254,0.021059702927615997,0.014937274184112892,0.03442660450170548,0.038940297072384056,0.01506272581588712,1.12,1.12,1.12,1.12
0.7205099843596137,2.4512409023782507,27.74905965575546,0.032655378228027776,0.02106010637809752,0.014937274282646795,0.03442666109696596,0.03893989362190253,0.015062725717353218,1.12,1.12,1.12,1.12
0.7210904873321546,2.452043827166777,27.75174141390753,0.032655321616085975,0.021060509963811647,0.014937274381216642,0.03442671770890776,0.03893949003618841,0.01506272561878337,1.12,1.12,1.12,1.12
0.721671228161743,2.4528468940843937,27.754422767421566,0.03265526498745547,0.021060913684829402,0.01493727447982246,0.03442677433753827,0.03893908631517065,0.015062725520177553,1.12,1.12,1.12,1.12
0.7222522068520837,2.453650103113799,27.75710371611386,0.03265520834212915,0.02106131754121701,0.014937274578464207,0.03442683098286459,0.03893868245878304,0.015062725421535805,1.12,1.12,1.12,1.12
0.7228334234068794,2.4544534542376812,27.75978425980071,0.03265515168009947,0.021061721533043587,0.014937274677141926,0.034426887644894266,0.038938278466956466,0.015062725322858087,1.12,1.12,1.12,1.12
0.7234148778298307,2.4552569474387216,27.762464398298313,0.03265509500135927,0.02106212566037885,0.014937274775855644,0.03442694432363447,0.038937874339621203,0.015062725224144369,1.12,1.12,1.12,1.12
0.7239965701246374,2.4560605826995885,27.765144131422872,0.03265503830590122,0.021062529923287887,0.014937274874605388,0.03442700101909252,0.038937470076712166,0.015062725125394624,1.12,1.12,1.12,1.12
0.7245785002949955,2.4568643600029447,27.76782345899054,0.03265498159371805,0.02106293432184131,0.014937274973391132,0.03442705773127569,0.038937065678158744,0.01506272502660888,1.12,1.12,1.12,1.12
0.7251606683446008,2.4576682793314406,27.770502380817412,0.032654924864802426,0.02106333885610312,0.014937275072212888,0.03442711446019131,0.03893666114389693,0.015062724927787124,1.12,1.12,1.12,1.12
0.7257430742771466,2.4584723406677194,27.773180896719563,0.032654868119147085,0.0210637435261474,0.014937275171070685,0.03442717120584665,0.038936256473852654,0.015062724828929328,1.12,1.12,1.12,1.12
0.7263257180963237,2.4592765439944135,27.775859006513002,0.03265481135674453,0.021064148332040677,0.01493727526996455,0.03442722796824921,0.038935851667959376,0.015062724730035462,1.12,1.12,1.12,1.12
0.7269085998058223,2.460080889294147,27.77853671001372,0.03265475457758771,0.02106455327385051,0.014937275368894484,0.03442728474740603,0.03893544672614954,0.015062724631105529,1.12,1.12,1.12,1.12
0.7274917194093296,2.4608853765495335,27.78121400703767,0.03265469778166896,0.021064958351649038,0.0149372754678605,0.034427341543324774,0.038935041648351015,0.015062724532139513,1.12,1.12,1.12,1.12
0.7280750769105313,2.461690005743178,27.783890897400738,0.0326546409689813,0.02106536356549904,0.014937275566862585,0.03442739835601244,0.03893463643450101,0.015062724433137428,1.12,1.12,1.12,1.12
0.7286586723131111,2.4624947768576773,27.78656738091878,0.03265458413951716,0.02106576891547693,0.014937275665900779,0.034427455185476574,0.038934231084523124,0.015062724334099234,1.12,1.12,1.12,1.12
0.7292425056207513,2.4632996898756163,27.789243457407622,0.03265452729326912,0.021066174401644766,0.014937275764975083,0.034427512031724616,0.03893382559835529,0.01506272423502493,1.12,1.12,1.12,1.12
0.7298265768371318,2.464104744779572,27.79191912668304,0.032654470430230176,0.021066580024073633,0.014937275864085525,0.03442756889476356,0.03893341997592642,0.015062724135914488,1.12,1.12,1.12,1.12
0.7304108859659296,2.464909941552113,27.79459438856078,0.032654413550392725,0.021066985782832004,0.014937275963232077,0.03442762577460101,0.03893301421716805,0.015062724036767935,1.12,1.12,1.12,1.12
0.7309954330108224,2.4657152801757953,27.79726924285653,0.03265435665374955,0.021067391677990405,0.014937276062414809,0.034427682671244186,0.03893260832200965,0.015062723937585204,1.12,1.12,1.12,1.12
0.7315802179754837,2.46652076063317,27.79994368938593,0.03265429974029316,0.021067797709614533,0.014937276161633706,0.03442773958470058,0.03893220229038552,0.015062723838366307,1.12,1.12,1.12,1.12
0.7321652408635864,2.467326382906773,27.80261772796462,0.03265424281001611,0.02106820387777711,0.014937276260888796,0.03442779651497763,0.038931796122222945,0.015062723739111217,1.12,1.12,1.12,1.12
0.7327505016787997,2.4681321469791375,27.80529135840816,0.032654185862911356,0.021068610182544634,0.01493727636018008,0.03442785346208238,0.03893138981745542,0.015062723639819933,1.12,1.12,1.12,1.12
0.7333360004247927,2.468938052832783,27.80796458053206,0.0326541288989714,0.021069016623991244,0.014937276459507515,0.034427910426022335,0.03893098337600881,0.015062723540492498,1.12,1.12,1.12,1.12
0.7339217371052323,2.4697441004502196,27.810637394151836,0.032654071918188754,0.021069423202178528,0.014937276558871199,0.03442796740680498,0.038930576797821526,0.015062723441128814,1.12,1.12,1.12,1.12
0.734507711723783,2.4705502898139486,27.81330979908293,0.03265401492055603,0.02106982991717965,0.014937276658271131,0.03442802440443771,0.0389301700828204,0.015062723341728881,1.12,1.12,1.12,1.12
0.7350939242841075,2.471356620906464,27.815981795140747,0.032653957906065956,0.02107023676906264,0.014937276757707299,0.03442808141892778,0.038929763230937414,0.015062723242292714,1.12,1.12,1.12,1.12
0.7356803747898664,2.472163093710247,27.818653382140646,0.032653900874711206,0.021070643757897023,0.014937276857179715,0.03442813845028253,0.03892935624210303,0.015062723142820297,1.12,1.12,1.12,1.12
0.7362670632447185,2.4729697082077715,27.821324559897963,0.032653843826484286,0.02107105088375183,0.014937276956688408,0.03442819549850945,0.038928949116248224,0.015062723043311604,1.12,1.12,1.12,1.12
0.7368539896523214,2.473776464381501,27.82399532822797,0.032653786761377646,0.021071458146700167,0.014937277056233364,0.03442825256361609,0.038928541853299886,0.015062722943766649,1.12,1.12,1.12,1.12
0.7374411540163287,2.47458336221389,27.82666568694591,0.032653729679384236,0.021071865546807983,0.014937277155814638,0.0344283096456095,0.03892813445319207,0.015062722844185375,1.12,1.12,1.12,1.12
0.7380285563403943,2.475390401687383,27.82933563586699,0.03265367258049645,0.02107227308414522,0.014937277255432202,0.034428366744497285,0.03892772691585483,0.01506272274456781,1.12,1.12,1.12,1.12
0.7386161966281701,2.4761975827844154,27.832005174806365,0.03265361546470702,0.021072680758781437,0.014937277355086098,0.034428423860286717,0.038927319241218616,0.015062722644913915,1.12,1.12,1.12,1.12
0.7392040748833036,2.4770049054874144,27.834674303579142,0.032653558332008226,0.021073088570785325,0.014937277454776299,0.03442848099298551,0.03892691142921473,0.015062722545223714,1.12,1.12,1.12,1.12
0.7397921911094434,2.477812369778795,27.837343022000415,0.03265350118239296,0.02107349652022472,0.014937277554502831,0.03442853814260077,0.03892650347977533,0.015062722445497181,1.12,1.12,1.12,1.12
0.7403805453102339,2.4786199756409655,27.840011329885215,0.03265344401585368,0.02107390460717387,0.014937277654265751,0.03442859530914005,0.03892609539282618,0.015062722345734261,1.12,1.12,1.12,1.12
0.7409691374893191,2.4794277230563218,27.84267922704852,0.032653386832383,0.02107431283169911,0.014937277754065031,0.034428652492610734,0.03892568716830094,0.015062722245934981,1.12,1.12,1.12,1.12
0.7415579676503397,2.480235612007254,27.845346713305297,0.03265332963197337,0.02107472119387127,0.014937277853900713,0.034428709693020365,0.03892527880612878,0.0150627221460993,1.12,1.12,1.12,1.12
0.7421470357969358,2.4810436424761386,27.84801378847046,0.03265327241461752,0.021075129693759714,0.014937277953772782,0.03442876691037622,0.03892487030624034,0.015062722046227231,1.12,1.12,1.12,1.12
0.7427363419327437,2.4818518144453456,27.850680452358866,0.03265321518030806,0.021075538331433497,0.014937278053681238,0.03442882414468568,0.03892446166856656,0.015062721946318774,1.12,1.12,1.12,1.12
0.7433258860613997,2.4826601278972342,27.853346704785334,0.03265315792903728,0.021075947106964144,0.01493727815362611,0.03442888139595646,0.03892405289303591,0.015062721846373903,1.12,1.12,1.12,1.12
0.743915668186538,2.4834685828141536,27.856012545564667,0.03265310066079796,0.02107635602042185,0.014937278253607425,0.034428938664195774,0.038923643979578204,0.015062721746392588,1.12,1.12,1.12,1.12
0.7445056883117884,2.484277179178446,27.858677974511615,0.032653043375582724,0.021076765071875586,0.014937278353625183,0.03442899594941101,0.03892323492812447,0.01506272164637483,1.12,1.12,1.12,1.12
0.745095946440782,2.485085916972441,27.86134299144086,0.032652986073383905,0.021077174261396436,0.014937278453679398,0.03442905325160983,0.03892282573860362,0.015062721546320615,1.12,1.12,1.12,1.12
0.7456864425771461,2.485894796178459,27.864007596167063,0.03265292875419418,0.021077583589052595,0.014937278553770056,0.03442911057079956,0.03892241641094746,0.015062721446229957,1.12,1.12,1.12,1.12
0.7462771767245058,2.4867038167788147,27.866671788504867,0.03265287141800599,0.021077993054912647,0.014937278653897254,0.034429167906987745,0.038922006945087406,0.015062721346102759,1.12,1.12,1.12,1.12
0.7468681488864851,2.4875129787558077,27.869335568268827,0.032652814064811964,0.02107840265905067,0.01493727875406091,0.03442922526018177,0.03892159734094938,0.015062721245939104,1.12,1.12,1.12,1.12
0.7474593590667062,2.488322282091732,27.87199893527349,0.0326527566946046,0.02107881240153653,0.014937278854261063,0.034429282630389135,0.038921187598463525,0.01506272114573895,1.12,1.12,1.12,1.12
0.7480508072687879,2.4891317267688695,27.87466188933335,0.032652699307376354,0.021079222282439414,0.01493727895449773,0.03442934001761738,0.03892077771756064,0.015062721045502284,1.12,1.12,1.12,1.12
0.7486424934963488,2.489941312769495,27.87732443026285,0.03265264190311984,0.02107963230182855,0.014937279054770963,0.0344293974218739,0.038920367698171504,0.01506272094522905,1.12,1.12,1.12,1.12
0.7492344177530049,2.490751040075872,27.879986557876418,0.03265258448182762,0.021080042459775405,0.014937279155080752,0.03442945484316612,0.03891995754022465,0.015062720844919261,1.12,1.12,1.12,1.12
0.7498265800423689,2.491560908670254,27.88264827198841,0.032652527043491975,0.021080452756350787,0.014937279255427094,0.03442951228150176,0.038919547243649266,0.015062720744572919,1.12,1.12,1.12,1.12
0.7504189803680529,2.492370918534887,27.88530957241316,0.03265246958810575,0.021080863191623445,0.01493727935580999,0.03442956973688799,0.03891913680837661,0.015062720644190022,1.12,1.12,1.12,1.12
0.7510116187336671,2.4931810696520063,27.887970458964944,0.03265241211566117,0.02108127376566507,0.014937279456229482,0.03442962720933257,0.03891872623433498,0.01506272054377053,1.12,1.12,1.12,1.12
0.7516044951428196,2.493991362003836,27.890630931458023,0.0326523546261509,0.021081684478543722,0.014937279556685584,0.03442968469884283,0.03891831552145633,0.015062720443314428,1.12,1.12,1.12,1.12
0.7521976095991157,2.4948017955725925,27.893290989706585,0.03265229711956741,0.021082095330333395,0.014937279657178282,0.03442974220542633,0.03891790466966666,0.015062720342821731,1.12,1.12,1.12,1.12
0.7527909621061589,2.4956123703404836,27.89595063352481,0.03265223959590319,0.0210825063211052,0.014937279757707589,0.03442979972909055,0.038917493678894854,0.015062720242292424,1.12,1.12,1.12,1.12
0.7533845526675518,2.4964230862897043,27.898609862726794,0.032652182055150636,0.021082917450927913,0.014937279858273478,0.0344298572698431,0.03891708254907214,0.015062720141726535,1.12,1.12,1.12,1.12
0.7539783812868932,2.497233943402443,27.901268677126623,0.03265212449730237,0.021083328719872063,0.014937279958876046,0.034429914827691366,0.03891667128012799,0.015062720041123967,1.12,1.12,1.12,1.12
0.7545724479677823,2.498044941660876,27.903927076538334,0.032652066922350786,0.02108374012800668,0.014937280059515279,0.03442997240264295,0.038916259871993375,0.015062719940484734,1.12,1.12,1.12,1.12
0.755166752713814,2.498856081047172,27.906585060775914,0.03265200933028839,0.021084151675405394,0.014937280160191177,0.03443002999470535,0.03891584832459466,0.015062719839808836,1.12,1.12,1.12,1.12
0.7557612955285826,2.499667361543488,27.909242629653328,0.032651951721107575,0.02108456336213871,0.014937280260903754,0.03443008760388616,0.038915436637861345,0.015062719739096259,1.12,1.12,1.12,1.12
0.7563560764156793,2.500478783131974,27.91189978298447,0.03265189409480096,0.021084975188276678,0.014937280361653038,0.03443014523019278,0.038915024811723375,0.015062719638346975,1.12,1.12,1.12,1.12
0.7569510953786946,2.501290345794768,27.91455652058322,0.03265183645136094,0.02108538715389352,0.014937280462439056,0.0344302028736328,0.03891461284610653,0.015062719537560956,1.12,1.12,1.12,1.12
0.7575463524212158,2.502102049513999,27.917212842263403,0.03265177879077996,0.021085799259054794,0.014937280563261796,0.034430260534213775,0.03891420074094526,0.015062719436738217,1.12,1.12,1.12,1.12
0.7581418475468287,2.5029138942717872,27.919868747838784,0.03265172111305037,0.02108621150383666,0.014937280664121214,0.03443031821194337,0.03891378849616339,0.0150627193358788,1.12,1.12,1.12,1.12
0.7587375807591171,2.503725880050243,27.922524237123135,0.03265166341816472,0.02108662388830751,0.014937280765017436,0.034430375906829014,0.038913376111692544,0.015062719234982577,1.12,1.12,1.12,1.12
0.7593335520616633,2.504538006831464,27.92517930993013,0.03265160570611564,0.02108703641253762,0.014937280865950392,0.0344304336188781,0.038912963587462435,0.01506271913404962,1.12,1.12,1.12,1.12
0.7599297614580458,2.505350274597543,27.927833966073436,0.03265154797689518,0.02108744907659804,0.014937280966920125,0.03443049134809856,0.03891255092340201,0.015062719033079888,1.12,1.12,1.12,1.12
0.7605262089518435,2.50616268333056,27.93048820536667,0.03265149023049618,0.021087861880562858,0.014937281067926661,0.03443054909449755,0.038912138119437195,0.015062718932073352,1.12,1.12,1.12,1.12
0.7611228945466313,2.506975233012586,27.933142027623408,0.03265143246691071,0.021088274824501485,0.014937281168969946,0.034430606858083024,0.03891172517549857,0.015062718831030067,1.12,1.12,1.12,1.12
0.7617198182459831,2.5077879236256817,27.935795432657184,0.032651374686131496,0.02108868790848445,0.014937281270050048,0.03443066463886224,0.038911312091515604,0.015062718729949964,1.12,1.12,1.12,1.12
0.7623169800534705,2.5086007551519005,27.938448420281475,0.03265131688815087,0.02108910113258436,0.014937281371166969,0.034430722436842864,0.038910898867415694,0.015062718628833044,1.12,1.12,1.12,1.12
0.7629143799726625,2.509413727573283,27.941100990309735,0.03265125907296129,0.021089514496871686,0.014937281472320735,0.034430780252032445,0.03891048550312837,0.015062718527679278,1.12,1.12,1.12,1.12
0.7635120180071273,2.510226840871861,27.943753142555373,0.03265120124055504,0.021089928001419345,0.014937281573511318,0.0344308380844387,0.03891007199858071,0.015062718426488694,1.12,1.12,1.12,1.12
0.7641098941604301,2.511040095029658,27.94640487683175,0.03265114339092451,0.021090341646297806,0.014937281674738762,0.03443089593406923,0.03890965835370225,0.015062718325261251,1.12,1.12,1.12,1.12
0.7647080084361342,2.5118534900286855,27.949056192952185,0.03265108552406237,0.021090755431577873,0.014937281776003092,0.03443095380093136,0.03890924456842218,0.015062718223996921,1.12,1.12,1.12,1.12
0.7653063608378012,2.5126670258509476,27.951707090729958,0.03265102763996064,0.021091169357334655,0.014937281877304281,0.0344310116850331,0.0389088306426654,0.015062718122695731,1.12,1.12,1.12,1.12
0.7659049513689902,2.5134807024784376,27.954357569978306,0.032650969738612146,0.02109158342363432,0.014937281978642386,0.03443106958638159,0.038908416576365734,0.015062718021357627,1.12,1.12,1.12,1.12
0.7665037800332588,2.514294519893138,27.957007630510425,0.0326509118200089,0.02109199763055375,0.01493728208001742,0.03443112750498484,0.038908002369446304,0.015062717919982593,1.12,1.12,1.12,1.12
0.7671028468341622,2.515108478077022,27.959657272139466,0.03265085388414368,0.021092411978160003,0.014937282181429368,0.034431185440850054,0.03890758802184005,0.015062717818570645,1.12,1.12,1.12,1.12
0.7677021517752531,2.5159225770120557,27.96230649467854,0.0326507959310085,0.021092826466529435,0.014937282282878217,0.034431243393985234,0.03890717353347062,0.015062717717121796,1.12,1.12,1.12,1.12
0.7683016948600829,2.516736816680192,27.96495529794072,0.03265073796059603,0.021093241095729937,0.014937282384364009,0.034431301364397704,0.03890675890427012,0.015062717615636004,1.12,1.12,1.12,1.12
0.7689014760922013,2.5175511970633733,27.96760368173903,0.03265067997289839,0.021093655865836225,0.014937282485886771,0.03443135935209535,0.03890634413416383,0.015062717514113241,1.12,1.12,1.12,1.12
0.7695014954751541,2.5183657181435373,27.970251645886435,0.03265062196790813,0.02109407077692016,0.014937282587446532,0.0344314173570856,0.038905929223079894,0.01506271741255348,1.12,1.12,1.12,1.12
0.7701017530124865,2.5191803799026062,27.972899190195893,0.03265056394561766,0.021094485829052823,0.014937282689043235,0.034431475379376075,0.03890551417094723,0.015062717310956777,1.12,1.12,1.12,1.12
0.7707022487077424,2.5199951823224973,27.9755463144803,0.0326505059060192,0.02109490102230449,0.014937282790676937,0.034431533418974536,0.03890509897769556,0.015062717209323076,1.12,1.12,1.12,1.12
0.7713029825644612,2.5208101253851143,27.97819301855252,0.032650447849105146,0.021095316356751992,0.01493728289234765,0.03443159147588859,0.03890468364324806,0.015062717107652362,1.12,1.12,1.12,1.12
0.771903954586183,2.5216252090723517,27.98083930222535,0.03265038977486784,0.021095731832464715,0.014937282994055376,0.0344316495501259,0.03890426816753534,0.015062717005944637,1.12,1.12,1.12,1.12
0.7725051647764432,2.5224404333660972,27.98348516531158,0.03265033168329984,0.021096147449514796,0.014937283095800155,0.0344317076416939,0.03890385255048526,0.015062716904199858,1.12,1.12,1.12,1.12
0.7731066131387774,2.523255798248224,27.98613060762392,0.032650273574393096,0.021096563207975177,0.01493728319758196,0.03443176575060064,0.038903436792024876,0.015062716802418052,1.12,1.12,1.12,1.12
0.7737082996767175,2.5240713037006,27.988775628975077,0.03265021544814045,0.021096979107917135,0.014937283299400791,0.034431823876853285,0.03890302089208292,0.015062716700599221,1.12,1.12,1.12,1.12
0.7743102243937943,2.5248869497050794,27.991420229177677,0.03265015730453369,0.02109739514941139,0.014937283401256732,0.03443188202046005,0.03890260485058866,0.015062716598743281,1.12,1.12,1.12,1.12
0.7749123872935354,2.525702736243509,27.994064408044323,0.03265009914356559,0.021097811332532024,0.014937283503149726,0.034431940181428144,0.03890218866746803,0.015062716496850287,1.12,1.12,1.12,1.12
0.775514788379468,2.5265186632977255,27.996708165387595,0.032650040965228444,0.021098227657351365,0.014937283605079843,0.03443199835976529,0.03890177234264869,0.01506271639492017,1.12,1.12,1.12,1.12
0.7761174276551156,2.527334730849555,27.999351501019984,0.03264998276951431,0.021098644123943272,0.014937283707047055,0.03443205655547943,0.03890135587605678,0.015062716292952957,1.12,1.12,1.12,1.12
0.7767203051240005,2.528150938880813,28.00199441475398,0.032649924556415744,0.021099060732380187,0.014937283809051363,0.03443211476857799,0.038900939267619866,0.01506271619094865,1.12,1.12,1.12,1.12
0.7773234207896424,2.528967287373309,28.004636906402013,0.03264986632592487,0.021099477482734358,0.014937283911092808,0.034432172999068866,0.038900522517265695,0.015062716088907205,1.12,1.12,1.12,1.12
0.77792677465556,2.529783776308836,28.007278975776472,0.03264980807803414,0.021099894375076145,0.014937284013171404,0.0344322312469596,0.03890010562492391,0.01506271598682861,1.12,1.12,1.12,1.12
0.7785303667252681,2.530600405669184,28.00992062268969,0.03264974981273594,0.021100311409482042,0.014937284115287178,0.0344322895122578,0.03889968859051801,0.015062715884712835,1.12,1.12,1.12,1.12
0.779134197002281,2.531417175436128,28.012561846954,0.03264969153002245,0.021100728586020023,0.014937284217440117,0.034432347794971285,0.03889927141398003,0.015062715782559896,1.12,1.12,1.12,1.12
0.7797382654901102,2.5322340855914356,28.01520264838163,0.032649633229885955,0.021101145904767526,0.01493728431963022,0.03443240609510778,0.03889885409523253,0.015062715680369793,1.12,1.12,1.12,1.12
0.7803425721922649,2.533051136116865,28.01784302678482,0.032649574912318846,0.021101563365794218,0.014937284421857502,0.03443246441267489,0.038898436634205835,0.01506271557814251,1.12,1.12,1.12,1.12
0.7809471171122526,2.5338683269941615,28.020482981975746,0.03264951657731313,0.021101980969172762,0.014937284524121963,0.034432522747680605,0.03889801903082729,0.01506271547587805,1.12,1.12,1.12,1.12
0.7815519002535787,2.5346856582050643,28.02312251376653,0.032649458224861594,0.0211023987149786,0.014937284626423658,0.03443258110013214,0.038897601285021455,0.015062715373576355,1.12,1.12,1.12,1.12
0.7821569216197463,2.5355031297312993,28.02576162196927,0.03264939985495613,0.021102816603284225,0.014937284728762615,0.03443263947003761,0.03889718339671583,0.015062715271237398,1.12,1.12,1.12,1.12
0.7827621812142562,2.536320741554585,28.028400306396023,0.03264934146758919,0.021103234634159085,0.01493728483113882,0.03443269785740455,0.03889676536584097,0.015062715168861193,1.12,1.12,1.12,1.12
0.7833676790406074,2.537138493656629,28.031038566858776,0.03264928306275294,0.021103652807678563,0.014937284933552245,0.03443275626224079,0.03889634719232149,0.015062715066447768,1.12,1.12,1.12,1.12
0.783973415102297,2.5379563860191277,28.0336764031695,0.032649224640439733,0.02110407112391885,0.014937285036002945,0.034432814684554,0.038895928876081204,0.015062714963997068,1.12,1.12,1.12,1.12
0.7845793894028192,2.53877441862377,28.03631381514012,0.03264916620064179,0.021104489582950026,0.014937285138490894,0.03443287312435195,0.03889551041705003,0.015062714861509119,1.12,1.12,1.12,1.12
0.7851856019456671,2.5395925914522324,28.038950802582512,0.032649107743351335,0.021104908184847282,0.014937285241016174,0.0344329315816424,0.03889509181515277,0.015062714758983839,1.12,1.12,1.12,1.12
0.785792052734331,2.5404109044861833,28.0415873653085,0.03264904926856066,0.021105326929680007,0.014937285343578757,0.03443299005643308,0.038894673070320046,0.015062714656421256,1.12,1.12,1.12,1.12
0.7863987417722985,2.5412293577072806,28.04422350312989,0.0326489907762621,0.021105745817525556,0.014937285446178616,0.03443304854873164,0.0388942541824745,0.015062714553821396,1.12,1.12,1.12,1.12
0.7870056690630565,2.542047951097172,28.046859215858422,0.03264893226644794,0.021106164848457204,0.01493728554881582,0.0344331070585458,0.03889383515154285,0.015062714451184192,1.12,1.12,1.12,1.12
0.7876128346100888,2.5428666846374948,28.04949450330581,0.032648873739110185,0.021106584022545782,0.014937285651490356,0.03443316558588355,0.03889341597745427,0.015062714348509657,1.12,1.12,1.12,1.12
0.7882202384168775,2.5436855583098765,28.052129365283697,0.03264881519424123,0.021107003339867175,0.01493728575420225,0.034433224130752504,0.03889299666013288,0.015062714245797762,1.12,1.12,1.12,1.12
0.7888278804869021,2.544504572095936,28.054763801603727,0.03264875663183331,0.021107422800493297,0.014937285856951504,0.03443328269316043,0.038892577199506756,0.015062714143048508,1.12,1.12,1.12,1.12
0.7894357608236402,2.54532372597728,28.057397812077458,0.032648698051878644,0.021107842404497812,0.014937285959738117,0.03443334127311509,0.03889215759550224,0.015062714040261896,1.12,1.12,1.12,1.12
0.7900438794305675,2.546143019935507,28.06003139651644,0.03264863945436941,0.021108262151952523,0.014937286062562116,0.034433399870624326,0.03889173784804753,0.015062713937437897,1.12,1.12,1.12,1.12
0.7906522363111567,2.546962453952204,28.062664554732162,0.032648580839297836,0.021108682042936866,0.014937286165423502,0.0344334584856959,0.03889131795706319,0.01506271383457651,1.12,1.12,1.12,1.12
0.7912608314688798,2.547782028008949,28.06529728653607,0.032648522206656205,0.021109102077517927,0.014937286268322345,0.03443351711833753,0.038890897922482126,0.015062713731677668,1.12,1.12,1.12,1.12
0.7918696649072058,2.5486017420873104,28.06792959173956,0.03264846355643658,0.021109522255773616,0.014937286371258601,0.034433575768557156,0.03889047774422644,0.015062713628741412,1.12,1.12,1.12,1.12
0.7924787366296008,2.5494215961688447,28.070561470154,0.032648404888631355,0.021109942577772878,0.014937286474232273,0.03443363443636238,0.038890057422227176,0.01506271352576774,1.12,1.12,1.12,1.12
0.79308804663953,2.5502415902350997,28.07319292159072,0.03264834620323276,0.021110363043594566,0.0149372865772434,0.03443369312176098,0.03888963695640549,0.015062713422756613,1.12,1.12,1.12,1.12
0.7936975949404554,2.551061724267614,28.075823945860993,0.03264828750023291,0.021110783653311815,0.01493728668029197,0.03443375182476083,0.03888921634668824,0.015062713319708043,1.12,1.12,1.12,1.12
0.7943073815358389,2.551881998247914,28.078454542776036,0.032648228779623756,0.021111204407001594,0.014937286783378051,0.03443381054536998,0.03888879559299846,0.015062713216621962,1.12,1.12,1.12,1.12
0.794917406429137,2.552702412157517,28.08108471214706,0.03264817004139797,0.021111625304731263,0.014937286886501588,0.034433869283595764,0.03888837469526879,0.015062713113498424,1.12,1.12,1.12,1.12
0.7955276696238066,2.5535229659779306,28.083714453785202,0.03264811128554734,0.021112046346579372,0.01493728698966261,0.03443392803944639,0.03888795365342068,0.015062713010337403,1.12,1.12,1.12,1.12
0.7961381711233013,2.554343659690653,28.086343767501567,0.03264805251206426,0.02111246753262125,0.014937287092861185,0.034433986812929473,0.038887532467378805,0.015062712907138828,1.12,1.12,1.12,1.12
0.7967489109310736,2.5551644932771698,28.088972653107213,0.03264799372094085,0.02111288886292395,0.014937287196097257,0.03443404560405289,0.0388871111370761,0.015062712803902756,1.12,1.12,1.12,1.12
0.797359889050572,2.5559854667189583,28.091601110413166,0.03264793491216922,0.021113310337567442,0.014937287299370869,0.03443410441282452,0.03888668966243261,0.015062712700629144,1.12,1.12,1.12,1.12
0.797971105485244,2.5568065799974877,28.094229139230404,0.0326478760857416,0.02111373195662436,0.01493728740268202,0.034434163239252136,0.038886268043375694,0.015062712597317993,1.12,1.12,1.12,1.12
0.7985825602385352,2.557627833094212,28.096856739369844,0.03264781724165011,0.02111415372017142,0.014937287506030711,0.034434222083343624,0.038885846279828634,0.015062712493969302,1.12,1.12,1.12,1.12
0.7991942533138888,2.558449225990579,28.099483910642384,0.03264775837988704,0.02111457562827812,0.01493728760941701,0.0344342809451067,0.03888542437172193,0.015062712390583002,1.12,1.12,1.12,1.12
0.7998061847147451,2.5592707586680263,28.102110652858862,0.03264769950044433,0.021114997681023207,0.014937287712840877,0.03443433982454941,0.03888500231897685,0.015062712287159136,1.12,1.12,1.12,1.12
0.8004183544445431,2.5600924311079787,28.104736965830078,0.032647640603314376,0.02111541987847776,0.014937287816302297,0.03443439872167936,0.038884580121522294,0.015062712183697716,1.12,1.12,1.12,1.12
0.8010307625067187,2.560914243291854,28.107362849366805,0.03264758168848919,0.021115842220719716,0.014937287919801312,0.034434457636504545,0.03888415777928034,0.0150627120801987,1.12,1.12,1.12,1.12
0.8016434089047068,2.561736195201058,28.10998830327975,0.032647522755960834,0.021116264707822685,0.014937288023337991,0.0344345165690329,0.03888373529217737,0.015062711976662022,1.12,1.12,1.12,1.12
0.8022562936419391,2.562558286816987,28.112613327379584,0.03264746380572153,0.021116687339865187,0.014937288126912251,0.034434575519272204,0.03888331266013487,0.015062711873087761,1.12,1.12,1.12,1.12
0.8028694167218454,2.5633805181210265,28.115237921476943,0.03264740483776346,0.021117110116912974,0.014937288230524176,0.034434634487230276,0.03888288988308708,0.015062711769475837,1.12,1.12,1.12,1.12
0.8034827781478537,2.564202889094553,28.1178620853824,0.032647345852078735,0.021117533039048342,0.014937288334173779,0.034434693472915,0.03888246696095171,0.015062711665826234,1.12,1.12,1.12,1.12
0.8040963779233895,2.5650253997189316,28.120485818906502,0.032647286848659474,0.021117956106343372,0.014937288437861046,0.03443475247633426,0.03888204389365668,0.015062711562138967,1.12,1.12,1.12,1.12
0.8047102160518759,2.5658480499755174,28.123109121859763,0.03264722782749763,0.02111837931887295,0.01493728854158595,0.03443481149749611,0.038881620681127105,0.015062711458414063,1.12,1.12,1.12,1.12
0.8053242925367343,2.5666708398456564,28.125731994052614,0.032647168788585534,0.021118802676709514,0.014937288645348573,0.0344348705364082,0.03888119732329054,0.01506271135465144,1.12,1.12,1.12,1.12
0.8059386073813828,2.5674937693106834,28.128354435295478,0.03264710973191515,0.021119226179929007,0.014937288749148903,0.03443492959307859,0.038880773820071046,0.01506271125085111,1.12,1.12,1.12,1.12
0.8065531605892388,2.568316838351924,28.130976445398723,0.03264705065747869,0.021119649828608894,0.014937288852986952,0.03443498866751504,0.03888035017139116,0.015062711147013061,1.12,1.12,1.12,1.12
0.8071679521637158,2.5691400469506918,28.133598024172677,0.03264699156526829,0.02112007362282342,0.014937288956862693,0.034435047759725446,0.03887992637717663,0.01506271104313732,1.12,1.12,1.12,1.12
0.8077829821082272,2.569963395088292,28.13621917142762,0.032646932455276,0.021120497562649276,0.014937289060776182,0.034435106869717735,0.03887950243735078,0.01506271093922383,1.12,1.12,1.12,1.12
0.8083982504261821,2.5707868827460185,28.138839886973773,0.03264687332749372,0.02112092164815571,0.014937289164727419,0.03443516599750002,0.03887907835184434,0.015062710835272594,1.12,1.12,1.12,1.12
0.8090137571209888,2.5716105099051556,28.141460170621368,0.0326468141819139,0.02112134587942474,0.01493728926871643,0.03443522514307984,0.03887865412057531,0.015062710731283582,1.12,1.12,1.12,1.12
0.8096295021960522,2.5724342765469776,28.144080022180525,0.032646755018528206,0.021121770256524924,0.014937289372743218,0.03443528430646553,0.03887822974347513,0.015062710627256795,1.12,1.12,1.12,1.12
0.8102454856547763,2.573258182652748,28.146699441461358,0.0326466958373291,0.02112219477953431,0.014937289476807794,0.03443534348766464,0.038877805220465744,0.015062710523192219,1.12,1.12,1.12,1.12
0.8108617075005621,2.5740822282037192,28.149318428273936,0.03264663663830847,0.02112261944852989,0.014937289580910187,0.03443540268668527,0.038877380551470164,0.015062710419089825,1.12,1.12,1.12,1.12
0.8114781677368076,2.574906413181136,28.151936982428282,0.03264657742145838,0.02112304426358863,0.01493728968505037,0.03443546190353536,0.03887695573641142,0.015062710314949643,1.12,1.12,1.12,1.12
0.8120948663669104,2.5757307375662295,28.154555103734367,0.03264651818677089,0.02112346922478281,0.014937289789228342,0.03443552113822285,0.038876530775217244,0.015062710210771671,1.12,1.12,1.12,1.12
0.8127118033942647,2.5765552013402235,28.157172792002115,0.03264645893423829,0.021123894332189336,0.0149372898934442,0.03443558039075545,0.03887610566781072,0.015062710106555813,1.12,1.12,1.12,1.12
0.8133289788222623,2.5773798044843304,28.15979004704144,0.032646399663852244,0.021124319585881457,0.014937289997697875,0.03443563966114149,0.038875680414118596,0.015062710002302138,1.12,1.12,1.12,1.12
0.8139463926542935,2.578204546979751,28.162406868662163,0.03264634037560499,0.021124744985939747,0.014937290101989437,0.03443569894938875,0.038875255014060306,0.015062709898010576,1.12,1.12,1.12,1.12
0.8145640448937455,2.579029428807679,28.165023256674104,0.03264628106948875,0.021125170532432513,0.014937290206318843,0.03443575825550499,0.03887482946756754,0.01506270979368117,1.12,1.12,1.12,1.12
0.815181935544004,2.5798544499492944,28.167639210887017,0.03264622174549525,0.02112559622544058,0.014937290310686108,0.034435817579498484,0.038874403774559474,0.015062709689313905,1.12,1.12,1.12,1.12
0.8158000646084528,2.580679610385769,28.170254731110607,0.032646162403616785,0.021126022065039496,0.014937290415091287,0.03443587692137695,0.03887397793496056,0.015062709584908726,1.12,1.12,1.12,1.12
0.8164184320904714,2.581504910098264,28.17286981715456,0.03264610304384519,0.021126448051302815,0.014937290519534407,0.03443593628114855,0.03887355194869724,0.015062709480465605,1.12,1.12,1.12,1.12
0.8170370379934391,2.582330349067931,28.175484468828493,0.03264604366617263,0.021126874184308864,0.014937290624015415,0.034435995658821106,0.03887312581569119,0.015062709375984598,1.12,1.12,1.12,1.12
0.8176558823207327,2.5831559272759086,28.178098685941993,0.032645984270591066,0.021127300464134413,0.01493729072853435,0.03443605505440267,0.03887269953586564,0.015062709271465663,1.12,1.12,1.12,1.12
0.8182749650757262,2.583981644703327,28.180712468304595,0.032645924857092556,0.021127726890849463,0.014937290833091255,0.03443611446790118,0.03887227310915059,0.015062709166908758,1.12,1.12,1.12,1.12
0.8188942862617911,2.5848075013313063,28.183325815725798,0.03264586542566911,0.02112815346453617,0.014937290937686074,0.03443617389932463,0.03887184653546388,0.01506270906231394,1.12,1.12,1.12,1.12
0.8195138458822971,2.585633497140956,28.185938728015067,0.032645805976312725,0.021128580185269807,0.014937291042318848,0.03443623334868101,0.038871419814730246,0.015062708957681165,1.12,1.12,1.12,1.12
0.8201336439406121,2.586459632113374,28.188551204981792,0.03264574650901536,0.021129007053125426,0.014937291146989634,0.034436292815978375,0.03887099294687463,0.015062708853010379,1.12,1.12,1.12,1.12
0.8207536804401004,2.5872859062296514,28.191163246435345,0.03264568702376913,0.02112943406817519,0.014937291251698431,0.034436352301224604,0.03887056593182486,0.015062708748301581,1.12,1.12,1.12,1.12
0.8213739553841249,2.5881123194708646,28.193774852185037,0.032645627520566045,0.021129861230500535,0.014937291356445184,0.03443641180442769,0.03887013876949952,0.015062708643554829,1.12,1.12,1.12,1.12
0.8219944687760468,2.5889388718180815,28.196386022040166,0.032645567999397884,0.021130288540176956,0.01493729146122992,0.03443647132559585,0.0388697114598231,0.015062708538770092,1.12,1.12,1.12,1.12
0.8226152206192237,2.58976556325236,28.198996755809947,0.03264550846025677,0.021130715997281446,0.014937291566052682,0.03443653086473697,0.03886928400271861,0.01506270843394733,1.12,1.12,1.12,1.12
0.8232362109170115,2.590592393754749,28.201607053303572,0.032645448903134644,0.021131143601888697,0.014937291670913524,0.03443659042185909,0.03886885639811136,0.015062708329086488,1.12,1.12,1.12,1.12
0.8238574396727643,2.5914193633062816,28.204216914330186,0.03264538932802363,0.02113157135407534,0.014937291775812378,0.0344366499969701,0.03886842864592471,0.015062708224187635,1.12,1.12,1.12,1.12
0.8244789068898335,2.5922464718879876,28.206826338698896,0.03264532973491552,0.021131999253916955,0.014937291880749298,0.03443670959007822,0.0388680007460831,0.015062708119250715,1.12,1.12,1.12,1.12
0.8251006125715684,2.5930737194808824,28.20943532621875,0.03264527012380242,0.02113242730149012,0.014937291985724327,0.03443676920119132,0.03886757269850993,0.015062708014275686,1.12,1.12,1.12,1.12
0.8257225567213151,2.5939011060659705,28.212043876698775,0.032645210494676224,0.021132855496874187,0.014937292090737436,0.03443682883031751,0.03886714450312587,0.015062707909262577,1.12,1.12,1.12,1.12
0.826344739342418,2.594728631624248,28.21465198994792,0.03264515084752884,0.02113328384014479,0.014937292195788598,0.0344368884774649,0.038866716159855264,0.015062707804211414,1.12,1.12,1.12,1.12
0.8269671604382203,2.5955562961367,28.217259665775124,0.032645091182352315,0.021133712331376953,0.014937292300877897,0.03443694814264142,0.0388662876686231,0.015062707699122116,1.12,1.12,1.12,1.12
0.8275898200120612,2.596384099584299,28.21986690398926,0.032645031499138666,0.02113414097064925,0.014937292406005276,0.03443700782585507,0.0388658590293508,0.015062707593994737,1.12,1.12,1.12,1.12
0.8282127180672788,2.5972120419480116,28.222473704399178,0.03264497179787973,0.021134569758036875,0.014937292511170805,0.03443706752711401,0.03886543024196318,0.015062707488829208,1.12,1.12,1.12,1.12
0.8288358546072079,2.59804012320879,28.22508006681365,0.0326449120785674,0.021134998693617346,0.01493729261637447,0.034437127246426336,0.03886500130638271,0.015062707383625543,1.12,1.12,1.12,1.12
0.8294592296351821,2.5988683433475774,28.227685991041437,0.03264485234119363,0.021135427777467797,0.014937292721616327,0.034437186983800105,0.038864572222532257,0.015062707278383686,1.12,1.12,1.12,1.12
0.830082843154532,2.5996967023453066,28.230291476891246,0.03264479258575048,0.02113585700966264,0.01493729282689632,0.034437246739243255,0.038864142990337414,0.015062707173103693,1.12,1.12,1.12,1.12
0.8307066951685853,2.600525200182899,28.23289652417173,0.03264473281222979,0.021136286390284947,0.014937292932214463,0.03443730651276394,0.038863713609715106,0.01506270706778555,1.12,1.12,1.12,1.12
0.8313307856806686,2.6013538368412674,28.235501132691496,0.032644673020623516,0.02113671591940408,0.014937293037570826,0.03443736630437022,0.03886328408059597,0.015062706962429187,1.12,1.12,1.12,1.12
0.8319551146941055,2.602182612301313,28.23810530225914,0.032644613210923434,0.021137145597102364,0.014937293142965408,0.0344374261140703,0.03886285440289769,0.015062706857034605,1.12,1.12,1.12,1.12
0.8325796822122182,2.6030115265439258,28.240709032683167,0.032644553383121666,0.0211375754234569,0.014937293248398181,0.03443748594187207,0.03886242457654315,0.015062706751601831,1.12,1.12,1.12,1.12
0.8332044882383246,2.6038405795499866,28.243312323772074,0.032644493537209995,0.02113800539854252,0.014937293353869188,0.03443754578778374,0.038861994601457533,0.015062706646130825,1.12,1.12,1.12,1.12
0.8338295327757422,2.6046697713003657,28.245915175334297,0.03264443367318043,0.02113843552243988,0.014937293459378428,0.03443760565181331,0.03886156447756017,0.015062706540621584,1.12,1.12,1.12,1.12
0.8344548158277854,2.6054991017759215,28.248517587178224,0.03264437379102475,0.02113886579522456,0.014937293564925916,0.034437665533968986,0.038861134204775494,0.015062706435074097,1.12,1.12,1.12,1.12
0.8350803373977653,2.606328570957503,28.25111955911221,0.032644313890735244,0.021139296216971748,0.014937293670511581,0.03443772543425849,0.038860703783028305,0.015062706329488432,1.12,1.12,1.12,1.12
0.835706097488991,2.607158178825948,28.253721090944577,0.03264425397230453,0.02113972678776141,0.014937293776135369,0.03443778535268921,0.038860273212238644,0.015062706223864644,1.12,1.12,1.12,1.12
0.8363320961047696,2.6079879253620843,28.256322182483572,0.03264419403572416,0.021140157507672813,0.01493729388179732,0.034437845289269575,0.03885984249232724,0.015062706118202693,1.12,1.12,1.12,1.12
0.8369583332484063,2.6088178105467295,28.258922833537405,0.032644134080986376,0.021140588376781566,0.014937293987497394,0.03443790524400736,0.03885941162321849,0.015062706012502619,1.12,1.12,1.12,1.12
0.8375848089232042,2.6096478343606897,28.261523043914274,0.03264407410808279,0.021141019395167188,0.014937294093235631,0.03443796521691095,0.038858980604832866,0.015062705906764381,1.12,1.12,1.12,1.12
0.8382115231324634,2.6104779967847622,28.264122813422286,0.03264401411700535,0.021141450562903702,0.01493729419901206,0.03443802520798839,0.03885854943709635,0.015062705800987952,1.12,1.12,1.12,1.12
0.8388384758794821,2.611308297799731,28.266722141869536,0.032643954107745954,0.02114188188006988,0.014937294304826668,0.03443808521724778,0.038858118119930174,0.015062705695173345,1.12,1.12,1.12,1.12
0.8394656671675567,2.6121387373863723,28.26932102906406,0.032643894080296276,0.021142313346747793,0.01493729441067948,0.03443814524469746,0.03885768665325226,0.015062705589320532,1.12,1.12,1.12,1.12
0.84009309699998,2.6129693155254503,28.271919474813853,0.03264383403464832,0.021142744963009052,0.014937294516570526,0.034438205290345414,0.038857255036991,0.015062705483429487,1.12,1.12,1.12,1.12
0.8407207653800427,2.6138000321977195,28.274517478926853,0.03264377397079399,0.021143176728934454,0.014937294622499792,0.03443826535419975,0.0388568232710656,0.015062705377500221,1.12,1.12,1.12,1.12
0.841348672311034,2.6146308873839232,28.277115041210998,0.032643713888725,0.02114360864460335,0.014937294728467318,0.034438325436268735,0.0388563913553967,0.015062705271532695,1.12,1.12,1.12,1.12
0.8419768177962402,2.615461881064793,28.279712161474116,0.03264365378843315,0.02114404071009121,0.01493729483447312,0.03443838553656059,0.03885595928990884,0.015062705165526893,1.12,1.12,1.12,1.12
0.8426052018389454,2.6162930132210525,28.282308839524053,0.03264359366991043,0.021144472925477054,0.014937294940517154,0.034438445655083305,0.038855527074523,0.015062705059482859,1.12,1.12,1.12,1.12
0.8432338244424309,2.6171242838334123,28.284905075168545,0.03264353353314853,0.021144905290838734,0.014937295046599491,0.03443850579184521,0.03885509470916132,0.015062704953400521,1.12,1.12,1.12,1.12
0.843862685609976,2.6179556928825742,28.287500868215353,0.03264347337813933,0.02114533780625455,0.014937295152720131,0.034438565946854405,0.038854662193745504,0.015062704847279881,1.12,1.12,1.12,1.12
0.8444917853448577,2.6187872403492287,28.290096218472147,0.03264341320487457,0.021145770471804326,0.014937295258879116,0.034438626120119165,0.03885422952819573,0.015062704741120897,1.12,1.12,1.12,1.12
0.8451211236503504,2.6196189262140552,28.292691125746572,0.0326433530133462,0.021146203287564447,0.01493729536507643,0.03443868631164754,0.038853796712435607,0.015062704634923582,1.12,1.12,1.12,1.12
0.8457507005297265,2.6204507504577226,28.295285589846205,0.032643292803546,0.021146636253613293,0.014937295471312104,0.03443874652144774,0.03885336374638676,0.015062704528687909,1.12,1.12,1.12,1.12
0.8463805159862553,2.6212827130608893,28.297879610578622,0.03264323257546564,0.021147069370030802,0.014937295577586135,0.034438806749528095,0.03885293062996925,0.015062704422413878,1.12,1.12,1.12,1.12
0.8470105700232043,2.6221148140042043,28.300473187751304,0.032643172329097137,0.02114750263689283,0.014937295683898524,0.0344388669958966,0.038852497363107225,0.015062704316101488,1.12,1.12,1.12,1.12
0.8476408626438389,2.622947053268304,28.30306632117172,0.032643112064431934,0.021147936054276922,0.014937295790249272,0.0344389272605618,0.03885206394572313,0.01506270420975074,1.12,1.12,1.12,1.12
0.8482713938514209,2.6237794308338156,28.305659010647283,0.03264305178146215,0.021148369622260993,0.014937295896638475,0.034438987543531585,0.03885163037773906,0.015062704103361538,1.12,1.12,1.12,1.12
0.8489021636492112,2.6246119466813536,28.30825125598536,0.03264299148017952,0.02114880334092878,0.014937296003066092,0.03443904784481422,0.038851196659071274,0.015062703996933921,1.12,1.12,1.12,1.12
0.8495331720404673,2.625444600791525,28.310843056993292,0.032642931160575706,0.021149237210356164,0.014937296109532136,0.03443910816441803,0.03885076278964389,0.015062703890467877,1.12,1.12,1.12,1.12
0.8501644190284443,2.626277393144924,28.313434413478337,0.03264287082264239,0.021149671230621836,0.014937296216036608,0.03443916850235135,0.03885032876937822,0.015062703783963405,1.12,1.12,1.12,1.12
0.8507959046163965,2.627110323722134,28.316025325247754,0.032642810466371686,0.02115010540180523,0.014937296322579563,0.03443922885862205,0.03884989459819482,0.01506270367742045,1.12,1.12,1.12,1.12
0.8514276288075726,2.6279433925037283,28.318615792108716,0.0326427500917551,0.021150539723983425,0.014937296429160973,0.034439289233238635,0.03884946027601663,0.01506270357083904,1.12,1.12,1.12,1.12
0.8520595916052222,2.6287765994702696,28.32120581386838,0.03264268969878442,0.021150974197236994,0.014937296535780867,0.034439349626209315,0.03884902580276306,0.015062703464219146,1.12,1.12,1.12,1.12
0.8526917930125905,2.6296099446023105,28.323795390333846,0.032642629287451486,0.021151408821643958,0.014937296642439257,0.03443941003754225,0.038848591178356096,0.015062703357560756,1.12,1.12,1.12,1.12
0.8533242330329209,2.630443427880391,28.326384521312168,0.03264256885774797,0.02115184359728317,0.014937296749136159,0.03443947046724577,0.03884815640271688,0.015062703250863854,1.12,1.12,1.12,1.12
0.853956911669455,2.631277049285042,28.328973206610357,0.032642508409665594,0.021152278524233514,0.014937296855871612,0.03443953091532814,0.03884772147576654,0.0150627031441284,1.12,1.12,1.12,1.12
0.8545898289254308,2.6321108087967833,28.33156144603538,0.03264244794319626,0.02115271360257498,0.014937296962645577,0.034439591381797474,0.038847286397425074,0.015062703037354436,1.12,1.12,1.12,1.12
0.8552229848040842,2.6329447063961235,28.33414923939417,0.032642387458331534,0.021153148832385726,0.014937297069458122,0.0344396518666622,0.03884685116761433,0.01506270293054189,1.12,1.12,1.12,1.12
0.8558563793086494,2.633778742063561,28.336736586493583,0.03264232695506325,0.02115358421374572,0.014937297176309206,0.034439712369930486,0.038846415786254335,0.015062702823690807,1.12,1.12,1.12,1.12
0.8564900124423579,2.6346129157795835,28.339323487140465,0.03264226643338303,0.02115401974673406,0.01493729728319887,0.03443977289161071,0.038845980253265994,0.015062702716801143,1.12,1.12,1.12,1.12
0.8571238842084384,2.6354472275246668,28.3419099411416,0.032642205893282705,0.021154455431426605,0.014937297390127141,0.03443983343171103,0.03884554456857345,0.015062702609872872,1.12,1.12,1.12,1.12
0.8577579946101171,2.636281677279279,28.344495948303738,0.03264214533475407,0.02115489126790626,0.014937297497094035,0.03443989399023967,0.03884510873209379,0.015062702502905978,1.12,1.12,1.12,1.12
0.8583923436506181,2.637116265023873,28.347081508433554,0.03264208475778857,0.021155327256250467,0.014937297604099495,0.03443995456720517,0.038844672743749586,0.015062702395900518,1.12,1.12,1.12,1.12
0.8590269313331625,2.6379509907388954,28.34966662133773,0.03264202416237816,0.021155763396541294,0.014937297711143632,0.03444001516261558,0.03884423660345876,0.01506270228885638,1.12,1.12,1.12,1.12
0.8596617576609709,2.6387858544047775,28.352251286822842,0.03264196354851445,0.02115619968885729,0.014937297818226392,0.034440075776479284,0.03884380031114276,0.015062702181773621,1.12,1.12,1.12,1.12
0.8602968226372583,2.6396208560019443,28.354835504695476,0.032641902916189125,0.021156636133277007,0.014937297925347842,0.03444013640880461,0.038843363866723046,0.01506270207465217,1.12,1.12,1.12,1.12
0.8609321262652403,2.6404559955108065,28.35741927476213,0.032641842265393906,0.02115707272988182,0.014937298032507956,0.03444019705959983,0.03884292727011823,0.015062701967492056,1.12,1.12,1.12,1.12
0.8615676685481282,2.641291272911765,28.36000259682929,0.03264178159612041,0.021157509478750336,0.014937298139706762,0.034440257728873325,0.03884249052124972,0.015062701860293251,1.12,1.12,1.12,1.12
0.862203449489131,2.642126688185213,28.362585470703376,0.03264172090836043,0.021157946379961212,0.014937298246944286,0.03444031841663331,0.03884205362003884,0.015062701753055727,1.12,1.12,1.12,1.12
0.862839469091456,2.642962241311527,28.36516789619077,0.03264166020210563,0.021158383433590833,0.014937298354220502,0.03444037912288811,0.03884161656640922,0.015062701645779511,1.12,1.12,1.12,1.12
0.863475727358308,2.643797932271077,28.367749873097804,0.03264159947734763,0.021158820639725323,0.014937298461535423,0.03444043984764611,0.03884117936027473,0.01506270153846459,1.12,1.12,1.12,1.12
0.8641122242928886,2.6446337610442208,28.370331401230768,0.03264153873407827,0.021159257998445147,0.014937298568889062,0.03444050059091547,0.038840742001554907,0.01506270143111095,1.12,1.12,1.12,1.12
0.8647489598983976,2.6454697276113066,28.37291248039592,0.032641477972288835,0.02115969550982641,0.014937298676281463,0.0344405613527049,0.038840304490173644,0.01506270132371855,1.12,1.12,1.12,1.12
0.8653859341780316,2.6463058319526698,28.375493110399443,0.03264141719197139,0.02116013317394913,0.014937298783712596,0.03444062213302235,0.03883986682605092,0.015062701216287416,1.12,1.12,1.12,1.12
0.8660231471349855,2.647142074048636,28.378073291047507,0.03264135639311749,0.021160570990893385,0.014937298891182504,0.03444068293187624,0.03883942900910667,0.015062701108817508,1.12,1.12,1.12,1.12
0.866660598772452,2.6479784538795195,28.380653022146213,0.03264129557571854,0.021161008960740052,0.014937298998691229,0.03444074374927519,0.03883899103926,0.015062701001308784,1.12,1.12,1.12,1.12
0.8672982890936201,2.6488149714256246,28.38323230350162,0.032641234739766545,0.021161447083569263,0.014937299106238727,0.03444080458522719,0.03883855291643079,0.015062700893761286,1.12,1.12,1.12,1.12
0.8679362181016773,2.6496516266672443,28.385811134919763,0.032641173885253005,0.021161885359462895,0.014937299213825056,0.03444086543974073,0.03883811464053716,0.015062700786174957,1.12,1.12,1.12,1.12
0.8685743857998083,2.65048841958466,28.388389516206598,0.03264111301216943,0.021162323788498277,0.014937299321450201,0.034440926312824305,0.038837676211501776,0.015062700678549812,1.12,1.12,1.12,1.12
0.8692127921911954,2.6513253501581433,28.390967447168066,0.03264105212050755,0.021162762370759314,0.014937299429114176,0.034440987204486184,0.03883723762924074,0.015062700570885837,1.12,1.12,1.12,1.12
0.8698514372790189,2.6521624183679537,28.393544927610037,0.03264099121025904,0.021163201106323443,0.014937299536817022,0.034441048114734696,0.03883679889367661,0.01506270046318299,1.12,1.12,1.12,1.12
0.8704903210664547,2.6529996241943414,28.39612195733836,0.03264093028141546,0.0211636399952711,0.014937299644558727,0.03444110904357828,0.038836360004728954,0.015062700355441286,1.12,1.12,1.12,1.12
0.8711294435566792,2.6538369676175444,28.39869853615883,0.03264086933396837,0.02116407903768522,0.014937299752339317,0.03444116999102537,0.038835920962314835,0.015062700247660696,1.12,1.12,1.12,1.12
0.8717688047528642,2.6546744486177896,28.40127466387717,0.03264080836790956,0.02116451823364185,0.014937299860158793,0.03444123095708418,0.038835481766358204,0.01506270013984122,1.12,1.12,1.12,1.12
0.8724084046581795,2.6555120671752945,28.40385034029911,0.03264074738323064,0.021164957583225008,0.014937299968017181,0.0344412919417631,0.038835042416775045,0.015062700031982831,1.12,1.12,1.12,1.12
0.8730482432757918,2.656349823270265,28.406425565230286,0.032640686379922956,0.021165397086514437,0.01493730007591447,0.03444135294507078,0.038834602913485616,0.015062699924085543,1.12,1.12,1.12,1.12
0.8736883206088669,2.657187716882894,28.40900033847631,0.03264062535797835,0.02116583674358974,0.014937300183850699,0.03444141396701539,0.038834163256410315,0.015062699816149314,1.12,1.12,1.12,1.12
0.8743286366605663,2.658025747993367,28.411574659842763,0.032640564317388265,0.021166276554535235,0.01493730029182587,0.03444147500760547,0.03883372344546482,0.015062699708174143,1.12,1.12,1.12,1.12
0.8749691914340505,2.658863916581856,28.41414852913514,0.03264050325814449,0.02116671651942703,0.014937300399839953,0.03444153606684924,0.03883328348057302,0.01506269960016006,1.12,1.12,1.12,1.12
0.8756099849324767,2.6597022226285234,28.416721946158933,0.03264044218023837,0.021167156638348672,0.014937300507893006,0.034441597144755365,0.03883284336165138,0.015062699492107007,1.12,1.12,1.12,1.12
0.8762510171589999,2.660540666113519,28.41929491071955,0.032640381083661685,0.021167596911380038,0.014937300615985014,0.03444165824133205,0.038832403088620016,0.015062699384015,1.12,1.12,1.12,1.12
0.876892288116772,2.661379247016983,28.421867422622395,0.03264031996840594,0.021168037338606394,0.014937300724116045,0.0344417193565878,0.03883196266139366,0.015062699275883967,1.12,1.12,1.12,1.12
0.8775337978089421,2.662217965319046,28.424439481672792,0.03264025883446264,0.02116847792010229,0.014937300832286046,0.03444178049053109,0.03883152207989776,0.015062699167713967,1.12,1.12,1.12,1.12
0.878175546238659,2.6630568209998233,28.42701108767603,0.032640197681823524,0.021168918655951607,0.014937300940495057,0.03444184164317021,0.038831081344048446,0.015062699059504955,1.12,1.12,1.12,1.12
0.8788175334090671,2.663895814039423,28.429582240437362,0.03264013651047987,0.021169359546235972,0.014937301048743093,0.03444190281451387,0.03883064045376408,0.01506269895125692,1.12,1.12,1.12,1.12
0.8794597593233079,2.6647349444179413,28.43215293976198,0.032640075320423456,0.02116980059103657,0.014937301157030153,0.03444196400457028,0.038830199408963484,0.01506269884296986,1.12,1.12,1.12,1.12
0.8801022239845218,2.665574212115463,28.43472318545504,0.032640014111645854,0.021170241790435418,0.014937301265356279,0.03444202521334788,0.038829758209564635,0.015062698734643734,1.12,1.12,1.12,1.12
0.8807449273958454,2.666413617112062,28.43729297732165,0.03263995288413846,0.021170683144508984,0.01493730137372147,0.03444208644085528,0.03882931685549107,0.015062698626278542,1.12,1.12,1.12,1.12
0.8813878695604139,2.6672531593878004,28.439862315166863,0.032639891637892826,0.02117112465334431,0.0149373014821257,0.03444214768710091,0.038828875346655745,0.015062698517874312,1.12,1.12,1.12,1.12
0.8820310504813597,2.66809283892273,28.442431198795717,0.03263983037290069,0.021171566317022328,0.014937301590569024,0.034442208952093045,0.038828433682977725,0.015062698409430988,1.12,1.12,1.12,1.12
0.8826744701618113,2.668932655696893,28.444999628013164,0.03263976908915328,0.021172008135620646,0.014937301699051442,0.034442270235840455,0.03882799186437941,0.015062698300948571,1.12,1.12,1.12,1.12
0.8833181286048964,2.6697726096903187,28.447567602624137,0.032639707786642436,0.021172450109226276,0.014937301807572995,0.0344423315383513,0.03882754989077378,0.015062698192427018,1.12,1.12,1.12,1.12
0.8839620258137395,2.670612700883025,28.450135122433508,0.032639646465359606,0.021172892237914215,0.014937301916133669,0.03444239285963413,0.03882710776208584,0.015062698083866344,1.12,1.12,1.12,1.12
0.884606161791462,2.67145292925502,28.452702187246107,0.03263958512529597,0.021173334521772336,0.014937302024733451,0.03444245419969777,0.03882666547822772,0.015062697975266562,1.12,1.12,1.12,1.12
0.8852505365411845,2.6722932947862996,28.455268796866733,0.03263952376644347,0.02117377696088013,0.01493730213337241,0.03444251555855027,0.03882622303911992,0.015062697866627603,1.12,1.12,1.12,1.12
0.8858951500660228,2.67313379745685,28.457834951100114,0.032639462388793505,0.021174219555317564,0.014937302242050476,0.03444257693620023,0.03882578044468249,0.015062697757949536,1.12,1.12,1.12,1.12
0.8865400023690914,2.673974437246645,28.46040064975096,0.032639400992337364,0.021174662305167957,0.01493730235076772,0.03444263833265637,0.038825337694832096,0.015062697649232293,1.12,1.12,1.12,1.12
0.8871850934535023,2.6748152141356485,28.462965892623906,0.03263933957706677,0.021175105210512968,0.014937302459524168,0.034442699747926964,0.038824894789487086,0.015062697540475845,1.12,1.12,1.12,1.12
0.8878304233223645,2.675656128103812,28.465530679523564,0.03263927814297324,0.02117554827143253,0.014937302568319794,0.0344427611820205,0.03882445172856752,0.01506269743168022,1.12,1.12,1.12,1.12
0.8884759919787847,2.6764971791310765,28.468095010254483,0.0326392166900481,0.021175991488012386,0.01493730267715461,0.034442822634945636,0.03882400851198767,0.015062697322845403,1.12,1.12,1.12,1.12
0.8891217994258662,2.6773383671973736,28.47065888462118,0.03263915521828298,0.02117643486033316,0.014937302786028672,0.03444288410671076,0.038823565139666893,0.01506269721397134,1.12,1.12,1.12,1.12
0.8897678456667122,2.6781796922826198,28.473222302428127,0.032639093727669266,0.02117687838847848,0.01493730289494194,0.03444294559732447,0.03882312161152157,0.015062697105058073,1.12,1.12,1.12,1.12
0.8904141307044195,2.6790211543667244,28.47578526347972,0.032639032218198416,0.02117732207252493,0.014937303003894453,0.03444300710679532,0.038822677927475124,0.01506269699610556,1.12,1.12,1.12,1.12
0.8910606545420858,2.6798627534295836,28.47834776758036,0.032638970689862046,0.021177765912558266,0.0149373031128862,0.03444306863513169,0.03882223408744179,0.015062696887113813,1.12,1.12,1.12,1.12
0.8917074171828049,2.680704489451082,28.480909814534357,0.032638909142651384,0.02117820990866426,0.014937303221917206,0.03444313018234235,0.038821790091335795,0.015062696778082807,1.12,1.12,1.12,1.12
0.892354418629667,2.681546362411095,28.48347140414599,0.03263884757655805,0.021178654060919344,0.0149373033309875,0.034443191748435686,0.03882134593908071,0.015062696669012512,1.12,1.12,1.12,1.12
0.8930016588857619,2.6823883722894846,28.486032536219508,0.032638785991573493,0.02117909836941001,0.01493730344009711,0.03444325333342024,0.03882090163059004,0.015062696559902902,1.12,1.12,1.12,1.12
0.8936491379541747,2.683230519066104,28.488593210559085,0.032638724387689055,0.021179542834217052,0.014937303549245981,0.03444331493730468,0.038820457165783,0.015062696450754032,1.12,1.12,1.12,1.12
0.8942968558379883,2.6840728027207934,28.49115342696887,0.03263866276489635,0.02117998745542604,0.014937303658434153,0.03444337656009738,0.03882001254457401,0.01506269634156586,1.12,1.12,1.12,1.12
0.8949448125402854,2.6849152232333817,28.49371318525295,0.03263860112318667,0.021180432233112972,0.014937303767661655,0.034443438201807064,0.03881956776688708,0.015062696232338357,1.12,1.12,1.12,1.12
0.8955930080641425,2.6857577805836885,28.49627248521539,0.03263853946255163,0.021180877167363055,0.014937303876928473,0.034443499862442106,0.038819122832637,0.01506269612307154,1.12,1.12,1.12,1.12
0.8962414424126355,2.68660047475152,28.498831326660188,0.032638477782982456,0.02118132225826147,0.014937303986234635,0.03444356154201128,0.03881867774173858,0.015062696013765378,1.12,1.12,1.12,1.12
0.8968901155888382,2.687443305716672,28.501389709391287,0.0326384160844706,0.021181767505890625,0.014937304095580195,0.034443623240523136,0.03881823249410943,0.015062695904419818,1.12,1.12,1.12,1.12
0.8975390275958208,2.688286273458931,28.503947633212615,0.03263835436700768,0.021182212910333037,0.01493730420496514,0.034443684957986054,0.038817787089667016,0.015062695795034872,1.12,1.12,1.12,1.12
0.8981881784366504,2.6891293779580687,28.506505097928038,0.032638292630584875,0.021182658471671084,0.014937304314389444,0.03444374669440886,0.03881734152832897,0.01506269568561057,1.12,1.12,1.12,1.12
0.8988375681143927,2.689972619193848,28.509062103341364,0.03263823087519363,0.02118310418998648,0.014937304423853104,0.034443808449800106,0.038816895810013574,0.015062695576146909,1.12,1.12,1.12,1.12
0.8994871966321109,2.6908159971460197,28.511618649256363,0.03263816910082551,0.0211835500653621,0.014937304533356177,0.03444387022416823,0.03881644993463795,0.015062695466643836,1.12,1.12,1.12,1.12
0.9001370639928634,2.691659511794324,28.514174735476768,0.03263810730747185,0.02118399609788335,0.014937304642898636,0.03444393201752188,0.0388160039021167,0.015062695357101377,1.12,1.12,1.12,1.12
0.9007871701997088,2.69250316311849,28.516730361806264,0.032638045495124,0.021184442287632943,0.014937304752480576,0.034443993829869735,0.03881555771236711,0.015062695247519436,1.12,1.12,1.12,1.12
0.9014375152557016,2.693346951098235,28.519285528048464,0.032637983663773296,0.021184888634690924,0.014937304862101958,0.03444405566122044,0.03881511136530913,0.015062695137898055,1.12,1.12,1.12,1.12
0.9020880991638937,2.694190875713264,28.521840234006966,0.032637921813411186,0.021185335139143974,0.014937304971762766,0.03444411751158255,0.03881466486085608,0.015062695028237247,1.12,1.12,1.12,1.12
0.9027389219273347,2.6950349369432716,28.524394479485323,0.03263785994402901,0.021185781801073944,0.014937305081463056,0.03444417938096472,0.03881421819892611,0.015062694918536956,1.12,1.12,1.12,1.12
0.9033899835490713,2.695879134767943,28.526948264287007,0.032637798055618394,0.021186228620563963,0.014937305191202788,0.03444424126937534,0.03881377137943609,0.015062694808797225,1.12,1.12,1.12,1.12
0.904041284032148,2.6967234691669493,28.529501588215474,0.03263773614817028,0.021186675597698712,0.014937305300982001,0.034444303176823454,0.03881332440230134,0.015062694699018012,1.12,1.12,1.12,1.12
0.9046928233796058,2.697567940119952,28.532054451074117,0.03263767422167635,0.021187122732557684,0.014937305410800697,0.03444436510331739,0.03881287726744237,0.015062694589199316,1.12,1.12,1.12,1.12
0.9053446015944842,2.6984125476066,28.53460685266631,0.03263761227612788,0.021187570025229696,0.014937305520658917,0.034444427048865855,0.03881242997477036,0.015062694479341096,1.12,1.12,1.12,1.12
0.9059966186798194,2.699257291606532,28.53715879279534,0.03263755031151616,0.021188017475795073,0.014937305630556702,0.034444489013477575,0.03881198252420498,0.01506269436944331,1.12,1.12,1.12,1.12
0.9066488746386447,2.700102172099375,28.539710271264475,0.03263748832783259,0.02118846508433614,0.014937305740493997,0.03444455099716115,0.038811534915663914,0.015062694259506015,1.12,1.12,1.12,1.12
0.9073013694739912,2.7009471890647445,28.542261287876933,0.032637426325068664,0.0211889128509391,0.014937305850470803,0.03444461299992507,0.03881108714906095,0.01506269414952921,1.12,1.12,1.12,1.12
0.9079541031888878,2.701792342482245,28.544811842435863,0.03263736430321551,0.02118936077568906,0.01493730596048716,0.034444675021778226,0.038810639224310994,0.015062694039512853,1.12,1.12,1.12,1.12
0.9086070757863592,2.7026376323314696,28.547361934744416,0.03263730226226452,0.021189808858664783,0.014937306070543083,0.034444737062729214,0.03881019114133527,0.01506269392945693,1.12,1.12,1.12,1.12
0.9092602872694298,2.703483058591999,28.549911564605644,0.03263724020220715,0.021190257099953674,0.014937306180638599,0.034444799122786585,0.03880974290004638,0.015062693819361414,1.12,1.12,1.12,1.12
0.9099137376411179,2.7043286212434055,28.552460731822578,0.032637178123034516,0.021190705499639056,0.01493730629077368,0.03444486120195922,0.038809294500361,0.015062693709226332,1.12,1.12,1.12,1.12
0.9105674269044428,2.7051743202652467,28.55500943619821,0.03263711602473812,0.021191154057805583,0.01493730640094837,0.034444923300255614,0.03880884594219447,0.015062693599051644,1.12,1.12,1.12,1.12
0.9112213550624197,2.7060201556370695,28.557557677535456,0.03263705390730909,0.021191602774538437,0.014937306511162679,0.03444498541768465,0.038808397225461616,0.015062693488837334,1.12,1.12,1.12,1.12
0.9118755221180603,2.706866127338411,28.560105455637217,0.03263699177073898,0.02119205164992044,0.014937306621416624,0.03444504755425476,0.03880794835007961,0.015062693378583389,1.12,1.12,1.12,1.12
0.9125299280743742,2.707712235348797,28.562652770306325,0.032636929615018795,0.021192500684035304,0.014937306731710148,0.03444510970997494,0.03880749931596475,0.015062693268289865,1.12,1.12,1.12,1.12
0.913184572934369,2.708558479647738,28.565199621345585,0.03263686744014005,0.021192949876966627,0.014937306842043377,0.03444517188485369,0.038807050123033426,0.015062693157956636,1.12,1.12,1.12,1.12
0.9138394567010484,2.709404860214739,28.567746008557734,0.03263680524609408,0.021193399228801285,0.01493730695241624,0.034445234078899656,0.03880660077119877,0.015062693047583772,1.12,1.12,1.12,1.12
0.9144945793774149,2.7102513770292878,28.570291931745473,0.03263674303287206,0.021193848739621907,0.014937307062828767,0.034445296292121674,0.03880615126037815,0.015062692937171246,1.12,1.12,1.12,1.12
0.9151499409664663,2.7110980300708665,28.572837390711452,0.03263668080046539,0.021194298409511536,0.014937307173280942,0.03444535852452835,0.03880570159048852,0.01506269282671907,1.12,1.12,1.12,1.12
0.9158055414712,2.71194481931894,28.575382385258294,0.032636618548865126,0.021194748238556105,0.01493730728377278,0.03444542077612861,0.03880525176144395,0.015062692716227233,1.12,1.12,1.12,1.12
0.9164613808946083,2.712791744752967,28.577926915188534,0.032636556278062834,0.021195198226837825,0.014937307394304336,0.0344454830469309,0.03880480177316223,0.015062692605695677,1.12,1.12,1.12,1.12
0.9171174592396837,2.713638806352391,28.58047098030471,0.032636493988049575,0.021195648374444487,0.014937307504875624,0.03444554533694416,0.038804351625555566,0.015062692495124388,1.12,1.12,1.12,1.12
0.9177737765094136,2.714486004096645,28.583014580409266,0.032636431678816524,0.021196098681459136,0.014937307615486617,0.03444560764617721,0.03880390131854092,0.015062692384513396,1.12,1.12,1.12,1.12
0.9184303327067834,2.715333337965153,28.585557715304635,0.0326363693503553,0.021196549147965232,0.014937307726137342,0.03444566997463844,0.03880345085203482,0.015062692273862671,1.12,1.12,1.12,1.12
0.9190871278347759,2.7161808079373224,28.588100384793176,0.03263630700265685,0.021196999774048986,0.014937307836827812,0.034445732322336886,0.03880300022595107,0.0150626921631722,1.12,1.12,1.12,1.12
0.9197441618963712,2.717028413992555,28.590642588677227,0.032636244635712575,0.02119745055979544,0.014937307947558057,0.03444579468928116,0.038802549440204614,0.015062692052441956,1.12,1.12,1.12,1.12
0.9204014348945473,2.717876156110237,28.59318432675905,0.0326361822495137,0.021197901505287997,0.014937308058328061,0.034445857075480035,0.038802098494712056,0.015062691941671952,1.12,1.12,1.12,1.12
0.9210589468322783,2.718724034269745,28.595725598840893,0.0326361198440514,0.02119835261061298,0.01493730816913788,0.03444591948094233,0.03880164738938707,0.015062691830862132,1.12,1.12,1.12,1.12
0.9217166977125363,2.719572048450443,28.598266404724924,0.03263605741931702,0.021198803875855876,0.014937308279987446,0.034445981905676715,0.03880119612414418,0.015062691720012567,1.12,1.12,1.12,1.12
0.9223746875382899,2.720420198631685,28.600806744213294,0.032635994975301674,0.02119925530110023,0.014937308390876813,0.03444604434969206,0.038800744698899825,0.0150626916091232,1.12,1.12,1.12,1.12
0.9230329163125065,2.7212684847928106,28.603346617108084,0.032635932511996646,0.021199706886433273,0.014937308501805968,0.03444610681299709,0.03880029311356678,0.015062691498194045,1.12,1.12,1.12,1.12
0.9236913840381501,2.7221169069131514,28.605886023211333,0.03263587002939311,0.021200158631936805,0.014937308612774952,0.034446169295600626,0.03879984136806325,0.01506269138722506,1.12,1.12,1.12,1.12
0.9243500907181809,2.722965464972026,28.608424962325035,0.03263580752748241,0.021200610537694675,0.014937308723783793,0.03444623179751133,0.03879938946230538,0.01506269127621622,1.12,1.12,1.12,1.12
0.9250090363555574,2.7238141589487412,28.61096343425115,0.032635745006255656,0.021201062603800086,0.014937308834832519,0.03444629431873808,0.03879893739619997,0.015062691165167494,1.12,1.12,1.12,1.12
0.9256682209532356,2.7246629888225913,28.613501438791573,0.032635682465703975,0.021201514830332835,0.014937308945921088,0.03444635685928976,0.03879848516966722,0.015062691054078925,1.12,1.12,1.12,1.12
0.9263276445141685,2.725511954572861,28.61603897574815,0.03263561990581881,0.021201967217378992,0.014937309057049541,0.03444641941917492,0.03879803278262106,0.015062690942950471,1.12,1.12,1.12,1.12
0.9269873070413057,2.7263610561788227,28.61857604492269,0.03263555732659107,0.02120241976502424,0.01493730916821781,0.03444648199840267,0.038797580234975815,0.015062690831782202,1.12,1.12,1.12,1.12
0.9276472085375946,2.7272102936197373,28.621112646116963,0.03263549472801208,0.02120287247335334,0.014937309279425978,0.034446544596981654,0.03879712752664671,0.015062690720574035,1.12,1.12,1.12,1.12
0.9283073490059801,2.7280596668748536,28.623648779132665,0.03263543211007308,0.021203325342452395,0.014937309390674017,0.034446607214920655,0.03879667465754766,0.015062690609325996,1.12,1.12,1.12,1.12
0.9289677284494045,2.728909175923409,28.626184443771464,0.032635369472765186,0.021203778372407334,0.014937309501961996,0.03444666985222855,0.03879622162759272,0.015062690498038017,1.12,1.12,1.12,1.12
0.9296283468708056,2.72975882074463,28.62871963983499,0.03263530681607962,0.021204231563302395,0.014937309613289915,0.03444673250891411,0.03879576843669766,0.015062690386710098,1.12,1.12,1.12,1.12
0.9302892042731215,2.73060860131773,28.63125436712479,0.03263524414000735,0.021204684915224453,0.014937309724657732,0.03444679518498639,0.0387953150847756,0.01506269027534228,1.12,1.12,1.12,1.12
0.9309503006592842,2.7314585176219137,28.633788625442406,0.03263518144453986,0.021205138428260717,0.01493730983606549,0.034446857880453874,0.038794861571739336,0.015062690163934522,1.12,1.12,1.12,1.12
0.9316116360322259,2.7323085696363703,28.636322414589305,0.03263511872966812,0.021205592102494397,0.014937309947513244,0.034446920595325614,0.038794407897505656,0.015062690052486769,1.12,1.12,1.12,1.12
0.9322732103948739,2.7331587573402807,28.63885573436692,0.0326350559953833,0.021206045938012758,0.014937310059000952,0.03444698332961044,0.038793954061987296,0.01506268994099906,1.12,1.12,1.12,1.12
0.9329350237501539,2.7340090807128115,28.641388584576617,0.03263499324167657,0.021206499934903034,0.014937310170528628,0.03444704608331717,0.03879350006509702,0.015062689829471385,1.12,1.12,1.12,1.12
0.9335970761009883,2.73485953973312,28.64392096501974,0.03263493046853905,0.02120695409324963,0.014937310282096258,0.03444710885645469,0.03879304590675042,0.015062689717903754,1.12,1.12,1.12,1.12
0.9342593674502967,2.7357101343803514,28.646452875497577,0.03263486767596191,0.021207408413138146,0.01493731039370394,0.03444717164903183,0.03879259158686191,0.015062689606296073,1.12,1.12,1.12,1.12
0.9349218978009962,2.736560864633637,28.648984315811354,0.032634804863936384,0.021207862894655927,0.01493731050535163,0.03444723446105735,0.03879213710534413,0.015062689494648382,1.12,1.12,1.12,1.12
0.9355846671560015,2.7374117304721,28.651515285762265,0.03263474203245337,0.021208317537890264,0.014937310617039318,0.03444729729254037,0.03879168246210979,0.015062689382960695,1.12,1.12,1.12,1.12
0.936247675518224,2.7382627318748476,28.654045785151453,0.03263467918150409,0.021208772342924925,0.014937310728767084,0.03444736014348965,0.03879122765707513,0.015062689271232929,1.12,1.12,1.12,1.12
0.9369109228905712,2.739113868820981,28.656575813780016,0.032634616311079945,0.021209227309848477,0.014937310840534845,0.03444742301391379,0.038790772690151576,0.015062689159465167,1.12,1.12,1.12,1.12
0.9375744092759503,2.7399651412895842,28.659105371449005,0.03263455342117161,0.021209682438746547,0.014937310952342658,0.03444748590382213,0.03879031756125351,0.015062689047657354,1.12,1.12,1.12,1.12
0.9382381346772644,2.740816549259732,28.661634457959412,0.03263449051177025,0.021210137729705814,0.01493731106419055,0.03444754881322348,0.03878986227029424,0.015062688935809462,1.12,1.12,1.12,1.12
0.9389020990974128,2.741668092710489,28.66416307311219,0.03263442758286722,0.021210593182811988,0.014937311176078508,0.034447611742126516,0.038789406817188066,0.015062688823921505,1.12,1.12,1.12,1.12
0.9395663025392933,2.742519771620904,28.666691216708234,0.03263436463445346,0.021211048798152055,0.014937311288006544,0.034447674690540275,0.038788951201848,0.015062688711993469,1.12,1.12,1.12,1.12
0.9402307450058012,2.743371585970018,28.669218888548425,0.032634301666520094,0.02121150457581017,0.01493731139997466,0.03444773765847364,0.038788495424189884,0.015062688600025353,1.12,1.12,1.12,1.12
0.9408954264998279,2.744223535736859,28.671746088433544,0.03263423867905829,0.021211960515876177,0.014937311511982937,0.034447800645935445,0.038788039484123876,0.015062688488017076,1.12,1.12,1.12,1.12
0.9415603470242626,2.745075620900442,28.674272816164375,0.03263417567205895,0.021212416618436675,0.014937311624031321,0.034447863652934785,0.03878758338156338,0.015062688375968691,1.12,1.12,1.12,1.12
0.9422255065819913,2.7459278414397716,28.67679907154162,0.03263411264551319,0.02121287288358087,0.014937311736119813,0.034447926679480545,0.038787127116419184,0.0150626882638802,1.12,1.12,1.12,1.12
0.9428909051758982,2.746780197333841,28.67932485436595,0.03263404959941224,0.021213329311390028,0.014937311848248438,0.034447989725581496,0.038786670688610025,0.015062688151751574,1.12,1.12,1.12,1.12
0.9435565428088628,2.747632688561631,28.681850164437982,0.03263398653374705,0.021213785901956994,0.014937311960417199,0.034448052791246686,0.03878621409804306,0.015062688039582814,1.12,1.12,1.12,1.12
0.9442224194837637,2.74848531510211,28.684375001558276,0.03263392344850885,0.02121424265536498,0.014937312072626163,0.034448115876484886,0.038785757344635075,0.01506268792737385,1.12,1.12,1.12,1.12
0.9448885352034756,2.749338076934235,28.68689936552737,0.03263386034368848,0.02121469957124364,0.01493731218487529,0.034448178981305255,0.038785300428756414,0.015062687815124723,1.12,1.12,1.12,1.12
0.9455548899708633,2.7501909740369537,28.689423256145787,0.03263379721927756,0.02121515664970322,0.014937312297164579,0.034448242105716176,0.03878484335029683,0.015062687702835434,1.12,1.12,1.12,1.12
0.946221483788789,2.7510440063892005,28.691946673214,0.03263373407526793,0.02121561389086221,0.014937312409494058,0.03444830524972581,0.03878438610913784,0.015062687590505955,1.12,1.12,1.12,1.12
0.9468883166601127,2.7518971739699,28.69446961653244,0.03263367091165109,0.02121607129483244,0.014937312521863783,0.034448368413342645,0.038783928705167614,0.01506268747813623,1.12,1.12,1.12,1.12
0.9475553885876918,2.7527504767579627,28.696992085901503,0.03263360772841867,0.021216528861730866,0.01493731263427367,0.03444843159657507,0.03878347113826919,0.015062687365726343,1.12,1.12,1.12,1.12
0.9482226995743812,2.7536039147322877,28.699514081121496,0.032633544525561886,0.02121698659166793,0.014937312746723788,0.03444849479943185,0.03878301340833212,0.015062687253276225,1.12,1.12,1.12,1.12
0.9488902496230338,2.7544574878717634,28.702035601992684,0.03263348130307253,0.02121744448475643,0.014937312859214152,0.034448558021921205,0.03878255551524362,0.01506268714078586,1.12,1.12,1.12,1.12
0.9495580387365001,2.755311196155265,28.704556648315318,0.03263341806094183,0.021217902541101258,0.014937312971744748,0.034448621264051904,0.038782097458898795,0.015062687028255264,1.12,1.12,1.12,1.12
0.9502260669176268,2.756165039561657,28.707077219889555,0.032633354799161074,0.021218360760811905,0.014937313084315562,0.03444868452583266,0.03878163923918815,0.01506268691568445,1.12,1.12,1.12,1.12
0.9508943341692597,2.75701901806979,28.70959731651552,0.03263329151772182,0.021218819143998313,0.014937313196926635,0.03444874780727192,0.03878118085600174,0.015062686803073377,1.12,1.12,1.12,1.12
0.9515628404942413,2.7578731316585055,28.712116937993294,0.03263322821661502,0.02121927769076354,0.01493731330957801,0.03444881110837872,0.038780722309236515,0.015062686690422003,1.12,1.12,1.12,1.12
0.9522315858954116,2.7587273803066306,28.714636084122894,0.0326331648958324,0.02121973640121083,0.014937313422269588,0.034448874429161336,0.03878026359878922,0.015062686577730425,1.12,1.12,1.12,1.12
0.9529005703756076,2.759581763992981,28.7171547547043,0.03263310155536475,0.02122019527545055,0.014937313535001495,0.034448937769628984,0.038779804724549505,0.015062686464998518,1.12,1.12,1.12,1.12
0.9535697939376644,2.760436282696363,28.719672949537422,0.03263303819520358,0.021220654313580112,0.014937313647773676,0.03444900112979016,0.03877934568641994,0.015062686352226337,1.12,1.12,1.12,1.12
0.9542392565844143,2.7612909363955667,28.722190668422144,0.03263297481533989,0.021221113515698747,0.014937313760586157,0.03444906450965385,0.038778886484301306,0.015062686239413856,1.12,1.12,1.12,1.12
0.954908958318687,2.7621457250693733,28.724707911158283,0.03263291141576502,0.02122157288191462,0.014937313873438968,0.034449127909228716,0.038778427118085435,0.015062686126561045,1.12,1.12,1.12,1.12
0.9555788991433088,2.7630006486965515,28.727224677545607,0.032632847996469816,0.02122203241232251,0.01493731398633208,0.03444919132852392,0.03877796758767754,0.015062686013667934,1.12,1.12,1.12,1.12
0.9562490790611045,2.763855707255857,28.729740967383854,0.032632784557445504,0.021222492107023344,0.014937314099265547,0.03444925476754823,0.03877750789297671,0.015062685900734465,1.12,1.12,1.12,1.12
0.9569194980748957,2.7647109007260355,28.732256780472696,0.03263272109868326,0.0212229519661154,0.0149373142122394,0.03444931822631048,0.038777048033884653,0.015062685787760613,1.12,1.12,1.12,1.12
0.9575901561875005,2.765566229085819,28.734772116611747,0.032632657620019934,0.021223411986955626,0.01493731422150639,0.0344493817049738,0.03877658801304443,0.015062685778493623,1.12,1.12,1.12,1.12
0.9582610534043422,2.766421692320946,28.737286975638423,0.032632594122560254,0.021223872169882085,0.014937314232772336,0.03444944520243348,0.03877612783011797,0.015062685767227676,1.12,1.12,1.12,1.12
0.958932189728148,2.7672772904100036,28.739801357351823,0.032632530606272414,0.02122433251522432,0.014937314245998257,0.03444950871872132,0.03877566748477573,0.015062685754001756,1.12,1.12,1.12,1.12
0.9596035651616458,2.7681330233315684,28.742315261551017,0.03263246707112538,0.02122479302329333,0.014937314261145931,0.034449572253868355,0.03877520697670672,0.015062685738854081,1.12,1.12,1.12,1.12
0.9602751797075655,2.7689888910642075,28.744828688035,0.032632403517087905,0.021225253694384827,0.014937314278178057,0.03444963580790583,0.038774746305615226,0.015062685721821956,1.12,1.12,1.12,1.12
0.960947033368639,2.769844893586477,28.747341636602695,0.032632339944129396,0.021225714528779305,0.014937314297057802,0.03444969938086434,0.03877428547122075,0.01506268570294221,1.12,1.12,1.12,1.12
0.9616191261475978,2.7707010308769235,28.74985410705297,0.03263227635221899,0.02122617552674716,0.014937314317749265,0.034449762972774745,0.038773824473252894,0.015062685682250748,1.12,1.12,1.12,1.12
0.9622914580471754,2.7715573029140823,28.752366099184655,0.032632212741326605,0.0212266366885423,0.014937314340217195,0.03444982658366713,0.038773363311457754,0.015062685659782818,1.12,1.12,1.12,1.12
0.9629640290701054,2.772413709676481,28.75487761279651,0.032632149111421815,0.02122709801440814,0.014937314364427107,0.03444989021357192,0.03877290198559191,0.015062685635572906,1.12,1.12,1.12,1.12
0.9636368392191219,2.7732702511426353,28.757388647687247,0.0326320854624752,0.021227559504579885,0.014937314390345138,0.034449953862518534,0.03877244049542017,0.015062685609654874,1.12,1.12,1.12,1.12
0.9643098884969596,2.7741269272910496,28.75989920365552,0.03263202179445701,0.021228021159278965,0.014937314417938066,0.034450017530536725,0.03877197884072109,0.015062685582061947,1.12,1.12,1.12,1.12
0.9649831769063518,2.774983738100221,28.762409280499934,0.032631958107338044,0.021228482978719043,0.014937314447173403,0.03445008121765569,0.03877151702128101,0.01506268555282661,1.12,1.12,1.12,1.12
0.965656704450034,2.7758406835486333,28.764918878019024,0.03263189440108938,0.021228944963108454,0.014937314478019353,0.03445014492390436,0.0387710550368916,0.01506268552198066,1.12,1.12,1.12,1.12
0.9663304711307398,2.776697763614762,28.767427996011314,0.032631830675682094,0.021229407112638876,0.01493731451044461,0.03445020864931164,0.03877059288736118,0.015062685489555402,1.12,1.12,1.12,1.12
0.9670044769512014,2.777554978277072,28.769936634275243,0.0326317669310881,0.02122986942750077,0.014937314544418628,0.034450272393905634,0.038770130572499284,0.015062685455581384,1.12,1.12,1.12,1.12
0.9676787219141532,2.778412327514017,28.772444792609214,0.03263170316727909,0.021230331907873434,0.014937314579911348,0.034450336157714645,0.03876966809212662,0.015062685420088665,1.12,1.12,1.12,1.12
0.9683532060223258,2.7792698113040415,28.774952470811588,0.032631639384227196,0.021230794553933008,0.014937314616893474,0.03445039994076654,0.038769205446067045,0.015062685383106539,1.12,1.12,1.12,1.12
0.9690279292784514,2.7801274296255785,28.777459668680642,0.0326315755819051,0.02123125736584755,0.014937314655336098,0.03445046374308863,0.0387687426341525,0.015062685344663915,1.12,1.12,1.12,1.12
0.969702891685259,2.780985182457051,28.77996638601467,0.032631511760285614,0.021231720343778765,0.014937314695211007,0.03445052756470812,0.03876827965622129,0.015062685304789006,1.12,1.12,1.12,1.12
0.9703780932454787,2.781843069776872,28.782472622611852,0.03263144791934158,0.021232183487882833,0.014937314736490515,0.03445059140565215,0.03876781651211722,0.015062685263509498,1.12,1.12,1.12,1.12
0.971053533961838,2.782701091563443,28.784978378270363,0.03263138405904664,0.021232646798311744,0.014937314779147587,0.034450655265947094,0.03876735320168831,0.015062685220852426,1.12,1.12,1.12,1.12
0.9717292138370639,2.7835592477951563,28.787483652788325,0.03263132017937448,0.021233110275208966,0.01493731482315555,0.03445071914561926,0.03876688972479109,0.015062685176844462,1.12,1.12,1.12,1.12
0.9724051328738801,2.7844175384503935,28.789988445963793,0.032631256280299004,0.021233573918718773,0.014937314868488386,0.03445078304469473,0.03876642608128128,0.015062685131511627,1.12,1.12,1.12,1.12
0.9730812910750111,2.785275963507525,28.792492757594815,0.03263119236179446,0.021234037728977473,0.01493731491512057,0.03445084696319928,0.03876596227102258,0.015062685084879443,1.12,1.12,1.12,1.12
0.9737576884431791,2.78613452294491,28.794996587479357,0.03263112842383564,0.02123450170611657,0.014937314963027096,0.034450910901158094,0.03876549829388348,0.015062685036972917,1.12,1.12,1.12,1.12
0.9744343249811037,2.7869932167408984,28.79749993541534,0.03263106446639735,0.02123496585026846,0.014937315012183414,0.034450974858596384,0.03876503414973159,0.0150626849878166,1.12,1.12,1.12,1.12
0.9751112006915039,2.7878520448738286,28.80000280120068,0.03263100048945472,0.021235430161557545,0.014937315062565446,0.034451038835539016,0.03876456983844251,0.015062684937434567,1.12,1.12,1.12,1.12
0.9757883155770966,2.7887110073220294,28.802505184633212,0.032630936492983265,0.021235894640108444,0.014937315114149682,0.03445110283201047,0.03876410535989161,0.01506268488585033,1.12,1.12,1.12,1.12
0.9764656696405961,2.7895701040638183,28.805007085510738,0.03263087247695884,0.02123635928603912,0.014937315166913073,0.0344511668480349,0.038763640713960934,0.01506268483308694,1.12,1.12,1.12,1.12
0.9771432628847161,2.7904293350775,28.807508503631013,0.03263080844135752,0.02123682409947042,0.014937315220832942,0.03445123088363622,0.038763175900529634,0.015062684779167071,1.12,1.12,1.12,1.12
0.9778210953121667,2.791288700341372,28.810009438791745,0.032630744386155486,0.02123728908051309,0.014937315275887111,0.03445129493883825,0.038762710919486965,0.015062684724112901,1.12,1.12,1.12,1.12
0.9784991669256575,2.7921481998337194,28.812509890790615,0.032630680311329374,0.021237754229283617,0.014937315332053891,0.03445135901366436,0.038762245770716436,0.015062684667946122,1.12,1.12,1.12,1.12
0.9791774777278944,2.793007833532816,28.81500985942524,0.03263061621685631,0.02123821954588545,0.014937315389311923,0.034451423108137424,0.0387617804541146,0.01506268461068809,1.12,1.12,1.12,1.12
0.9798560277215828,2.793867601416925,28.817509344493196,0.03263055210271354,0.021238685030432858,0.014937315447640348,0.0344514872222802,0.038761314969567195,0.015062684552359665,1.12,1.12,1.12,1.12
0.9805348169094243,2.7947275034642995,28.820008345792036,0.03263048796887824,0.02123915068302837,0.014937315507018767,0.034451551356115495,0.038760849316971685,0.015062684492981246,1.12,1.12,1.12,1.12
0.9812138452941197,2.7955875396531797,28.822506863119244,0.03263042381532821,0.021239616503776204,0.014937315567427,0.03445161550966552,0.03876038349622385,0.015062684432573012,1.12,1.12,1.12,1.12
0.9818931128783662,2.7964477099617984,28.825004896272276,0.032630359642041695,0.02124008249278031,0.014937315628845538,0.03445167968295204,0.03875991750721974,0.015062684371154475,1.12,1.12,1.12,1.12
0.9825726196648594,2.7973080143683733,28.827502445048527,0.032630295448996705,0.02124054865013769,0.014937315691255004,0.03445174387599703,0.03875945134986236,0.015062684308745009,1.12,1.12,1.12,1.12
0.9832523656562926,2.7981684528511135,28.829999509245376,0.03263023123617187,0.021241014975951433,0.014937315754636554,0.03445180808882187,0.03875898502404862,0.015062684245363459,1.12,1.12,1.12,1.12
0.9839323508553562,2.799029025388217,28.832496088660132,0.03263016700354604,0.021241481470320345,0.014937315818971758,0.034451872321447696,0.03875851852967971,0.015062684181028255,1.12,1.12,1.12,1.12
0.984612575264738,2.7998897319578706,28.834992183090076,0.03263010275109818,0.02124194813334085,0.014937315884242394,0.03445193657389556,0.038758051866659204,0.015062684115757619,1.12,1.12,1.12,1.12
0.9852930388871246,2.8007505725382487,28.837487792332446,0.03263003847880758,0.02124241496510923,0.01493731595043074,0.03445200084618616,0.038757585034890824,0.015062684049569272,1.12,1.12,1.12,1.12
0.9859737417251987,2.801611547107517,28.839982916184432,0.0326299741866537,0.021242881965717553,0.014937316017519367,0.03445206513834004,0.0387571180342825,0.015062683982480646,1.12,1.12,1.12,1.12
0.9866546837816408,2.802472655643827,28.84247755444317,0.0326299098746165,0.021243349135258244,0.014937316085491162,0.034452129450377234,0.03875665086474181,0.015062683914508851,1.12,1.12,1.12,1.12
0.9873358650591287,2.8033338981253224,28.844971706905767,0.03262984554267584,0.02124381647382778,0.014937316154329444,0.0344521937823179,0.03875618352617227,0.015062683845670569,1.12,1.12,1.12,1.12
0.9880172855603386,2.8041952745301324,28.84746537336929,0.03262978119081206,0.02124428398151973,0.014937316224017838,0.03445225813418168,0.038755716018480324,0.015062683775982175,1.12,1.12,1.12,1.12
0.9886989452879432,2.805056784836378,28.84995855363075,0.032629716819005616,0.02124475165842321,0.014937316294540273,0.03445232250598812,0.03875524834157684,0.01506268370545974,1.12,1.12,1.12,1.12
0.9893808442446121,2.8059184290221673,28.852451247487114,0.032629652427237144,0.021245219504629487,0.01493731636588097,0.03445238689775659,0.03875478049537057,0.015062683634119042,1.12,1.12,1.12,1.12
0.990062982433013,2.8067802070655965,28.85494345473532,0.032629588015487654,0.02124568752023015,0.014937316438024456,0.03445245130950608,0.0387543124797699,0.015062683561975557,1.12,1.12,1.12,1.12
0.9907453598558109,2.8076421189447527,28.85743517517224,0.032629523583738274,0.021246155705310604,0.0149373165109557,0.03445251574125546,0.03875384429468945,0.015062683489044312,1.12,1.12,1.12,1.12
0.9914279765156686,2.808504164637708,28.859926408594724,0.03262945913197024,0.021246624059961694,0.014937316584659799,0.034452580193023497,0.03875337594003836,0.015062683415340214,1.12,1.12,1.12,1.12
0.9921108324152442,2.8093663441225267,28.86241715479957,0.032629394660165345,0.021247092584273264,0.014937316659122235,0.03445264466482839,0.03875290741572679,0.015062683340877778,1.12,1.12,1.12,1.12
0.9927939275571949,2.810228657377262,28.864907413583534,0.032629330168305215,0.02124756127833058,0.014937316734328812,0.03445270915668852,0.038752438721669474,0.0150626832656712,1.12,1.12,1.12,1.12
0.9934772619441745,2.811091104379951,28.86739718474331,0.032629265656371975,0.021248030142227287,0.014937316810265555,0.03445277366862176,0.03875196985777277,0.015062683189734458,1.12,1.12,1.12,1.12
0.9941608355788333,2.8119536851086253,28.869886468075585,0.03262920112434764,0.0212484991760441,0.014937316886918739,0.034452838200646096,0.03875150082395595,0.015062683113081274,1.12,1.12,1.12,1.12
0.9948446484638209,2.812816399541301,28.872375263376966,0.03262913657221461,0.021248968379874195,0.014937316964275,0.034452902752779124,0.03875103162012586,0.015062683035725014,1.12,1.12,1.12,1.12
0.9955287006017826,2.8136792476559833,28.874863570444028,0.03262907199995557,0.021249437753802253,0.01493731704232125,0.034452967325038164,0.0387505622461978,0.015062682957678764,1.12,1.12,1.12,1.12
0.9962129919953595,2.8145422294306672,28.87735138907331,0.03262900740755326,0.021249907297910986,0.014937317121044513,0.03445303191744048,0.03875009270208907,0.0150626828789555,1.12,1.12,1.12,1.12
0.996897522647193,2.8154053448433345,28.8798387190613,0.03262894279499057,0.021250377012291932,0.014937317200432204,0.03445309653000317,0.03874962298770812,0.015062682799567809,1.12,1.12,1.12,1.12
0.9975822925599188,2.816268593871958,28.882325560204432,0.032628878162250685,0.02125084689703094,0.01493731728047197,0.03445316116274305,0.038749153102969114,0.015062682719528042,1.12,1.12,1.12,1.12
0.9982673017361714,2.8171319764944958,28.88481191229912,0.032628813509316734,0.02125131695221555,0.014937317361151697,0.034453225815677,0.038748683047784505,0.015062682638848315,1.12,1.12,1.12,1.12
0.9989525501785818,2.8179954926888975,28.887297775141718,0.032628748836172505,0.02125178717792775,0.014937317442459463,0.03445329048882123,0.0387482128220723,0.01506268255754055,1.12,1.12,1.12,1.12
0.9996380378897787,2.8188591424330967,28.889783148528526,0.0326286841428014,0.021252257574257583,0.014937317524383681,0.034453355182192336,0.03874774242574247,0.015062682475616332,1.12,1.12,1.12,1.12
1.0003237648723868,2.8197229257050207,28.892268032255814,0.03262861942918738,0.021252728141288646,0.014937317606912928,0.03445341989580636,0.03874727185871141,0.015062682393087085,1.12,1.12,1.12,1.12
1.0010097311290285,2.820586842482581,28.894752426119787,0.03262855469531434,0.02125319887910815,0.014937317690035964,0.0344534846296794,0.038746801120891905,0.015062682309964048,1.12,1.12,1.12,1.12
1.0016959366623233,2.82145089274368,28.897236329916648,0.03262848994116646,0.021253669787800467,0.014937317773741882,0.034453549383827275,0.03874633021219959,0.015062682226258131,1.12,1.12,1.12,1.12
1.002382381474888,2.8223150764662055,28.899719743442507,0.03262842516672804,0.02125414086745442,0.014937317858019952,0.0344536141582657,0.038745859132545635,0.01506268214198006,1.12,1.12,1.12,1.12
1.0030690655693362,2.823179393628037,28.90220266649346,0.03262836037198347,0.021254612118150773,0.01493731794285963,0.03445367895301027,0.03874538788184928,0.015062682057140384,1.12,1.12,1.12,1.12
1.0037559889482777,2.82404384420704,28.904685098865535,0.03262829555691754,0.0212550835399804,0.014937318028250601,0.034453743768076195,0.03874491646001965,0.015062681971749411,1.12,1.12,1.12,1.12
1.0044431516143209,2.824908428181068,28.907167040354736,0.032628230721514884,0.021255555133027626,0.014937318114182752,0.03445380860347885,0.03874444486697243,0.015062681885817261,1.12,1.12,1.12,1.12
1.0051305535700703,2.8257731455279638,28.909648490757014,0.032628165865760395,0.021256026897376823,0.014937318200646157,0.03445387345923334,0.03874397310262323,0.015062681799353855,1.12,1.12,1.12,1.12
1.0058181948181268,2.826637996225558,28.912129449868253,0.0326281009896392,0.021256498833116033,0.014937318287631118,0.03445393833535454,0.03874350116688402,0.015062681712368894,1.12,1.12,1.12,1.12
1.00650607536109,2.82750298025167,28.91460991748434,0.0326280360931363,0.02125697094033077,0.014937318375128114,0.03445400323185743,0.03874302905966928,0.015062681624871899,1.12,1.12,1.12,1.12
1.0071941952015546,2.8283680975841046,28.91708989340106,0.032627971176237336,0.021257443219108163,0.014937318463127791,0.0344540681487564,0.03874255678089189,0.015062681536872222,1.12,1.12,1.12,1.12
1.007882554342114,2.829233348200658,28.9195693774142,0.03262790623892736,0.021257915669535554,0.014937318551621032,0.034454133086066374,0.0387420843304645,0.015062681448378981,1.12,1.12,1.12,1.12
1.0085711527853574,2.830098732079113,28.922048369319466,0.03262784128119234,0.021258388291694852,0.014937318640598912,0.0344541980438014,0.0387416117083052,0.0150626813594011,1.12,1.12,1.12,1.12
1.0092599905338717,2.83096424919724,28.924526868912537,0.03262777630301772,0.02125886108567354,0.014937318730052634,0.03445426302197602,0.03874113891432651,0.015062681269947378,1.12,1.12,1.12,1.12
1.0099490675902396,2.8318298995327993,28.92700487598904,0.032627711304389295,0.021259334051558637,0.014937318819973552,0.03445432802060444,0.038740665948441416,0.01506268118002646,1.12,1.12,1.12,1.12
1.0106383839570428,2.832695683063536,28.929482390344564,0.032627646285293244,0.021259807189437596,0.01493731891035327,0.03445439303970049,0.03874019281056246,0.015062681089646743,1.12,1.12,1.12,1.12
1.0113279396368575,2.8335615997671866,28.93195941177464,0.032627581245715465,0.021260280499400097,0.014937319001183474,0.03445445807927827,0.038739719500599956,0.015062680998816538,1.12,1.12,1.12,1.12
1.0120177346322583,2.8344276496214746,28.934435940074753,0.03262751618564241,0.02126075398152838,0.014937319092456144,0.03445452313935132,0.038739246018471674,0.015062680907543868,1.12,1.12,1.12,1.12
1.0127077689458166,2.8352938326041093,28.936911975040356,0.03262745110506016,0.02126122763591143,0.014937319184163286,0.03445458821993358,0.038738772364088625,0.015062680815836726,1.12,1.12,1.12,1.12
1.0133980425801015,2.8361601486927905,28.93938751646683,0.03262738600395504,0.021261701462636395,0.014937319276297156,0.0344546533210387,0.03873829853736366,0.015062680723702856,1.12,1.12,1.12,1.12
1.014088555537677,2.837026597865204,28.941862564149538,0.03262732088231379,0.021262175461789712,0.014937319368850122,0.034454718442679944,0.03873782453821034,0.015062680631149891,1.12,1.12,1.12,1.12
1.0147793078211054,2.8378931800990257,28.944337117883777,0.03262725574012293,0.02126264963346064,0.014937319461814674,0.03445478358487081,0.038737350366539414,0.015062680538185338,1.12,1.12,1.12,1.12
1.015470299432946,2.838759895371918,28.946811177464813,0.032627190577369236,0.021263123977736553,0.014937319555183542,0.0344548487476245,0.0387368760222635,0.01506268044481647,1.12,1.12,1.12,1.12
1.0161615303757543,2.8396267436615306,28.94928474268784,0.03262712539403961,0.02126359849470072,0.014937319648949482,0.03445491393095412,0.038736401505299334,0.01506268035105053,1.12,1.12,1.12,1.12
1.016853000652083,2.840493724945502,28.951757813348035,0.032627060190120794,0.02126407318444304,0.014937319743105443,0.03445497913487294,0.038735926815557015,0.01506268025689457,1.12,1.12,1.12,1.12
1.0175447102644823,2.8413608392014575,28.954230389240497,0.0326269949655999,0.021264548047053133,0.014937319837644625,0.03445504435939384,0.03873545195294692,0.015062680162355388,1.12,1.12,1.12,1.12
1.0182366592154979,2.8422280864070126,28.956702470160316,0.032626929720464215,0.02126502308262168,0.014937319932560214,0.03445510960452952,0.03873497691737837,0.015062680067439799,1.12,1.12,1.12,1.12
1.018928847507674,2.843095466539767,28.959174055902494,0.03262686445470081,0.021265498291233392,0.014937320027845619,0.034455174870292926,0.03873450170876666,0.015062679972154394,1.12,1.12,1.12,1.12
1.01962127514355,2.8439629795773125,28.961645146262015,0.03262679916829697,0.02126597367297478,0.01493732012349433,0.034455240156696765,0.03873402632702527,0.015062679876505683,1.12,1.12,1.12,1.12
1.0203139421256646,2.8448306254972233,28.964115741033805,0.032626733861240265,0.02126644922793791,0.01493732021950002,0.03445530546375347,0.03873355077206214,0.015062679780499993,1.12,1.12,1.12,1.12
1.02100684845655,2.8456984042770674,28.96658584001274,0.03262666853351792,0.021266924956208744,0.014937320315856414,0.034455370791475814,0.03873307504379131,0.015062679684143598,1.12,1.12,1.12,1.12
1.0216999941387381,2.846566315894395,28.969055442993653,0.032626603185117564,0.02126740085787715,0.014937320412557423,0.03445543613987617,0.0387325991421229,0.01506267958744259,1.12,1.12,1.12,1.12
1.0223933791747568,2.8474343603267465,28.971524549771324,0.03262653781602709,0.021267876933035584,0.014937320509597063,0.034455501508966646,0.03873212306696447,0.01506267949040295,1.12,1.12,1.12,1.12
1.0230870035671304,2.8483025375516515,28.9739931601405,0.03262647242623412,0.021268353181768507,0.014937320606969465,0.034455566898759615,0.03873164681823155,0.015062679393030548,1.12,1.12,1.12,1.12
1.02378086731838,2.849170847546624,28.97646127389586,0.03262640701572622,0.021268829604166983,0.014937320704668855,0.034455632309267514,0.03873117039583307,0.015062679295331158,1.12,1.12,1.12,1.12
1.0244749704310236,2.8500392902891676,28.978928890832044,0.032626341584491625,0.02126930620032047,0.014937320802689627,0.03445569774050211,0.03873069379967958,0.015062679197310386,1.12,1.12,1.12,1.12
1.0251693129075772,2.8509078657567746,28.98139601074365,0.03262627613251806,0.02126978297031923,0.014937320901026271,0.034455763192475675,0.038730217029680825,0.015062679098973741,1.12,1.12,1.12,1.12
1.025863894750552,2.8517765739269216,28.983862633425225,0.03262621065979371,0.02127025991425399,0.01493732099967332,0.03445582866520003,0.03872974008574606,0.015062679000326692,1.12,1.12,1.12,1.12
1.0265587159624576,2.8526454147770752,28.98632875867126,0.03262614516630652,0.021270737032213438,0.0149373210986255,0.03445589415868722,0.038729262967786615,0.015062678901374513,1.12,1.12,1.12,1.12
1.0272537765457987,2.853514388284689,28.988794386276208,0.032626079652044615,0.02127121432428833,0.014937321197877634,0.03445595967294912,0.038728785675711724,0.015062678802122378,1.12,1.12,1.12,1.12
1.027949076503078,2.854383494427205,28.991259516034454,0.03262601411699645,0.021271691790565234,0.014937321297424644,0.03445602520799729,0.03872830820943482,0.015062678702575369,1.12,1.12,1.12,1.12
1.028644615836795,2.8552527331820503,28.99372414774037,0.03262594856115025,0.02127216943113891,0.014937321397261519,0.03445609076384348,0.038727830568861144,0.015062678602738494,1.12,1.12,1.12,1.12
1.029340394549445,2.856122104526643,28.99618828118826,0.032625882984494425,0.02127264724609884,0.014937321497383388,0.03445615634049931,0.03872735275390121,0.015062678502616625,1.12,1.12,1.12,1.12
1.030036412643521,2.856991608438387,28.99865191617237,0.0326258173870172,0.021273125235534762,0.014937321597785408,0.03445622193797654,0.03872687476446529,0.015062678402214605,1.12,1.12,1.12,1.12
1.0307326701215136,2.8578612448946714,29.001115052486902,0.032625751768707245,0.021273603399537933,0.014937321698462902,0.03445628755628649,0.03872639660046212,0.01506267830153711,1.12,1.12,1.12,1.12
1.031429166985908,2.8587310138728776,29.003577689926026,0.03262568612955302,0.021274081738200334,0.01493732179941129,0.034456353195440714,0.03872591826179972,0.015062678200588722,1.12,1.12,1.12,1.12
1.0321259032391872,2.85960091535037,29.00603982828385,0.03262562046954337,0.021274560251611813,0.014937321900626035,0.034456418855450366,0.03872543974838824,0.015062678099373977,1.12,1.12,1.12,1.12
1.0328228788838325,2.8604709493045033,29.00850146735443,0.03262555478866658,0.0212750389398626,0.014937322002102738,0.03445648453632716,0.03872496106013745,0.015062677997897275,1.12,1.12,1.12,1.12
1.0335200939223192,2.8613411157126185,29.01096260693178,0.0326254890869116,0.021275517803049288,0.014937322103837067,0.03445655023808214,0.038724482196950766,0.015062677896162946,1.12,1.12,1.12,1.12
1.0342175483571214,2.8622114145520445,29.013423246809875,0.03262542336426727,0.02127599684126058,0.014937322205824735,0.03445661596072647,0.03872400315873947,0.015062677794175278,1.12,1.12,1.12,1.12
1.0349152421907097,2.8630818458000964,29.01588338678261,0.032625357620722106,0.0212764760545886,0.014937322308061635,0.03445668170427163,0.03872352394541145,0.015062677691938378,1.12,1.12,1.12,1.12
1.035613175425551,2.863952409434078,29.018343026643862,0.03262529185626517,0.02127695544312594,0.014937322410543685,0.034456747468728566,0.038723044556874114,0.015062677589456328,1.12,1.12,1.12,1.12
1.0363113480641086,2.86482310543128,29.020802166187448,0.032625226070885416,0.02127743500696322,0.014937322513266849,0.03445681325410832,0.038722564993036834,0.015062677486733164,1.12,1.12,1.12,1.12
1.0370097601088433,2.8656939337689806,29.023260805207126,0.03262516026457174,0.021277914746194365,0.014937322616227211,0.034456879060422,0.03872208525380569,0.015062677383772802,1.12,1.12,1.12,1.12
1.0377084115622126,2.8665648944244455,29.02571894349662,0.03262509443731321,0.021278394660911054,0.01493732271942097,0.03445694488768053,0.038721605339089,0.015062677280579043,1.12,1.12,1.12,1.12
1.0384073024266705,2.867435987374927,29.028176580849617,0.03262502858909877,0.02127887475120291,0.014937322822844337,0.034457010735894966,0.038721125248797145,0.015062677177155676,1.12,1.12,1.12,1.12
1.0391064327046682,2.868307212597665,29.03063371705971,0.03262496271991738,0.021279355017164936,0.014937322926493649,0.03445707660507635,0.03872064498283512,0.015062677073506364,1.12,1.12,1.12,1.12
1.0398058023986523,2.869178570069888,29.033090351920485,0.03262489682975861,0.02127983545889392,0.01493732303036531,0.03445714249523513,0.038720164541106133,0.015062676969634703,1.12,1.12,1.12,1.12
1.0405054115110681,2.8700500597688094,29.035546485225453,0.032624830918611514,0.0212803160764779,0.014937323134455727,0.03445720840638222,0.03871968392352215,0.015062676865544286,1.12,1.12,1.12,1.12
1.0412052600443553,2.870921681671633,29.038002116768098,0.03262476498646505,0.02128079687001283,0.014937323238761485,0.03445727433852869,0.03871920312998722,0.015062676761238528,1.12,1.12,1.12,1.12
1.041905348000953,2.8717934357555457,29.040457246341845,0.032624699033308724,0.021281277839589885,0.014937323343279102,0.03445734029168501,0.03871872216041017,0.01506267665672091,1.12,1.12,1.12,1.12
1.0426056753832948,2.872665321997726,29.04291187374005,0.032624633059131714,0.021281758985301935,0.014937323448005357,0.03445740626586202,0.03871824101469812,0.015062676551994655,1.12,1.12,1.12,1.12
1.0433062421938117,2.8735373403753375,29.04536599875604,0.032624567063923526,0.021282240307245515,0.014937323552936893,0.03445747226107021,0.03871775969275454,0.01506267644706312,1.12,1.12,1.12,1.12
1.0440070484349324,2.8744094908655295,29.047819621183102,0.03262450104767339,0.02128272180551266,0.0149373236580706,0.03445753827732034,0.03871727819448739,0.015062676341929412,1.12,1.12,1.12,1.12
1.0447080941090814,2.8752817734454417,29.050272740814446,0.03262443501037071,0.02128320348019508,0.01493732376340326,0.034457604314623025,0.038716796519804975,0.015062676236596753,1.12,1.12,1.12,1.12
1.0454093792186792,2.8761541880921997,29.05272535744326,0.0326243689520051,0.021283685331390634,0.014937323868931873,0.034457670372988636,0.03871631466860942,0.01506267613106814,1.12,1.12,1.12,1.12
1.0461109037661445,2.877026734782915,29.05517747086265,0.03262430287256585,0.02128416735919092,0.014937323974653388,0.03445773645242789,0.038715832640809134,0.015062676025346625,1.12,1.12,1.12,1.12
1.0468126677538918,2.877899413494688,29.057629080865702,0.032624236772042625,0.021284649563691166,0.014937324080564862,0.03445780255295111,0.03871535043630889,0.01506267591943515,1.12,1.12,1.12,1.12
1.047514671184332,2.8787722242046057,29.060080187245457,0.03262417065042478,0.021285131944984437,0.014937324186663409,0.03445786867456896,0.03871486805501562,0.015062675813336604,1.12,1.12,1.12,1.12
1.0482169140598738,2.879645166889741,29.062530789794856,0.03262410450770209,0.02128561450316535,0.014937324292946197,0.03445793481729165,0.0387143854968347,0.015062675707053816,1.12,1.12,1.12,1.12
1.0489193963829224,2.8805182415271564,29.06498088830684,0.032624038343864126,0.02128609723833058,0.014937324399410437,0.03445800098112961,0.03871390276166947,0.015062675600589576,1.12,1.12,1.12,1.12
1.049622118155878,2.8813914480938996,29.067430482574284,0.03262397215890034,0.021286580150572387,0.014937324506053423,0.0344580671660934,0.038713419849427666,0.01506267549394659,1.12,1.12,1.12,1.12
1.0503250793811394,2.8822647865670064,29.06987957239001,0.032623905952800514,0.02128706323998769,0.01493732461287249,0.03445813337219322,0.03871293676001236,0.015062675387127522,1.12,1.12,1.12,1.12
1.051028280061101,2.8831382569234982,29.0723281575468,0.03262383972555438,0.021287546506671473,0.014937324719865003,0.034458199599439354,0.03871245349332858,0.01506267528013501,1.12,1.12,1.12,1.12
1.0517317201981546,2.884011859140386,29.07477623783737,0.03262377347715156,0.021288029950716547,0.014937324827028434,0.03445826584784217,0.038711970049283506,0.015062675172971579,1.12,1.12,1.12,1.12
1.052435399794689,2.8848855931946655,29.077223813054395,0.03262370720758173,0.021288513572222473,0.014937324934360272,0.034458332117412005,0.03871148642777758,0.015062675065639741,1.12,1.12,1.12,1.12
1.053139318853088,2.885759459063321,29.07967088299049,0.03262364091683467,0.021288997371281232,0.014937325041858102,0.03445839840815906,0.03871100262871882,0.015062674958141911,1.12,1.12,1.12,1.12
1.0538434773757321,2.8866334567233225,29.082117447438247,0.03262357460490045,0.02128948134798786,0.01493732514951944,0.034458464720093285,0.038710518652012194,0.015062674850480573,1.12,1.12,1.12,1.12
1.0545478753650022,2.887507586151628,29.08456350619017,0.03262350827176852,0.021289965502440333,0.014937325257341968,0.034458531053225216,0.03871003449755972,0.015062674742658044,1.12,1.12,1.12,1.12
1.0552525128232704,2.8883818473251823,29.087009059038746,0.03262344191742872,0.021290449834732883,0.014937325365323356,0.03445859740756502,0.03870955016526717,0.015062674634676657,1.12,1.12,1.12,1.12
1.055957389752909,2.889256240220918,29.089454105776383,0.032623375541871114,0.021290934344963874,0.014937325473461327,0.03445866378312262,0.03870906565503618,0.015062674526538686,1.12,1.12,1.12,1.12
1.0566625061562869,2.890130764815752,29.09189864619546,0.03262330914508532,0.021291419033224956,0.014937325581753702,0.034458730179908414,0.0387085809667751,0.01506267441824631,1.12,1.12,1.12,1.12
1.0573678620357676,2.8910054210865925,29.09434268008829,0.03262324272706135,0.021291903899614162,0.014937325690198316,0.034458796597932384,0.03870809610038589,0.015062674309801696,1.12,1.12,1.12,1.12
1.0580734573937123,2.8918802090103295,29.09678620724715,0.03262317628778921,0.02129238894422769,0.014937325798792964,0.034458863037204523,0.03870761105577236,0.01506267420120705,1.12,1.12,1.12,1.12
1.05877929223248,2.892755128563845,29.099229227464257,0.032623109827258634,0.02129287416716283,0.014937325907535604,0.0344589294977351,0.038707125832837225,0.01506267409246441,1.12,1.12,1.12,1.12
1.0594853665544235,2.893630179724005,29.101671740531785,0.032623043345459624,0.021293359568513248,0.014937326016424196,0.03445899597953411,0.038706640431486805,0.015062673983575817,1.12,1.12,1.12,1.12
1.060191680361896,2.8945053624676604,29.104113746241833,0.03262297684238219,0.021293845148378232,0.014937326125456701,0.03445906248261155,0.03870615485162182,0.015062673874543311,1.12,1.12,1.12,1.12
1.060898233657244,2.895380676771656,29.10655524438649,0.032622910318016285,0.021294330906853454,0.014937326234631218,0.03445912900697745,0.0387056690931466,0.015062673765368795,1.12,1.12,1.12,1.12
1.0616050264428118,2.896256122612816,29.10899623475775,0.03262284377235164,0.021294816844036557,0.014937326343945748,0.0344591955526421,0.038705183155963496,0.015062673656054265,1.12,1.12,1.12,1.12
1.0623120587209405,2.897131699967956,29.11143671714759,0.03262277720537865,0.021295302960023577,0.014937326453398458,0.034459262119615086,0.03870469703997648,0.015062673546601554,1.12,1.12,1.12,1.12
1.0630193304939686,2.8980074088138768,29.113876691347926,0.032622710617087214,0.021295789254913072,0.01493732656298749,0.03445932870790652,0.03870421074508698,0.015062673437012522,1.12,1.12,1.12,1.12
1.063726841764229,2.8988832491273655,29.116316157150614,0.03262264400746723,0.021296275728802827,0.014937326672711027,0.03445939531752651,0.038703724271197226,0.015062673327288986,1.12,1.12,1.12,1.12
1.0644345925340526,2.8997592208851994,29.118755114347472,0.03262257737650881,0.021296762381787238,0.014937326782567331,0.034459461948484926,0.038703237618212816,0.015062673217432682,1.12,1.12,1.12,1.12
1.0651425828057677,2.9006353240641385,29.12119356273025,0.032622510724202136,0.02129724921396453,0.014937326892554587,0.0344595286007916,0.03870275078603552,0.015062673107445426,1.12,1.12,1.12,1.12
1.065850812581698,2.90151155864093,29.12363150209066,0.03262244405053688,0.021297736225432823,0.014937327002671155,0.034459595274456856,0.03870226377456723,0.015062672997328858,1.12,1.12,1.12,1.12
1.066559281864163,2.9023879245923117,29.12606893222037,0.03262237735550366,0.021298223416288675,0.014937327112915316,0.034459661969490074,0.03870177658371138,0.015062672887084697,1.12,1.12,1.12,1.12
1.0672679906554805,2.903264421895005,29.128505852910983,0.0326223106390921,0.02129871078663126,0.014937327223285474,0.034459728685901636,0.038701289213368795,0.015062672776714539,1.12,1.12,1.12,1.12
1.067976938957965,2.9041410505257192,29.13094226395404,0.03262224390129259,0.021299198336557967,0.014937327333780004,0.034459795423701145,0.038700801663442086,0.015062672666220009,1.12,1.12,1.12,1.12
1.0686861267739258,2.905017810461148,29.13337816514106,0.03262217714209498,0.021299686066164086,0.014937327444397408,0.03445986218289876,0.03870031393383597,0.015062672555602605,1.12,1.12,1.12,1.12
1.0693955541051618,2.905894701677862,29.135813556265653,0.03262211036174528,0.021300173975826703,0.014937327555104463,0.034459928963248454,0.03869982602417335,0.01506267244489555,1.12,1.12,1.12,1.12
1.0701052209538957,2.906771724152506,29.138248437119522,0.03262204356027176,0.021300662065684206,0.014937327665894062,0.03445999576472197,0.03869933793431585,0.01506267233410595,1.12,1.12,1.12,1.12
1.0708151273224598,2.907648877861737,29.14068280749384,0.03262197673764616,0.021301150335818475,0.014937327776766096,0.03446006258734757,0.03869884966418158,0.015062672223233917,1.12,1.12,1.12,1.12
1.0715252732131766,2.908526162782199,29.143116667179736,0.03262190989384245,0.021301638786309335,0.014937327887720328,0.03446012943115129,0.03869836121369072,0.015062672112279685,1.12,1.12,1.12,1.12
1.0722356586283661,2.9094035788905233,29.145550015968325,0.03262184302883653,0.02130212741724344,0.014937327998756397,0.03446019629615721,0.038697872582756615,0.015062672001243615,1.12,1.12,1.12,1.12
1.0729462835702357,2.9102811261632877,29.147982853651015,0.032621776142651826,0.021302616228756538,0.014937328109865339,0.03446026318234191,0.038697383771243515,0.015062671890134674,1.12,1.12,1.12,1.12
1.0736571480410502,2.911158804577083,29.150415180018967,0.03262170923528557,0.021303105220954743,0.014937328221043655,0.03446033008970817,0.03869689477904531,0.015062671778956357,1.12,1.12,1.12,1.12
1.074368252043093,2.912036614108496,29.152846994863232,0.032621642306726095,0.02130359439393839,0.014937328332289626,0.03446039701826764,0.03869640560606166,0.015062671667710387,1.12,1.12,1.12,1.12
1.0750795955786427,2.9129145547340975,29.155278297974846,0.03262157535696214,0.02130408374780207,0.01493732844360171,0.034460463968031596,0.03869591625219798,0.015062671556398302,1.12,1.12,1.12,1.12
1.075791178649974,2.913792626430447,29.15770908914476,0.03262150838598332,0.02130457328264901,0.01493732855497834,0.034460530939010414,0.038695426717351045,0.015062671445021672,1.12,1.12,1.12,1.12
1.076503001259357,2.914670829174091,29.160139368163897,0.03262144139377898,0.021305062998576096,0.014937328666418032,0.034460597931214754,0.03869493700142396,0.015062671333581981,1.12,1.12,1.12,1.12
1.0772150634090596,2.915549162941563,29.162569134823137,0.032621374380339074,0.02130555289568209,0.014937328777919368,0.03446066494465466,0.038694447104317964,0.015062671222080645,1.12,1.12,1.12,1.12
1.0779273651013448,2.9164276277093832,29.164998388913293,0.03262130734565333,0.02130604297406752,0.014937328889480947,0.03446073197934041,0.038693957025932535,0.015062671110519066,1.12,1.12,1.12,1.12
1.0786399063384735,2.9173062234540574,29.167427130225143,0.03262124028971175,0.02130653323383075,0.014937329001101507,0.034460799035281986,0.038693466766169304,0.015062670998898506,1.12,1.12,1.12,1.12
1.0793526871227026,2.9181849501520807,29.16985535854939,0.03262117321250396,0.021307023675072145,0.014937329112779854,0.034460866112489774,0.03869297632492791,0.015062670887220159,1.12,1.12,1.12,1.12
1.0800657074562858,2.9190638077799345,29.172283073676724,0.03262110611402019,0.021307514297889296,0.014937329224514809,0.03446093321097354,0.03869248570211076,0.015062670775485204,1.12,1.12,1.12,1.12
1.0807789673414747,2.919942796314084,29.17471027539775,0.03262103899424956,0.021308005102386507,0.0149373293363054,0.034461000330744174,0.038691994897613546,0.015062670663694613,1.12,1.12,1.12,1.12
1.081492466780518,2.920821915730986,29.177136963503024,0.03262097185318186,0.021308496088655038,0.014937329448150571,0.03446106747181188,0.038691503911345015,0.015062670551849441,1.12,1.12,1.12,1.12
1.0822062057756587,2.9217011660070824,29.179563137783056,0.032620904690806085,0.02130898725680097,0.014937329560049561,0.03446113463418765,0.03869101274319908,0.015062670439950451,1.12,1.12,1.12,1.12
1.0829201843291407,2.9225805471188004,29.18198879802832,0.03262083750711142,0.021309478606920007,0.014937329672001537,0.034461201817882314,0.038690521393080046,0.015062670327998476,1.12,1.12,1.12,1.12
1.0836344024432039,2.9234600590425566,29.1844139440292,0.032620770302086655,0.02130997013911251,0.014937329784005887,0.03446126902290708,0.03869002986088754,0.015062670215994126,1.12,1.12,1.12,1.12
1.0843488601200837,2.9243397017547523,29.18683857557606,0.03262070307572035,0.021310461853472407,0.014937329896061988,0.03446133624927339,0.03868953814652765,0.015062670103938025,1.12,1.12,1.12,1.12
1.085063557362014,2.9252194752317795,29.189262692459184,0.03262063582800079,0.02131095375010139,0.01493733000816938,0.03446140349699295,0.03868904624989866,0.015062669991830632,1.12,1.12,1.12,1.12
1.0857784941712263,2.9260993794500116,29.191686294468838,0.032620568558915986,0.021311445829099107,0.014937330120327691,0.03446147076607775,0.038688554170900946,0.015062669879672322,1.12,1.12,1.12,1.12
1.0864936705499486,2.926979414385814,29.19410938139519,0.03262050126845367,0.021311938090558646,0.01493733023253667,0.034461538056540064,0.03868806190944141,0.015062669767463344,1.12,1.12,1.12,1.12
1.0872090865004063,2.9278595800155354,29.196531953028384,0.0326204339566013,0.021312430534582427,0.01493733034479608,0.034461605368392434,0.038687569465417626,0.015062669655203934,1.12,1.12,1.12,1.12
1.0879247420248217,2.9287398763155132,29.1989540091585,0.03262036662334611,0.021312923161263653,0.014937330457105769,0.03446167270164763,0.0386870768387364,0.015062669542894244,1.12,1.12,1.12,1.12
1.0886406371254151,2.929620303262072,29.201375549575573,0.032620299268674935,0.021313415970699606,0.014937330569465834,0.0344617400563188,0.03868658402930045,0.015062669430534179,1.12,1.12,1.12,1.12
1.0893567718044037,2.9305008608315206,29.20379657406957,0.03262023189257446,0.02131390896298932,0.014937330681876262,0.03446180743241928,0.038686091037010734,0.01506266931812375,1.12,1.12,1.12,1.12
1.0900731460640005,2.9313815490001587,29.206217082430417,0.03262016449503097,0.021314402138252253,0.014937330794337234,0.03446187482996277,0.0386855978617478,0.01506266920566278,1.12,1.12,1.12,1.12
1.0907897599064185,2.932262367744269,29.20863707444797,0.032620097076030474,0.021314895496671427,0.014937330906848928,0.03446194224896326,0.03868510450332863,0.015062669093151085,1.12,1.12,1.12,1.12
1.0915066133338667,2.9331433170401233,29.211056549912044,0.032620029635558656,0.021315389038332883,0.01493733101941172,0.03446200968943508,0.03868461096166717,0.015062668980588292,1.12,1.12,1.12,1.12
1.0922237063485534,2.934024396863977,29.213475508612362,0.03261996217360097,0.021315882763325494,0.01493733113202593,0.03446207715139277,0.03868411723667456,0.015062668867974083,1.12,1.12,1.12,1.12
1.092941038952683,2.9349056071920763,29.21589395033862,0.032619894690142426,0.021316376671741466,0.01493733124469207,0.03446214463485131,0.03868362332825859,0.015062668755307942,1.12,1.12,1.12,1.12
1.0936586111484556,2.9357869480006515,29.218311874880467,0.032619827185167816,0.021316870763665896,0.0149373313574106,0.03446221213982592,0.03868312923633416,0.015062668642589414,1.12,1.12,1.12,1.12
1.0943764229380695,2.936668419265919,29.220729282027477,0.032619759658661984,0.021317365039190517,0.0149373314701821,0.03446227966633175,0.03868263496080954,0.015062668529817913,1.12,1.12,1.12,1.12
1.0950944743237203,2.937550020964084,29.22314617156919,0.03261969211060939,0.02131785949840237,0.014937331583007196,0.03446234721438435,0.038682140501597684,0.015062668416992817,1.12,1.12,1.12,1.12
1.095812765307599,2.938431753071337,29.22556254329508,0.03261962454099404,0.021318354141393436,0.014937331695886555,0.034462414783999695,0.03868164585860662,0.015062668304113458,1.12,1.12,1.12,1.12
1.0965312958918951,2.9393136155638544,29.227978396994565,0.032619556949800066,0.021318848968251813,0.014937331808820925,0.03446248237519367,0.03868115103174824,0.015062668191179088,1.12,1.12,1.12,1.12
1.097250066078793,2.940195608417802,29.230393732457024,0.03261948933701131,0.021319343979068817,0.01493733192181107,0.03446254998798243,0.03868065602093124,0.015062668078188943,1.12,1.12,1.12,1.12
1.097969075870476,2.9410777316093277,29.232808549471763,0.03261942170261106,0.02131983917393443,0.014937332034857823,0.034462617622382674,0.038680160826065624,0.01506266796514219,1.12,1.12,1.12,1.12
1.0986883252691226,2.94195998511457,29.235222847828055,0.03261935404658317,0.02132033455293786,0.014937332147962001,0.034462685278410565,0.038679665447062195,0.015062667852038011,1.12,1.12,1.12,1.12
1.0994078142769088,2.9428423689096515,29.237636627315098,0.032619286368910594,0.021320830116169198,0.014937332261124509,0.03446275295608314,0.038679169883830855,0.015062667738875504,1.12,1.12,1.12,1.12
1.1001275428960067,2.943724882970682,29.24004988772206,0.032619218669576455,0.021321325863721707,0.014937332374346246,0.03446282065541728,0.038678674136278346,0.015062667625653767,1.12,1.12,1.12,1.12
1.1008475111285863,2.944607527273757,29.24246262883803,0.03261915094856349,0.021321821795680374,0.014937332487628158,0.034462888376430245,0.03867817820431968,0.015062667512371855,1.12,1.12,1.12,1.12
1.1015677189768118,2.9454903017949605,29.24487485045206,0.032619083205854826,0.02132231791213962,0.014937332600971215,0.03446295611913891,0.03867768208786043,0.015062667399028798,1.12,1.12,1.12,1.12
1.1022881664428468,2.9463732065103607,29.247286552353152,0.032619015441432864,0.021322814213188462,0.014937332714376361,0.03446302388356087,0.03867718578681159,0.015062667285623652,1.12,1.12,1.12,1.12
1.1030088535288496,2.947256241396013,29.249697734330233,0.032618947655280284,0.021323310698918463,0.01493733282784461,0.03446309166971345,0.03867668930108159,0.015062667172155403,1.12,1.12,1.12,1.12
1.1037297802369759,2.9481394064279574,29.252108396172193,0.03261887984737927,0.02132380736942266,0.014937332941376946,0.03446315947761447,0.038676192630577394,0.015062667058623067,1.12,1.12,1.12,1.12
1.1044509465693775,2.9490227015822237,29.254518537667867,0.03261881201771244,0.02132430422478815,0.014937333054974355,0.0344632273072813,0.038675695775211905,0.015062666945025657,1.12,1.12,1.12,1.12
1.1051723525282036,2.949906126834823,29.25692815860603,0.03261874416626176,0.021324801265109217,0.014937333168637934,0.03446329515873198,0.03867519873489084,0.015062666831362079,1.12,1.12,1.12,1.12
1.1058939981155984,2.9507896821617585,29.259337258775407,0.03261867629300952,0.02132529849047754,0.014937333282368695,0.03446336303198422,0.03867470150952251,0.015062666717631318,1.12,1.12,1.12,1.12
1.1066158833337036,2.9516733675390157,29.261745837964675,0.03261860839793784,0.021325795900985434,0.014937333396167665,0.034463430927055894,0.03867420409901462,0.015062666603832348,1.12,1.12,1.12,1.12
1.1073380081846562,2.9525571829425665,29.264153895962444,0.0326185404810288,0.021326293496720328,0.01493733351003583,0.034463498843964935,0.038673706503279726,0.015062666489964183,1.12,1.12,1.12,1.12
1.1080603726705913,2.9534411283483704,29.26656143255728,0.03261847254226424,0.02132679127777637,0.014937333623974203,0.03446356678272949,0.038673208722223684,0.01506266637602581,1.12,1.12,1.12,1.12
1.1087829767936395,2.9543252037323717,29.268968447537695,0.032618404581626126,0.021327289244249037,0.014937333737983838,0.03446363474336761,0.038672710755751016,0.015062666262016175,1.12,1.12,1.12,1.12
1.1095058205559267,2.9552094090705023,29.271374940692148,0.03261833659909641,0.021327787396227038,0.014937333852065762,0.03446370272589733,0.038672212603773015,0.01506266614793425,1.12,1.12,1.12,1.12
1.1102289039595774,2.956093744338678,29.273780911809038,0.03261826859465711,0.021328285733802466,0.014937333966220934,0.03446377073033663,0.03867171426619759,0.015062666033779079,1.12,1.12,1.12,1.12
1.110952227006709,2.956978209512803,29.27618636067671,0.03261820056829007,0.02132878425706844,0.014937334080450365,0.03446383875670367,0.038671215742931614,0.015062665919549648,1.12,1.12,1.12,1.12
1.111675789699438,2.9578628045687667,29.278591287083476,0.03261813251997708,0.021329282966119772,0.014937334194754986,0.03446390680501665,0.03867071703388028,0.015062665805245026,1.12,1.12,1.12,1.12
1.1123995920398773,2.958747529482444,29.28099569081756,0.03261806444970039,0.021329781861044256,0.014937334309135797,0.034463974875293346,0.0386702181389558,0.015062665690864216,1.12,1.12,1.12,1.12
1.1131236340301336,2.9596323842296957,29.28339957166716,0.032617996357441725,0.021330280941939533,0.01493733442359374,0.03446404296755201,0.03866971905806052,0.015062665576406273,1.12,1.12,1.12,1.12
1.1138479156723118,2.9605173687863697,29.28580292942042,0.0326179282431831,0.021330780208900113,0.01493733453812976,0.03446411108181063,0.03866921979109994,0.015062665461870253,1.12,1.12,1.12,1.12
1.114572436968511,2.9614024831283006,29.28820576386541,0.03261786010690665,0.021331279662016006,0.014937334652744744,0.03446417921808709,0.03866872033798405,0.015062665347255269,1.12,1.12,1.12,1.12
1.1152971979208295,2.9622877272313057,29.290608074790168,0.03261779194859438,0.02133177930138208,0.014937334767439595,0.03446424737639936,0.03866822069861797,0.015062665232560418,1.12,1.12,1.12,1.12
1.1160221985313583,2.9631731010711917,29.29300986198266,0.03261772376822847,0.021332279127095066,0.014937334882215159,0.03446431555676527,0.03866772087290499,0.015062665117784854,1.12,1.12,1.12,1.12
1.1167474388021874,2.9640586046237494,29.295411125230814,0.03261765556579127,0.02133277913924636,0.014937334997072282,0.034464383759202466,0.03866722086075369,0.01506266500292773,1.12,1.12,1.12,1.12
1.1174729187354,2.964944237864756,29.297811864322505,0.03261758734126474,0.02133327933793161,0.014937335112011743,0.034464451983728994,0.03866672066206844,0.01506266488798827,1.12,1.12,1.12,1.12
1.1181986383330784,2.9658300007699734,29.300212079045558,0.032617519094631564,0.021333779723244906,0.01493733522703436,0.03446452023036217,0.03866622027675515,0.015062664772965653,1.12,1.12,1.12,1.12
1.1189245975972992,2.9667158933151527,29.302611769187713,0.03261745082587392,0.021334280295280034,0.014937335342140992,0.03446458849911982,0.03866571970472002,0.01506266465785902,1.12,1.12,1.12,1.12
1.119650796530134,2.9676019154760285,29.30501093453669,0.03261738253497465,0.021334781054135665,0.01493733545733232,0.03446465679001909,0.03866521894586439,0.015062664542667692,1.12,1.12,1.12,1.12
1.1203772351336525,2.968488067228321,29.307409574880143,0.03261731422191627,0.021335281999904088,0.01493733557260904,0.034464725103077465,0.038664718000095966,0.015062664427390973,1.12,1.12,1.12,1.12
1.12110391340992,2.969374348547736,29.30980769000569,0.03261724588668141,0.021335783132682973,0.014937335687971898,0.034464793438312324,0.03866421686731708,0.015062664312028115,1.12,1.12,1.12,1.12
1.1218308313609968,2.9702607594099675,29.312205279700866,0.03261717752925314,0.021336284452569326,0.014937335803421506,0.0344648617957406,0.03866371554743073,0.015062664196578507,1.12,1.12,1.12,1.12
1.122557988988939,2.971147299790694,29.31460234375318,0.032617109149614354,0.02133678595965635,0.014937335918958544,0.03446493017537938,0.0386632140403437,0.015062664081041469,1.12,1.12,1.12,1.12
1.1232853862958005,2.972033969665578,29.316998881950084,0.03261704074774824,0.021337287654040693,0.014937336034583651,0.0344649985772455,0.03866271234595936,0.015062663965416362,1.12,1.12,1.12,1.12
1.124013023283629,2.9729207690102712,29.31939489407894,0.03261697232363808,0.02133778953582019,0.014937336150297326,0.034465067001355654,0.038662210464179864,0.015062663849702687,1.12,1.12,1.12,1.12
1.12474089995447,2.9738076978004098,29.32179037992712,0.03261690387726712,0.021338291605092763,0.014937336266100193,0.034465135447726614,0.03866170839490729,0.01506266373389982,1.12,1.12,1.12,1.12
1.1254690163103622,2.974694756011614,29.324185339281883,0.03261683540861876,0.021338793861955196,0.014937336381992794,0.034465203916374976,0.03866120613804486,0.015062663618007219,1.12,1.12,1.12,1.12
1.1261973723533438,2.975581943619492,29.326579771930483,0.03261676691767684,0.021339296306506467,0.014937336497975587,0.034465272407316894,0.03866070369349359,0.015062663502024426,1.12,1.12,1.12,1.12
1.126925968085446,2.976469260599637,29.328973677660095,0.032616698404425104,0.021339798938842358,0.014937336614049085,0.03446534092056863,0.038660201061157695,0.015062663385950928,1.12,1.12,1.12,1.12
1.1276548035086968,2.977356706927628,29.33136705625784,0.0326166298688475,0.021340301759061153,0.014937336730213677,0.034465409456146234,0.0386596982409389,0.015062663269786336,1.12,1.12,1.12,1.12
1.1283838786251208,2.978244282579029,29.3337599075108,0.032616561310928216,0.021340804767261357,0.014937336846469793,0.03446547801406552,0.0386591952327387,0.01506266315353022,1.12,1.12,1.12,1.12
1.129113193436737,2.979131987529392,29.33615223120598,0.03261649273065148,0.021341307963544665,0.014937336962817835,0.034465546594342256,0.03865869203645539,0.015062663037182178,1.12,1.12,1.12,1.12
1.1298427479455617,2.980019821754252,29.338544027130375,0.03261642412800142,0.021341811348007944,0.014937337079258178,0.034465615196992316,0.03865818865199211,0.015062662920741834,1.12,1.12,1.12,1.12
1.130572542153606,2.9809077852291326,29.34093529507088,0.032616355502962935,0.021342314920748923,0.014937337195791156,0.0344656838220308,0.03865768507925113,0.015062662804208857,1.12,1.12,1.12,1.12
1.131302576062877,2.98179587792954,29.343326034814353,0.03261628685552076,0.02134281868186874,0.014937337312417087,0.03446575246947298,0.03865718131813131,0.015062662687582926,1.12,1.12,1.12,1.12
1.132032849675378,2.9826840998309674,29.34571624614763,0.03261621818565952,0.02134332263146871,0.01493733742913618,0.03446582113933422,0.038656677368531345,0.015062662570863833,1.12,1.12,1.12,1.12
1.1327633629931082,2.983572450908895,29.34810592885745,0.0326161494933645,0.021343826769648272,0.014937337545948726,0.03446588983162924,0.03865617323035178,0.015062662454051287,1.12,1.12,1.12,1.12
1.1334941160180618,2.984460931138787,29.350495082730518,0.032616080778620826,0.021344331096507158,0.014937337662854877,0.03446595854637291,0.038655668903492896,0.015062662337145136,1.12,1.12,1.12,1.12
1.1342251087522295,2.985349540496094,29.35288370755347,0.032616012041413844,0.021344835612145896,0.014937337779854898,0.03446602728357989,0.03865516438785416,0.015062662220145115,1.12,1.12,1.12,1.12
1.1349563411975976,2.9862382789562525,29.35527180311293,0.03261594328172929,0.021345340316667738,0.014937337896948927,0.03446609604326445,0.038654659683332315,0.015062662103051086,1.12,1.12,1.12,1.12
1.135687813356149,2.987127146494683,29.35765936919543,0.03261587449955261,0.021345845210172465,0.014937338014137089,0.034466164825441126,0.03865415478982759,0.015062661985862924,1.12,1.12,1.12,1.12
1.1364195252298597,2.9880161430867944,29.36004640558746,0.03261580569487005,0.021346350292760052,0.01493733813141948,0.03446623363012369,0.03865364970724,0.015062661868580532,1.12,1.12,1.12,1.12
1.137151476820705,2.9889052687079793,29.362432912075462,0.03261573686766733,0.02134685556453536,0.0149373382487962,0.0344663024573264,0.03865314443546469,0.015062661751203812,1.12,1.12,1.12,1.12
1.137883668130654,2.9897945233336163,29.364818888445818,0.03261566801793103,0.021347361025600475,0.014937338366267344,0.034466371307062704,0.03865263897439958,0.015062661633732669,1.12,1.12,1.12,1.12
1.1386160991616716,2.99068390693907,29.367204334484867,0.032615599145647434,0.02134786667605687,0.014937338483832885,0.0344664401793463,0.03865213332394318,0.015062661516167128,1.12,1.12,1.12,1.12
1.1393487699157188,2.991573419499689,29.369589249978873,0.03261553025080299,0.021348372516005742,0.014937338601492822,0.03446650907419074,0.03865162748399431,0.01506266139850719,1.12,1.12,1.12,1.12
1.1400816803947524,2.992463060990811,29.37197363471408,0.032615461333384554,0.021348878545554617,0.014937338719247184,0.03446657799160918,0.038651121454445436,0.015062661280752829,1.12,1.12,1.12,1.12
1.140814830600725,2.9933528313877558,29.374357488476647,0.03261539239337896,0.021349384764802165,0.01493733883709586,0.034466646931614775,0.03865061523519789,0.015062661162904153,1.12,1.12,1.12,1.12
1.1415482205355847,2.9942427306658304,29.37674081105271,0.0326153234307735,0.02134989117385558,0.014937338955038806,0.034466715894220235,0.038650108826144475,0.015062661044961206,1.12,1.12,1.12,1.12
1.1422818502012757,2.9951327588003274,29.37912360222832,0.0326152544455553,0.021350397772818552,0.01493733907307597,0.03446678487943844,0.0386496022271815,0.015062660926924043,1.12,1.12,1.12,1.12
1.1430157195997375,2.996022915766525,29.381505861789485,0.03261518543771158,0.02135090456179492,0.014937339191207155,0.034466853887282156,0.03864909543820513,0.015062660808792858,1.12,1.12,1.12,1.12
1.1437498287329058,2.9969132015396855,29.383887589522182,0.03261511640723036,0.021351411540888265,0.014937339309432293,0.034466922917763376,0.03864858845911179,0.01506266069056772,1.12,1.12,1.12,1.12
1.144484177602712,2.9978036160950574,29.38626878521231,0.03261504735409898,0.021351918710204587,0.014937339427751162,0.034466991970894756,0.038648081289795466,0.015062660572248851,1.12,1.12,1.12,1.12
1.1452187662110827,2.9986941594078775,29.388649448645715,0.03261497827830567,0.021352426069848746,0.01493733954616358,0.03446706104668806,0.03864757393015131,0.015062660453836432,1.12,1.12,1.12,1.12
1.145953594559941,2.9995848314533644,29.391029579608208,0.032614909179838336,0.021352933619927045,0.014937339664669369,0.0344671301451554,0.03864706638007301,0.015062660335330644,1.12,1.12,1.12,1.12
1.1466886626512056,3.000475632206724,29.393409177885523,0.032614840058685146,0.021353441360543457,0.014937339783268277,0.03446719926630859,0.038646558639456596,0.015062660216731735,1.12,1.12,1.12,1.12
1.1474239704867906,3.001366561643147,29.395788243263365,0.03261477091483467,0.021353949291803564,0.01493733990196,0.03446726841015907,0.03864605070819649,0.015062660098040012,1.12,1.12,1.12,1.12
1.1481595180686062,3.0022576197378097,29.398166775527358,0.03261470174827519,0.02135445741381392,0.01493734002074433,0.03446733757671855,0.03864554258618613,0.015062659979255683,1.12,1.12,1.12,1.12
1.1488953053985578,3.003148806465875,29.400544774463096,0.032614632558995715,0.021354965726685105,0.014937340139620933,0.03446740676599802,0.03864503427331495,0.01506265986037908,1.12,1.12,1.12,1.12
1.1496313324785472,3.0040401218024906,29.402922239856117,0.03261456334698465,0.02135547423051945,0.014937340258589546,0.03446747597800909,0.0386445257694806,0.015062659741410467,1.12,1.12,1.12,1.12
1.1503675993104714,3.004931565722788,29.405299171491887,0.032614494112231496,0.021355982925425926,0.014937340377649738,0.03446754521276224,0.03864401707457413,0.015062659622350275,1.12,1.12,1.12,1.12
1.1511041058962246,3.0058231382018876,29.407675569155835,0.0326144248547251,0.021356491811511225,0.01493734049680126,0.03446761447026864,0.03864350818848883,0.015062659503198753,1.12,1.12,1.12,1.12
1.151840852237694,3.0067148392148924,29.410051432633324,0.03261435557445469,0.021357000888884536,0.014937340616043654,0.03446768375053905,0.03864299911111552,0.015062659383956359,1.12,1.12,1.12,1.12
1.152577838336765,3.0076066687368925,29.412426761709686,0.03261428627140994,0.02135751015765025,0.0149373407353766,0.034467753053583794,0.0386424898423498,0.015062659264623413,1.12,1.12,1.12,1.12
1.1533150641953183,3.008498626742961,29.414801556170175,0.03261421694558014,0.02135801961791789,0.014937340854799669,0.03446782237941359,0.038641980382082164,0.015062659145200344,1.12,1.12,1.12,1.12
1.1540525298152298,3.00939071320816,29.417175815799993,0.03261414759695508,0.02135852926979842,0.014937340974312346,0.03446789172803866,0.03864147073020163,0.015062659025687666,1.12,1.12,1.12,1.12
1.15479023519837,3.010282928107534,29.419549540384303,0.03261407822552448,0.021359039113397982,0.014937341093914314,0.03446796109946926,0.03864096088660207,0.015062658906085699,1.12,1.12,1.12,1.12
1.1555281803466084,3.011175271416114,29.4219227297082,0.03261400883127841,0.021359549148822765,0.014937341213605043,0.03446803049371533,0.03864045085117729,0.01506265878639497,1.12,1.12,1.12,1.12
1.1562663652613172,3.0120677431086293,29.42429538355747,0.0326139394143779,0.021360059376403062,0.014937341333328566,0.034468099910615835,0.03863994062359699,0.015062658666671447,1.12,1.12,1.12,1.12
1.157004789943912,3.012960343159779,29.426667501717453,0.03261386997495075,0.021360569796433054,0.014937341453028885,0.03446816935004299,0.038639430203567,0.015062658546971128,1.12,1.12,1.12,1.12
1.1577434543964962,3.0138530715446423,29.429039083972327,0.03261380051288054,0.021361080408897892,0.0149373415727269,0.034468238812113194,0.03863891959110216,0.015062658427273112,1.12,1.12,1.12,1.12
1.1584823586211497,3.014745928238284,29.43141013010628,0.03261373102805898,0.02136159121379591,0.014937341692442166,0.03446830829693476,0.03863840878620414,0.015062658307557847,1.12,1.12,1.12,1.12
1.159221502619929,3.0156389132157444,29.433780639903507,0.03261366152038708,0.021362102211132966,0.014937341812192653,0.034468377804606654,0.03863789778886709,0.01506265818780736,1.12,1.12,1.12,1.12
1.1599608863948636,3.016532026452042,29.436150613148243,0.03261359198977731,0.021362613400930125,0.014937341931994308,0.03446844733521642,0.03863738659906993,0.015062658068005705,1.12,1.12,1.12,1.12
1.1607005099479524,3.017425267922172,29.43852004962477,0.032613522436152786,0.021363124783216864,0.014937342051861313,0.03446851688884095,0.03863687521678319,0.0150626579481387,1.12,1.12,1.12,1.12
1.1614403732811673,3.0183186376011095,29.440888949117358,0.032613452859447556,0.021363636358039118,0.014937342171805632,0.03446858646554618,0.038636363641960936,0.015062657828194381,1.12,1.12,1.12,1.12
1.162180476396453,3.0192121354638033,29.44325731141034,0.032613383259606554,0.021364148125454452,0.014937342291837435,0.03446865606538718,0.0386358518745456,0.015062657708162577,1.12,1.12,1.12,1.12
1.1629208192957268,3.020105761485182,29.445625136288044,0.03261331363658432,0.021364660085527648,0.014937342411964927,0.03446872568840942,0.038635339914472405,0.015062657588035086,1.12,1.12,1.12,1.12
1.1636614019808817,3.0209995156401512,29.4479924235348,0.03261324399034443,0.02136517223834042,0.014937342532194642,0.034468795334649305,0.038634827761659635,0.015062657467805371,1.12,1.12,1.12,1.12
1.1644022244537873,3.021893397903595,29.450359172934952,0.032613174320858695,0.02136568458397764,0.014937342652531438,0.03446886500413504,0.03863431541602241,0.015062657347468575,1.12,1.12,1.12,1.12
1.1651432867162934,3.022787408250375,29.45272538427286,0.03261310462810596,0.02136619712253368,0.014937342772978729,0.034468934696887776,0.03863380287746637,0.015062657227021284,1.12,1.12,1.12,1.12
1.1658845887702307,3.0236815466553333,29.45509105733284,0.03261303491207157,0.021366709854114985,0.014937342893538721,0.034469004412922166,0.03863329014588507,0.015062657106461291,1.12,1.12,1.12,1.12
1.1666261306174128,3.0245758130932927,29.457456191899198,0.03261296517274559,0.021367222778826245,0.01493734301421247,0.03446907415224815,0.03863277722117381,0.015062656985787543,1.12,1.12,1.12,1.12
1.167367912259639,3.025470207539057,29.459820787756218,0.032612895410122966,0.021367735896788254,0.014937343135000003,0.03446914391487077,0.0386322641032118,0.01506265686500001,1.12,1.12,1.12,1.12
1.1681099336986966,3.0263647299674092,29.462184844688153,0.032612825624202035,0.02136824920811506,0.014937343255900626,0.0344692137007917,0.038631750791884995,0.015062656744099387,1.12,1.12,1.12,1.12
1.1688521949363604,3.027259380353115,29.464548362479206,0.032612755814984185,0.02136876271292898,0.014937343376912923,0.03446928351000955,0.038631237287071074,0.01506265662308709,1.12,1.12,1.12,1.12
1.1695946959743944,3.0281541586709277,29.466911340913562,0.03261268598247308,0.021369276411359023,0.014937343498034883,0.03446935334252066,0.03863072358864103,0.01506265650196513,1.12,1.12,1.12,1.12
1.1703374368145565,3.029049064895575,29.469273779775335,0.03261261612667393,0.021369790303529423,0.014937343619264173,0.034469423198319804,0.03863020969647063,0.01506265638073584,1.12,1.12,1.12,1.12
1.1710804174585951,3.029944099001774,29.471635678848614,0.03261254624759363,0.021370304389567663,0.014937343740598033,0.034469493077400104,0.03862969561043239,0.01506265625940198,1.12,1.12,1.12,1.12
1.1718236379082534,3.030839260964223,29.473997037917414,0.03261247634523967,0.021370818669607772,0.014937343862033492,0.034469562979754065,0.03862918133039228,0.01506265613796652,1.12,1.12,1.12,1.12
1.1725670981652674,3.0317345507576072,29.476357856765716,0.03261240641962021,0.021371333143779148,0.014937343983567414,0.034469632905373526,0.038628666856220906,0.015062656016432599,1.12,1.12,1.12,1.12
1.1733107982313689,3.032629968356596,29.478718135177438,0.0326123364707438,0.02137184781221238,0.014937344105196607,0.03446970285424994,0.03862815218778767,0.015062655894803406,1.12,1.12,1.12,1.12
1.1740547381082862,3.0335255137358406,29.481077872936435,0.032612266498618925,0.021372362675042195,0.014937344226917754,0.03446977282637481,0.03862763732495786,0.015062655773082259,1.12,1.12,1.12,1.12
1.1747989177977414,3.034421186869981,29.48343706982653,0.03261219650325381,0.021372877732397988,0.01493734434872765,0.03446984282173993,0.038627122267602065,0.015062655651272364,1.12,1.12,1.12,1.12
1.1755433373014552,3.0353169877336406,29.485795725631462,0.03261212648465711,0.0213733929844116,0.014937344470623087,0.034469912840336625,0.038626607015588454,0.015062655529376925,1.12,1.12,1.12,1.12
1.1762879966211437,3.036212916301429,29.488153840134927,0.03261205644283638,0.021373908431212757,0.014937344592600932,0.03446998288215736,0.038626091568787296,0.015062655407399081,1.12,1.12,1.12,1.12
1.17703289575795,3.0371089725469824,29.490511413116664,0.032611986377748536,0.021374424073033804,0.014937344714504946,0.0344700529472452,0.03862557592696625,0.015062655285495066,1.12,1.12,1.12,1.12
1.1777780347136046,3.038005156444924,29.492868444360465,0.03261191628940613,0.02137493990999889,0.014937344836340127,0.03447012303558761,0.03862506009000116,0.015062655163659885,1.12,1.12,1.12,1.12
1.1785234134898754,3.0389014679699318,29.495224933650313,0.03261184617782403,0.021375455942229865,0.014937344958122684,0.0344701931471697,0.03862454405777019,0.01506265504187733,1.12,1.12,1.12,1.12
1.1792690320885248,3.0397979070966574,29.497580880770105,0.03261177604301513,0.0213759721698491,0.014937345079867298,0.03447026328197861,0.03862402783015095,0.015062654920132715,1.12,1.12,1.12,1.12
1.1800148905113046,3.040694473799731,29.4999362855036,0.032611705884991626,0.021376488592978082,0.014937345201586877,0.03447033344000211,0.03862351140702197,0.015062654798413136,1.12,1.12,1.12,1.12
1.180760988759963,3.041591168053758,29.5022911476345,0.03261163570376335,0.021377005211739658,0.014937345323293216,0.03447040362123038,0.038622994788260395,0.015062654676706796,1.12,1.12,1.12,1.12
1.1815073268362393,3.0424879898333232,29.50464546694638,0.03261156549933891,0.02137752202625448,0.01493734544499678,0.034470473825654824,0.03862247797374557,0.015062654555003233,1.12,1.12,1.12,1.12
1.1822539047418656,3.0433849391129884,29.50699924322273,0.032611495271726076,0.021378039036641705,0.014937345566706811,0.03447054405326766,0.03862196096335835,0.015062654433293202,1.12,1.12,1.12,1.12
1.1830007224785621,3.0442820158672874,29.50935247624693,0.03261142502093273,0.02137855624302515,0.014937345688430179,0.03447061430406101,0.038621443756974905,0.015062654311569834,1.12,1.12,1.12,1.12
1.183747780048051,3.0451792200707404,29.5117051658023,0.03261135474696347,0.02137907364552455,0.01493734581017439,0.034470684578030264,0.038620926354475504,0.015062654189825622,1.12,1.12,1.12,1.12
1.184495077452049,3.04607655169785,29.51405731167206,0.03261128444982181,0.02137959124425906,0.01493734593194615,0.03447075487517193,0.03862040875574099,0.015062654068053863,1.12,1.12,1.12,1.12
1.1852426146922672,3.0469740107230994,29.516408913639374,0.03261121412951051,0.021380109039348533,0.01493734605375141,0.03447082519548322,0.03861989096065152,0.015062653946248603,1.12,1.12,1.12,1.12
1.1859903917704104,3.0478715971209507,29.51875997148729,0.03261114378603153,0.02138062703091595,0.014937346175595514,0.03447089553896221,0.038619372969084104,0.015062653824404498,1.12,1.12,1.12,1.12
1.1867384086881816,3.048769310865849,29.521110484998793,0.032611073419385905,0.021381145219075415,0.014937346297483167,0.03447096590560783,0.03861885478092464,0.015062653702516846,1.12,1.12,1.12,1.12
1.1874866654472744,3.0496671519322236,29.52346045395682,0.03261100302957409,0.021381663603949164,0.014937346419418573,0.034471036295419644,0.03861833639605089,0.01506265358058144,1.12,1.12,1.12,1.12
1.1882351620493807,3.050565120294482,29.525809878144194,0.032610932616595645,0.021382182185655463,0.014937346541405397,0.03447110670839809,0.03861781781434459,0.015062653458594616,1.12,1.12,1.12,1.12
1.1889838984961856,3.051463215927015,29.528158757343682,0.032610862180449784,0.02138270096431044,0.014937346663446954,0.03447117714454395,0.03861729903568961,0.015062653336553058,1.12,1.12,1.12,1.12
1.1897328747893698,3.0523614388042,29.530507091338006,0.03261079172113507,0.02138321994003667,0.014937346785546146,0.03447124760385867,0.038616780059963385,0.015062653214453867,1.12,1.12,1.12,1.12
1.1904820909306113,3.0532597889003896,29.532854879909763,0.03261072123864922,0.02138373911295305,0.01493734690770547,0.034471318086344516,0.038616260887047005,0.015062653092294542,1.12,1.12,1.12,1.12
1.1912315469215802,3.0541582661899285,29.535202122841554,0.03261065073298969,0.021384258483175073,0.014937347029927259,0.03447138859200405,0.03861574151682498,0.015062652970072754,1.12,1.12,1.12,1.12
1.1919812427639451,3.055056870647137,29.537548819915838,0.032610580204153694,0.02138477805082023,0.014937347152213495,0.03447145912084004,0.03861522194917982,0.015062652847786517,1.12,1.12,1.12,1.12
1.1927311784592518,3.0559556022461387,29.53989497091434,0.032610509652130415,0.021385297816029214,0.014937347274536078,0.03447152967286332,0.03861470218397084,0.015062652725463935,1.12,1.12,1.12,1.12
1.1934813540091722,3.0568544609612402,29.542240575619473,0.03261043907691635,0.021385817778919153,0.014937347396899808,0.03447160024807738,0.0386141822210809,0.015062652603100204,1.12,1.12,1.12,1.12
1.1942317694153655,3.0577534467667293,29.544585633813607,0.032610368478508345,0.021386337939606315,0.014937347519307947,0.03447167084648539,0.03861366206039374,0.015062652480692065,1.12,1.12,1.12,1.12
1.194982424679486,3.0586525596368723,29.546930145279,0.03261029785690267,0.021386858298207106,0.014937347641763382,0.034471741468091066,0.03861314170179295,0.01506265235823663,1.12,1.12,1.12,1.12
1.1957333198031843,3.0595517995459205,29.54927410979787,0.032610227212095,0.021387378854839156,0.01493734776426861,0.034471812112898736,0.0386126211451609,0.015062652235731402,1.12,1.12,1.12,1.12
1.1964844547881064,3.0604511664681078,29.551617527152352,0.032610156544081115,0.02138789960961801,0.014937347886826005,0.03447188278091262,0.03861210039038204,0.015062652113174008,1.12,1.12,1.12,1.12
1.1972358296358914,3.0613506603776517,29.553960397124527,0.03261008585285563,0.02138842056266288,0.014937348009437523,0.034471953472138106,0.03861157943733717,0.01506265199056249,1.12,1.12,1.12,1.12
1.1979874443481777,3.062250281248753,29.556302719496394,0.032610015138413107,0.021388941714090226,0.014937348132105066,0.03447202418658063,0.03861105828590983,0.015062651867894947,1.12,1.12,1.12,1.12
1.1987392989265968,3.0631500290555964,29.558644494049908,0.032609944400747826,0.0213894630640159,0.014937348254830243,0.03447209492424591,0.03861053693598415,0.01506265174516977,1.12,1.12,1.12,1.12
1.199491393372776,3.064049903772352,29.560985720566947,0.03260987363985374,0.021389984612556256,0.014937348377614457,0.03447216568514,0.0386100153874438,0.015062651622385556,1.12,1.12,1.12,1.12
1.2002437276883389,3.0649499053731684,29.563326398829318,0.032609802855724235,0.021390506359826506,0.014937348500458969,0.0344722364692695,0.03860949364017355,0.015062651499541044,1.12,1.12,1.12,1.12
1.2009963018749044,3.065850033832184,29.565666528618777,0.0326097320483526,0.021391028305947135,0.014937348623364904,0.034472307276641134,0.03860897169405292,0.015062651376635108,1.12,1.12,1.12,1.12
1.2017491159340867,3.0667502891235174,29.568006109717032,0.032609661217731734,0.021391550451033053,0.01493734874633322,0.034472378107262,0.038608449548967,0.015062651253666792,1.12,1.12,1.12,1.12
1.2025021698674965,3.0676506712212745,29.570345141905683,0.03260959036385458,0.0213920727952015,0.01493734886936468,0.03447244896113916,0.03860792720479855,0.015062651130635332,1.12,1.12,1.12,1.12
1.2032554636767385,3.068551180099543,29.572683624966317,0.03260951948671342,0.021392595338568354,0.014937348992460062,0.03447251983828031,0.0386074046614317,0.015062651007539951,1.12,1.12,1.12,1.12
1.204008997363415,3.0694518157323945,29.575021558680422,0.032609448586300716,0.021393118081247275,0.014937349115620016,0.03447259073869302,0.03860688191875278,0.015062650884379997,1.12,1.12,1.12,1.12
1.2047627709291238,3.0703525780938827,29.577358942829456,0.03260937766260852,0.0213936410233585,0.014937349238844988,0.03447266166238522,0.03860635897664155,0.015062650761155025,1.12,1.12,1.12,1.12
1.2055167843754564,3.071253467158053,29.579695777194793,0.03260930671562845,0.021394164165016716,0.014937349362135421,0.034472732609365286,0.03860583583498334,0.015062650637864591,1.12,1.12,1.12,1.12
1.2062710377040018,3.0721544828989273,29.58203206155775,0.03260923574535224,0.021394687506338883,0.01493734948549165,0.0344728035796415,0.03860531249366117,0.015062650514508363,1.12,1.12,1.12,1.12
1.2070255309163442,3.0730556252905163,29.584367795699603,0.03260916475177156,0.021395211047439133,0.014937349608913908,0.03447287457322218,0.03860478895256092,0.015062650391086105,1.12,1.12,1.12,1.12
1.2077802640140636,3.0739568943068107,29.586702979401522,0.0326090937348778,0.021395734788437037,0.014937349732402419,0.03447294559011593,0.038604265211563016,0.015062650267597594,1.12,1.12,1.12,1.12
1.2085352369987357,3.074858289921791,29.589037612444685,0.032609022694661816,0.02139625872944767,0.014937349855957294,0.03447301663033192,0.03860374127055238,0.015062650144042719,1.12,1.12,1.12,1.12
1.2092904498719317,3.0757598121094176,29.591371694610146,0.032608951631115046,0.021396782870586856,0.014937349979578629,0.03447308769387869,0.0386032171294132,0.015062650020421384,1.12,1.12,1.12,1.12
1.2100459026352186,3.0766614608436367,29.593705225678924,0.03260888054422806,0.02139730721197164,0.014937350103266328,0.03447315878076568,0.038602692788028414,0.015062649896733685,1.12,1.12,1.12,1.12
1.2108015952901572,3.0775632360983765,29.59603820543197,0.03260880943399175,0.02139783175371804,0.01493735022702003,0.03447322989100199,0.038602168246282015,0.015062649772979983,1.12,1.12,1.12,1.12
1.2115575278383008,3.0784651378475445,29.598370633650163,0.03260873830039601,0.021398356495943682,0.014937350350838263,0.034473301024597724,0.03860164350405637,0.01506264964916175,1.12,1.12,1.12,1.12
1.2123137002812054,3.0793671660650404,29.600702510114335,0.03260866714343119,0.02139888143876295,0.014937350474721223,0.034473372181562545,0.0386011185612371,0.01506264952527879,1.12,1.12,1.12,1.12
1.2130701126204217,3.0802693207247493,29.603033834605284,0.03260859596308813,0.02139940658229597,0.014937350598668922,0.03447344336190561,0.03860059341770408,0.01506264940133109,1.12,1.12,1.12,1.12
1.2138267648574956,3.081171601800542,29.60536460690372,0.032608524759356994,0.021399931926656846,0.014937350722681306,0.03447351456563674,0.03860006807334321,0.015062649277318707,1.12,1.12,1.12,1.12
1.2145836569939679,3.0820740092662713,29.60769482679033,0.03260845353222813,0.021400457471961537,0.014937350846758318,0.034473585792765604,0.038599542528038516,0.015062649153241695,1.12,1.12,1.12,1.12
1.2153407890313768,3.0829765430957736,29.610024494045703,0.032608382281691606,0.021400983218326897,0.014937350970899876,0.03447365704330213,0.03859901678167316,0.015062649029100136,1.12,1.12,1.12,1.12
1.216098160971256,3.0838792032628732,29.61235360845039,0.032608311007737645,0.021401509165869942,0.014937351095105855,0.03447372831725609,0.03859849083413011,0.015062648904894158,1.12,1.12,1.12,1.12
1.216855772815056,3.0847819897412614,29.614682169784476,0.03260823971035426,0.021402035314722845,0.01493735121935745,0.03447379961463948,0.03859796468527721,0.015062648780642562,1.12,1.12,1.12,1.12
1.2176136245641163,3.0856849025044513,29.61701017782738,0.032608168389527625,0.021402561665040287,0.014937351343610045,0.03447387093546611,0.038597438334959766,0.015062648656389968,1.12,1.12,1.12,1.12
1.2183717162199659,3.0865879415262314,29.619337632359535,0.03260809704524831,0.02140308821693676,0.014937351467866289,0.03447394227974543,0.03859691178306329,0.015062648532133724,1.12,1.12,1.12,1.12
1.2191300477841285,3.0874911067803796,29.62166453316131,0.032608025677506924,0.02140361497052909,0.01493735159212882,0.03447401364748681,0.038596385029470964,0.015062648407871193,1.12,1.12,1.12,1.12
1.2198886192581242,3.0883943982406508,29.62399088001302,0.03260795428629382,0.021404141925931736,0.014937351716400094,0.03447408503869992,0.03859585807406832,0.01506264828359992,1.12,1.12,1.12,1.12
1.2206474306434674,3.0892978158807893,29.62631667269492,0.0326078828715996,0.021404669083258526,0.014937351840682386,0.034474156453394134,0.03859533091674153,0.015062648159317626,1.12,1.12,1.12,1.12
1.2214064819416697,3.0902013596745217,29.628641910987184,0.032607811433414235,0.021405196442627006,0.01493735196497803,0.0344742278915795,0.03859480355737305,0.015062648035021983,1.12,1.12,1.12,1.12
1.2221657731542364,3.091105029595557,29.63096659466995,0.03260773997172822,0.021405724004153914,0.014937352089289105,0.034474299353265514,0.03859427599584614,0.015062647910710908,1.12,1.12,1.12,1.12
1.2229253042826693,3.092008825617592,29.633290723523295,0.03260766848653157,0.02140625176795341,0.014937352213617694,0.034474370838462165,0.03859374823204664,0.015062647786382319,1.12,1.12,1.12,1.12
1.223685075328465,3.092912747714302,29.63561429732722,0.032607596977814346,0.02140677973414301,0.014937352337965837,0.03447444234717939,0.03859322026585704,0.015062647662034176,1.12,1.12,1.12,1.12
1.2244450862931167,3.0938167958593525,29.63793731586167,0.03260752544556644,0.021407307902836514,0.01493735246233538,0.03447451387942729,0.03859269209716354,0.015062647537664633,1.12,1.12,1.12,1.12
1.2252053371781109,3.0947209700263905,29.640259778906533,0.03260745388977804,0.021407836274151465,0.014937352586728153,0.0344745854352157,0.03859216372584859,0.01506264741327186,1.12,1.12,1.12,1.12
1.2259658279849326,3.095625270189045,29.642581686241655,0.03260738231043869,0.02140836484820363,0.014937352711145907,0.034474657014555043,0.03859163515179642,0.015062647288854106,1.12,1.12,1.12,1.12
1.2267265587150598,3.0965296963209314,29.644903037646785,0.03260731070753842,0.021408893625107728,0.014937352835590306,0.03447472861745532,0.038591106374892326,0.015062647164409707,1.12,1.12,1.12,1.12
1.2274875293699667,3.0974342483956505,29.647223832901652,0.032607239081066774,0.02140942260498324,0.01493735296006296,0.03447480024392696,0.03859057739501681,0.015062647039937052,1.12,1.12,1.12,1.12
1.228248739951124,3.098338926386784,29.649544071785897,0.03260716743101372,0.021409951787946108,0.01493735308456548,0.03447487189398002,0.038590048212053946,0.015062646915434533,1.12,1.12,1.12,1.12
1.2290101904599966,3.0992437302679003,29.651863754079105,0.03260709575736853,0.02141048117411115,0.014937353209099308,0.034474943567625205,0.0385895188258889,0.015062646790900705,1.12,1.12,1.12,1.12
1.2297718808980451,3.10014866001255,29.65418287956081,0.03260702406012089,0.02141101076359464,0.014937353333665832,0.034475015264872844,0.03858898923640541,0.015062646666334181,1.12,1.12,1.12,1.12
1.2305338112667266,3.1010537155942695,29.656501448010488,0.032606952339260364,0.02141154055651573,0.014937353458266495,0.03447508698573337,0.038588459443484324,0.015062646541733518,1.12,1.12,1.12,1.12
1.2312959815674922,3.101958896986578,29.65881945920755,0.03260688059477651,0.021412070552988938,0.01493735358290256,0.034475158730217226,0.038587929447011116,0.015062646417097453,1.12,1.12,1.12,1.12
1.2320583918017893,3.10286420416298,29.661136912931344,0.03260680882665862,0.021412600753131228,0.014937353707575332,0.03447523049833512,0.038587399246868825,0.01506264629242468,1.12,1.12,1.12,1.12
1.2328210419710608,3.1037696370969643,29.663453808961176,0.03260673703489597,0.021413131157100862,0.014937353832286004,0.034475302290097765,0.03858686884289919,0.015062646167714008,1.12,1.12,1.12,1.12
1.2335839320767463,3.104675195762001,29.665770147076252,0.032606665219477915,0.021413661765052966,0.01493735395703577,0.03447537410551582,0.03858633823494709,0.015062646042964242,1.12,1.12,1.12,1.12
1.2343470621202803,3.105580880131548,29.668085927055763,0.032606593380393734,0.021414192577099395,0.014937354081825768,0.0344754459446,0.03858580742290066,0.015062645918174244,1.12,1.12,1.12,1.12
1.2351104321030935,3.1064866901790453,29.670401148678792,0.03260652151763255,0.02141472359335095,0.014937354206657039,0.03447551780736119,0.038585276406649105,0.015062645793342974,1.12,1.12,1.12,1.12
1.2358740420266114,3.107392625877917,29.67271581172439,0.032606449631183365,0.021415254813922452,0.014937354331530636,0.03447558969381037,0.0385847451860776,0.015062645668469377,1.12,1.12,1.12,1.12
1.2366378918922565,3.1082986872015717,29.675029915971553,0.03260637772103536,0.021415786238923706,0.014937354456447588,0.034475661603958374,0.03858421376107635,0.015062645543552425,1.12,1.12,1.12,1.12
1.2374019817014448,3.1092048741234013,29.677343461199207,0.03260630578717755,0.02141631786847359,0.014937354581408852,0.03447573353781619,0.038583682131526464,0.015062645418591161,1.12,1.12,1.12,1.12
1.2381663114555888,3.110111186616784,29.679656447186225,0.03260623382959882,0.021416849702680735,0.01493735470641544,0.03447580549539492,0.03858315029731932,0.015062645293584573,1.12,1.12,1.12,1.12
1.238930881156096,3.111017624655081,29.681968873711416,0.03260616184828846,0.021417381741660135,0.014937354831468214,0.034475877476705274,0.03858261825833992,0.0150626451685318,1.12,1.12,1.12,1.12
1.2396956908043693,3.1119241882116357,29.684280740553525,0.032606089843235264,0.02141791398552967,0.014937354956567991,0.03447594948175847,0.038582086014470385,0.015062645043432021,1.12,1.12,1.12,1.12
1.2404607404018075,3.1128308772597784,29.686592047491267,0.032606017814428234,0.021418446434399607,0.01493735508171562,0.0344760215105655,0.038581553565600446,0.015062644918284393,1.12,1.12,1.12,1.12
1.2412260299498046,3.1137376917728226,29.688902794303253,0.03260594576185616,0.02141897908838797,0.014937355206912,0.03447609356313758,0.038581020911612085,0.015062644793088012,1.12,1.12,1.12,1.12
1.2419915594497493,3.114644631724066,29.691212980768068,0.03260587368550799,0.021419511947608105,0.014937355332157787,0.034476165639485745,0.03858048805239195,0.015062644667842226,1.12,1.12,1.12,1.12
1.2427573289030278,3.1155516970867896,29.69352260666424,0.032605801585372685,0.021420045012175815,0.014937355457453838,0.03447623773962105,0.03857995498782424,0.015062644542546175,1.12,1.12,1.12,1.12
1.2435233383110185,3.1164588878342587,29.695831671770215,0.03260572946143886,0.02142057828220606,0.014937355582800821,0.03447630986355488,0.038579421717793994,0.015062644417199192,1.12,1.12,1.12,1.12
1.244289587675098,3.117366203939724,29.69814017586439,0.032605657313695635,0.02142111175781658,0.014937355708199526,0.0344763820112981,0.03857888824218347,0.015062644291800487,1.12,1.12,1.12,1.12
1.2450560769966375,3.118273645376418,29.70044811872512,0.03260558514213141,0.021421645439121534,0.014937355833650495,0.034476454182862326,0.03857835456087852,0.015062644166349518,1.12,1.12,1.12,1.12
1.2458228062770027,3.11918121211756,29.70275550013067,0.03260551294673536,0.0214221793262393,0.014937355959154477,0.034476526378258376,0.038577820673760754,0.015062644040845535,1.12,1.12,1.12,1.12
1.2465897755175563,3.1200889041363524,29.705062319859273,0.03260544072749583,0.021422713419284783,0.014937356084712083,0.03447659859749791,0.03857728658071527,0.01506264391528793,1.12,1.12,1.12,1.12
1.2473569847196548,3.1209967214059797,29.70736857768909,0.03260536848440182,0.02142324771837731,0.014937356210323854,0.034476670840591916,0.038576752281622745,0.015062643789676158,1.12,1.12,1.12,1.12
1.248124433884652,3.121904663899612,29.709674273398225,0.03260529621744207,0.02142378222363217,0.01493735633599047,0.034476743107551666,0.03857621777636788,0.015062643664009542,1.12,1.12,1.12,1.12
1.248892123013895,3.1228127315904057,29.71197940676472,0.032605223926604976,0.021424316935165666,0.014937356461712473,0.03447681539838876,0.03857568306483439,0.01506264353828754,1.12,1.12,1.12,1.12
1.2496600521087275,3.1237209244514967,29.71428397756656,0.032605151611879324,0.02142485185309473,0.014937356587490402,0.03447688771311441,0.038575148146905325,0.01506264341250961,1.12,1.12,1.12,1.12
1.2504282211704896,3.124629242456008,29.716587985581675,0.032605079273253845,0.02142538697753915,0.0149373567133248,0.03447696005173989,0.0385746130224609,0.015062643286675212,1.12,1.12,1.12,1.12
1.2511966302005146,3.1255376855770454,29.718891430587934,0.03260500691071677,0.021425922308614065,0.014937356839216154,0.034477032414276965,0.03857407769138599,0.015062643160783859,1.12,1.12,1.12,1.12
1.2519652792001328,3.1264462537877,29.721194312363146,0.03260493452425717,0.02142645784643843,0.014937356965165002,0.03447710480073657,0.038573542153561624,0.01506264303483501,1.12,1.12,1.12,1.12
1.2527341681706694,3.127354947061045,29.72349663068505,0.03260486211386343,0.021426993591131982,0.014937357091171777,0.034477177211130305,0.03857300640886807,0.015062642908828236,1.12,1.12,1.12,1.12
1.2535032971134448,3.12826376537014,29.725798385331355,0.032604789679524016,0.02142752954280905,0.01493735721723699,0.03447724964546972,0.038572470457191005,0.015062642782763022,1.12,1.12,1.12,1.12
1.2542726660297752,3.1291727086880265,29.72809957607967,0.03260471722122743,0.02142806570159206,0.014937357343361046,0.034477322103766306,0.038571934298407995,0.015062642656638967,1.12,1.12,1.12,1.12
1.2550422749209715,3.1300817769877307,29.730400202707578,0.03260464473896241,0.021428602067598584,0.01493735746954443,0.03447739458603133,0.03857139793240147,0.015062642530455583,1.12,1.12,1.12,1.12
1.2558121237883408,3.130990970242264,29.732700264992594,0.03260457223271718,0.021429138640944367,0.014937357595787487,0.03447746709227656,0.038570861359055686,0.015062642404212526,1.12,1.12,1.12,1.12
1.2565822126331863,3.1319002884246174,29.734999762712164,0.032604499693290045,0.021429675421750782,0.014937357722090677,0.03447753963170369,0.03857032457824927,0.015062642277909336,1.12,1.12,1.12,1.12
1.2573525414568043,3.132809731507772,29.737298695643688,0.03260442712975559,0.02143021241013554,0.014937357848454305,0.03447761219523815,0.03856978758986451,0.015062642151545708,1.12,1.12,1.12,1.12
1.2581231102604882,3.13371929946469,29.73959706356448,0.03260435454210431,0.02143074960621877,0.014937357974878857,0.03447768478288943,0.038569250393781285,0.015062642025121156,1.12,1.12,1.12,1.12
1.2588939190455268,3.134628992268315,29.741894866251844,0.032604281930327106,0.021431287010119066,0.014937358101364609,0.03447775739466663,0.03856871298988099,0.015062641898635404,1.12,1.12,1.12,1.12
1.2596649678132033,3.135538809891578,29.74419210348298,0.03260420929441454,0.02143182462195725,0.014937358227911979,0.03447783003057919,0.0385681753780428,0.015062641772088034,1.12,1.12,1.12,1.12
1.2604362565647973,3.1364487523073934,29.74648877503504,0.03260413663435746,0.021432362441850594,0.014937358354521285,0.034477902690636275,0.03856763755814946,0.015062641645478728,1.12,1.12,1.12,1.12
1.2612077853015833,3.137358819488658,29.748784880685122,0.03260406395014637,0.02143290046991922,0.01493735848119282,0.03447797537484737,0.038567099530080834,0.015062641518807193,1.12,1.12,1.12,1.12
1.2619795540248306,3.1382690114082537,29.751080420210265,0.03260399124177177,0.02143343870628417,0.014937358607926929,0.03447804808322197,0.038566561293715884,0.015062641392073084,1.12,1.12,1.12,1.12
1.2627515627358052,3.139179328039046,29.753375393387447,0.03260391850922417,0.0214339771510641,0.014937358734723932,0.034478120815769564,0.038566022848935955,0.01506264126527608,1.12,1.12,1.12,1.12
1.2635238114357672,3.140089769353884,29.755669799993584,0.03260384575249381,0.021434515804379856,0.014937358861584094,0.03447819357249993,0.0385654841956202,0.01506264113841592,1.12,1.12,1.12,1.12
1.2642963001259726,3.141000335325602,29.757963639805524,0.0326037729715713,0.02143505466635104,0.014937358988507704,0.03447826635342244,0.038564945333649014,0.015062641011492309,1.12,1.12,1.12,1.12
1.2650690288076725,3.141911025927015,29.760256912600077,0.032603700166446925,0.021435593737099523,0.014937359115495041,0.03447833915854681,0.03856440626290053,0.015062640884504971,1.12,1.12,1.12,1.12
1.2658419974821147,3.1428218411309254,29.762549618153983,0.032603627337110974,0.02143613301674374,0.014937359242546397,0.03447841198788276,0.03856386698325631,0.015062640757453616,1.12,1.12,1.12,1.12
1.2666152061505402,3.143732780910117,29.764841756243914,0.03260355448355362,0.02143667250540393,0.01493735936966202,0.034478484841440116,0.03856332749459612,0.015062640630337992,1.12,1.12,1.12,1.12
1.2673886548141864,3.1446438452373586,29.76713332664649,0.03260348160576498,0.02143721220320377,0.014937359496842093,0.03447855771922875,0.03856278779679628,0.01506264050315792,1.12,1.12,1.12,1.12
1.268162343474286,3.1455550340854033,29.769424329138268,0.03260340870373535,0.021437752110260777,0.014937359624086904,0.03447863062125839,0.038562247889739276,0.015062640375913108,1.12,1.12,1.12,1.12
1.268936272132068,3.1464663474269865,29.77171476349575,0.03260333577745461,0.021438292226696742,0.014937359751396678,0.034478703547539125,0.03856170777330331,0.015062640248603335,1.12,1.12,1.12,1.12
1.2697104407887543,3.147377785234828,29.774004629495373,0.032603262826913004,0.021438832552632126,0.014937359878771594,0.03447877649808073,0.03856116744736793,0.015062640121228418,1.12,1.12,1.12,1.12
1.2704848494455647,3.148289347481631,29.77629392691352,0.03260318985210042,0.021439373088190106,0.014937360006211958,0.034478849472893314,0.03856062691180995,0.015062639993788055,1.12,1.12,1.12,1.12
1.2712594981037133,3.149201034140083,29.778582655526506,0.032603116853006875,0.021439913833488117,0.014937360133717922,0.03447892247198686,0.03856008616651194,0.01506263986628209,1.12,1.12,1.12,1.12
1.2720343867644086,3.1501128451828553,29.780870815110596,0.0326030438296222,0.021440454788651003,0.014937360261289653,0.034478995495371534,0.03855954521134905,0.01506263973871036,1.12,1.12,1.12,1.12
1.2728095154288557,3.1510247805826026,29.78315840544198,0.0326029707819363,0.02144099595379917,0.014937360388927415,0.034479068543057434,0.038559004046200884,0.015062639611072598,1.12,1.12,1.12,1.12
1.2735848840982538,3.151936840311966,29.785445426296818,0.03260289770993885,0.021441537329054294,0.014937360516631276,0.03447914161505489,0.03855846267094576,0.015062639483368737,1.12,1.12,1.12,1.12
1.2743604927737993,3.1528490243435634,29.78773187745117,0.03260282461361991,0.021442078914538587,0.014937360644401515,0.03447921471137383,0.038557921085461466,0.015062639355598498,1.12,1.12,1.12,1.12
1.2751363414566825,3.1537613326500047,29.790017758681067,0.03260275149296893,0.021442620710371507,0.01493736077223827,0.03447928783202481,0.038557379289628546,0.015062639227761743,1.12,1.12,1.12,1.12
1.2759124301480886,3.1546737652038774,29.79230306976246,0.0326026783479757,0.021443162716678593,0.014937360900141666,0.034479360977018036,0.03855683728332146,0.015062639099858346,1.12,1.12,1.12,1.12
1.2766887588491995,3.1555863219777542,29.79458781047125,0.03260260517862984,0.02144370493357911,0.014937361028111912,0.034479434146363896,0.03855629506642094,0.015062638971888101,1.12,1.12,1.12,1.12
1.277465327561191,3.1564990029441953,29.796871980583287,0.03260253198492091,0.02144424736119377,0.014937361156149104,0.034479507340072824,0.038555752638806284,0.015062638843850909,1.12,1.12,1.12,1.12
1.278242136285235,3.157411808075739,29.799155579874338,0.032602458766838704,0.021444789999648023,0.014937361284253478,0.03447958055815503,0.03855521000035203,0.015062638715746535,1.12,1.12,1.12,1.12
1.2790191850224983,3.158324737344911,29.80143860812013,0.0326023855243725,0.02144533284906258,0.014937361412425076,0.034479653800621235,0.03855466715093747,0.015062638587574936,1.12,1.12,1.12,1.12
1.2797964737741436,3.159237790724218,29.803721065096312,0.032602312257511756,0.021445875909559292,0.014937361540664051,0.03447972706748198,0.03855412409044076,0.015062638459335961,1.12,1.12,1.12,1.12
1.2805740025413281,3.1601509681861515,29.806002950578502,0.03260223896624603,0.02144641918126236,0.014937361668970528,0.0344798003587477,0.03855358081873769,0.015062638331029485,1.12,1.12,1.12,1.12
1.2813517713252045,3.161064269703188,29.808284264342227,0.03260216565056495,0.021446962664293856,0.014937361797344603,0.034479873674428785,0.0385530373357062,0.01506263820265541,1.12,1.12,1.12,1.12
1.2821297801269214,3.161977695247785,29.810565006162953,0.032602092310457464,0.021447506358775126,0.014937361925786402,0.03447994701453627,0.03855249364122493,0.01506263807421361,1.12,1.12,1.12,1.12
1.282908028947621,3.1628912447923874,29.81284517581612,0.032602018945912914,0.02144805026483035,0.014937362054296077,0.03448002037908082,0.038551949735169705,0.015062637945703936,1.12,1.12,1.12,1.12
1.2836865177884427,3.1638049183094186,29.815124773077073,0.03260194555692103,0.021448594382580843,0.014937362182873712,0.034480093768072706,0.03855140561741921,0.015062637817126301,1.12,1.12,1.12,1.12
1.2844652466505198,3.16471871577129,29.817403797721116,0.0326018721434706,0.021449138712151705,0.014937362311519403,0.034480167181523136,0.03855086128784835,0.01506263768848061,1.12,1.12,1.12,1.12
1.2852442155349817,3.1656326371503933,29.81968224952348,0.03260179870555108,0.021449683253665308,0.014937362440233276,0.03448024061944266,0.038550316746334745,0.015062637559766737,1.12,1.12,1.12,1.12
1.2860234244429098,3.1665466824190007,29.8219601282588,0.03260172524313376,0.021450228007243388,0.014937362568999552,0.034480314081859975,0.038549771992756665,0.015062637431000461,1.12,1.12,1.12,1.12
1.2868028733754062,3.1674608515494316,29.824237433701988,0.03260165175620072,0.021450772973009236,0.014937362697812082,0.034480387568793014,0.03854922702699082,0.015062637302187931,1.12,1.12,1.12,1.12
1.2875825623335857,3.1683751445140285,29.826514165628073,0.032601578244740914,0.021451318151083337,0.01493736282667106,0.03448046108025282,0.038548681848916716,0.015062637173328952,1.12,1.12,1.12,1.12
1.2883624913185576,3.1692895612851184,29.828790323812072,0.03260150470874357,0.0214518635415889,0.014937362955576808,0.03448053461625017,0.03854813645841115,0.015062637044423205,1.12,1.12,1.12,1.12
1.289142660331427,3.170204101835011,29.831065908028904,0.03260143114819758,0.021452409144652573,0.014937363084529573,0.03448060817679616,0.03854759085534748,0.01506263691547044,1.12,1.12,1.12,1.12
1.2899230693732942,3.1711187661360016,29.833340918053462,0.03260135756309224,0.02145295496039734,0.014937363213529509,0.0344806817619015,0.03854704503960271,0.015062636786470504,1.12,1.12,1.12,1.12
1.2907037184452541,3.1720335541603677,29.83561535366054,0.03260128395341627,0.021453500988946717,0.014937363342576948,0.034480755371577465,0.03854649901105334,0.015062636657423065,1.12,1.12,1.12,1.12
1.2914846075483977,3.17294846588037,29.8378892146249,0.03260121031915886,0.0214540472304241,0.01493736347167203,0.03448082900583488,0.03854595276957595,0.015062636528327983,1.12,1.12,1.12,1.12
1.2922657366838095,3.173863501268254,29.840162500721238,0.03260113666030895,0.021454593684954948,0.014937363600815032,0.03448090266468479,0.038545406315045105,0.015062636399184981,1.12,1.12,1.12,1.12
1.293047105852572,3.1747786602962442,29.842435211724176,0.03260106297685528,0.02145514035266316,0.014937363730006148,0.03448097634813846,0.03854485964733689,0.015062636269993865,1.12,1.12,1.12,1.12
1.2938287150557608,3.1756939429365563,29.84470734740828,0.032600989268786906,0.021455687233673137,0.014937363859245628,0.03448105005620683,0.038544312766326916,0.015062636140754385,1.12,1.12,1.12,1.12
1.2946105642944463,3.1766093491613825,29.846978907548078,0.03260091553609251,0.021456234328108476,0.01493736398853368,0.034481123788901225,0.03854376567189158,0.015062636011466332,1.12,1.12,1.12,1.12
1.2953926535696958,3.1775248789429025,29.84924989191801,0.032600841778761214,0.021456781636095268,0.014937364117870514,0.03448119754623252,0.038543218363904785,0.0150626358821295,1.12,1.12,1.12,1.12
1.2961749828825702,3.1784405322532763,29.85152030029246,0.03260076799678158,0.021457329157757332,0.014937364247256335,0.03448127132821216,0.03854267084224272,0.015062635752743678,1.12,1.12,1.12,1.12
1.2969575522341268,3.17935630906465,29.853790132445763,0.0326006941901425,0.021457876893219263,0.01493736437669134,0.03448134513485124,0.03854212310678079,0.015062635623308673,1.12,1.12,1.12,1.12
1.2977403616254177,3.1802722093491527,29.85605938815218,0.032600620358832766,0.021458424842606127,0.014937364506175776,0.03448141896616097,0.038541575157393926,0.015062635493824236,1.12,1.12,1.12,1.12
1.2985234110574901,3.1811882330788936,29.858328067185923,0.032600546502841,0.021458973006042048,0.014937364635709771,0.03448149282215274,0.038541026993958005,0.015062635364290242,1.12,1.12,1.12,1.12
1.2993067005313852,3.182104380225971,29.860596169321134,0.03260047262215593,0.021459521383653757,0.014937364765293587,0.03448156670283781,0.038540478616346296,0.015062635234706426,1.12,1.12,1.12,1.12
1.3000902300481414,3.183020650762461,29.862863694331892,0.03260039871676629,0.021460069975563822,0.014937364894927349,0.03448164060822745,0.03853993002443623,0.015062635105072664,1.12,1.12,1.12,1.12
1.3008739996087904,3.1839370446604267,29.86513064199223,0.03260032478666075,0.021460618781899365,0.014937365024611307,0.034481714538332986,0.03853938121810069,0.015062634975388706,1.12,1.12,1.12,1.12
1.3016580092143604,3.184853561891911,29.86739701207612,0.032600250831827826,0.02146116780278562,0.0149373651543456,0.03448178849316591,0.038538832197214434,0.015062634845654413,1.12,1.12,1.12,1.12
1.3024422588658733,3.1857702024289463,29.869662804357432,0.032600176852256246,0.021461717038347206,0.01493736528413045,0.03448186247273749,0.03853828296165285,0.015062634715869563,1.12,1.12,1.12,1.12
1.3032267485643483,3.18668696624354,29.871928018610028,0.03260010284793469,0.02146226648871269,0.01493736541396598,0.03448193647705905,0.038537733511287364,0.015062634586034032,1.12,1.12,1.12,1.12
1.3040114783107972,3.1876038533076905,29.874192654607686,0.03260002881885132,0.021462816154003445,0.014937365543852416,0.03448201050614241,0.03853718384599661,0.015062634456147597,1.12,1.12,1.12,1.12
1.304796448106229,3.1885208635933724,29.876456712124117,0.03259995476499511,0.02146336603434823,0.014937365673789893,0.03448208455999863,0.03853663396565182,0.01506263432621012,1.12,1.12,1.12,1.12
1.3055816579516462,3.189437997072551,29.878720190932988,0.03259988068635422,0.02146391612987289,0.014937365803778649,0.034482158638639515,0.038536083870127164,0.015062634196221364,1.12,1.12,1.12,1.12
1.3063671078480477,3.1903552537171693,29.880983090807888,0.03259980658291739,0.021464466440703822,0.014937365933818753,0.034482232742076346,0.03853553355929623,0.01506263406618126,1.12,1.12,1.12,1.12
1.3071527977964266,3.191272633499155,29.883245411522353,0.032599732454672736,0.0214650169669644,0.014937366063910468,0.034482306870321,0.03853498303303565,0.015062633936089545,1.12,1.12,1.12,1.12
1.307938727797771,3.19219013639042,29.885507152849854,0.03259965830160916,0.02146556770878222,0.014937366194053878,0.03448238102338458,0.038534432291217835,0.015062633805946135,1.12,1.12,1.12,1.12
1.3087248978530654,3.1931077623628576,29.887768314563804,0.032599584123714664,0.021466118666285255,0.014937366324249163,0.03448245520127907,0.0385338813337148,0.01506263367575085,1.12,1.12,1.12,1.12
1.309511307963288,3.1940255113883453,29.89002889643755,0.032599509920977765,0.021466669839597052,0.014937366454496476,0.03448252940401597,0.038533330160403,0.015062633545503537,1.12,1.12,1.12,1.12
1.3102979581294123,3.194943383438746,29.892288898244395,0.03259943569338708,0.02146722122884745,0.014937366584795983,0.034482603631606656,0.038532778771152604,0.01506263341520403,1.12,1.12,1.12,1.12
1.3110848483524074,3.195861378485901,29.894548319757547,0.03259936144093051,0.021467772834161625,0.014937366715147782,0.03448267788406323,0.03853222716583843,0.015062633284852231,1.12,1.12,1.12,1.12
1.3118719786332373,3.1967794965016396,29.8968071607502,0.03259928716359678,0.02146832465566567,0.01493736684555208,0.03448275216139696,0.03853167534433438,0.015062633154447932,1.12,1.12,1.12,1.12
1.3126593489728597,3.1976977374577715,29.899065420995427,0.032599212861373905,0.021468876693485794,0.014937366976008976,0.03448282646361983,0.03853112330651426,0.015062633023991037,1.12,1.12,1.12,1.12
1.3134469593722309,3.1986161013260883,29.901323100266293,0.03259913853425028,0.021469428947751723,0.01493736710651869,0.034482900790743454,0.03853057105224833,0.015062632893481323,1.12,1.12,1.12,1.12
1.314234809832298,3.19953458807837,29.903580198335778,0.03259906418221403,0.02146998141858744,0.014937367237081292,0.034482975142779704,0.03853001858141261,0.01506263276291872,1.12,1.12,1.12,1.12
1.315022900354006,3.2004531976863717,29.905836714976797,0.032598989805253664,0.02147053410612143,0.014937367367696908,0.03448304951974007,0.03852946589387862,0.015062632632303105,1.12,1.12,1.12,1.12
1.3158112309382939,3.201371930121839,29.90809264996221,0.032598915403357076,0.021471087010481837,0.014937367498365689,0.03448312392163666,0.038528912989518216,0.015062632501634324,1.12,1.12,1.12,1.12
1.3165998015860951,3.2022907853564977,29.91034800306482,0.03259884097651272,0.021471640131794312,0.014937367629087747,0.034483198348481015,0.03852835986820574,0.015062632370912266,1.12,1.12,1.12,1.12
1.3173886122983394,3.2032097633620547,29.91260277405735,0.032598766524708556,0.02147219347018714,0.014937367759863263,0.03448327280028518,0.038527806529812914,0.01506263224013675,1.12,1.12,1.12,1.12
1.318177663075951,3.2041288641102046,29.91485696271249,0.032598692047932976,0.02147274702578897,0.014937367890692277,0.03448334727706076,0.038527252974211085,0.015062632109307736,1.12,1.12,1.12,1.12
1.318966953919849,3.2050480875726195,29.917110568802848,0.03259861754617377,0.021473300798726835,0.014937368021574984,0.03448342177881997,0.03852669920127322,0.015062631978425028,1.12,1.12,1.12,1.12
1.319756484830947,3.2059674337209594,29.919363592100957,0.03259854301941939,0.021473854789125918,0.014937368152511482,0.034483496305574346,0.038526145210874135,0.01506263184748853,1.12,1.12,1.12,1.12
1.3205462558101555,3.2068869025268647,29.921616032379333,0.03259846846765774,0.021474408997115724,0.014937368283501867,0.034483570857336,0.03852559100288433,0.015062631716498145,1.12,1.12,1.12,1.12
1.3213362668583781,3.2078064939619595,29.92386788941039,0.032598393890876654,0.021474963422826288,0.014937368414546306,0.03448364543411708,0.038525036577173766,0.015062631585453706,1.12,1.12,1.12,1.12
1.3221265179765131,3.208726207997851,29.926119162966486,0.0325983192890647,0.02147551806638262,0.014937368545644883,0.03448372003592903,0.03852448193361743,0.01506263145435513,1.12,1.12,1.12,1.12
1.3229170091654563,3.209646044606128,29.928369852819948,0.03259824466220956,0.021476072927913537,0.014937368676797708,0.03448379466278417,0.03852392707208652,0.015062631323202305,1.12,1.12,1.12,1.12
1.3237077404260962,3.2105660037583648,29.930619958742998,0.03259817001029924,0.02147662800754943,0.014937368808004892,0.03448386931469449,0.03852337199245062,0.015062631191995121,1.12,1.12,1.12,1.12
1.324498711759316,3.2114860854261162,29.93286948050782,0.032598095333321864,0.021477183305416925,0.014937368939266532,0.03448394399167187,0.03852281669458313,0.01506263106073348,1.12,1.12,1.12,1.12
1.3252899231659965,3.212406289580922,29.935118417886528,0.03259802063126538,0.021477738821643416,0.014937369070582796,0.03448401869372836,0.03852226117835664,0.015062630929417217,1.12,1.12,1.12,1.12
1.3260813746470106,3.2133266161943044,29.93736677065118,0.03259794590411769,0.021478294556359356,0.014937369201953724,0.03448409342087605,0.0385217054436407,0.01506263079804629,1.12,1.12,1.12,1.12
1.3268730662032278,3.214247065237766,29.939614538573778,0.032597871151866575,0.02147885050969256,0.014937369333379386,0.03448416817312716,0.038521149490307494,0.015062630666620627,1.12,1.12,1.12,1.12
1.3276649978355117,3.2151676366827964,29.94186172142625,0.03259779637450011,0.021479406681771562,0.014937369464859934,0.03448424295049363,0.03852059331822849,0.015062630535140079,1.12,1.12,1.12,1.12
1.3284571695447225,3.2160883305008654,29.94410831898046,0.03259772157200641,0.021479963072726704,0.01493736959639548,0.034484317752987326,0.03852003692727335,0.015062630403604532,1.12,1.12,1.12,1.12
1.3292495813317124,3.2170091466634263,29.946354331008216,0.03259764674437304,0.021480519682687105,0.014937369727986094,0.03448439258062069,0.03851948031731295,0.015062630272013919,1.12,1.12,1.12,1.12
1.3300422331973312,3.2179300851419157,29.948599757281276,0.032597571891587795,0.021481076511777608,0.014937369859631844,0.03448446743340594,0.038518923488222445,0.015062630140368169,1.12,1.12,1.12,1.12
1.3308351251424224,3.218851145907752,29.950844597571297,0.03259749701363879,0.021481633560132385,0.014937369991332869,0.03448454231135495,0.03851836643986767,0.015062630008667144,1.12,1.12,1.12,1.12
1.331628257167825,3.219772328932338,29.953088851649927,0.03259742211051353,0.02148219082787925,0.014937370123089252,0.03448461721448021,0.038517809172120804,0.01506262987691076,1.12,1.12,1.12,1.12
1.3324216292743722,3.220693634187059,29.955332519288717,0.03259734718220009,0.02148274831514796,0.014937370254901106,0.03448469214279365,0.038517251684852094,0.015062629745098907,1.12,1.12,1.12,1.12
1.3332152414628935,3.2216150616432806,29.95757560025916,0.03259727222868619,0.02148330602206655,0.014937370386768484,0.034484767096307545,0.0385166939779335,0.015062629613231529,1.12,1.12,1.12,1.12
1.3340090937342113,3.2225366112723552,29.95981809433269,0.032597197249959575,0.02148386394876567,0.014937370518691456,0.03448484207503416,0.038516136051234384,0.015062629481308557,1.12,1.12,1.12,1.12
1.334803186089144,3.223458283045615,29.962060001280683,0.03259712224600786,0.021484422095373823,0.014937370650670106,0.03448491707898588,0.03851557790462623,0.015062629349329906,1.12,1.12,1.12,1.12
1.3355975185285052,3.224380076934376,29.964301320874434,0.032597047216819,0.021484980462021602,0.014937370782704545,0.03448499210817474,0.03851501953797845,0.015062629217295467,1.12,1.12,1.12,1.12
1.3363920910531029,3.225301992909937,29.966542052885206,0.0325969721623805,0.021485539048839153,0.014937370914794829,0.03448506716261324,0.0385144609511609,0.015062629085205184,1.12,1.12,1.12,1.12
1.3371869036637405,3.22622403094358,29.96878219708418,0.03259689708268032,0.021486097855955733,0.01493737104694104,0.034485142242313416,0.03851390214404432,0.015062628953058974,1.12,1.12,1.12,1.12
1.3379819563612156,3.227146191006568,29.971021753242482,0.03259682197770597,0.021486656883503097,0.014937371179143233,0.03448521734728777,0.038513343116496956,0.01506262882085678,1.12,1.12,1.12,1.12
1.338777249146321,3.228068473070151,29.97326072113117,0.032596746847445124,0.021487216131612086,0.014937371311401548,0.03448529247754861,0.03851278386838797,0.015062628688598464,1.12,1.12,1.12,1.12
1.3395727820198446,3.2289908771055553,29.975499100521226,0.032596671691885404,0.021487775600410375,0.014937371443716,0.03448536763310833,0.03851222439958968,0.015062628556284013,1.12,1.12,1.12,1.12
1.340368554982569,3.2299134030839944,29.97773689118361,0.032596596511014486,0.02148833529002897,0.01493737157608667,0.03448544281397925,0.03851166470997108,0.015062628423913343,1.12,1.12,1.12,1.12
1.341164568035271,3.2308360509766647,29.979974092889165,0.032596521304819936,0.021488895200599156,0.014937371708513697,0.0344855180201738,0.0385111047994009,0.015062628291486316,1.12,1.12,1.12,1.12
1.3419608211787235,3.2317588207547425,29.982210705408725,0.03259644607328949,0.021489455332252216,0.014937371840997082,0.03448559325170425,0.03851054466774784,0.01506262815900293,1.12,1.12,1.12,1.12
1.3427573144136937,3.2326817123893883,29.984446728513024,0.03259637081641065,0.021490015685115493,0.014937371973536909,0.03448566850858309,0.03850998431488456,0.015062628026463104,1.12,1.12,1.12,1.12
1.3435540477409431,3.2336047258517464,29.98668216197275,0.03259629553417093,0.021490576259323296,0.014937372106133301,0.03448574379082281,0.03850942374067676,0.015062627893866712,1.12,1.12,1.12,1.12
1.3443510211612288,3.2345278611129418,29.988917005558527,0.03259622022655795,0.0214911370550063,0.014937372238786273,0.03448581909843579,0.038508862944993755,0.01506262776121374,1.12,1.12,1.12,1.12
1.345148234675303,3.2354511181440824,29.991151259040905,0.032596144893559165,0.021491698072294285,0.014937372371495894,0.03448589443143457,0.03850830192770577,0.015062627628504119,1.12,1.12,1.12,1.12
1.3459456882839105,3.23637449691626,29.993384922190387,0.0325960695351622,0.02149225931131893,0.014937372504262206,0.03448596978983154,0.038507740688681125,0.015062627495737807,1.12,1.12,1.12,1.12
1.3467433819877939,3.237297997400548,29.995617994777405,0.03259599415135461,0.021492820772210736,0.014937372637085305,0.034486045173639124,0.03850717922778932,0.015062627362914707,1.12,1.12,1.12,1.12
1.3475413157876894,3.2382216195680016,29.997850476572328,0.0325959187421237,0.021493382455104182,0.014937372769965263,0.03448612058287004,0.03850661754489587,0.01506262723003475,1.12,1.12,1.12,1.12
1.3483394896843273,3.2391453633896603,30.000082367345467,0.03259584330745707,0.021493944360127915,0.01493737290290209,0.03448619601753666,0.03850605563987214,0.015062627097097922,1.12,1.12,1.12,1.12
1.3491379036784337,3.240069228836547,30.002313666867053,0.03259576784734208,0.021494506487412635,0.014937373035895901,0.03448627147765165,0.03850549351258742,0.015062626964104112,1.12,1.12,1.12,1.12
1.3499365577707285,3.240993215879664,30.004544374907276,0.03259569236176646,0.02149506883709129,0.014937373168946722,0.03448634696322728,0.03850493116290876,0.015062626831053291,1.12,1.12,1.12,1.12
1.3507354519619277,3.2419173244899975,30.006774491236257,0.03259561685071721,0.02149563140929589,0.014937373302054635,0.034486422474276524,0.03850436859070416,0.015062626697945378,1.12,1.12,1.12,1.12
1.3515345862527417,3.2428415546385168,30.009004015624043,0.032595541314181964,0.02149619420415766,0.014937373435219697,0.03448649801081177,0.038503805795842394,0.015062626564780315,1.12,1.12,1.12,1.12
1.3523339606438745,3.2437659062961743,30.01123294784064,0.03259546575214822,0.021496757221808327,0.014937373568441964,0.034486573572845514,0.038503242778191726,0.015062626431558049,1.12,1.12,1.12,1.12
1.3531335751360258,3.2446903794339024,30.01346128765596,0.03259539016460328,0.021497320462383007,0.014937373701721504,0.03448664916039046,0.038502679537617046,0.015062626298278509,1.12,1.12,1.12,1.12
1.3539334297298913,3.2456149740226174,30.01568903483988,0.03259531455153453,0.02149788392600907,0.014937373835058304,0.03448672477345921,0.03850211607399098,0.015062626164941709,1.12,1.12,1.12,1.12
1.354733524426159,3.24653969003322,30.017916189162197,0.032595238912929314,0.02149844761282166,0.014937373968452516,0.03448680041206442,0.038501552387178395,0.015062626031547496,1.12,1.12,1.12,1.12
1.3555338592255124,3.247464527436591,30.02014275039265,0.03259516324877493,0.021499011522953693,0.0149373741019041,0.03448687607621881,0.03850098847704636,0.015062625898095913,1.12,1.12,1.12,1.12
1.3563344341286312,3.2483894862035942,30.022368718300925,0.032595087559058766,0.021499575656538372,0.01493737423541315,0.03448695176593497,0.03850042434346168,0.015062625764586862,1.12,1.12,1.12,1.12
1.3571352491361894,3.249314566305074,30.024594092656635,0.03259501184376823,0.021500140013703595,0.014937374368979739,0.03448702748122551,0.03849985998629646,0.015062625631020274,1.12,1.12,1.12,1.12
1.3579363042488541,3.2502397677118626,30.026818873229313,0.03259493610289044,0.021500704594586417,0.01493737450260392,0.0344871032221033,0.038499295405413636,0.015062625497396093,1.12,1.12,1.12,1.12
1.3587375994672883,3.2511650903947684,30.029043059788457,0.03259486033641301,0.0215012693993179,0.014937374636285791,0.034487178988580725,0.03849873060068215,0.015062625363714222,1.12,1.12,1.12,1.12
1.359539134792151,3.2520905343245867,30.0312666521035,0.032594784544323185,0.02150183442803122,0.01493737477002538,0.03448725478067055,0.038498165571968834,0.015062625229974633,1.12,1.12,1.12,1.12
1.3603409102240926,3.2530160994720934,30.03348964994379,0.032594708726608135,0.021502399680861622,0.014937374903822812,0.0344873305983856,0.03849760031913843,0.015062625096177201,1.12,1.12,1.12,1.12
1.3611429257637624,3.253941785808045,30.03571205307862,0.03259463288325504,0.021502965157939202,0.014937375037678002,0.0344874064417387,0.03849703484206085,0.01506262496232201,1.12,1.12,1.12,1.12
1.3619451814118004,3.254867593303184,30.037933861277224,0.03259455701425118,0.021503530859398073,0.01493737517159105,0.03448748231074256,0.03849646914060198,0.015062624828408963,1.12,1.12,1.12,1.12
1.3627476771688443,3.255793521928231,30.040155074308785,0.032594481119583796,0.021504096785371185,0.014937375305561967,0.03448755820540994,0.03849590321462887,0.015062624694438045,1.12,1.12,1.12,1.12
1.3635504130355247,3.2567195716538935,30.042375691942393,0.03259440519924023,0.021504662935993235,0.014937375439590866,0.03448763412575351,0.03849533706400682,0.015062624560409146,1.12,1.12,1.12,1.12
1.3643533890124675,3.257645742450858,30.0445957139471,0.03259432925320743,0.021505229311396867,0.014937375573677733,0.034487710071786304,0.038494770688603186,0.01506262442632228,1.12,1.12,1.12,1.12
1.3651566051002928,3.258572034289795,30.046815140091873,0.03259425328147275,0.02150579591171578,0.014937375707822567,0.034487786043520985,0.03849420408828427,0.015062624292177446,1.12,1.12,1.12,1.12
1.365960061299618,3.2594984471413557,30.049033970145636,0.03259417728402314,0.02150636273708323,0.01493737584202541,0.034487862040970596,0.038493637262916824,0.015062624157974602,1.12,1.12,1.12,1.12
1.3667637576110503,3.2604249809761754,30.051252203877233,0.03259410126084589,0.021506929787633966,0.01493737597628636,0.03448793806414785,0.03849307021236609,0.015062624023713653,1.12,1.12,1.12,1.12
1.3675676940351968,3.26135163576487,30.05346984105546,0.032594025211928224,0.021507497063501885,0.014937376110605485,0.03448801411306551,0.03849250293649817,0.015062623889394527,1.12,1.12,1.12,1.12
1.368371870572655,3.2622784114780394,30.055686881449034,0.03259394913725722,0.0215080645648211,0.014937376244982703,0.03448809018773652,0.03849193543517895,0.01506262375501731,1.12,1.12,1.12,1.12
1.36917628722402,3.263205308086265,30.057903324826622,0.032593873036819876,0.02150863229172653,0.014937376379418138,0.03448816628817386,0.03849136770827352,0.015062623620581875,1.12,1.12,1.12,1.12
1.3699809439898805,3.2641323255601082,30.06011917095681,0.03259379691060349,0.021509200244350546,0.014937376513911804,0.03448824241439025,0.03849079975564951,0.015062623486088209,1.12,1.12,1.12,1.12
1.3707858408708191,3.265059463870116,30.062334419608135,0.032593720758594846,0.021509768422827202,0.01493737664846373,0.03448831856639889,0.03849023157717285,0.015062623351536283,1.12,1.12,1.12,1.12
1.3715909778674145,3.2659867229868156,30.064549070549063,0.0325936445807814,0.021510336827293863,0.014937376783073941,0.034488394744212336,0.03848966317270619,0.015062623216926072,1.12,1.12,1.12,1.12
1.3723963549802383,3.266914102880719,30.066763123548004,0.032593568377149995,0.02151090545788331,0.014937376917742468,0.03448847094784374,0.03848909454211674,0.015062623082257545,1.12,1.12,1.12,1.12
1.3732019722098578,3.267841603522317,30.0689765783733,0.03259349214768781,0.021511474314730855,0.014937377052469447,0.03448854717730593,0.0384885256852692,0.015062622947530566,1.12,1.12,1.12,1.12
1.3740078295568354,3.2687692248820817,30.07118943479321,0.032593415892381794,0.021512043397969527,0.014937377187254658,0.03448862343261194,0.038487956602030526,0.015062622812745355,1.12,1.12,1.12,1.12
1.3748139270217263,3.269696966930471,30.073401692575956,0.03259333961121863,0.021512612707737744,0.01493737732209803,0.034488699713775106,0.03848738729226231,0.015062622677901982,1.12,1.12,1.12,1.12
1.3756202646050815,3.2706248296379217,30.07561335148968,0.032593263304185605,0.02151318224416804,0.014937377456999634,0.03448877602080813,0.038486817755832015,0.015062622543000379,1.12,1.12,1.12,1.12
1.3764268423074464,3.2715528129748543,30.077824411302473,0.032593186971269505,0.021513752007394554,0.014937377591959441,0.03448885235372423,0.0384862479926055,0.015062622408040571,1.12,1.12,1.12,1.12
1.3772336601293622,3.2724809169116735,30.08003487178234,0.03259311061245762,0.021514321997554986,0.014937377726977563,0.034488928712536115,0.03848567800244507,0.01506262227302245,1.12,1.12,1.12,1.12
1.3780407180713636,3.2734091414187625,30.082244732697248,0.032593034227736684,0.021514892214782977,0.014937377862053985,0.03448900509725705,0.038485107785217076,0.015062622137946027,1.12,1.12,1.12,1.12
1.378848016133979,3.2743374864664903,30.084453993815096,0.03259295781709376,0.021515462659214946,0.014937377997188778,0.03448908150789998,0.03848453734078511,0.015062622002811235,1.12,1.12,1.12,1.12
1.3796555543177336,3.275265952025204,30.086662654903698,0.032592881380515804,0.021516033330985757,0.014937378132381968,0.03448915794447793,0.0384839666690143,0.015062621867618045,1.12,1.12,1.12,1.12
1.3804633326231457,3.2761945380652358,30.088870715730827,0.032592804917989826,0.02151660423023158,0.014937378267633541,0.03448923440700391,0.038483395769768475,0.015062621732366471,1.12,1.12,1.12,1.12
1.3812713510507288,3.277123244556897,30.09107817606418,0.03259272842950256,0.02151717535708844,0.01493737840294361,0.034489310895491176,0.03848282464291161,0.015062621597056403,1.12,1.12,1.12,1.12
1.3820796096009902,3.2780520714704866,30.093285035671386,0.03259265191504124,0.02151774671169257,0.01493737853831216,0.0344893874099525,0.03848225328830748,0.015062621461687853,1.12,1.12,1.12,1.12
1.3828881082744324,3.278981018776279,30.095491294320027,0.03259257537459265,0.021518318294178634,0.014937378673739288,0.03448946395040109,0.03848168170582142,0.015062621326260725,1.12,1.12,1.12,1.12
1.3836968470715523,3.2799100864445343,30.09769695177761,0.03259249880814358,0.021518890104682498,0.014937378809224994,0.03448954051685016,0.038481109895317556,0.015062621190775019,1.12,1.12,1.12,1.12
1.3845058259928418,3.2808392744454937,30.099902007811558,0.03259242221568115,0.021519462143341772,0.01493737894476932,0.03448961710931259,0.03848053785665828,0.015062621055230693,1.12,1.12,1.12,1.12
1.3853150450387863,3.28176858274938,30.102106462189266,0.032592345597192096,0.02152003441029199,0.014937379080372265,0.03448969372780164,0.038479965589708065,0.015062620919627748,1.12,1.12,1.12,1.12
1.3861245042098664,3.282698011326398,30.104310314678045,0.03259226895266326,0.021520606905671313,0.014937379216033914,0.034489770372330475,0.03847939309432874,0.0150626207839661,1.12,1.12,1.12,1.12
1.3869342035065577,3.2836275601467357,30.106513565045134,0.032592192282081656,0.021521179629612863,0.014937379351754293,0.03448984704291208,0.03847882037038719,0.01506262064824572,1.12,1.12,1.12,1.12
1.387744142929329,3.284557229180562,30.108716213057725,0.03259211558543401,0.021521752582255582,0.01493737948753339,0.034489923739559725,0.03847824741774447,0.015062620512466623,1.12,1.12,1.12,1.12
1.3885543224786447,3.285487018398027,30.11091825848294,0.032592038862707284,0.021522325763735917,0.014937379623371272,0.03449000046228645,0.03847767423626414,0.015062620376628741,1.12,1.12,1.12,1.12
1.389364742154964,3.286416927769265,30.113119701087825,0.032591962113888207,0.02152289917418987,0.014937379759268024,0.03449007721110553,0.038477100825810184,0.015062620240731989,1.12,1.12,1.12,1.12
1.3901754019587398,3.2873469572643885,30.115320540639374,0.03259188533896362,0.021523472813753552,0.014937379895223618,0.034490153986030114,0.0384765271862465,0.015062620104776395,1.12,1.12,1.12,1.12
1.390986301890419,3.2882771068534966,30.11752077690452,0.032591808537920264,0.021524046682567133,0.014937380031238068,0.03449023078707347,0.03847595331743292,0.015062619968761945,1.12,1.12,1.12,1.12
1.3917974419504444,3.2892073765066665,30.119720409650107,0.03259173171074509,0.021524620780765502,0.014937380167311498,0.03449030761424865,0.03847537921923455,0.015062619832688515,1.12,1.12,1.12,1.12
1.3926088221392525,3.2901377661939586,30.121919438642948,0.032591654857424934,0.021525195108486606,0.01493738030344427,0.0344903844675688,0.03847480489151345,0.015062619696555743,1.12,1.12,1.12,1.12
1.3934204424572745,3.2910682758854146,30.124117863649765,0.03259157797794626,0.021525769665867778,0.014937380439637549,0.034490461347047474,0.038474230334132276,0.015062619560362464,1.12,1.12,1.12,1.12
1.3942323029049355,3.2919989055510595,30.126315684437223,0.032591501072296025,0.021526344453045687,0.014937380575891376,0.03449053825269771,0.038473655546954366,0.015062619424108636,1.12,1.12,1.12,1.12
1.3950444034826561,3.292929655160897,30.12851290077193,0.032591424140460956,0.021526919470158834,0.014937380712205767,0.03449061518453278,0.03847308052984122,0.015062619287794246,1.12,1.12,1.12,1.12
1.39585674419085,3.2938605246849173,30.130709512420417,0.03259134718242768,0.02152749471734572,0.014937380848580664,0.03449069214256606,0.038472505282654335,0.015062619151419349,1.12,1.12,1.12,1.12
1.3966693250299267,3.2947915140930877,30.132905519149148,0.03259127019818281,0.02152807019474151,0.014937380985016124,0.03449076912681093,0.03847192980525854,0.015062619014983888,1.12,1.12,1.12,1.12
1.3974821460002893,3.2957226233553585,30.13510092072454,0.03259119318771314,0.021528645902486737,0.014937381121512133,0.034490846137280595,0.038471354097513316,0.01506261887848788,1.12,1.12,1.12,1.12
1.398295207102336,3.296653852441665,30.13729571691293,0.03259111615100546,0.021529221846602165,0.014937381258068747,0.034490923173988275,0.03847077815339789,0.015062618741931266,1.12,1.12,1.12,1.12
1.3991085083365615,3.2975852013219,30.139489907479835,0.0325910390880384,0.02152979802782748,0.014937381394686006,0.03449100023695534,0.038470201972172574,0.015062618605314007,1.12,1.12,1.12,1.12
1.3999220497034657,3.2985166699659376,30.14168349219059,0.03259096199879025,0.021530374445884126,0.014937381531363883,0.03449107732620349,0.03846962555411593,0.01506261846863613,1.12,1.12,1.12,1.12
1.4007358312035363,3.2994482583436344,30.143876470810564,0.03259088488323958,0.021530951100517004,0.014937381668102462,0.03449115444175416,0.03846904889948305,0.015062618331897551,1.12,1.12,1.12,1.12
1.4015498528372472,3.3003799664248312,30.14606884310509,0.032590807741365746,0.021531527991492994,0.014937381804901728,0.03449123158362799,0.03846847200850706,0.015062618195098285,1.12,1.12,1.12,1.12
1.4023641146050623,3.30131179417935,30.148260608839472,0.03259073057314876,0.021532105118597766,0.014937381941761751,0.03449130875184497,0.03846789488140229,0.015062618058238261,1.12,1.12,1.12,1.12
1.4031786165074323,3.302243741576995,30.150451767779003,0.03259065337856892,0.02153268248163981,0.01493738207868256,0.03449138594642481,0.038467317518360244,0.015062617921317453,1.12,1.12,1.12,1.12
1.4039933585447981,3.303175808587557,30.15264231968897,0.03259057615760713,0.0215332600804434,0.014937382215664222,0.034491463167386605,0.03846673991955665,0.015062617784335791,1.12,1.12,1.12,1.12
1.4048083407175864,3.3041079951808032,30.154832264334594,0.032590498910244736,0.02153383791485103,0.014937382352706655,0.034491540414749,0.038466162085149025,0.015062617647293358,1.12,1.12,1.12,1.12
1.4056235630262173,3.3050403013264886,30.157021601481105,0.03259042163646353,0.021534415984719668,0.01493738248980997,0.03449161768853021,0.038465584015280385,0.015062617510190043,1.12,1.12,1.12,1.12
1.406439025471098,3.3059727269943475,30.159210330893693,0.0325903443362458,0.021534994289925752,0.014937382626974222,0.034491694988747934,0.0384650057100743,0.015062617373025791,1.12,1.12,1.12,1.12
1.4072547280526255,3.306905272154099,30.161398452337504,0.03259026700957418,0.021535572830357452,0.014937382764199383,0.034491772315419555,0.0384644271696426,0.01506261723580063,1.12,1.12,1.12,1.12
1.408070670771188,3.307837936775442,30.16358596557766,0.032590189656431734,0.02153615160591854,0.014937382901485469,0.034491849668562,0.03846384839408151,0.015062617098514544,1.12,1.12,1.12,1.12
1.408886853627163,3.3087707208280595,30.16577287037925,0.032590112276801586,0.021536730616525668,0.014937383038832519,0.03449192704819215,0.038463269383474386,0.015062616961167494,1.12,1.12,1.12,1.12
1.409703276620919,3.309703624281616,30.16795916650731,0.03259003487066725,0.02153730986210678,0.014937383176240576,0.034492004454326486,0.038462690137893274,0.015062616823759437,1.12,1.12,1.12,1.12
1.4105199397528148,3.310636647105758,30.170144853726875,0.03258995743801302,0.021537889342603145,0.014937383313709626,0.03449208188698072,0.03846211065739691,0.015062616686290387,1.12,1.12,1.12,1.12
1.4113368430232,3.311569789270116,30.172329931802885,0.03258987997882301,0.02153846905796758,0.014937383451239725,0.034492159346170725,0.038461530942032474,0.015062616548760288,1.12,1.12,1.12,1.12
1.4121539864324166,3.3125030507443003,30.17451440050029,0.032589802493081466,0.021539049008162225,0.014937383588830871,0.03449223683191227,0.03846095099183783,0.015062616411169141,1.12,1.12,1.12,1.12
1.4129713699807966,3.3134364314979026,30.176698259583958,0.03258972498077328,0.021539629193159437,0.014937383726483067,0.034492314344220454,0.038460370806840616,0.015062616273516946,1.12,1.12,1.12,1.12
1.4137889936686638,3.3143699315004995,30.178881508818737,0.03258964744188336,0.021540209612941452,0.01493738386419638,0.034492391883110374,0.0384597903870586,0.015062616135803633,1.12,1.12,1.12,1.12
1.414606857496333,3.315303550721649,30.181064147969423,0.032589569876396995,0.021540790267500637,0.014937384001970797,0.03449246944859674,0.038459209732499416,0.015062615998029216,1.12,1.12,1.12,1.12
1.4154249614641121,3.3162372891308878,30.183246176800765,0.03258949228429947,0.02154137115683702,0.014937384139806331,0.034492547040694266,0.038458628843163034,0.015062615860193682,1.12,1.12,1.12,1.12
1.4162433055722987,3.317171146697738,30.18542759507745,0.032589414665576466,0.021541952280956428,0.01493738427770297,0.03449262465941727,0.038458047719043625,0.015062615722297043,1.12,1.12,1.12,1.12
1.4170618898211853,3.318105123391702,30.18760840256413,0.03258933702021377,0.021542533639876127,0.014937384415660698,0.034492702304779965,0.038457466360123926,0.015062615584339314,1.12,1.12,1.12,1.12
1.4178807142110537,3.319039219182265,30.18978859902542,0.03258925934819701,0.02154311523361835,0.0149373845536796,0.03449277997679673,0.038456884766381705,0.015062615446320413,1.12,1.12,1.12,1.12
1.4186997787421796,3.319973434038893,30.19196818422586,0.03258918164951241,0.02154369706221282,0.014937384691759703,0.034492857675481325,0.038456302937787235,0.01506261530824031,1.12,1.12,1.12,1.12
1.4195190834148315,3.3209077679310344,30.194147157929955,0.03258910392414621,0.021544279125696286,0.014937384829901021,0.034492935400847524,0.03845572087430377,0.015062615170098992,1.12,1.12,1.12,1.12
1.4203386282292685,3.3218422208281178,30.196325519902146,0.0325890261720847,0.02154486142411005,0.014937384968103512,0.034493013152909036,0.03845513857589,0.0150626150318965,1.12,1.12,1.12,1.12
1.421158413185744,3.3227767926995555,30.198503269906823,0.0325889483933145,0.02154544395750435,0.01493738510636726,0.03449309093167924,0.0384545560424957,0.015062614893632753,1.12,1.12,1.12,1.12
1.4219784382845029,3.323711483514741,30.20068040770832,0.032588870587822005,0.02154602672593131,0.01493738524469225,0.03449316873717173,0.03845397327406874,0.015062614755307763,1.12,1.12,1.12,1.12
1.4227987035257836,3.324646293243049,30.20285693307094,0.03258879275559379,0.0215466097294498,0.014937385383078483,0.03449324656939995,0.03845339027055025,0.01506261461692153,1.12,1.12,1.12,1.12
1.4236192089098172,3.325581221853834,30.205032845758893,0.03258871489661702,0.021547192968122686,0.014937385521526014,0.034493324428376715,0.03845280703187737,0.015062614478473998,1.12,1.12,1.12,1.12
1.424439954436826,3.3265162693164365,30.20720814553636,0.03258863701087822,0.021547776442021216,0.014937385660034802,0.03449340231411552,0.03845222355797884,0.01506261433996521,1.12,1.12,1.12,1.12
1.4252609401070282,3.327451435600174,30.20938283216745,0.032588559098364556,0.021548360151215973,0.01493738579860493,0.03449348022662918,0.03845163984878408,0.015062614201395083,1.12,1.12,1.12,1.12
1.4260821659206337,3.328386720674347,30.211556905416234,0.0325884811590631,0.02154894409578756,0.0149373859372363,0.03449355816593064,0.038451055904212494,0.015062614062763713,1.12,1.12,1.12,1.12
1.4269036318778436,3.32932212450824,30.213730365046697,0.03258840319296069,0.021549528275813162,0.014937386075928982,0.034493636132033045,0.03845047172418689,0.01506261392407103,1.12,1.12,1.12,1.12
1.427725337978856,3.3302576470711154,30.215903210822788,0.03258832520004484,0.021550112691379242,0.01493738621468299,0.03449371412494889,0.03844988730862081,0.015062613785317022,1.12,1.12,1.12,1.12
1.4285472842238596,3.331193288332219,30.218075442508383,0.032588247180302454,0.02155069734257417,0.014937386353498422,0.03449379214469128,0.03844930265742588,0.01506261364650159,1.12,1.12,1.12,1.12
1.4293694706130369,3.3321290482607773,30.220247059867326,0.03258816913372098,0.021551282229489377,0.014937386492375221,0.03449387019127276,0.038448717770510676,0.015062613507624792,1.12,1.12,1.12,1.12
1.430191897146563,3.3330649268259975,30.22241806266336,0.03258809106028776,0.021551867352221532,0.014937386631313304,0.034493948264705976,0.03844813264777852,0.015062613368686709,1.12,1.12,1.12,1.12
1.4310145638246077,3.33400092399707,30.224588450660207,0.03258801295999014,0.021552452710866976,0.014937386770312783,0.034494026365003594,0.03844754728913308,0.01506261322968723,1.12,1.12,1.12,1.12
1.4318374706473334,3.3349370397431657,30.226758223621488,0.032587934832815635,0.021553038305526573,0.014937386909373684,0.0344941044921781,0.03844696169447348,0.015062613090626328,1.12,1.12,1.12,1.12
1.4326606176148957,3.3358732740334363,30.228927381310807,0.03258785667875164,0.021553624136306238,0.01493738704849594,0.0344941826462421,0.038446375863693816,0.015062612951504073,1.12,1.12,1.12,1.12
1.433484004727446,3.3368096268370153,30.231095923491676,0.03258777849778555,0.021554210203310387,0.01493738718767973,0.03449426082720819,0.03844578979668967,0.015062612812320283,1.12,1.12,1.12,1.12
1.4343076319851258,3.3377460981230174,30.233263849927553,0.032587700289904986,0.021554796506648766,0.014937387326924872,0.03449433903508875,0.03844520349335129,0.01506261267307514,1.12,1.12,1.12,1.12
1.4351314993880722,3.338682687860537,30.235431160381836,0.03258762205509741,0.021555383046430787,0.01493738746623148,0.03449441726989633,0.038444616953569266,0.015062612533768532,1.12,1.12,1.12,1.12
1.435955606936415,3.3396193960186533,30.23759785461786,0.03258754379335055,0.021555969822770693,0.01493738760559954,0.03449449553164319,0.03844403017722936,0.015062612394400474,1.12,1.12,1.12,1.12
1.4367799546302782,3.3405562225664234,30.239763932398894,0.03258746550465169,0.02155655683578428,0.01493738774502909,0.034494573820342045,0.038443443164215774,0.015062612254970922,1.12,1.12,1.12,1.12
1.43760454246978,3.341493167472888,30.241929393488164,0.03258738718898874,0.02155714408558762,0.014937387884520134,0.034494652136005,0.03844285591441243,0.015062612115479879,1.12,1.12,1.12,1.12
1.438429370455031,3.342430230707066,30.244094237648795,0.03258730884634914,0.021557731572301453,0.01493738802407267,0.0344947304786446,0.0384422684276986,0.015062611975927342,1.12,1.12,1.12,1.12
1.4392544385861363,3.34336741223796,30.24625846464389,0.03258723047672052,0.021558319296047124,0.014937388163686727,0.03449480884827322,0.03844168070395293,0.015062611836313286,1.12,1.12,1.12,1.12
1.4400797468631947,3.344304712034553,30.248422074236444,0.0325871520800905,0.021558907256944704,0.014937388303362276,0.03449488724490324,0.03844109274305535,0.015062611696637737,1.12,1.12,1.12,1.12
1.4409052952862968,3.345242130065808,30.25058506618943,0.03258707365644664,0.021559495455120314,0.014937388443099262,0.034494965668547095,0.03844050454487974,0.015062611556900751,1.12,1.12,1.12,1.12
1.441731083855531,3.346179666300671,30.252747440265725,0.032586995205776625,0.0215600838906998,0.01493738858289774,0.03449504411921711,0.038439916109300254,0.015062611417102273,1.12,1.12,1.12,1.12
1.4425571125709753,3.3471173207080676,30.25490919622817,0.03258691672806824,0.02156067256380828,0.014937388722757683,0.0344951225969255,0.03843932743619177,0.01506261127724233,1.12,1.12,1.12,1.12
1.4433833814327035,3.3480550932569053,30.257070333839522,0.03258683822330888,0.02156126147457635,0.014937388862679188,0.03449520110168486,0.038438738525423705,0.015062611137320825,1.12,1.12,1.12,1.12
1.4442098904407843,3.3489929839160726,30.259230852862466,0.03258675969148622,0.021561850623134593,0.014937389002662213,0.034495279633507514,0.03843814937686546,0.0150626109973378,1.12,1.12,1.12,1.12
1.445036639595279,3.349930992654438,30.261390753059658,0.032586681132588,0.02156244000961277,0.014937389142706842,0.034495358192405734,0.03843755999038728,0.015062610857293171,1.12,1.12,1.12,1.12
1.4458636288962419,3.350869119440853,30.263550034193642,0.032586602546601895,0.02156302963414186,0.014937389282813018,0.03449543677839184,0.03843697036585819,0.015062610717186994,1.12,1.12,1.12,1.12
1.4466908583437215,3.3518073642441486,30.26570869602694,0.0325865239335153,0.021563619496856257,0.01493738942298077,0.03449551539147844,0.0384363805031438,0.015062610577019242,1.12,1.12,1.12,1.12
1.447518327937762,3.3527457270331364,30.267866738321977,0.032586445293316,0.021564209597890627,0.014937389563210085,0.034495594031677734,0.03843579040210943,0.015062610436789928,1.12,1.12,1.12,1.12
1.448346037678399,3.3536842077766096,30.270024160841118,0.032586366625991514,0.021564799937380197,0.014937389703501058,0.03449567269900222,0.038435200062619856,0.015062610296498954,1.12,1.12,1.12,1.12
1.4491739875656646,3.3546228064433423,30.27218096334668,0.0325862879315294,0.0215653905154633,0.014937389843853704,0.034495751393464336,0.03843460948453675,0.015062610156146308,1.12,1.12,1.12,1.12
1.4500021775995813,3.3555615230020894,30.274337145600903,0.032586209209917394,0.021565981332273,0.014937389984267926,0.03449583011507634,0.038434018667727055,0.015062610015732086,1.12,1.12,1.12,1.12
1.4508306077801683,3.356500357421588,30.276492707365943,0.03258613046114284,0.021566572387949956,0.014937390124743807,0.0344959088638509,0.0384334276120501,0.015062609875256205,1.12,1.12,1.12,1.12
1.4516592781074387,3.3574393096705535,30.27864764840393,0.03258605168519363,0.021567163682632395,0.014937390265281375,0.03449598763980011,0.03843283631736766,0.015062609734718638,1.12,1.12,1.12,1.12
1.4524881885813974,3.358378379717685,30.280801968476883,0.032585972882056946,0.021567755216459622,0.01493739040588063,0.03449606644293679,0.03843224478354043,0.015062609594119383,1.12,1.12,1.12,1.12
1.4533173392020455,3.35931756753166,30.282955667346798,0.03258589405172063,0.021568346989572496,0.01493739054654164,0.034496145273273104,0.03843165301042756,0.015062609453458373,1.12,1.12,1.12,1.12
1.4541467299693762,3.3602568730811377,30.285108744775567,0.03258581519417175,0.02156893900211182,0.014937390687264407,0.034496224130821984,0.03843106099788823,0.015062609312735606,1.12,1.12,1.12,1.12
1.4549763608833783,3.361196296334758,30.28726120052503,0.03258573630939832,0.021569531254219676,0.014937390828048916,0.03449630301559542,0.03843046874578038,0.015062609171951097,1.12,1.12,1.12,1.12
1.4558062319440332,3.3621358372611443,30.289413034356976,0.032585657397387446,0.02157012374603884,0.014937390968895181,0.03449638192760629,0.038429876253961215,0.015062609031104832,1.12,1.12,1.12,1.12
1.4566363431513154,3.3630754958288946,30.291564246033094,0.032585578458126874,0.021570716477712748,0.014937391109803244,0.03449646086686686,0.038429283522287305,0.015062608890196769,1.12,1.12,1.12,1.12
1.4574666945051957,3.3640152720065895,30.29371483531502,0.03258549949160311,0.021571309449383624,0.014937391250772605,0.03449653983339063,0.03842869055061643,0.015062608749227407,1.12,1.12,1.12,1.12
1.4582972860056338,3.3649551657627903,30.2958648019643,0.032585420497803164,0.021571902661195963,0.01493739139180289,0.03449661882719057,0.03842809733880409,0.015062608608197123,1.12,1.12,1.12,1.12
1.4591281176525894,3.3658951770660397,30.29801414574246,0.03258534147671455,0.021572496113294926,0.01493739153289414,0.03449669784827919,0.03842750388670513,0.015062608467105873,1.12,1.12,1.12,1.12
1.459959189446013,3.366835305884864,30.300162866410925,0.03258526242832477,0.021573089805822787,0.014937391674046424,0.03449677689666897,0.038426910194177266,0.015062608325953589,1.12,1.12,1.12,1.12
1.4607905013858506,3.3677755521877675,30.30231096373107,0.03258518335262106,0.021573683738928595,0.01493739181525977,0.034496855972372675,0.03842631626107146,0.015062608184740242,1.12,1.12,1.12,1.12
1.461622053472041,3.3687159159432363,30.3044584374642,0.03258510424959099,0.021574277912757928,0.014937391956534249,0.034496935075402746,0.038425722087242126,0.015062608043465764,1.12,1.12,1.12,1.12
1.4624538457045166,3.369656397119739,30.30660528737156,0.03258502511922173,0.021574872327454864,0.014937392097869845,0.034497014205772,0.03842512767254519,0.015062607902130168,1.12,1.12,1.12,1.12
1.4632858780832068,3.3705969956857214,30.308751513214304,0.03258494596150047,0.021575466983169256,0.014937392239266697,0.03449709336349327,0.0384245330168308,0.015062607760733315,1.12,1.12,1.12,1.12
1.4641181506080316,3.371537711609612,30.310897114753555,0.03258486677641498,0.021576061880045933,0.01493739238072489,0.03449717254857876,0.03842393811995412,0.015062607619275123,1.12,1.12,1.12,1.12
1.4649506632789064,3.3724785448598187,30.31304209175033,0.03258478756395217,0.02157665701823286,0.014937392522244367,0.03449725176104157,0.038423342981767195,0.015062607477755646,1.12,1.12,1.12,1.12
1.4657834160957393,3.3734194954047347,30.315186443965608,0.03258470832409943,0.0215772523978795,0.014937392663825322,0.034497331000894305,0.038422747602120555,0.015062607336174691,1.12,1.12,1.12,1.12
1.4666164090584346,3.3743605632127256,30.31733017116028,0.032584629056844006,0.02157784801913329,0.014937392805467728,0.03449741026814973,0.038422151980866764,0.015062607194532285,1.12,1.12,1.12,1.12
1.4674496421668886,3.3753017482521437,30.319473273095177,0.03258454976217301,0.02157844388214397,0.014937392947171585,0.03449748956282073,0.03842155611785608,0.015062607052828428,1.12,1.12,1.12,1.12
1.4682831154209908,3.37624305049132,30.321615749531055,0.03258447044007373,0.0215790399870594,0.014937393088936907,0.034497568884920005,0.03842096001294065,0.015062606911063106,1.12,1.12,1.12,1.12
1.4691168288206269,3.377184469898566,30.323757600228625,0.03258439109053335,0.02157963633403051,0.014937393230763846,0.03449764823446039,0.03842036366596954,0.015062606769236167,1.12,1.12,1.12,1.12
1.4699507823656746,3.3781260064421748,30.325898824948506,0.032584311713539094,0.021580232923205267,0.01493739337265243,0.03449772761145464,0.038419767076794786,0.015062606627347583,1.12,1.12,1.12,1.12
1.4707849760560086,3.3790676600904166,30.32803942345126,0.03258423230907792,0.02158082975473319,0.014937393514602743,0.034497807015915816,0.038419170245266865,0.01506260648539727,1.12,1.12,1.12,1.12
1.4716194098914919,3.380009430811547,30.330179395497368,0.03258415287713706,0.02158142682876485,0.0149373936566147,0.034497886447856674,0.038418573171235204,0.015062606343385312,1.12,1.12,1.12,1.12
1.4724540838719873,3.380951318573797,30.332318740847253,0.032584073417703474,0.021582024145452017,0.014937393798688456,0.03449796590729026,0.03841797585454804,0.015062606201311557,1.12,1.12,1.12,1.12
1.4732889979973476,3.3818933233453836,30.334457459261273,0.03258399393076439,0.02158262170494457,0.014937393940824023,0.03449804539422935,0.03841737829505548,0.01506260605917599,1.12,1.12,1.12,1.12
1.4741241522674209,3.382835445094501,30.336595550499712,0.03258391441630659,0.021583219507393392,0.014937394083021444,0.034498124908687144,0.03841678049260666,0.01506260591697857,1.12,1.12,1.12,1.12
1.4749595466820495,3.383777683789322,30.33873301432279,0.03258383487431732,0.02158381755294983,0.01493739422528087,0.03449820445067642,0.03841618244705022,0.015062605774719143,1.12,1.12,1.12,1.12
1.4757951812410692,3.3847200393980033,30.340869850490655,0.03258375530478341,0.021584415841765542,0.014937394367602191,0.034498284020210324,0.03841558415823451,0.015062605632397821,1.12,1.12,1.12,1.12
1.476631055944309,3.3856625118886807,30.343006058763365,0.03258367570769194,0.021585014373989964,0.014937394509985547,0.0344983636173018,0.03841498562601009,0.015062605490014466,1.12,1.12,1.12,1.12
1.477467170791593,3.386605101229469,30.345141638900966,0.03258359608302974,0.021585613149777527,0.014937394652430908,0.034498443241963994,0.038414386850222526,0.015062605347569105,1.12,1.12,1.12,1.12
1.4783035257827377,3.387547807388467,30.347276590663373,0.032583516430784,0.021586212169278474,0.014937394794938386,0.03449852289420974,0.03841378783072158,0.015062605205061627,1.12,1.12,1.12,1.12
1.4791401209175554,3.3884906303337496,30.34941091381047,0.032583436750941164,0.021586811432645764,0.01493739493750805,0.03449860257405257,0.03841318856735429,0.015062605062491963,1.12,1.12,1.12,1.12
1.4799769561958496,3.3894335700333755,30.351544608102053,0.03258335704348847,0.021587410940032692,0.014937395080139831,0.034498682281505266,0.03841258905996736,0.015062604919860181,1.12,1.12,1.12,1.12
1.48081403161742,3.390376626455381,30.35367767329786,0.03258327730841265,0.021588010691590775,0.014937395222833827,0.034498762016581086,0.03841198930840928,0.015062604777166186,1.12,1.12,1.12,1.12
1.48165134718206,3.3913197995677837,30.355810109157567,0.03258319754570038,0.021588610687472143,0.014937395365590106,0.034498841779293354,0.03841138931252791,0.015062604634409907,1.12,1.12,1.12,1.12
1.4824889028895543,3.392263089338583,30.357941915440765,0.03258311775533873,0.02158921092782945,0.014937395508408738,0.034498921569655006,0.038410789072170604,0.015062604491591275,1.12,1.12,1.12,1.12
1.4833266987396856,3.3932064957357557,30.360073091906983,0.032583037937314374,0.021589811412816906,0.014937395651289723,0.03449900138767936,0.03841018858718315,0.01506260434871029,1.12,1.12,1.12,1.12
1.4841647347322255,3.394150018727263,30.362203638315677,0.03258295809161388,0.021590412142588195,0.01493739579423306,0.03449908123337986,0.03840958785741186,0.015062604205766952,1.12,1.12,1.12,1.12
1.4850030108669436,3.395093658281041,30.364333554426246,0.0325828782182242,0.021591013117294777,0.014937395937238834,0.03449916110676954,0.038408986882705276,0.015062604062761178,1.12,1.12,1.12,1.12
1.4858415271436016,3.39603741436501,30.366462839998,0.03258279831713201,0.02159161433709117,0.014937396080307072,0.034499241007861725,0.038408385662908884,0.01506260391969294,1.12,1.12,1.12,1.12
1.4866802835619541,3.3969812869470695,30.3685914947902,0.03258271838832394,0.021592215802131776,0.014937396223437857,0.0344993209366698,0.03840778419786828,0.015062603776562156,1.12,1.12,1.12,1.12
1.4875192801217523,3.397925275995099,30.370719518562026,0.032582638431786715,0.021592817512571083,0.014937396366631217,0.03449940089320702,0.03840718248742897,0.015062603633368796,1.12,1.12,1.12,1.12
1.4883585168227371,3.398869381476958,30.3728469110726,0.032582558447506904,0.02159341946855947,0.01493739650988718,0.03449948087748683,0.03840658053144058,0.015062603490112833,1.12,1.12,1.12,1.12
1.4891979936646473,3.399813603360485,30.374973672080944,0.03258247843547124,0.021594021670254537,0.014937396653205745,0.034499560889522496,0.038405978329745516,0.015062603346794268,1.12,1.12,1.12,1.12
1.4900377106472122,3.400757941613503,30.377099801346056,0.03258239839566618,0.02159462411780977,0.014937396796587052,0.03449964092932756,0.038405375882190285,0.015062603203412961,1.12,1.12,1.12,1.12
1.4908776677701565,3.4017023962038113,30.379225298626835,0.03258231832807845,0.021595226811377877,0.014937396940031072,0.034499720996915284,0.03840477318862218,0.01506260305996894,1.12,1.12,1.12,1.12
1.4917178650331995,3.4026469670991872,30.381350163682114,0.03258223823269463,0.02159582975111618,0.014937397083537807,0.03449980109229911,0.03840417024888387,0.015062602916462206,1.12,1.12,1.12,1.12
1.492558302436052,3.4035916542673954,30.38347439627066,0.03258215810950099,0.02159643293717664,0.014937397227107393,0.034499881215492745,0.03840356706282341,0.01506260277289262,1.12,1.12,1.12,1.12
1.4933989799784204,3.4045364576761736,30.385597996151176,0.03258207795848406,0.021597036369715605,0.014937397370739805,0.03449996136650968,0.03840296363028445,0.015062602629260208,1.12,1.12,1.12,1.12
1.494239897660004,3.4054813772932437,30.38772096308228,0.03258199777963072,0.02159764004888798,0.014937397514435125,0.034500041545363014,0.038402359951112075,0.015062602485564888,1.12,1.12,1.12,1.12
1.4950810554804954,3.4064264130863053,30.389843296822534,0.03258191757292711,0.021598243974848996,0.014937397658193352,0.034500121752066626,0.03840175602515106,0.01506260234180666,1.12,1.12,1.12,1.12
1.4959224534395827,3.4073715650230376,30.391964997130437,0.032581837338359676,0.021598848147753757,0.014937397802014502,0.03450020198663406,0.038401151852246296,0.015062602197985511,1.12,1.12,1.12,1.12
1.4967640915369451,3.4083168330711064,30.394086063764398,0.03258175707591504,0.02159945256775747,0.01493739794589867,0.034500282249078695,0.03840054743224258,0.015062602054101343,1.12,1.12,1.12,1.12
1.4976059697722588,3.409262217198146,30.396206496482765,0.032581676785579494,0.021600057235015235,0.014937398089845788,0.03450036253941424,0.03839994276498482,0.015062601910154225,1.12,1.12,1.12,1.12
1.4984480881451903,3.4102077173717826,30.398326295043816,0.03258159646733927,0.021600662149681954,0.014937398233856078,0.03450044285765447,0.0383993378503181,0.015062601766143935,1.12,1.12,1.12,1.12
1.4992904466554018,3.411153333559614,30.40044545920577,0.03258151612118099,0.021601267311912586,0.014937398377929428,0.03450052320381275,0.03839873268808747,0.015062601622070584,1.12,1.12,1.12,1.12
1.5001330453025485,3.41209906572922,30.40256398872676,0.032581435747090826,0.021601872721865423,0.014937398522065923,0.03450060357790291,0.03839812727813463,0.01506260147793409,1.12,1.12,1.12,1.12
1.5009758840862806,3.413044913848164,30.40468188336485,0.03258135534505524,0.021602478379694118,0.014937398666265644,0.034500683979938496,0.038397521620305936,0.015062601333734368,1.12,1.12,1.12,1.12
1.5018189630062402,3.4139908778839847,30.406799142878064,0.0325812749150603,0.02160308428555585,0.01493739881052858,0.03450076440993344,0.0383969157144442,0.015062601189471433,1.12,1.12,1.12,1.12
1.5026622820620643,3.414936957804203,30.408915767024304,0.0325811944570924,0.02160369043960561,0.014937398954854797,0.03450084486790134,0.03839630956039444,0.015062601045145216,1.12,1.12,1.12,1.12
1.5035058412533813,3.415883153576319,30.411031755561446,0.03258111397113794,0.021604296842001047,0.01493739909924427,0.034500925353855794,0.038395703157999006,0.015062600900755743,1.12,1.12,1.12,1.12
1.5043496405798167,3.4168294651678135,30.413147108247273,0.03258103345718294,0.02160490349289762,0.014937399243697067,0.0345010058678108,0.03839509650710243,0.015062600756302946,1.12,1.12,1.12,1.12
1.5051936800409877,3.417775892546146,30.41526182483952,0.03258095291521379,0.02160551039245226,0.014937399388213299,0.034501086409779946,0.038394489607547794,0.015062600611786714,1.12,1.12,1.12,1.12
1.506037959636505,3.418722435678757,30.41737590509581,0.032580872345216505,0.021606117540820424,0.014937399532792925,0.03450116697977723,0.03839388245917963,0.015062600467207088,1.12,1.12,1.12,1.12
1.5068824793659736,3.419669094533066,30.419489348773737,0.03258079174717737,0.021606724938159766,0.014937399677436,0.03450124757781636,0.03839327506184029,0.015062600322564013,1.12,1.12,1.12,1.12
1.5077272392289924,3.4206158690764727,30.421602155630826,0.03258071112108263,0.02160733258462677,0.014937399822142566,0.03450132820391111,0.03839266741537328,0.015062600177857446,1.12,1.12,1.12,1.12
1.5085722392251513,3.421562759276357,30.423714325424495,0.03258063046691834,0.02160794048037651,0.014937399966912623,0.0345014088580754,0.038392059519623545,0.01506260003308739,1.12,1.12,1.12,1.12
1.5094174793540387,3.422509765100077,30.425825857912123,0.032580549784670565,0.021608548625568436,0.014937400111746255,0.03450148954032317,0.03839145137443162,0.015062599888253758,1.12,1.12,1.12,1.12
1.510262959615232,3.423456886514972,30.427936752851004,0.03258046907432538,0.021609157020357928,0.014937400256643446,0.034501570250668356,0.038390842979642126,0.015062599743356567,1.12,1.12,1.12,1.12
1.511108680008304,3.4244041234883627,30.430047009998372,0.03258038833586896,0.021609765664903413,0.014937400401604295,0.03450165098912478,0.03839023433509664,0.015062599598395718,1.12,1.12,1.12,1.12
1.5119546405328208,3.425351475987546,30.432156629111383,0.03258030756928748,0.021610374559361212,0.014937400546628801,0.034501731755706255,0.03838962544063884,0.015062599453371212,1.12,1.12,1.12,1.12
1.512800841188344,3.4262989439798,30.43426560994713,0.032580226774566734,0.021610983703888753,0.014937400691716979,0.034501812550427,0.0383890162961113,0.015062599308283034,1.12,1.12,1.12,1.12
1.513647281974426,3.427246527432384,30.436373952262613,0.03258014595169295,0.021611593098644077,0.014937400836868939,0.034501893373300785,0.038388406901355976,0.015062599163131074,1.12,1.12,1.12,1.12
1.5144939628906133,3.4281942263125345,30.438481655814805,0.032580065100652034,0.021612202743784392,0.014937400982084653,0.0345019742243417,0.03838779725621566,0.01506259901791536,1.12,1.12,1.12,1.12
1.5153408839364482,3.429142040587468,30.440588720360562,0.03257998422143005,0.02161281263946624,0.014937401127364136,0.03450205510356369,0.038387187360533814,0.015062598872635877,1.12,1.12,1.12,1.12
1.5161880451114624,3.430089970224385,30.442695145656707,0.032579903314012726,0.021613422785850378,0.01493740127270747,0.03450213601098101,0.038386577214149675,0.015062598727292542,1.12,1.12,1.12,1.12
1.5170354464151865,3.431038015190458,30.44480093145995,0.032579822378386414,0.021614033183091408,0.014937401418114643,0.03450221694660732,0.038385966816908645,0.01506259858188537,1.12,1.12,1.12,1.12
1.5178830878471403,3.4319861754528462,30.44690607752698,0.03257974141453668,0.021614643831348812,0.014937401563585764,0.03450229791045706,0.03838535616865124,0.015062598436414248,1.12,1.12,1.12,1.12
1.5187309694068383,3.4329344509786837,30.44901058361438,0.0325796604224497,0.021615254730779077,0.01493740170912082,0.03450237890254404,0.03838474526922098,0.015062598290879192,1.12,1.12,1.12,1.12
1.5195790910937885,3.4338828417350884,30.451114449478688,0.032579579402111036,0.02161586588154185,0.01493740185471984,0.0345024599228827,0.0383841341184582,0.015062598145280173,1.12,1.12,1.12,1.12
1.5204274529074941,3.4348313476891534,30.453217674876335,0.03257949835350704,0.021616477283796037,0.014937402000382821,0.034502540971486695,0.038383522716204016,0.015062597999617192,1.12,1.12,1.12,1.12
1.5212760548474504,3.435779968807955,30.455320259563713,0.03257941727662311,0.02161708893769823,0.014937402146109904,0.034502622048370624,0.03838291106230182,0.015062597853890108,1.12,1.12,1.12,1.12
1.5221248969131456,3.436728705058546,30.457422203297142,0.03257933617144543,0.02161770084340764,0.014937402291901103,0.03450270315354831,0.038382299156592414,0.01506259770809891,1.12,1.12,1.12,1.12
1.5229739791040622,3.437677556407962,30.459523505832845,0.032579255037959665,0.021618313001083356,0.014937402437756403,0.03450278428703407,0.0383816869989167,0.01506259756224361,1.12,1.12,1.12,1.12
1.5238233014196745,3.438626522823215,30.461624166927002,0.03257917387615161,0.021618925410883894,0.014937402583675805,0.034502865448842124,0.03838107458911616,0.015062597416324208,1.12,1.12,1.12,1.12
1.5246728638594544,3.4395756042712975,30.46372418633571,0.03257909268600717,0.02161953807296746,0.014937402729659446,0.034502946638986565,0.038380461927032594,0.015062597270340566,1.12,1.12,1.12,1.12
1.5255226664228634,3.4405248007191824,30.465823563815,0.032579011467511965,0.02162015098749262,0.014937402875707259,0.03450302785748177,0.03837984901250743,0.015062597124292754,1.12,1.12,1.12,1.12
1.5263727091093575,3.4414741121338235,30.46792229912083,0.03257893022065178,0.021620764154620276,0.01493740302181934,0.034503109104341956,0.03837923584537978,0.015062596978180673,1.12,1.12,1.12,1.12
1.5272229919183873,3.44242353848215,30.470020392009076,0.03257884894541252,0.021621377574508105,0.014937403167995744,0.03450319037958122,0.03837862242549195,0.015062596832004269,1.12,1.12,1.12,1.12
1.5280735148493951,3.4433730797310718,30.472117842235548,0.032578767641779804,0.02162199124731501,0.014937403314236417,0.03450327168321393,0.038378008752685044,0.015062596685763596,1.12,1.12,1.12,1.12
1.528924277901817,3.4443227358474817,30.47421464955602,0.03257868630973931,0.021622605173200582,0.014937403460541426,0.03450335301525442,0.03837739482679947,0.015062596539458586,1.12,1.12,1.12,1.12
1.5297752810750833,3.445272506798249,30.47631081372613,0.03257860494927678,0.02162321935232303,0.014937403606910843,0.03450343437571696,0.03837678064767702,0.01506259639308917,1.12,1.12,1.12,1.12
1.5306265243686186,3.4462223925502204,30.478406334501493,0.032578523560377826,0.021623833784843366,0.014937403753344652,0.03450351576461591,0.03837616621515669,0.01506259624665536,1.12,1.12,1.12,1.12
1.531478007781839,3.4471723930702254,30.480501211637645,0.032578442143028186,0.02162444847092221,0.014937403899842938,0.03450359718196555,0.038375551529077845,0.015062596100157075,1.12,1.12,1.12,1.12
1.532329731314154,3.448122508325073,30.48259544489003,0.03257836069721337,0.02162506341071796,0.014937404046405672,0.034503678627780365,0.038374936589282094,0.01506259595359434,1.12,1.12,1.12,1.12
1.5331816949649675,3.4490727382815494,30.48468903401405,0.03257827922291917,0.021625678604389742,0.01493740419303291,0.034503760102074565,0.03837432139561031,0.015062595806967102,1.12,1.12,1.12,1.12
1.5340338987336741,3.450023082906414,30.486781978764974,0.032578197720129654,0.021626294052097594,0.01493740433972364,0.03450384160486408,0.03837370594790246,0.015062595660276373,1.12,1.12,1.12,1.12
1.5348863426196429,3.450973542166366,30.48887427889781,0.03257811618882234,0.021626909754001583,0.014937404486471129,0.0345039231361714,0.03837309024599847,0.015062595513528884,1.12,1.12,1.12,1.12
1.535739026622261,3.4519241160281298,30.490965934167743,0.032578034628982955,0.02162752571025861,0.014937404633275655,0.03450400469601078,0.03837247428974144,0.015062595366724357,1.12,1.12,1.12,1.12
1.5365919507409025,3.452874804458414,30.493056944329886,0.032577953040597296,0.021628141921031824,0.014937404780137498,0.03450408628439644,0.03837185807896823,0.015062595219862515,1.12,1.12,1.12,1.12
1.5374451149749413,3.453825607423901,30.495147309139252,0.03257787142365082,0.021628758386480873,0.014937404927056905,0.03450416790134292,0.03837124161351918,0.015062595072943108,1.12,1.12,1.12,1.12
1.5382985193237397,3.4547765248912556,30.497237028350824,0.03257778977812931,0.021629375106765852,0.01493740507403396,0.03450424954686443,0.0383706248932342,0.015062594925966052,1.12,1.12,1.12,1.12
1.539152163786656,3.4557275568271195,30.49932610171949,0.0325777081040185,0.02162999208204558,0.014937405221069025,0.03450433122097524,0.038370007917954474,0.015062594778930988,1.12,1.12,1.12,1.12
1.5400060483630413,3.456678703198116,30.501414529000066,0.03257762640130396,0.02163060931248334,0.014937405368162293,0.034504412923689776,0.03836939068751671,0.01506259463183772,1.12,1.12,1.12,1.12
1.5408601730522395,3.457629963970845,30.503502309947294,0.03257754466997126,0.0216312267982387,0.014937405515313917,0.03450449465502248,0.03836877320176135,0.015062594484686095,1.12,1.12,1.12,1.12
1.541714537853588,3.4585813391118907,30.505589444315866,0.03257746291000607,0.021631844539473755,0.014937405662524203,0.034504576414987664,0.0383681554605263,0.01506259433747581,1.12,1.12,1.12,1.12
1.542569142766418,3.4595328285878093,30.507675931860373,0.03257738112139402,0.021632462536347513,0.014937405809793233,0.034504658203599714,0.03836753746365254,0.01506259419020678,1.12,1.12,1.12,1.12
1.5434239877900529,3.460484432365142,30.50976177233536,0.03257729930412051,0.02163308078902082,0.014937405957121397,0.034504740020873226,0.03836691921097923,0.015062594042878616,1.12,1.12,1.12,1.12
1.5442790729238116,3.461436150410404,30.511846965495273,0.03257721745817116,0.021633699297657072,0.014937406104508694,0.03450482186682258,0.03836630070234298,0.015062593895491319,1.12,1.12,1.12,1.12
1.5451343981670036,3.462387982690096,30.513931511094512,0.03257713558353165,0.021634318062415114,0.014937406251955429,0.03450490374146209,0.03836568193758494,0.015062593748044584,1.12,1.12,1.12,1.12
1.5459899635189327,3.4633399291706923,30.516015408887398,0.03257705368018743,0.021634937083458983,0.014937406399461783,0.03450498564480631,0.03836506291654107,0.01506259360053823,1.12,1.12,1.12,1.12
1.546845768978897,3.4642919898186477,30.518098658628162,0.032576971748123906,0.021635556360948466,0.014937406547027895,0.03450506757686983,0.03836444363905159,0.015062593452972117,1.12,1.12,1.12,1.12
1.547701814546187,3.465244164600399,30.520181260070984,0.0325768897873267,0.021636175895045268,0.014937406694654029,0.034505149537667035,0.038363824104954786,0.015062593305345984,1.12,1.12,1.12,1.12
1.5485581002200857,3.4661964534823575,30.522263212969975,0.03257680779778116,0.021636795685911314,0.014937406842340406,0.034505231527212576,0.03836320431408874,0.015062593157659607,1.12,1.12,1.12,1.12
1.5494146259998705,3.467148856430917,30.52434451707915,0.03257672577947274,0.021637415733708948,0.014937406990087138,0.034505313545521,0.038362584266291105,0.015062593009912875,1.12,1.12,1.12,1.12
1.5502713918848121,3.468101373412448,30.52642517215247,0.032576643732387056,0.0216380360385984,0.014937407137894446,0.03450539559260668,0.03836196396140165,0.015062592862105567,1.12,1.12,1.12,1.12
1.5511283978741741,3.469054004393302,30.52850517794383,0.032576561656509184,0.021638656600744655,0.014937407285762469,0.03450547766848455,0.0383613433992554,0.015062592714237544,1.12,1.12,1.12,1.12
1.5519856439672126,3.470006749339808,30.53058453420703,0.032576479551824966,0.021639277420308578,0.01493740743369143,0.03450555977316877,0.038360722579691475,0.015062592566308583,1.12,1.12,1.12,1.12
1.5528431301631778,3.4709596082182745,30.532663240695825,0.032576397418319414,0.02163989849745157,0.014937407581681425,0.03450564190667432,0.03836010150254848,0.015062592418318588,1.12,1.12,1.12,1.12
1.5537008564613133,3.4719125809949896,30.53474129716387,0.03257631525597826,0.02164051983233639,0.014937407729732705,0.034505724069015475,0.03835948016766366,0.015062592270267308,1.12,1.12,1.12,1.12
1.5545588228608545,3.472865667636219,30.53681870336475,0.03257623306478663,0.02164114142512652,0.014937407877845393,0.034505806260207106,0.03835885857487353,0.01506259212215462,1.12,1.12,1.12,1.12
1.555417029361032,3.4738188681082067,30.538895459052014,0.03257615084472992,0.02164176327598266,0.014937408026019658,0.03450588848026381,0.03835823672401739,0.015062591973980355,1.12,1.12,1.12,1.12
1.556275475961067,3.4747721823771807,30.540971563979106,0.03257606859579354,0.021642385385068352,0.014937408174255762,0.0345059707292002,0.0383576146149317,0.015062591825744251,1.12,1.12,1.12,1.12
1.5571341626601776,3.4757256104093415,30.543047017899404,0.03257598631796271,0.02164300775254757,0.01493740832255376,0.03450605300703102,0.03835699224745248,0.015062591677446252,1.12,1.12,1.12,1.12
1.5579930894575709,3.4766791521708713,30.545121820566212,0.032575904011222734,0.021643630378581385,0.014937408470913766,0.034506135313771,0.03835636962141867,0.015062591529086247,1.12,1.12,1.12,1.12
1.5588522563524496,3.4776328076279306,30.547195971732762,0.03257582167555911,0.02164425326333516,0.01493740861933604,0.03450621764943462,0.03835574673666489,0.015062591380663973,1.12,1.12,1.12,1.12
1.5597116633440096,3.478586576746661,30.54926947115223,0.0325757393109567,0.02164487640697038,0.014937408767820709,0.03450630001403704,0.03835512359302967,0.015062591232179304,1.12,1.12,1.12,1.12
1.5605713104314394,3.4795404594931796,30.55134231857768,0.03257565691740111,0.021645499809650526,0.014937408916367911,0.03450638240759263,0.03835450019034953,0.015062591083632101,1.12,1.12,1.12,1.12
1.561431197613921,3.4804944558335835,30.553414513762142,0.03257557449487747,0.021646123471538492,0.0149374090649778,0.03450646483011627,0.03835387652846156,0.015062590935022213,1.12,1.12,1.12,1.12
1.5622913248906276,3.4814485657339507,30.555486056458562,0.032575492043371124,0.02164674739279915,0.014937409213650513,0.03450654728162261,0.038353252607200905,0.0150625907863495,1.12,1.12,1.12,1.12
1.5631516922607291,3.482402789160333,30.557556946419815,0.032575409562867086,0.021647371573594587,0.01493740936238619,0.03450662976212665,0.038352628426405466,0.015062590637613824,1.12,1.12,1.12,1.12
1.5640122997233854,3.483357126078766,30.559627183398682,0.032575327053350644,0.021647996014088955,0.014937409511185051,0.03450671227164309,0.0383520039859111,0.015062590488814961,1.12,1.12,1.12,1.12
1.5648731472777504,3.484311576455263,30.561696767147914,0.032575244514807034,0.021648620714446287,0.014937409660047168,0.0345067948101867,0.038351379285553766,0.015062590339952844,1.12,1.12,1.12,1.12
1.5657342349229717,3.4852661402558134,30.563765697420134,0.03257516194722132,0.021649245674830286,0.01493740980897268,0.034506877377772416,0.03835075432516977,0.015062590191027334,1.12,1.12,1.12,1.12
1.5665955626581896,3.486220817446389,30.565833973967948,0.032575079350578795,0.0216498708954046,0.014937409957961792,0.03450695997441494,0.038350129104595454,0.01506259004203822,1.12,1.12,1.12,1.12
1.5674571304825387,3.4871756079929357,30.56790159654385,0.03257499672486447,0.021650496376336148,0.014937410107014576,0.03450704260012927,0.038349503623663905,0.015062589892985437,1.12,1.12,1.12,1.12
1.5683189383951437,3.4881305118613835,30.569968564900282,0.032574914070063576,0.021651122117786137,0.014937410256131184,0.03450712525493016,0.038348877882213916,0.015062589743868829,1.12,1.12,1.12,1.12
1.5691809863951243,3.489085529017636,30.572034878789594,0.03257483138616113,0.021651748119919073,0.014937410405311768,0.03450720793883261,0.03834825188008098,0.015062589594688244,1.12,1.12,1.12,1.12
1.5700432744815946,3.4900406594275797,30.57410053796409,0.03257474867314253,0.02165237438290124,0.014937410554556413,0.03450729065185121,0.03834762561709881,0.0150625894454436,1.12,1.12,1.12,1.12
1.5709058026536582,3.490995903057076,30.576165542175964,0.03257466593099251,0.021653000906896258,0.014937410703865228,0.03450737339400123,0.038346999093103795,0.015062589296134785,1.12,1.12,1.12,1.12
1.571768570910415,3.4919512598719686,30.57822989117738,0.0325745831596963,0.021653627692068217,0.014937410853238423,0.034507456165297434,0.038346372307931836,0.01506258914676159,1.12,1.12,1.12,1.12
1.5726315792509569,3.492906729838076,30.5802935847204,0.032574500359239034,0.021654254738583623,0.014937411002676135,0.0345075389657547,0.03834574526141643,0.015062588997323878,1.12,1.12,1.12,1.12
1.5734948276743683,3.493862312921198,30.582356622557015,0.03257441752960544,0.021654882046605595,0.014937411152178448,0.0345076217953883,0.03834511795339446,0.015062588847821565,1.12,1.12,1.12,1.12
1.574358316179727,3.494818009087113,30.584419004439148,0.03257433467078097,0.021655509616300056,0.014937411301745473,0.03450770465421277,0.0383444903837,0.01506258869825454,1.12,1.12,1.12,1.12
1.5752220447661036,3.4957738183015756,30.58648073011865,0.03257425178275031,0.02165613744783318,0.014937411451377391,0.03450778754224343,0.038343862552166874,0.015062588548622621,1.12,1.12,1.12,1.12
1.5760860134325618,3.4967297405303217,30.588541799347304,0.03257416886549874,0.0216567655413685,0.014937411601074257,0.034507870459494994,0.03834323445863155,0.015062588398925755,1.12,1.12,1.12,1.12
1.5769502221781584,3.4976857757390643,30.590602211876806,0.032574085919011064,0.02165739389707333,0.014937411750836155,0.03450795340598267,0.038342606102926724,0.015062588249163858,1.12,1.12,1.12,1.12
1.5778146710019436,3.4986419238934925,30.592661967458792,0.03257400294327245,0.021658022515112174,0.014937411900663236,0.034508036381721285,0.03834197748488788,0.015062588099336777,1.12,1.12,1.12,1.12
1.5786793599029592,3.4995981849592797,30.5947210658448,0.032573919938267526,0.021658651395650375,0.014937412050555682,0.03450811938672621,0.03834134860434968,0.015062587949444331,1.12,1.12,1.12,1.12
1.579544288880242,3.500554558902073,30.59677950678634,0.03257383690398158,0.021659280538853354,0.014937412200513617,0.03450820242101216,0.0383407194611467,0.015062587799486396,1.12,1.12,1.12,1.12
1.58040945793282,3.501511045687499,30.5988372900348,0.0325737538403994,0.02165990994488881,0.014937412350537083,0.03450828548459434,0.03834009005511124,0.01506258764946293,1.12,1.12,1.12,1.12
1.5812748670597156,3.5024676452811643,30.600894415341536,0.03257367074750589,0.021660539613921642,0.014937412500626246,0.03450836857748785,0.03833946038607841,0.015062587499373767,1.12,1.12,1.12,1.12
1.5821405162599427,3.503424357648652,30.60295088245779,0.03257358762528617,0.02166116954611841,0.014937412650781148,0.034508451699707565,0.038338830453881645,0.015062587349218864,1.12,1.12,1.12,1.12
1.5830064055325082,3.504381182755525,30.605006691134765,0.03257350447372487,0.021661799741643728,0.014937412801001915,0.03450853485126887,0.038338200258356325,0.015062587198998098,1.12,1.12,1.12,1.12
1.5838725348764133,3.505338120567322,30.607061841123567,0.03257342129280716,0.021662430200666383,0.014937412951288712,0.03450861803218658,0.03833756979933367,0.015062587048711301,1.12,1.12,1.12,1.12
1.584738904290651,3.506295171049564,30.609116332175248,0.03257333808251767,0.021663060923352018,0.014937413101641595,0.03450870124247607,0.038336939076648036,0.015062586898358418,1.12,1.12,1.12,1.12
1.585605513774209,3.5072523341677475,30.611170164040765,0.03257325484284146,0.02166369190986689,0.014937413252060716,0.03450878448215228,0.038336308090133164,0.015062586747939297,1.12,1.12,1.12,1.12
1.5864723633260642,3.5082096098873485,30.613223336471016,0.03257317157376316,0.021664323160378085,0.014937413402546146,0.034508867751230576,0.03833567683962197,0.015062586597453867,1.12,1.12,1.12,1.12
1.5873394529451899,3.5091669981738223,30.61527584921682,0.032573088275267725,0.021664954675052472,0.014937413553098036,0.03450895104972601,0.03833504532494758,0.015062586446901977,1.12,1.12,1.12,1.12
1.5882067826305502,3.510124498992598,30.617327702028938,0.032573004947339945,0.021665586454057417,0.014937413703716373,0.03450903437765379,0.038334413545942636,0.01506258629628364,1.12,1.12,1.12,1.12
1.5890743523811048,3.5110821123090887,30.619378894658027,0.032572921589964776,0.02166621849755951,0.014937413854401463,0.03450911773502896,0.038333781502440545,0.01506258614559855,1.12,1.12,1.12,1.12
1.5899421621958032,3.512039838088682,30.621429426854686,0.0325728382031269,0.021666850805725835,0.014937414005153277,0.03450920112186684,0.03833314919427422,0.015062585994846736,1.12,1.12,1.12,1.12
1.5908102120735876,3.512997676296746,30.623479298369443,0.03257275478681115,0.02166748337872451,0.014937414155971884,0.03450928453818258,0.03833251662127554,0.015062585844028129,1.12,1.12,1.12,1.12
1.5916785020133966,3.5139556268986243,30.625528508952755,0.03257267134100211,0.021668116216723265,0.01493741430685741,0.03450936798399162,0.03833188378327679,0.015062585693142602,1.12,1.12,1.12,1.12
1.5925470320141586,3.514913689859642,30.627577058354987,0.03257258786568473,0.02166874931988766,0.014937414457810022,0.034509451459309004,0.038331250680112394,0.01506258554218999,1.12,1.12,1.12,1.12
1.593415802074796,3.5158718651450984,30.62962494632645,0.03257250436084386,0.021669382688386862,0.014937414608829719,0.03450953496414988,0.03833061731161319,0.015062585391170294,1.12,1.12,1.12,1.12
1.5942848121942235,3.5168301527202765,30.63167217261737,0.032572420826463944,0.021670016322387853,0.014937414759916681,0.03450961849852979,0.0383299836776122,0.015062585240083332,1.12,1.12,1.12,1.12
1.5951540623713485,3.5177885525504333,30.633718736977915,0.03257233726252995,0.021670650222059246,0.014937414911070993,0.03450970206246379,0.03832934977794081,0.01506258508892902,1.12,1.12,1.12,1.12
1.5960235526050726,3.518747064600803,30.63576463915814,0.032572253669026496,0.0216712843875696,0.014937415062292722,0.03450978565596724,0.03832871561243045,0.01506258493770729,1.12,1.12,1.12,1.12
1.5968932828942866,3.519705688836603,30.637809878908065,0.03257217004593843,0.02167191881908767,0.014937415213581898,0.034509869279055305,0.03832808118091238,0.015062584786418115,1.12,1.12,1.12,1.12
1.5977632532378807,3.520664425223022,30.639854455977634,0.032572086393250155,0.0216725535167806,0.0149374153649387,0.03450995293174358,0.03832744648321945,0.015062584635061313,1.12,1.12,1.12,1.12
1.5986334636347306,3.5216232737252335,30.641898370116685,0.03257200271094646,0.021673188480817562,0.014937415516363212,0.03451003661404728,0.03832681151918249,0.015062584483636801,1.12,1.12,1.12,1.12
1.599503914083709,3.522582234308385,30.643941621075005,0.03257191899901213,0.021673823711365364,0.014937415667855489,0.03451012032598161,0.03832617628863469,0.015062584332144524,1.12,1.12,1.12,1.12
1.6003746045836813,3.523541306937604,30.645984208602307,0.03257183525743179,0.021674459208595426,0.014937415819415698,0.034510204067561945,0.03832554079140463,0.015062584180584315,1.12,1.12,1.12,1.12
1.601245535133504,3.524500491577993,30.64802613244823,0.03257175148618996,0.021675094972674808,0.014937415971043852,0.03451028783880378,0.038324905027325246,0.01506258402895616,1.12,1.12,1.12,1.12
1.6021167057320267,3.5254597881946363,30.65006739236233,0.03257166768527131,0.02167573100377307,0.014937416122740091,0.034510371639722426,0.038324268996226984,0.015062583877259922,1.12,1.12,1.12,1.12
1.6029881163780932,3.526419196752595,30.652107988094087,0.03257158385466047,0.021676367302059074,0.014937416274504484,0.03451045547033327,0.03832363269794098,0.01506258372549553,1.12,1.12,1.12,1.12
1.603859767070539,3.527378717216905,30.654147919392926,0.03257149999434217,0.021677003867702327,0.014937416426337113,0.03451053933065157,0.038322996132297726,0.0150625835736629,1.12,1.12,1.12,1.12
1.6047316578081916,3.5283383495525857,30.65618718600816,0.032571416104300754,0.02167764070087211,0.014937416578238036,0.03451062322069298,0.038322359299127945,0.015062583421761977,1.12,1.12,1.12,1.12
1.6056037885898715,3.52929809372463,30.658225787689073,0.03257133218452102,0.021678277801737506,0.01493741673020732,0.03451070714047272,0.03832172219826255,0.015062583269792693,1.12,1.12,1.12,1.12
1.6064761594143944,3.5302579496980115,30.660263724184844,0.03257124823498747,0.02167891517046866,0.014937416882245202,0.034510791090006265,0.03832108482953139,0.01506258311775481,1.12,1.12,1.12,1.12
1.607348770280565,3.5312179174376803,30.66230099524458,0.03257116425568457,0.02167955280723438,0.0149374170343516,0.034510875069309166,0.03832044719276567,0.015062582965648413,1.12,1.12,1.12,1.12
1.6082216211871825,3.532177996908565,30.664337600617333,0.032571080246596995,0.021680190712206227,0.014937417186526677,0.03451095907839674,0.03831980928779383,0.015062582813473335,1.12,1.12,1.12,1.12
1.6090947121330406,3.5331381880755703,30.666373540052042,0.032570996207709146,0.021680828885553227,0.014937417338770506,0.03451104311728459,0.038319171114446826,0.015062582661229507,1.12,1.12,1.12,1.12
1.609968043116921,3.534098490903582,30.668408813297624,0.03257091213900565,0.021681467327445164,0.014937417491083155,0.03451112718598809,0.03831853267255489,0.015062582508916858,1.12,1.12,1.12,1.12
1.6108416141376027,3.5350589053574617,30.670443420102874,0.03257082804047112,0.021682106038053983,0.014937417643464693,0.034511211284522614,0.03831789396194607,0.01506258235653532,1.12,1.12,1.12,1.12
1.6117154251938555,3.536019431402048,30.672477360216533,0.03257074391208975,0.021682745017547772,0.014937417795915217,0.034511295412903986,0.03831725498245228,0.015062582204084796,1.12,1.12,1.12,1.12
1.612589476284441,3.5369800690021593,30.674510633387264,0.032570659753846154,0.021683384266099504,0.014937417948434908,0.03451137957114758,0.03831661573390055,0.015062582051565104,1.12,1.12,1.12,1.12
1.6134637674081151,3.537940818122591,30.676543239363653,0.0325705755657249,0.02168402378387746,0.014937418101023739,0.034511463759268834,0.038315976216122594,0.015062581898976274,1.12,1.12,1.12,1.12
1.6143382985636265,3.538901678728116,30.678575177894217,0.03257049134771045,0.021684663571053808,0.01493741825368182,0.034511547977283286,0.038315336428946245,0.015062581746318193,1.12,1.12,1.12,1.12
1.615213069749713,3.5398626507834856,30.6806064487274,0.0325704070997872,0.021685303627798136,0.01493741840640922,0.034511632225206534,0.03831469637220192,0.015062581593590793,1.12,1.12,1.12,1.12
1.6160880809651106,3.540823734253428,30.68263705161155,0.03257032282193956,0.02168594395428408,0.01493741855920605,0.03451171650305418,0.03831405604571597,0.015062581440793962,1.12,1.12,1.12,1.12
1.6169633322085415,3.5417849291026493,30.68466698629497,0.03257023851415197,0.02168658455068012,0.014937418712072312,0.034511800810841764,0.03831341544931993,0.015062581287927701,1.12,1.12,1.12,1.12
1.6178388234787269,3.5427462352958337,30.686696252525863,0.03257015417640896,0.0216872254171587,0.014937418865008087,0.034511885148584776,0.03831277458284135,0.015062581134991926,1.12,1.12,1.12,1.12
1.6187145547743764,3.543707652797643,30.68872485005236,0.032570069808694646,0.021687866553890323,0.014937419018013529,0.03451196951629909,0.03831213344610973,0.015062580981986484,1.12,1.12,1.12,1.12
1.6195905260941938,3.544669181572717,30.690752778622542,0.03256998541099376,0.0216885079610471,0.014937419171088706,0.034512053913999974,0.038311492038952955,0.015062580828911307,1.12,1.12,1.12,1.12
1.6204667374368757,3.5456308215856716,30.692780037984384,0.03256990098329049,0.02168914963880214,0.014937419324233647,0.03451213834170325,0.03831085036119791,0.015062580675766366,1.12,1.12,1.12,1.12
1.6213431888011094,3.546592572801103,30.694806627885793,0.032569816525569284,0.02168979158732484,0.014937419477448421,0.03451222279942445,0.03831020841267521,0.015062580522551591,1.12,1.12,1.12,1.12
1.622219880185577,3.5475544351835824,30.69683254807461,0.03256973203781438,0.021690433806789533,0.01493741963073314,0.034512307287179356,0.03830956619321052,0.015062580369266873,1.12,1.12,1.12,1.12
1.6230968115889515,3.5485164086976613,30.698857798298594,0.03256964752001035,0.021691076297366857,0.0149374197840879,0.03451239180498339,0.038308923702633196,0.015062580215912114,1.12,1.12,1.12,1.12
1.6239739830098996,3.549478493307866,30.700882378305433,0.03256956297214114,0.02169171905922901,0.014937419937512714,0.034512476352852595,0.038308280940771045,0.015062580062487299,1.12,1.12,1.12,1.12
1.6248513944470808,3.5504406889786995,30.70290628784273,0.03256947839419155,0.021692362092548295,0.014937420091007653,0.03451256093080218,0.03830763790745176,0.01506257990899236,1.12,1.12,1.12,1.12
1.6257290458991447,3.551402995674648,30.70492952665802,0.03256939378614554,0.021693005397497772,0.014937420244572785,0.0345126455388482,0.03830699460250228,0.015062579755427227,1.12,1.12,1.12,1.12
1.6266069373647376,3.5523654133601683,30.706952094498767,0.03256930914798767,0.02169364897424972,0.01493742039820821,0.03451273017700607,0.038306351025750335,0.015062579601791803,1.12,1.12,1.12,1.12
1.6274850688424942,3.5533279419997026,30.70897399111235,0.03256922447970201,0.021694292822976968,0.01493742055191409,0.03451281484529173,0.038305707177023085,0.015062579448085922,1.12,1.12,1.12,1.12
1.6283634403310434,3.554290581557662,30.710995216246076,0.032569139781273015,0.021694936943853188,0.014937420705690374,0.03451289954372072,0.038305063056146865,0.015062579294309639,1.12,1.12,1.12,1.12
1.6292420518290065,3.5552533319984416,30.713015769647164,0.0325690550526847,0.021695581337050324,0.014937420859537226,0.03451298427230903,0.03830441866294973,0.015062579140462787,1.12,1.12,1.12,1.12
1.6301209033349986,3.5562161932864096,30.71503565106279,0.03256897029392164,0.02169622600274146,0.014937421013454619,0.0345130690310721,0.038303773997258594,0.015062578986545394,1.12,1.12,1.12,1.12
1.630999994847625,3.557179165385914,30.71705486024001,0.03256888550496778,0.0216968709411009,0.014937421167442622,0.034513153820025955,0.038303129058899155,0.015062578832557391,1.12,1.12,1.12,1.12
1.6318793263654852,3.5581422482612797,30.719073396925857,0.03256880068580775,0.021697516152301644,0.014937421321501429,0.034513238639185984,0.03830248384769841,0.015062578678498584,1.12,1.12,1.12,1.12
1.6327588978871697,3.5591054418768096,30.721091260867222,0.03256871583642529,0.021698161636516222,0.014937421475631,0.03451332348856845,0.03830183836348383,0.015062578524369014,1.12,1.12,1.12,1.12
1.6336387094112634,3.5600687461967837,30.723108451810994,0.032568630956804956,0.021698807393919106,0.014937421629831513,0.03451340836818878,0.03830119260608095,0.0150625783701685,1.12,1.12,1.12,1.12
1.6345187609363414,3.5610321611854605,30.725124969503913,0.03256854604693088,0.021699453424684406,0.014937421784102983,0.03451349327806286,0.03830054657531565,0.01506257821589703,1.12,1.12,1.12,1.12
1.6353990524609736,3.5619956868070703,30.727140813692692,0.03256846110678707,0.0217000997289859,0.01493742193844548,0.034513578218206664,0.03829990027101415,0.015062578061554532,1.12,1.12,1.12,1.12
1.6362795839837199,3.5629593230258294,30.729155984123967,0.03256837613635799,0.021700746306998142,0.01493742209285906,0.034513663188635746,0.03829925369300191,0.015062577907140953,1.12,1.12,1.12,1.12
1.6371603555031333,3.5639230698059237,30.731170480544264,0.03256829113562765,0.021701393158895743,0.014937422247343818,0.03451374818936609,0.03829860684110431,0.015062577752656195,1.12,1.12,1.12,1.12
1.6380413670177612,3.5648869271115218,30.733184302700074,0.032568206104580166,0.0217020402848509,0.014937422401899783,0.03451383322041357,0.038297959715149155,0.01506257759810023,1.12,1.12,1.12,1.12
1.6389226185261419,3.565850894906766,30.735197450337772,0.03256812104319967,0.02170268768504008,0.014937422556527094,0.034513918281794065,0.038297312314959975,0.015062577443472919,1.12,1.12,1.12,1.12
1.6398041100268046,3.5668149731557777,30.737209923203686,0.03256803595147051,0.0217033353596372,0.014937422711225737,0.03451400337352323,0.038296664640362854,0.015062577288774276,1.12,1.12,1.12,1.12
1.640685841518273,3.5677791618226564,30.739221721044057,0.03256795082937669,0.021703983308817565,0.01493742286599585,0.034514088495617046,0.03829601669118249,0.015062577134004163,1.12,1.12,1.12,1.12
1.6415678129990636,3.5687434608714748,30.741232843605047,0.03256786567690223,0.02170463153275526,0.014937423020837406,0.034514173648091506,0.038295368467244795,0.015062576979162606,1.12,1.12,1.12,1.12
1.6424500244676832,3.5697078702662868,30.743243290632744,0.03256778049403125,0.02170528003162575,0.01493742317575053,0.034514258830962485,0.0382947199683743,0.015062576824249482,1.12,1.12,1.12,1.12
1.643332475922633,3.570672389971122,30.74525306187317,0.03256769528074793,0.02170592880560493,0.014937423330735361,0.034514344044245804,0.038294071194395124,0.015062576669264652,1.12,1.12,1.12,1.12
1.6442151673624033,3.57163701994999,30.74726215707225,0.032567610037036454,0.02170657785486657,0.014937423485791801,0.03451442928795728,0.03829342214513348,0.015062576514208212,1.12,1.12,1.12,1.12
1.645098098785482,3.572601760166872,30.749270575975842,0.032567524762880606,0.021707227179587146,0.0149374236409201,0.03451451456211313,0.03829277282041291,0.015062576359079913,1.12,1.12,1.12,1.12
1.6459812701903447,3.573566610585731,30.751278318329746,0.032567439458264624,0.021707876779942875,0.014937423796120217,0.03451459986672911,0.03829212322005718,0.015062576203879796,1.12,1.12,1.12,1.12
1.6468646815754615,3.574531571170503,30.753285383879653,0.032567354123172576,0.021708526656107785,0.014937423951392276,0.03451468520182116,0.03829147334389227,0.015062576048607737,1.12,1.12,1.12,1.12
1.6477483329392937,3.575496641885106,30.755291772371194,0.0325672687575882,0.021709176808259734,0.014937424106736319,0.03451477056740554,0.03829082319174032,0.015062575893263694,1.12,1.12,1.12,1.12
1.6486322242802958,3.5764618226934317,30.75729748354992,0.032567183361496,0.021709827236573553,0.014937424262152402,0.03451485596349774,0.0382901727634265,0.015062575737847611,1.12,1.12,1.12,1.12
1.6495163555969137,3.5774271135593496,30.75930251716131,0.03256709793487966,0.021710477941225576,0.014937424417640566,0.03451494139011407,0.03828952205877448,0.015062575582359447,1.12,1.12,1.12,1.12
1.6504007268875864,3.5783925144467066,30.76130687295076,0.0325670124777232,0.021711128922391687,0.014937424573200894,0.034515026847270536,0.038288871077608366,0.015062575426799119,1.12,1.12,1.12,1.12
1.6512853381507449,3.579358025319327,30.7633105506636,0.03256692699001085,0.02171178018025066,0.01493742472883347,0.03451511233498289,0.03828821981974939,0.015062575271166542,1.12,1.12,1.12,1.12
1.652170189384814,3.5803236461410117,30.76531355004508,0.03256684147172628,0.021712431714976832,0.014937424884538392,0.034515197853267454,0.03828756828502322,0.015062575115461621,1.12,1.12,1.12,1.12
1.6530552805882082,3.581289376875536,30.767315870840342,0.03256675592285363,0.021713083526747945,0.014937425040315672,0.03451528340214011,0.03828691647325211,0.015062574959684341,1.12,1.12,1.12,1.12
1.653940611759335,3.5822552174866575,30.7693175127945,0.03256667034337685,0.02171373561573997,0.014937425196165421,0.03451536898161689,0.03828626438426008,0.015062574803834591,1.12,1.12,1.12,1.12
1.6548261828965953,3.583221167938107,30.77131847565256,0.032566584733279946,0.021714387982130073,0.014937425352087641,0.03451545459171379,0.03828561201786998,0.015062574647912372,1.12,1.12,1.12,1.12
1.6557119939983806,3.584187228193592,30.773318759159473,0.03256649909254672,0.021715040626096582,0.014937425508082483,0.03451554023244702,0.03828495937390347,0.01506257449191753,1.12,1.12,1.12,1.12
1.6565980450630766,3.5851533982167996,30.775318363060077,0.03256641342116112,0.021715693547814052,0.01493742566414999,0.034515625903832614,0.038284306452186,0.015062574335850024,1.12,1.12,1.12,1.12
1.657484336089058,3.5861196779713924,30.777317287099162,0.03256632771910717,0.021716346747463477,0.014937425820290146,0.03451571160588657,0.038283653252536576,0.015062574179709867,1.12,1.12,1.12,1.12
1.6583708670746962,3.587086067421007,30.779315531021442,0.03256624198636876,0.02171700022521994,0.014937425976503077,0.034515797338624976,0.03828299977478011,0.015062574023496936,1.12,1.12,1.12,1.12
1.6592576380183521,3.588052566529262,30.781313094571537,0.03256615622292963,0.021717653981262963,0.014937426132788867,0.034515883102064104,0.03828234601873709,0.015062573867211146,1.12,1.12,1.12,1.12
1.6601446489183773,3.589019175259751,30.783309977494,0.0325660704287738,0.021718308015770432,0.014937426289147543,0.03451596889621994,0.03828169198422962,0.01506257371085247,1.12,1.12,1.12,1.12
1.6610318997731193,3.5899858935760407,30.785306179533315,0.032565984603885045,0.02171896232891868,0.014937426445579216,0.03451605472110869,0.038281037671081375,0.015062573554420797,1.12,1.12,1.12,1.12
1.6619193905809153,3.5909527214416808,30.787301700433858,0.032565898748247335,0.021719616920887308,0.014937426602083914,0.0345161405767464,0.038280383079112745,0.015062573397916099,1.12,1.12,1.12,1.12
1.6628071213400941,3.591919658820193,30.78929653993997,0.032565812861844456,0.021720271791854318,0.014937426758661637,0.03451622646314928,0.038279728208145736,0.015062573241338376,1.12,1.12,1.12,1.12
1.6636950920489793,3.5928867056750775,30.791290697795866,0.0325657269446602,0.021720926941996677,0.01493742691531258,0.034516312380333536,0.03827907305800338,0.015062573084687433,1.12,1.12,1.12,1.12
1.6645833027058843,3.5938538619698144,30.793284173745732,0.032565640996678524,0.021721582371493575,0.01493742707203674,0.03451639832831521,0.03827841762850648,0.015062572927963272,1.12,1.12,1.12,1.12
1.665471753309116,3.5948211276678523,30.795276967533646,0.03256555501788316,0.02172223808052462,0.014937427228834135,0.03451648430711057,0.038277761919475434,0.015062572771165877,1.12,1.12,1.12,1.12
1.6663604438569732,3.595788502732624,30.797269078903618,0.03256546900825791,0.02172289406926914,0.014937427385704888,0.03451657031673583,0.038277105930730915,0.015062572614295125,1.12,1.12,1.12,1.12
1.6672493743477457,3.5967559871275365,30.799260507599573,0.03256538296778666,0.02172355033790435,0.01493742754264904,0.034516656357207076,0.0382764496620957,0.015062572457350973,1.12,1.12,1.12,1.12
1.668138544779717,3.597723580815975,30.80125125336538,0.032565296896453155,0.021724206886610337,0.014937427699666703,0.03451674242854058,0.03827579311338972,0.01506257230033331,1.12,1.12,1.12,1.12
1.6690279551511615,3.5986912837612977,30.80324131594479,0.03256521079424096,0.021724863715567116,0.014937427856757876,0.034516828530752774,0.03827513628443294,0.015062572143242137,1.12,1.12,1.12,1.12
1.6699176054603464,3.5996590959268433,30.805230695081526,0.03256512466113404,0.021725520824953548,0.014937428013922671,0.0345169146638597,0.038274479175046505,0.015062571986077342,1.12,1.12,1.12,1.12
1.670807495705531,3.600627017275924,30.807219390519197,0.03256503849711623,0.02172617821494993,0.014937428171161116,0.03451700082787751,0.03827382178505012,0.015062571828838897,1.12,1.12,1.12,1.12
1.671697625884966,3.6015950477718306,30.809207402001334,0.0325649523021711,0.021726835885733375,0.014937428328473348,0.034517087022822635,0.03827316411426668,0.015062571671526664,1.12,1.12,1.12,1.12
1.6725879959968948,3.602563187377831,30.81119472927142,0.03256486607628245,0.021727493837487233,0.014937428485859328,0.034517173248711286,0.03827250616251282,0.015062571514140685,1.12,1.12,1.12,1.12
1.673478606039553,3.6035314360571675,30.813181372072826,0.03256477981943401,0.021728152070390472,0.014937428643319164,0.03451725950555973,0.03827184792960958,0.015062571356680848,1.12,1.12,1.12,1.12
1.6743694560111668,3.6044997937730607,30.815167330148867,0.03256469353160946,0.021728810584622282,0.014937428800852887,0.03451734579338428,0.03827118941537777,0.015062571199147126,1.12,1.12,1.12,1.12
1.675260545909956,3.6054682604887063,30.81715260324276,0.03256460721279253,0.021729469380362187,0.01493742895846055,0.03451743211220121,0.038270530619637866,0.015062571041539463,1.12,1.12,1.12,1.12
1.6761518757341332,3.606436836167278,30.81913719109768,0.032564520862966906,0.021730128457793374,0.014937429116142292,0.03451751846202683,0.03826987154220668,0.01506257088385772,1.12,1.12,1.12,1.12
1.6770434454819014,3.6074055207719233,30.821121093456682,0.0325644344821161,0.021730787817094588,0.014937429273898142,0.034517604842877636,0.038269212182905465,0.01506257072610187,1.12,1.12,1.12,1.12
1.677935255151455,3.6083743142657725,30.823104310062778,0.03256434807022418,0.02173144745844735,0.014937429431728183,0.034517691254769556,0.0382685525415527,0.01506257056827183,1.12,1.12,1.12,1.12
1.678827304740982,3.609343216611924,30.82508684065887,0.03256426162727438,0.021732107382033627,0.014937429589632414,0.034517777697719354,0.038267892617966426,0.015062570410367598,1.12,1.12,1.12,1.12
1.679719594248663,3.6103122277734574,30.8270686849878,0.03256417515325055,0.021732767588031887,0.01493742974761092,0.034517864171743184,0.038267232411968166,0.015062570252389093,1.12,1.12,1.12,1.12
1.6806121236726672,3.6112813477134296,30.829049842792323,0.03256408864813631,0.021733428076625372,0.014937429905663768,0.03451795067685742,0.03826657192337468,0.015062570094336244,1.12,1.12,1.12,1.12
1.681504893011161,3.612250576394871,30.831030313815123,0.032564002111915236,0.021734088847995464,0.014937430063791085,0.0345180372130785,0.03826591115200459,0.015062569936208928,1.12,1.12,1.12,1.12
1.6823979022622972,3.6132199137807905,30.83301009779882,0.03256391554457094,0.021734749902321493,0.01493743022199287,0.034518123780422794,0.03826525009767856,0.015062569778007143,1.12,1.12,1.12,1.12
1.683291151424223,3.614189359834171,30.83498919448592,0.03256382894608706,0.021735411239788144,0.014937430380269179,0.03451821037890668,0.03826458876021191,0.015062569619730834,1.12,1.12,1.12,1.12
1.6841846404950804,3.6151589145179743,30.836967603618884,0.032563742316447264,0.021736072860574912,0.014937430538620095,0.03451829700854647,0.03826392713942514,0.015062569461379918,1.12,1.12,1.12,1.12
1.685078369472998,3.6161285777951377,30.838945324940063,0.032563655655634904,0.021736734764865207,0.014937430697045659,0.03451838366935883,0.03826326523513485,0.015062569302954354,1.12,1.12,1.12,1.12
1.685972338356101,3.617098349628573,30.840922358191754,0.03256356896363377,0.02173739695284027,0.014937430855545913,0.034518470361359965,0.03826260304715978,0.0150625691444541,1.12,1.12,1.12,1.12
1.6868665471425033,3.6180682299811724,30.842898703116177,0.032563482240427266,0.021738059424682404,0.014937431014120983,0.03451855708456647,0.03826194057531765,0.01506256898587903,1.12,1.12,1.12,1.12
1.687760995830312,3.619038218815799,30.844874359455446,0.03256339548599907,0.021738722180575015,0.014937431172770854,0.03451864383899467,0.03826127781942504,0.015062568827229159,1.12,1.12,1.12,1.12
1.688655684417627,3.6200083160952974,30.846849326951627,0.03256330870033258,0.021739385220700236,0.014937431331495693,0.034518730624661154,0.03826061477929982,0.01506256866850432,1.12,1.12,1.12,1.12
1.6895506129025386,3.620978521782483,30.848823605346688,0.032563221883411375,0.021740048545238866,0.014937431490295472,0.03451881744158236,0.03825995145476119,0.01506256850970454,1.12,1.12,1.12,1.12
1.690445781283129,3.6219488358401537,30.850797194382533,0.032563135035219126,0.02174071215437573,0.014937431649170274,0.03451890428977461,0.038259287845624323,0.015062568350829739,1.12,1.12,1.12,1.12
1.6913411895574733,3.6229192582310787,30.852770093800967,0.032563048155739016,0.021741376048293154,0.014937431808120183,0.03451899116925472,0.0382586239517069,0.01506256819187983,1.12,1.12,1.12,1.12
1.6922368377236383,3.623889788918004,30.854742303343734,0.03256296124495478,0.02174204022717513,0.014937431967145282,0.034519078080038956,0.03825795977282492,0.015062568032854731,1.12,1.12,1.12,1.12
1.693132725779681,3.624860427863655,30.856713822752482,0.03256287430284993,0.021742704691205067,0.014937432126245515,0.034519165022143805,0.038257295308794986,0.015062567873754498,1.12,1.12,1.12,1.12
1.6940288537236534,3.625831175030729,30.858684651768804,0.03256278732940776,0.021743369440565125,0.014937432285421048,0.034519251995585976,0.03825663055943493,0.015062567714578964,1.12,1.12,1.12,1.12
1.694925221553598,3.6268020303819,30.8606547901342,0.032562700324611726,0.021744034475439156,0.014937432444671966,0.03451933900038201,0.0382559655245609,0.015062567555328046,1.12,1.12,1.12,1.12
1.6958218292675455,3.6277729938798227,30.862624237590076,0.03256261328844551,0.021744699796011513,0.0149374326039982,0.03451942603654823,0.03825530020398854,0.015062567396001814,1.12,1.12,1.12,1.12
1.696718676863525,3.6287440654871226,30.864592993877796,0.03256252622089223,0.021745365402465966,0.014937432763399885,0.03451951310410151,0.03825463459753409,0.015062567236600127,1.12,1.12,1.12,1.12
1.6976157643395522,3.6297152451664028,30.866561058738597,0.03256243912193574,0.02174603129498648,0.014937432922877053,0.034519600203058,0.038253968705013575,0.01506256707712296,1.12,1.12,1.12,1.12
1.6985130916936375,3.6306865328802447,30.868528431913685,0.032562351991558935,0.021746697473757126,0.014937433082429855,0.0345196873334348,0.03825330252624293,0.015062566917570158,1.12,1.12,1.12,1.12
1.6994106589237807,3.6316579285912027,30.87049511314416,0.03256226482974567,0.021747363938964315,0.014937433242058276,0.03451977449524807,0.03825263606103574,0.015062566757941737,1.12,1.12,1.12,1.12
1.7003084660279761,3.6326294322618082,30.87246110217103,0.03256217763647906,0.02174803069078901,0.014937433401762415,0.034519861688514675,0.03825196930921104,0.015062566598237598,1.12,1.12,1.12,1.12
1.7012065130042076,3.6336010438545685,30.87442639873526,0.03256209041174246,0.021748697729416677,0.014937433561542299,0.034519948913251275,0.038251302270583376,0.015062566438457714,1.12,1.12,1.12,1.12
1.7021047998504526,3.6345727633319687,30.87639100257771,0.03256200315551949,0.021749365055034248,0.01493743372139801,0.034520036169474244,0.038250634944965806,0.015062566278602002,1.12,1.12,1.12,1.12
1.7030033265646787,3.6355445906564654,30.878354913439168,0.032561915867793556,0.021750032667825575,0.014937433881329537,0.03452012345720018,0.03824996733217448,0.015062566118670476,1.12,1.12,1.12,1.12
1.703902093144845,3.6365165257904963,30.880318131060324,0.03256182854854767,0.02175070056797465,0.014937434041337072,0.03452021077644607,0.0382492994320254,0.01506256595866294,1.12,1.12,1.12,1.12
1.7048010995889051,3.637488568696472,30.882280655181827,0.03256174119776539,0.02175136875566791,0.014937434201420602,0.034520298127228344,0.03824863124433214,0.015062565798579411,1.12,1.12,1.12,1.12
1.7057003458948015,3.63846071933678,30.884242485544213,0.032561653815430025,0.021752037231091315,0.014937434361580182,0.03452038550956371,0.03824796276890874,0.015062565638419831,1.12,1.12,1.12,1.12
1.7065998320604696,3.639432977673782,30.886203621887955,0.0325615664015248,0.021752705994430077,0.01493743452181591,0.03452047292346894,0.038247294005569976,0.015062565478184103,1.12,1.12,1.12,1.12
1.7074995580838352,3.640405343669818,30.888164063953433,0.032561478956033174,0.02175337504586977,0.014937434682127743,0.03452056036896056,0.03824662495413028,0.01506256531787227,1.12,1.12,1.12,1.12
1.7083995239628185,3.641377817287202,30.89012381148096,0.03256139147893822,0.021754044385595472,0.014937434842515807,0.03452064784605552,0.03824595561440458,0.015062565157484206,1.12,1.12,1.12,1.12
1.709299729695329,3.6423503984882233,30.892082864210767,0.03256130397022344,0.021754714013794446,0.014937435002980198,0.03452073535477029,0.03824528598620561,0.015062564997019814,1.12,1.12,1.12,1.12
1.7102001752792693,3.6433230872351503,30.894041221883,0.03256121642987203,0.021755383930653127,0.014937435163520987,0.034520822895121706,0.038244616069346926,0.015062564836479025,1.12,1.12,1.12,1.12
1.7111008607125324,3.6442958834902237,30.895998884237727,0.03256112885786733,0.021756054136357617,0.014937435324138132,0.03452091046712641,0.03824394586364244,0.01506256467586188,1.12,1.12,1.12,1.12
1.7120017859930046,3.6452687872156617,30.89795585101494,0.03256104125419246,0.021756724631091906,0.014937435484831826,0.03452099807080128,0.03824327536890815,0.015062564515168186,1.12,1.12,1.12,1.12
1.7129029511185139,3.6462417983735658,30.899912121954138,0.03256095361881878,0.02175739541504601,0.014937435645588887,0.03452108570617496,0.03824260458495404,0.015062564354411126,1.12,1.12,1.12,1.12
1.7138043560869276,3.647214916926104,30.901867696795147,0.032560865951729634,0.0217580664884075,0.014937435806409466,0.0345211733732641,0.03824193351159255,0.015062564193590547,1.12,1.12,1.12,1.12
1.7147060008961068,3.6481881428354215,30.903822575277722,0.03256077825290821,0.02175873785136251,0.0149374359672938,0.03452126107208553,0.038241262148637545,0.015062564032706213,1.12,1.12,1.12,1.12
1.7156078855439028,3.6491614760636413,30.90577675714154,0.0325606905223379,0.02175940950409866,0.014937436128242138,0.03452134880265584,0.038240590495901394,0.015062563871757875,1.12,1.12,1.12,1.12
1.716510010028161,3.650134916572856,30.907730242126167,0.03256060276000183,0.021760081446802082,0.014937436289254577,0.0345214365649919,0.03823991855319797,0.015062563710745436,1.12,1.12,1.12,1.12
1.7174123743467147,3.651108464325139,30.909683029971127,0.03256051496588347,0.021760753679660766,0.014937436450331354,0.03452152435911027,0.03823924632033929,0.015062563549668659,1.12,1.12,1.12,1.12
1.7183149784973921,3.6520821192825395,30.91163512041586,0.03256042713996582,0.02176142620286342,0.01493743661147276,0.03452161218502792,0.03823857379713663,0.015062563388527253,1.12,1.12,1.12,1.12
1.7192178224780097,3.6530558814070795,30.913586513199693,0.032560339282232176,0.021762099016596065,0.01493743677267892,0.03452170004276156,0.03823790098340399,0.015062563227321094,1.12,1.12,1.12,1.12
1.7201209062863798,3.6540297506607575,30.915537208061906,0.03256025139266577,0.021762772121048657,0.014937436933950055,0.03452178793232796,0.038237227878951396,0.015062563066049958,1.12,1.12,1.12,1.12
1.7210242299203022,3.6550037270055458,30.917487204741683,0.03256016347124996,0.02176344551640791,0.014937437095286277,0.03452187585374378,0.038236554483592144,0.015062562904713736,1.12,1.12,1.12,1.12
1.7219277933775705,3.655977810403397,30.919436502978126,0.03256007551796769,0.021764119202863197,0.014937437256687808,0.034521963807026046,0.038235880797136856,0.015062562743312205,1.12,1.12,1.12,1.12
1.72283159665597,3.6569520008162346,30.921385102510257,0.03255998753280215,0.02176479318060287,0.01493743741815487,0.03452205179219159,0.03823520681939718,0.015062562581845143,1.12,1.12,1.12,1.12
1.7237356397532755,3.6579262982059597,30.923333003077047,0.03255989951573679,0.021765467449813503,0.014937437579687601,0.034522139809256946,0.03823453255018655,0.015062562420312411,1.12,1.12,1.12,1.12
1.7246399226672555,3.658900702534448,30.925280204417334,0.03255981146675452,0.021766142010684525,0.01493743774128617,0.03452222785823922,0.03823385798931553,0.015062562258713844,1.12,1.12,1.12,1.12
1.7255444453956685,3.6598752137635517,30.927226706269906,0.03255972338583857,0.02176681686340587,0.014937437902950781,0.03452231593915517,0.038233183136594184,0.015062562097049231,1.12,1.12,1.12,1.12
1.726449207936266,3.660849831855098,30.92917250837347,0.0325596352729719,0.021767492008167688,0.014937438064681618,0.03452240405202184,0.038232507991832365,0.015062561935318394,1.12,1.12,1.12,1.12
1.7273542102867905,3.6618245567708883,30.93111761046665,0.032559547128137856,0.02176816744515883,0.01493743822647886,0.03452249219685588,0.03823183255484122,0.015062561773521152,1.12,1.12,1.12,1.12
1.728259452444975,3.662799388472701,30.933062012287984,0.0325594589513194,0.02176884317456579,0.014937438388342633,0.03452258037367434,0.038231156825434265,0.01506256161165738,1.12,1.12,1.12,1.12
1.7291649344085454,3.6637743269222884,30.935005713575926,0.032559370742499705,0.0217695191965811,0.014937438550273241,0.03452266858249403,0.038230480803418954,0.015062561449726772,1.12,1.12,1.12,1.12
1.730070656175218,3.66474937208138,30.936948714068876,0.0325592825016619,0.021770195511393253,0.014937438712270684,0.034522756823331835,0.0382298044886068,0.015062561287729329,1.12,1.12,1.12,1.12
1.7309766177427013,3.6657245239116794,30.938891013505103,0.032559194228789,0.02177087211919171,0.014937438874335185,0.034522845096204735,0.038229127880808345,0.015062561125664828,1.12,1.12,1.12,1.12
1.7318828191086948,3.666699782374864,30.94083261162285,0.03255910592386396,0.021771549020168368,0.01493743903646691,0.034522933401129774,0.038228450979831685,0.015062560963533103,1.12,1.12,1.12,1.12
1.7327892602708883,3.6676751474325897,30.942773508160236,0.03255901758687002,0.021772226214511775,0.014937439198665942,0.034523021738123716,0.03822777378548828,0.015062560801334071,1.12,1.12,1.12,1.12
1.7336959412269661,3.6686506190464865,30.944713702855324,0.032558929217790133,0.02177290370241247,0.014937439360932558,0.0345231101072036,0.03822709629758758,0.015062560639067454,1.12,1.12,1.12,1.12
1.7346028619746008,3.6696261971781583,30.946653195446075,0.032558840816607204,0.021773581484062055,0.014937439523266816,0.03452319850838653,0.038226418515938,0.015062560476733197,1.12,1.12,1.12,1.12
1.7355100225114595,3.670601881789184,30.948591985670404,0.03255875238330447,0.021774259559651593,0.014937439685668921,0.03452328694168927,0.03822574044034846,0.015062560314331092,1.12,1.12,1.12,1.12
1.7364174228351967,3.6715776728411216,30.950530073266105,0.03255866391786477,0.02177493792936827,0.014937439848139042,0.034523375407128964,0.03822506207063178,0.01506256015186097,1.12,1.12,1.12,1.12
1.7373250629434622,3.6725535702954994,30.952467457970915,0.03255857542027096,0.02177561659340793,0.014937440010677289,0.03452346390472277,0.03822438340659212,0.015062559989322724,1.12,1.12,1.12,1.12
1.7382329428338956,3.6735295741138225,30.954404139522474,0.03255848689050639,0.021776295551958758,0.0149374401732838,0.03452355243448735,0.038223704448041296,0.015062559826716213,1.12,1.12,1.12,1.12
1.7391410625041261,3.6745056842575736,30.95634011765834,0.03255839832855367,0.021776974805212346,0.014937440335958757,0.034523640996440064,0.03822302519478771,0.015062559664041256,1.12,1.12,1.12,1.12
1.740049421951778,3.6754819006882076,30.958275392116022,0.032558309734395996,0.021777654353361015,0.014937440498702242,0.03452372959059774,0.03822234564663904,0.01506255950129777,1.12,1.12,1.12,1.12
1.7409580211744633,3.6764582233671548,30.960209962632906,0.03255822110801626,0.021778334196596694,0.014937440661514423,0.034523818216977475,0.03822166580340336,0.01506255933848559,1.12,1.12,1.12,1.12
1.7418668601697889,3.677434652255821,30.962143828946317,0.03255813244939715,0.02177901433510962,0.014937440824395437,0.03452390687559659,0.03822098566489043,0.015062559175604576,1.12,1.12,1.12,1.12
1.74277593893535,3.678411187315588,30.964076990793508,0.03255804375852189,0.021779694769093694,0.014937440987345507,0.03452399556647184,0.03822030523090636,0.015062559012654506,1.12,1.12,1.12,1.12
1.7436852574687345,3.6793878285078137,30.966009447911617,0.032557955035373176,0.02178037549873968,0.014937441150364716,0.03452408428962056,0.038219624501260374,0.015062558849635296,1.12,1.12,1.12,1.12
1.7445948157675204,3.680364575793825,30.967941200037732,0.032557866279933956,0.021781056524240616,0.014937441313453134,0.03452417304505978,0.03821894347575944,0.015062558686546879,1.12,1.12,1.12,1.12
1.7455046138292798,3.6813414291349313,30.969872246908842,0.032557777492187245,0.021781737845787574,0.014937441476610941,0.03452426183280649,0.03821826215421248,0.015062558523389072,1.12,1.12,1.12,1.12
1.7464146516515726,3.682318388492413,30.971802588261866,0.03255768867211567,0.02178241946357473,0.01493744163983829,0.034524350652878066,0.03821758053642532,0.015062558360161724,1.12,1.12,1.12,1.12
1.7473249292319535,3.6832954538275247,30.973732223833633,0.032557599819702354,0.021783101377794767,0.014937441803135276,0.03452443950529138,0.038216898622205286,0.015062558196864737,1.12,1.12,1.12,1.12
1.7482354465679653,3.6842726251014994,30.975661153360893,0.03255751093492987,0.02178378358864047,0.014937441966502096,0.03452452839006387,0.03821621641135958,0.015062558033497916,1.12,1.12,1.12,1.12
1.7491462036571435,3.685249902275541,30.977589376580298,0.03255742201778122,0.02178446609630419,0.014937442129938708,0.03452461730721251,0.038215533903695864,0.015062557870061305,1.12,1.12,1.12,1.12
1.7500572004970156,3.6862272853108315,30.979516893228457,0.032557333068239214,0.0217851489009786,0.01493744229344543,0.03452470625675452,0.03821485109902145,0.015062557706554583,1.12,1.12,1.12,1.12
1.750968437085099,3.687204774168528,30.98144370304186,0.032557244086286574,0.021785832002857386,0.014937442457022332,0.03452479523870716,0.03821416799714267,0.015062557542977681,1.12,1.12,1.12,1.12
1.7518799134189036,3.6881823688097577,30.983369805756922,0.03255715507190621,0.021786515402135942,0.014937442620669455,0.03452488425308753,0.03821348459786411,0.015062557379330557,1.12,1.12,1.12,1.12
1.7527916294959291,3.6891600691956286,30.985295201109995,0.03255706602508085,0.02178719909900728,0.01493744278438705,0.03452497329991289,0.03821280090099277,0.015062557215612962,1.12,1.12,1.12,1.12
1.7537035853136687,3.690137875287218,30.987219888837323,0.03255697694579324,0.02178788309366489,0.014937442948175172,0.0345250623792005,0.038212116906335164,0.01506255705182484,1.12,1.12,1.12,1.12
1.7546157808696035,3.691115787045584,30.98914386867509,0.032556887834026105,0.02178856738630297,0.014937443112033946,0.03452515149096763,0.03821143261369708,0.015062556887966067,1.12,1.12,1.12,1.12
1.7555282161612078,3.692093804431754,30.991067140359384,0.0325567986897623,0.021789251977115898,0.014937443275963413,0.034525240635231436,0.038210748022884156,0.0150625567240366,1.12,1.12,1.12,1.12
1.7564408911859468,3.6930719274067343,30.992989703626204,0.03255670951298456,0.021789936866297294,0.01493744343996374,0.034525329812009176,0.03821006313370276,0.015062556560036272,1.12,1.12,1.12,1.12
1.7573538059412783,3.6940501559315027,30.99491155821149,0.03255662030367551,0.021790622054044584,0.014937443604035122,0.03452541902131823,0.03820937794595547,0.01506255639596489,1.12,1.12,1.12,1.12
1.758266960424649,3.695028489967014,30.996832703851076,0.03255653106181783,0.02179130754054953,0.014937443768177613,0.03452550826317591,0.03820869245945052,0.0150625562318224,1.12,1.12,1.12,1.12
1.7591803546334992,3.696006929474196,30.998753140280733,0.03255644178739431,0.02179199332600773,0.014937443932391298,0.03452559753759943,0.03820800667399232,0.015062556067608715,1.12,1.12,1.12,1.12
1.760093988565257,3.6969854744139528,31.000672867236133,0.03255635248038774,0.021792679410613525,0.014937444096676383,0.034525686844605996,0.03820732058938653,0.01506255590332363,1.12,1.12,1.12,1.12
1.7610078622173437,3.6979641247471613,31.00259188445287,0.032556263140780695,0.021793365794563896,0.014937444261032856,0.03452577618421304,0.03820663420543616,0.015062555738967157,1.12,1.12,1.12,1.12
1.7619219755871716,3.698942880434676,31.00451019166647,0.032556173768555685,0.02179405247805294,0.014937444425460841,0.03452586555643805,0.038205947521947115,0.015062555574539171,1.12,1.12,1.12,1.12
1.7628363286721447,3.699921741437322,31.006427788612342,0.03255608436369556,0.02179473946127733,0.014937444589960547,0.03452595496129818,0.038205260538722724,0.015062555410039466,1.12,1.12,1.12,1.12
1.7637509214696587,3.7009007077159013,31.008344675025867,0.03255599492618283,0.021795426744431745,0.014937444754532042,0.03452604439881091,0.03820457325556831,0.01506255524546797,1.12,1.12,1.12,1.12
1.7646657539770967,3.7018797792311915,31.010260850642275,0.032555905456000234,0.021796114327711724,0.014937444919175452,0.0345261338689935,0.03820388567228833,0.01506255508082456,1.12,1.12,1.12,1.12
1.765580826191837,3.702858955943944,31.01217631519676,0.03255581595313034,0.021796802211314803,0.014937445083890846,0.034526223371863396,0.03820319778868525,0.015062554916109167,1.12,1.12,1.12,1.12
1.7664961381112463,3.7038382378148813,31.014091068424435,0.03255572641755572,0.021797490395437102,0.014937445248678294,0.03452631290743802,0.03820250960456295,0.015062554751321719,1.12,1.12,1.12,1.12
1.7674116897326853,3.7048176248047042,31.016005110060306,0.032555636849258995,0.021798178880273522,0.014937445413537975,0.03452640247573474,0.03820182111972653,0.015062554586462037,1.12,1.12,1.12,1.12
1.7683274810535026,3.7057971168740886,31.017918439839292,0.03255554724822268,0.021798867666023736,0.01493744557846996,0.034526492076771054,0.03820113233397632,0.015062554421530053,1.12,1.12,1.12,1.12
1.7692435120710386,3.7067767139836825,31.01983105749627,0.032555457614429684,0.021799556752881644,0.014937445743474331,0.03452658171056405,0.03820044324711841,0.015062554256525681,1.12,1.12,1.12,1.12
1.7701597827826259,3.707756416094111,31.02174296276599,0.032555367947862124,0.0218002461410437,0.014937445908551228,0.03452667137713161,0.03819975385895635,0.015062554091448785,1.12,1.12,1.12,1.12
1.7710762931855886,3.7087362231659684,31.023654155383134,0.03255527824850263,0.02180093583070908,0.014937446073700747,0.03452676107649111,0.038199064169290975,0.015062553926299266,1.12,1.12,1.12,1.12
1.7719930432772402,3.709716135159829,31.025564635082304,0.03255518851633388,0.0218016258220724,0.014937446238923013,0.03452685080865986,0.03819837417792765,0.015062553761077,1.12,1.12,1.12,1.12
1.7729100330548855,3.710696152036239,31.027474401598027,0.03255509875133822,0.021802316115332954,0.014937446404218097,0.03452694057365552,0.0381976838846671,0.015062553595781916,1.12,1.12,1.12,1.12
1.7738272625158207,3.711676273755719,31.029383454664732,0.03255500895349844,0.021803006710689382,0.014937446569586163,0.03452703037149529,0.03819699328931067,0.01506255343041385,1.12,1.12,1.12,1.12
1.7747447316573333,3.7126565002787637,31.03129179401676,0.032554919122796844,0.021803697608337863,0.014937446735027254,0.03452712020219689,0.03819630239166219,0.015062553264972758,1.12,1.12,1.12,1.12
1.7756624404767003,3.713636831565844,31.033199419388396,0.03255482925921582,0.02180438880847585,0.014937446900541565,0.034527210065777914,0.038195611191524204,0.015062553099458448,1.12,1.12,1.12,1.12
1.7765803889711922,3.7146172675774025,31.035106330513806,0.032554739362738006,0.02180508031130285,0.014937447066129109,0.03452729996225573,0.038194919688697204,0.015062552933870904,1.12,1.12,1.12,1.12
1.7774985771380678,3.7155978082738574,31.03701252712709,0.032554649433345795,0.02180577211701623,0.014937447231789941,0.03452738989164794,0.03819422788298382,0.015062552768210072,1.12,1.12,1.12,1.12
1.778417004974579,3.716578453615602,31.03891800896227,0.032554559471021594,0.02180646422581331,0.01493744739752427,0.03452747985397214,0.03819353577418674,0.015062552602475743,1.12,1.12,1.12,1.12
1.7793356724779663,3.7175592035630025,31.04082277575329,0.03255446947574797,0.021807156637895175,0.014937447563332179,0.034527569849245765,0.03819284336210488,0.015062552436667834,1.12,1.12,1.12,1.12
1.780254579645465,3.7185400580763983,31.042726827233977,0.032554379447507276,0.021807849353459058,0.014937447729213738,0.03452765987748646,0.038192150646540995,0.015062552270786275,1.12,1.12,1.12,1.12
1.7811737264742964,3.7195210171161066,31.04463016313811,0.03255428938628191,0.021808542372704576,0.014937447895168973,0.03452774993871183,0.03819145762729548,0.01506255210483104,1.12,1.12,1.12,1.12
1.782093112961677,3.7205020806424147,31.04653278319936,0.03255419929205433,0.02180923569583071,0.01493744806119808,0.034527840032939405,0.038190764304169345,0.015062551938801932,1.12,1.12,1.12,1.12
1.7830127391048127,3.7214832486155873,31.048434687151335,0.03255410916480678,0.02180992932303577,0.01493744822730117,0.03452793016018696,0.03819007067696428,0.015062551772698843,1.12,1.12,1.12,1.12
1.7839326049008974,3.722464520995862,31.05033587472755,0.032554019004521706,0.021810623254519934,0.01493744839347827,0.03452802032047203,0.03818937674548012,0.015062551606521743,1.12,1.12,1.12,1.12
1.7848527103471215,3.723445897743448,31.05223634566142,0.032553928811181465,0.021811317490484594,0.014937448559729422,0.03452811051381227,0.03818868250951546,0.015062551440270591,1.12,1.12,1.12,1.12
1.7857730554406606,3.7244273788185334,31.054136099686303,0.03255383858476857,0.021812012031124872,0.014937448726054806,0.03452820074022517,0.03818798796887518,0.015062551273945207,1.12,1.12,1.12,1.12
1.786693640178686,3.7254089641812764,31.05603513653545,0.032553748325265086,0.021812706876643606,0.01493744889245445,0.03452829099972865,0.03818729312335645,0.015062551107545563,1.12,1.12,1.12,1.12
1.7876144645583567,3.7263906537918112,31.05793345594205,0.03255365803265342,0.021813402027242745,0.014937449058928423,0.034528381292340316,0.03818659797275731,0.01506255094107159,1.12,1.12,1.12,1.12
1.7885355285768236,3.7273724476102466,31.059831057639187,0.03255356770691609,0.021814097483120076,0.01493744922547692,0.03452847161807765,0.03818590251687998,0.015062550774523092,1.12,1.12,1.12,1.12
1.7894568322312283,3.7283543455966623,31.06172794135987,0.03255347734803521,0.021814793244475633,0.0149374493920999,0.03452856197695853,0.03818520675552442,0.015062550607900113,1.12,1.12,1.12,1.12
1.7903783755187026,3.729336347711116,31.063624106837025,0.032553386955993135,0.02181548931151117,0.014937449558797528,0.0345286523690006,0.03818451068848888,0.015062550441202485,1.12,1.12,1.12,1.12
1.7913001584363712,3.7303184539136356,31.065519553803497,0.0325532965307721,0.021816185684427947,0.014937449725569901,0.034528742794221634,0.03818381431557211,0.015062550274430112,1.12,1.12,1.12,1.12
1.7922221809813472,3.7313006641642277,31.067414281992043,0.03255320607235429,0.02181688236342738,0.014937449892417048,0.034528833252639446,0.03818311763657267,0.015062550107582964,1.12,1.12,1.12,1.12
1.793144443150736,3.732282978422867,31.069308291135314,0.0325531155807221,0.02181757934870998,0.014937450059339094,0.03452892374427163,0.03818242065129007,0.015062549940660919,1.12,1.12,1.12,1.12
1.794066944941633,3.7332653966495055,31.071201580965926,0.03255302505585794,0.021818276640476808,0.014937450226336135,0.034529014269135794,0.038181723359523245,0.015062549773663877,1.12,1.12,1.12,1.12
1.7949896863511254,3.7342479188040687,31.07309415121636,0.03255293449774349,0.021818974238929256,0.01493745039340827,0.034529104827250245,0.0381810257610708,0.015062549606591744,1.12,1.12,1.12,1.12
1.7959126673762893,3.7352305448464564,31.074986001619045,0.032552843906361595,0.021819672144269553,0.014937450560555551,0.03452919541863214,0.0381803278557305,0.015062549439444461,1.12,1.12,1.12,1.12
1.7968358880141921,3.736213274736542,31.076877131906315,0.03255275328169405,0.02182037035669926,0.014937450727778107,0.03452928604329969,0.038179629643300794,0.015062549272221906,1.12,1.12,1.12,1.12
1.797759348261894,3.7371961084341714,31.078767541810407,0.03255266262372325,0.021821068876418992,0.014937450895075921,0.03452937670127049,0.03817893112358106,0.015062549104924092,1.12,1.12,1.12,1.12
1.7986830481164438,3.7381790458991633,31.08065723106349,0.03255257193243122,0.021821767703630895,0.014937451062449064,0.03452946739256252,0.03817823229636916,0.015062548937550949,1.12,1.12,1.12,1.12
1.799606987574881,3.739162087091316,31.08254619939764,0.0325524812077993,0.02182246683854064,0.014937451229897758,0.03452955811719444,0.038177533161459415,0.015062548770102255,1.12,1.12,1.12,1.12
1.8005311666342363,3.740145231970396,31.08443444654487,0.032552390449809454,0.021823166281349254,0.01493745139742192,0.03452964887518428,0.0381768337186508,0.015062548602578094,1.12,1.12,1.12,1.12
1.8014555852915324,3.7411284804961435,31.08632197223706,0.03255229965844386,0.021823866032258554,0.014937451565021742,0.034529739666549875,0.0381761339677415,0.01506254843497827,1.12,1.12,1.12,1.12
1.8023802435437812,3.742111832628275,31.08820877620606,0.03255220883368454,0.021824566091470543,0.014937451732697338,0.0345298304913092,0.03817543390852951,0.015062548267302675,1.12,1.12,1.12,1.12
1.8033051413879848,3.7430952883264816,31.09009485818359,0.032552117975513606,0.021825266459189918,0.014937451900448748,0.03452992134948013,0.038174733540810135,0.015062548099551265,1.12,1.12,1.12,1.12
1.8042302788211382,3.7440788475504236,31.09198021790131,0.03255202708391336,0.021825967135618823,0.014937452068276028,0.03453001224108038,0.03817403286438123,0.015062547931723985,1.12,1.12,1.12,1.12
1.8051556558402233,3.74506251025974,31.0938648550908,0.032551936158865924,0.021826668120962234,0.014937452236179274,0.03453010316612781,0.03817333187903782,0.015062547763820738,1.12,1.12,1.12,1.12
1.8060812724422175,3.746046276414038,31.095748769483528,0.03255184520035315,0.02182736941542235,0.014937452404158613,0.03453019412464059,0.038172630584577705,0.0150625475958414,1.12,1.12,1.12,1.12
1.8070071286240836,3.7470301459729045,31.0976319608109,0.03255175420835732,0.021828071019204753,0.014937452572214044,0.03453028511663642,0.0381719289807953,0.015062547427785969,1.12,1.12,1.12,1.12
1.8079332243827804,3.748014118895894,31.099514428804234,0.032551663182860346,0.021828772932512897,0.014937452740345719,0.03453037614213339,0.03817122706748716,0.015062547259654294,1.12,1.12,1.12,1.12
1.8088595597152524,3.748998195142538,31.101396173194743,0.03255157212384446,0.02182947515554881,0.014937452908553597,0.03453046720114927,0.03817052484445124,0.015062547091446415,1.12,1.12,1.12,1.12
1.8097861346184378,3.749982374672342,31.10327719371358,0.03255148103129163,0.02183017768851936,0.014937453076837914,0.03453055829370211,0.038169822311480694,0.015062546923162098,1.12,1.12,1.12,1.12
1.810712949089265,3.7509666574447835,31.105157490091806,0.03255138990518386,0.02183088053162674,0.014937453245198629,0.03453064941980988,0.038169119468373314,0.015062546754801384,1.12,1.12,1.12,1.12
1.8116400031246522,3.751951043419313,31.107037062060385,0.03255129874550311,0.021831583685077538,0.014937453413635865,0.034530740579490626,0.038168416314922515,0.015062546586364148,1.12,1.12,1.12,1.12
1.8125672967215083,3.752935532555356,31.108915909350216,0.032551207552231565,0.021832287149076535,0.014937453582149735,0.03453083177276217,0.03816771285092352,0.015062546417850278,1.12,1.12,1.12,1.12
1.8134948298767324,3.7539201248123106,31.11079403169208,0.032551116325351015,0.021832990923826623,0.014937453750740237,0.03453092299964272,0.03816700907617343,0.015062546249259776,1.12,1.12,1.12,1.12
1.814422602587214,3.75490482014955,31.11267142881671,0.03255102506484364,0.02183369500953486,0.014937453919407456,0.034531014260150095,0.038166304990465194,0.015062546080592557,1.12,1.12,1.12,1.12
1.8153506148498364,3.7558896185264157,31.11454810045472,0.03255093377069129,0.021834399406404748,0.014937454088151489,0.034531105554302444,0.038165600593595306,0.015062545911848524,1.12,1.12,1.12,1.12
1.8162788666614678,3.7568745199022295,31.116424046336668,0.03255084244287593,0.02183510411464379,0.014937454256972432,0.03453119688211781,0.038164895885356265,0.01506254574302758,1.12,1.12,1.12,1.12
1.8172073580189725,3.7578595242362827,31.118299266193,0.032550751081379614,0.02183580913445632,0.014937454425870467,0.03453128824361412,0.038164190865543735,0.015062545574129546,1.12,1.12,1.12,1.12
1.8181360889192015,3.758844631487839,31.120173759754095,0.032550659686184036,0.021836514466049728,0.014937454594845523,0.0345313796388097,0.038163485533950325,0.01506254540515449,1.12,1.12,1.12,1.12
1.8190650593589976,3.759829841616138,31.122047526750237,0.03255056825727126,0.02183722010962924,0.01493745476389774,0.034531471067722475,0.03816277989037081,0.015062545236102273,1.12,1.12,1.12,1.12
1.819994269335194,3.7608151545803894,31.12392056691162,0.032550476794623306,0.02183792606540122,0.014937454933027033,0.03453156253037043,0.038162073934598834,0.01506254506697298,1.12,1.12,1.12,1.12
1.820923718844614,3.761800570339782,31.12579287996838,0.03255038529822202,0.021838632333571306,0.01493745510223371,0.03453165402677172,0.03816136766642875,0.015062544897766303,1.12,1.12,1.12,1.12
1.8218534078840734,3.76278608885347,31.12766446565052,0.032550293768048966,0.02183933891434736,0.014937455271517686,0.03453174555694477,0.03816066108565269,0.015062544728482327,1.12,1.12,1.12,1.12
1.8227833364503743,3.7637717100805888,31.12953532368799,0.03255020220408639,0.02184004580793536,0.014937455440879155,0.03453183712090735,0.03815995419206469,0.015062544559120858,1.12,1.12,1.12,1.12
1.8237135045403137,3.7647574339802405,31.131405453810657,0.03255011060631602,0.021840753014543024,0.014937455610318062,0.03453192871867772,0.03815924698545703,0.01506254438968195,1.12,1.12,1.12,1.12
1.8246439121506766,3.765743260511502,31.13327485574826,0.03255001897471982,0.021841460534377133,0.014937455779834588,0.03453202035027392,0.03815853946562292,0.015062544220165425,1.12,1.12,1.12,1.12
1.8255745592782384,3.766729189633427,31.135143529230525,0.03254992730927936,0.021842168367645964,0.014937455949428843,0.03453211201571438,0.03815783163235409,0.01506254405057117,1.12,1.12,1.12,1.12
1.8265054459197652,3.767715221305039,31.137011473987023,0.03254983560997665,0.021842876514555243,0.014937456119100759,0.034532203715017085,0.03815712348544481,0.015062543880899254,1.12,1.12,1.12,1.12
1.8274365720720145,3.7687013554853337,31.138878689747266,0.03254974387679338,0.021843584975312358,0.014937456288850515,0.034532295448200356,0.038156415024687695,0.015062543711149498,1.12,1.12,1.12,1.12
1.8283679377317335,3.7696875921332826,31.140745176240685,0.03254965210971156,0.021844293750127003,0.014937456458678083,0.03453238721528218,0.03815570624987305,0.01506254354132193,1.12,1.12,1.12,1.12
1.8292995428956589,3.7706739312078277,31.1426109331966,0.032549560308712866,0.021845002839206873,0.014937456628583617,0.03453247901628087,0.03815499716079318,0.015062543371416395,1.12,1.12,1.12,1.12
1.830231387560518,3.771660372667888,31.144475960344295,0.032549468473778986,0.02184571224275944,0.014937456798567159,0.03453257085121475,0.03815428775724061,0.015062543201432854,1.12,1.12,1.12,1.12
1.8311634717230314,3.7726469164723513,31.146340257412902,0.032549376604891656,0.021846421960993206,0.014937456968628887,0.03453266272010208,0.03815357803900685,0.015062543031371126,1.12,1.12,1.12,1.12
1.8320957953799057,3.773633562580079,31.148203824131528,0.03254928470203294,0.021847131994118058,0.014937457138768734,0.03453275462296079,0.038152868005881996,0.015062542861231279,1.12,1.12,1.12,1.12
1.8330283585278395,3.77462031094991,31.15006666022913,0.03254919276518414,0.021847842342342078,0.014937457308986865,0.034532846559809594,0.038152157657657976,0.015062542691013148,1.12,1.12,1.12,1.12
1.8339611611635236,3.7756071615406483,31.151928765434633,0.03254910079432727,0.02184855300587349,0.014937457479283295,0.03453293853066647,0.038151446994126564,0.015062542520716718,1.12,1.12,1.12,1.12
1.8348942032836364,3.776594114311079,31.15379013947686,0.03254900878944378,0.021849263984920986,0.014937457649658148,0.03453303053554996,0.03815073601507907,0.015062542350341865,1.12,1.12,1.12,1.12
1.835827484884847,3.777581169219954,31.155650782084543,0.03254891675051563,0.0218499752796949,0.014937457820111424,0.0345331225744781,0.03815002472030515,0.015062542179888588,1.12,1.12,1.12,1.12
1.8367610059638164,3.778568326226001,31.157510692986307,0.03254882467752446,0.021850686890405036,0.01493745799064325,0.03453321464746928,0.03814931310959502,0.015062542009356764,1.12,1.12,1.12,1.12
1.8376947665171948,3.7795555852879206,31.15936987191072,0.03254873257045171,0.02185139881726167,0.014937458161253706,0.034533306754542026,0.038148601182738384,0.015062541838746307,1.12,1.12,1.12,1.12
1.838628766541623,3.7805429463643856,31.161228318586254,0.03254864042927941,0.021852111060473245,0.014937458331942821,0.03453339889571433,0.03814788893952681,0.015062541668057192,1.12,1.12,1.12,1.12
1.8395630060337322,3.7815304094140396,31.16308603274129,0.03254854825398895,0.021852823620250372,0.014937458502710665,0.034533491071004785,0.03814717637974968,0.015062541497289347,1.12,1.12,1.12,1.12
1.8404974849901423,3.782517974395504,31.164943014104118,0.03254845604456197,0.021853536496804327,0.014937458673557363,0.03453358328043177,0.03814646350319573,0.01506254132644265,1.12,1.12,1.12,1.12
1.841432203407466,3.7835056412673667,31.16679926240296,0.03254836380098031,0.021854249690342942,0.014937458844482887,0.03453367552401343,0.03814575030965711,0.015062541155517126,1.12,1.12,1.12,1.12
1.842367161282304,3.784493409988195,31.168654777365923,0.0325482715232252,0.021854963201078936,0.014937459015487459,0.03453376780176853,0.03814503679892112,0.015062540984512554,1.12,1.12,1.12,1.12
1.8433023586112485,3.785481280516523,31.170509558721044,0.03254817921127856,0.02185567702922242,0.014937459186571078,0.034533860113715176,0.03814432297077763,0.015062540813428935,1.12,1.12,1.12,1.12
1.844237795390881,3.7864692528108628,31.172363606196278,0.032548086865121784,0.02185639117498403,0.014937459357733801,0.03453395245987195,0.03814360882501602,0.015062540642266212,1.12,1.12,1.12,1.12
1.8451734716177741,3.787457326829694,31.17421691951948,0.03254799448473655,0.021857105638574875,0.014937459528975655,0.03453404484025718,0.03814289436142518,0.015062540471024358,1.12,1.12,1.12,1.12
1.8461093872884895,3.788445502531471,31.176069498418414,0.03254790207010444,0.021857820420207036,0.014937459700296751,0.0345341372548893,0.03814217957979302,0.015062540299703261,1.12,1.12,1.12,1.12
1.8470455423995817,3.789433779874623,31.17792134262077,0.03254780962120679,0.02185853552009087,0.014937459871697145,0.034534229703786945,0.03814146447990918,0.015062540128302868,1.12,1.12,1.12,1.12
1.8479819369475905,3.790422158817549,31.17977245185415,0.032547717138025456,0.021859250938439878,0.014937460043176934,0.03453432218696828,0.038140749061560175,0.015062539956823079,1.12,1.12,1.12,1.12
1.8489185709290503,3.7914106393186233,31.181622825846063,0.032547624620541726,0.021859966675464748,0.014937460214736242,0.03453441470445201,0.038140033324535305,0.01506253978526377,1.12,1.12,1.12,1.12
1.8498554443404853,3.792399221336188,31.183472464323913,0.03254753206873723,0.021860682731377507,0.014937460386375029,0.03453450725625651,0.03813931726862255,0.015062539613624984,1.12,1.12,1.12,1.12
1.8507925571784059,3.7933879048285633,31.185321367015057,0.03254743948259331,0.02186139910639151,0.014937460558093446,0.034534599842400426,0.03813860089360854,0.015062539441906567,1.12,1.12,1.12,1.12
1.8517299094393178,3.7943766897540385,31.187169533646724,0.0325473468620916,0.02186211580071737,0.01493746072989155,0.03453469246290214,0.038137884199282684,0.015062539270108463,1.12,1.12,1.12,1.12
1.8526675011197118,3.7953655760708767,31.189016963946088,0.032547254207213494,0.0218628328145688,0.014937460901769409,0.03453478511778024,0.03813716718543125,0.015062539098230604,1.12,1.12,1.12,1.12
1.8536053322160737,3.796354563737311,31.1908636576402,0.032547161517940515,0.021863550148159994,0.014937461073727024,0.03453487780705322,0.03813644985184006,0.01506253892627299,1.12,1.12,1.12,1.12
1.8545434027248746,3.7973436527115525,31.19270961445605,0.03254706879425412,0.021864267801701864,0.014937461245764491,0.03453497053073962,0.03813573219829819,0.015062538754235522,1.12,1.12,1.12,1.12
1.8554817126425807,3.7983328429517784,31.194554834120538,0.032546976036135544,0.02186498577540849,0.014937461417882006,0.03453506328885819,0.03813501422459156,0.015062538582118007,1.12,1.12,1.12,1.12
1.8564202619656436,3.7993221344161436,31.19639931636047,0.03254688324356653,0.021865704069493286,0.014937461590079526,0.03453515608142721,0.03813429593050677,0.015062538409920487,1.12,1.12,1.12,1.12
1.8573590506905067,3.8003115270627705,31.198243060902556,0.03254679041652819,0.021866422684169662,0.014937461762357107,0.03453524890846554,0.03813357731583039,0.015062538237642906,1.12,1.12,1.12,1.12
1.8582980788136045,3.801301020849758,31.20008606747343,0.03254669755500217,0.021867141619651004,0.014937461934714832,0.03453534176999157,0.03813285838034905,0.01506253806528518,1.12,1.12,1.12,1.12
1.8592373463313614,3.802290615735175,31.20192833579962,0.032546604658969636,0.021867860876152445,0.014937462107152827,0.0345354346660241,0.03813213912384761,0.015062537892847186,1.12,1.12,1.12,1.12
1.8601768532401892,3.8032803116770646,31.20376986560761,0.03254651172841194,0.021868580453885872,0.014937462279671077,0.034535527596581794,0.03813141954611418,0.015062537720328936,1.12,1.12,1.12,1.12
1.8611165995364936,3.8042701086334385,31.205610656623747,0.032546418763310714,0.021869300353067972,0.01493746245226972,0.03453562056168302,0.03813069964693208,0.015062537547730293,1.12,1.12,1.12,1.12
1.862056585216667,3.8052600065622855,31.2074507085743,0.03254632576364702,0.021870020573912963,0.014937462624948855,0.034535713561346715,0.03812997942608709,0.015062537375051158,1.12,1.12,1.12,1.12
1.8629968102770933,3.806250005421564,31.209290021185474,0.032546232729402325,0.021870741116635062,0.014937462797708467,0.03453580659559141,0.03812925888336499,0.015062537202291545,1.12,1.12,1.12,1.12
1.8639372747141458,3.807240105169205,31.21112859418335,0.032546139660557916,0.021871461981556817,0.014937462970548654,0.03453589966443582,0.03812853801844324,0.015062537029451359,1.12,1.12,1.12,1.12
1.8648779785241911,3.808230305763109,31.212966427293935,0.032546046557094976,0.02187218316921266,0.014937463143469457,0.03453599276789876,0.03812781683078739,0.015062536856530556,1.12,1.12,1.12,1.12
1.86581892170359,3.8092206071611514,31.214803520243102,0.0325459534189943,0.021872904679796024,0.014937463316470986,0.034536085905999436,0.03812709532020403,0.015062536683529026,1.12,1.12,1.12,1.12
1.8667601042486925,3.810211009321178,31.216639872756602,0.03254586024623657,0.021873626513503913,0.014937463489553285,0.03453617907875717,0.03812637348649614,0.015062536510446728,1.12,1.12,1.12,1.12
1.867701526155839,3.8112015122010074,31.218475484560145,0.03254576703880252,0.021874348670531174,0.014937463662716366,0.034536272286191216,0.03812565132946888,0.015062536337283647,1.12,1.12,1.12,1.12
1.8686431874213605,3.812192115758428,31.22031035537934,0.03254567379667317,0.021875071151076564,0.014937463835960396,0.03453636552832057,0.03812492884892349,0.015062536164039617,1.12,1.12,1.12,1.12
1.8695850880415763,3.8131828199512046,31.222144484939705,0.032545580519828976,0.021875793955335898,0.0149374640092855,0.03453645880516476,0.038124206044664155,0.015062535990714512,1.12,1.12,1.12,1.12
1.870527228012794,3.8141736247370717,31.223977872966643,0.032545487208251234,0.021876517083508407,0.014937464182691651,0.0345365521167425,0.03812348291649165,0.015062535817308362,1.12,1.12,1.12,1.12
1.8714696073313135,3.8151645300737336,31.22581051918553,0.03254539386192046,0.021877240535795872,0.014937464356178917,0.03453664546307328,0.03812275946420418,0.015062535643821096,1.12,1.12,1.12,1.12
1.872412225993423,3.81615553591887,31.227642423321626,0.03254530048081755,0.021877964312398884,0.014937464529747424,0.034536738844176185,0.03812203568760117,0.015062535470252589,1.12,1.12,1.12,1.12
1.8733550839954,3.8171466422301314,31.229473585100074,0.03254520706492342,0.021878688413520225,0.01493746470339713,0.034536832260070316,0.03812131158647983,0.015062535296602883,1.12,1.12,1.12,1.12
1.8742981813335118,3.818137848965141,31.231304004245985,0.03254511361421908,0.02187941283936151,0.014937464877128256,0.03453692571077466,0.03812058716063854,0.015062535122871756,1.12,1.12,1.12,1.12
1.875241518004016,3.819129156081493,31.233133680484357,0.03254502012868521,0.02188013759012819,0.01493746505094079,0.03453701919630853,0.03811986240987186,0.015062534949059223,1.12,1.12,1.12,1.12
1.876185094003158,3.820120563536755,31.234962613540084,0.03254492660830277,0.021880862666023515,0.014937465224834814,0.034537112716690965,0.03811913733397654,0.015062534775165198,1.12,1.12,1.12,1.12
1.8771289093271737,3.821112071288465,31.236790803137986,0.03254483305305267,0.021881588067254598,0.014937465398810329,0.03453720627194107,0.038118411932745455,0.015062534601189684,1.12,1.12,1.12,1.12
1.878072963972289,3.822103679294134,31.238618249002812,0.03254473946291592,0.021882313794026997,0.014937465572867487,0.03453729986207782,0.038117686205973056,0.015062534427132526,1.12,1.12,1.12,1.12
1.8790172579347197,3.8230953875112434,31.240444950859207,0.032544645837873254,0.021883039846550267,0.014937465747006329,0.03453739348712048,0.038116960153449786,0.015062534252993684,1.12,1.12,1.12,1.12
1.8799617912106716,3.8240871958972478,31.24227090843172,0.032544552177905584,0.021883766225028772,0.014937465921227008,0.03453748714708815,0.03811623377497128,0.015062534078773004,1.12,1.12,1.12,1.12
1.880906563796337,3.8250791044095744,31.24409612144482,0.03254445848299392,0.02188449292967437,0.01493746609552947,0.034537580841999815,0.03811550707032568,0.015062533904470543,1.12,1.12,1.12,1.12
1.8818515756879,3.8260711130056198,31.245920589622898,0.032544364753119226,0.02188521996069273,0.014937466269913754,0.03453767457187451,0.03811478003930732,0.015062533730086258,1.12,1.12,1.12,1.12
1.8827968268815352,3.827063221642755,31.247744312690244,0.03254427098826235,0.02188594731829685,0.01493746644438014,0.03453776833673139,0.0381140526817032,0.015062533555619873,1.12,1.12,1.12,1.12
1.883742317373405,3.8280554302783205,31.24956729037106,0.03254417718840408,0.021886675002696587,0.014937466618928419,0.03453786213658966,0.038113324997303466,0.015062533381071594,1.12,1.12,1.12,1.12
1.8846880471596625,3.8290477388696282,31.25138952238946,0.032544083353525544,0.021887403014103274,0.01493746679355884,0.03453795597146819,0.03811259698589678,0.015062533206441173,1.12,1.12,1.12,1.12
1.88563401623645,3.830040147373966,31.25321100846947,0.03254398948360748,0.02188813135272688,0.014937466968271501,0.034538049841386254,0.03811186864727317,0.015062533031728512,1.12,1.12,1.12,1.12
1.886580224599898,3.8310326557485888,31.255031748335043,0.03254389557863091,0.021888860018781764,0.01493746714306629,0.034538143746362826,0.03811113998121829,0.015062532856933722,1.12,1.12,1.12,1.12
1.88752667224613,3.8320252639507246,31.256851741710022,0.03254380163857673,0.021889589012480892,0.014937467317943487,0.034538237686417006,0.03811041098751916,0.015062532682056526,1.12,1.12,1.12,1.12
1.888473359171254,3.833017971937575,31.25867098831816,0.03254370766342579,0.021890318334036152,0.014937467492903006,0.034538331661567945,0.0381096816659639,0.015062532507097007,1.12,1.12,1.12,1.12
1.8894202853713737,3.83401077966631,31.260489487883135,0.032543613653159,0.02189104798366348,0.014937467667945015,0.03453842567183474,0.03810895201633657,0.015062532332054998,1.12,1.12,1.12,1.12
1.8903674508425756,3.8350036870940727,31.26230724012853,0.03254351960775742,0.021891777961575765,0.014937467843069499,0.034538519717236316,0.03810822203842429,0.015062532156930514,1.12,1.12,1.12,1.12
1.8913148555809423,3.8359966941779775,31.26412424477784,0.032543425527201686,0.021892508267989552,0.014937468018276515,0.03453861379779205,0.0381074917320105,0.015062531981723498,1.12,1.12,1.12,1.12
1.8922624995825403,3.8369898008751138,31.265940501554446,0.032543331411472864,0.021893238903118784,0.01493746819356627,0.03453870791352087,0.03810676109688127,0.015062531806433743,1.12,1.12,1.12,1.12
1.893210382843429,3.837983007142535,31.2677560101817,0.032543237260551805,0.021893969867180507,0.014937468368938694,0.03453880206444193,0.038106030132819546,0.015062531631061318,1.12,1.12,1.12,1.12
1.894158505359657,3.838976312937272,31.269570770382778,0.032543143074419245,0.02189470116038894,0.0149374685443939,0.03453889625057449,0.03810529883961111,0.015062531455606112,1.12,1.12,1.12,1.12
1.8951068671272602,3.839969718216326,31.27138478188087,0.032543048853056145,0.021895432782964658,0.014937468719931901,0.03453899047193759,0.038104567217035396,0.015062531280068112,1.12,1.12,1.12,1.12
1.8960554681422666,3.840963222936668,31.273198044398974,0.03254295459644341,0.021896164735120627,0.014937468895552808,0.03453908472855033,0.038103835264879427,0.015062531104447205,1.12,1.12,1.12,1.12
1.897004308400694,3.8419568270552427,31.275010557660075,0.032542860304561994,0.021896897017078087,0.01493746907125676,0.03453917902043174,0.038103102982921966,0.015062530928743253,1.12,1.12,1.12,1.12
1.8979533878985457,3.842950530528965,31.276822321387016,0.03254276597739253,0.02189762962905284,0.01493746924704377,0.03453927334760121,0.038102370370947214,0.015062530752956244,1.12,1.12,1.12,1.12
1.898902706631818,3.84394433331472,31.278633335302587,0.03254267161491592,0.02189836257126554,0.014937469422913824,0.03453936771007782,0.038101637428734514,0.015062530577086189,1.12,1.12,1.12,1.12
1.8998522645964955,3.8449382353693657,31.280443599129455,0.0325425772171129,0.021899095843932737,0.014937469598867062,0.034539462107880836,0.03810090415606732,0.01506253040113295,1.12,1.12,1.12,1.12
1.9008020617885533,3.845932236649732,31.282253112590226,0.0325424827839646,0.021899829447274477,0.014937469774903539,0.03453955654102914,0.038100170552725576,0.015062530225096474,1.12,1.12,1.12,1.12
1.9017520982039553,3.846926337112619,31.284061875407417,0.03254238831545142,0.02190056338151003,0.014937469951023435,0.034539651009542316,0.038099436618490023,0.015062530048976577,1.12,1.12,1.12,1.12
1.9027023738386548,3.8479205367147955,31.28586988730342,0.03254229381155449,0.02190129764686105,0.014937470127226696,0.034539745513439246,0.038098702353139,0.015062529872773317,1.12,1.12,1.12,1.12
1.903652888688593,3.8489148354130083,31.28767714800056,0.03254219927225438,0.02190203224354559,0.01493747030351339,0.03453984005273936,0.038097967756454465,0.015062529696486623,1.12,1.12,1.12,1.12
1.9046036427497015,3.849909233163969,31.289483657221076,0.03254210469753216,0.021902767171785298,0.014937470479883586,0.03453993462746158,0.038097232828214755,0.015062529520116427,1.12,1.12,1.12,1.12
1.905554636017904,3.8509037299243634,31.291289414687107,0.032542010087368345,0.021903502431800503,0.014937470656337368,0.03454002923762539,0.03809649756819955,0.015062529343662645,1.12,1.12,1.12,1.12
1.9065058684891103,3.8518983256508466,31.293094420120703,0.032541915441743785,0.021904238023813333,0.014937470832874819,0.03454012388324995,0.03809576197618672,0.015062529167125194,1.12,1.12,1.12,1.12
1.9074573401592194,3.8528930203000478,31.294898673243836,0.03254182076063922,0.02190497394804672,0.014937471009495967,0.03454021856435452,0.038095026051953335,0.015062528990504045,1.12,1.12,1.12,1.12
1.908409051024123,3.8538878138285635,31.296702173778343,0.032541726044035435,0.021905710204718598,0.014937471186200882,0.0345403132809583,0.038094289795281455,0.015062528813799131,1.12,1.12,1.12,1.12
1.9093610010796978,3.854882706192966,31.29850492144604,0.03254163129191301,0.021906446794054846,0.014937471362989743,0.03454040803308073,0.03809355320594521,0.01506252863701027,1.12,1.12,1.12,1.12
1.9103131903218138,3.855877697349793,31.30030691596859,0.032541536504252844,0.02190718371627698,0.014937471539862496,0.03454050282074089,0.038092816283723074,0.015062528460137517,1.12,1.12,1.12,1.12
1.9112656187463277,3.85687278725556,31.302108157067593,0.032541441681035566,0.02190792097160804,0.014937471716819237,0.03454059764395817,0.03809207902839201,0.015062528283180776,1.12,1.12,1.12,1.12
1.912218286349087,3.857867975866746,31.303908644464563,0.03254134682224208,0.021908658560272604,0.014937471893860021,0.03454069250275166,0.03809134143972745,0.015062528106139991,1.12,1.12,1.12,1.12
1.9131711931259276,3.8588632631398063,31.305708377880904,0.03254125192785273,0.021909396482491184,0.014937472070984975,0.034540787397141004,0.03809060351750887,0.015062527929015038,1.12,1.12,1.12,1.12
1.9141243390726748,3.859858649031167,31.307507357037935,0.03254115699784832,0.021910134738489906,0.014937472248194097,0.03454088232714542,0.03808986526151015,0.015062527751805915,1.12,1.12,1.12,1.12
1.915077724185145,3.860854133497221,31.309305581656908,0.03254106203220958,0.021910873328492286,0.014937472425487527,0.03454097729278416,0.03808912667150777,0.015062527574512485,1.12,1.12,1.12,1.12
1.916031348459141,3.861849716494337,31.311103051458943,0.03254096703091702,0.021911612252721147,0.014937472602865279,0.03454107229407671,0.03808838774727891,0.015062527397134734,1.12,1.12,1.12,1.12
1.9169852118904567,3.8628453979788517,31.31289976616509,0.03254087199395145,0.02191235151140425,0.014937472780327407,0.03454116733104229,0.038087648488595804,0.015062527219672606,1.12,1.12,1.12,1.12
1.9179393144748744,3.8638411779070747,31.3146957254963,0.032540776921293424,0.021913091104763638,0.014937472957874037,0.03454126240370031,0.038086908895236415,0.015062527042125975,1.12,1.12,1.12,1.12
1.9188936562081667,3.864837056235283,31.316490929173447,0.03254068181292369,0.02191383103302552,0.014937473135505142,0.03454135751207005,0.03808616896697453,0.015062526864494871,1.12,1.12,1.12,1.12
1.919848237086094,3.8658330329197286,31.318285376917302,0.03254058666882248,0.021914571296415886,0.014937473313220845,0.034541452656171256,0.03808542870358417,0.015062526686779168,1.12,1.12,1.12,1.12
1.9208030571044081,3.8668291079166313,31.320079068448557,0.032540491488970646,0.02191531189515844,0.014937473491021272,0.03454154783602309,0.03808468810484161,0.01506252650897874,1.12,1.12,1.12,1.12
1.9217581162588482,3.8678252811821814,31.321872003487783,0.03254039627334887,0.021916052829481947,0.014937473668906368,0.034541643051644866,0.038083947170518107,0.015062526331093645,1.12,1.12,1.12,1.12
1.9227134145451434,3.868821552672544,31.323664181755476,0.032540301021937446,0.021916794099610837,0.014937473846876298,0.03454173830305629,0.038083205900389216,0.015062526153123715,1.12,1.12,1.12,1.12
1.9236689519590113,3.8698179223438505,31.325455602972056,0.03254020573471711,0.021917535705772262,0.014937474024931063,0.03454183359027663,0.03808246429422779,0.01506252597506895,1.12,1.12,1.12,1.12
1.9246247284961602,3.8708143901522045,31.327246266857827,0.032540110411668266,0.021918277648194068,0.014937474203070789,0.03454192891332547,0.038081722351805986,0.015062525796929224,1.12,1.12,1.12,1.12
1.9255807441522845,3.871810956053682,31.329036173133012,0.03254001505277171,0.02191901992710152,0.014937474381295474,0.03454202427222203,0.038080980072898535,0.01506252561870454,1.12,1.12,1.12,1.12
1.9265369989230727,3.872807620004325,31.330825321517736,0.03253991965800768,0.02191976254272321,0.014937474559605243,0.03454211966698606,0.038080237457276844,0.01506252544039477,1.12,1.12,1.12,1.12
1.9274934928041976,3.873804381960153,31.332613711732037,0.032539824227356795,0.02192050549528507,0.014937474738000112,0.03454221509763694,0.038079494504714984,0.015062525261999901,1.12,1.12,1.12,1.12
1.9284502257913247,3.8748012418771496,31.334401343495863,0.03253972876079936,0.021921248785016667,0.014937474916480231,0.03454231056419438,0.038078751214983386,0.015062525083519782,1.12,1.12,1.12,1.12
1.9294071978801062,3.875798199711271,31.336188216529067,0.03253963325831616,0.02192199241214421,0.014937475095045546,0.03454240606667758,0.038078007587855844,0.015062524904954466,1.12,1.12,1.12,1.12
1.9303644090661845,3.8767952554184477,31.337974330551404,0.03253953771988749,0.021922736376895458,0.01493747527369628,0.034542501605106246,0.038077263623104596,0.015062524726303733,1.12,1.12,1.12,1.12
1.9313218593451915,3.877792408954576,31.339759685282544,0.0325394421454937,0.021923480679502005,0.01493747545243243,0.034542597179500034,0.03807651932049805,0.015062524547567582,1.12,1.12,1.12,1.12
1.932279548712748,3.8787896602755225,31.341544280442037,0.03253934653511542,0.021924225320189533,0.014937475631253999,0.034542692789878315,0.03807577467981052,0.015062524368746014,1.12,1.12,1.12,1.12
1.933237477164462,3.8797870093371296,31.343328115749408,0.03253925088873294,0.02192497029918944,0.014937475810161124,0.034542788436260796,0.038075029700810614,0.015062524189838888,1.12,1.12,1.12,1.12
1.9341956446959327,3.8807844560952045,31.345111190924015,0.032539155206326775,0.021925715616727626,0.014937475989153848,0.03454288411866696,0.03807428438327243,0.015062524010846165,1.12,1.12,1.12,1.12
1.9351540513027488,3.881782000505526,31.346893505685166,0.03253905948787705,0.02192646127303549,0.014937476168232239,0.03454297983711668,0.03807353872696456,0.015062523831767774,1.12,1.12,1.12,1.12
1.9361126969804865,3.8827796425238463,31.348675059752054,0.03253896373336457,0.02192720726834263,0.014937476347396395,0.03454307559162917,0.03807279273165742,0.015062523652603618,1.12,1.12,1.12,1.12
1.9370715817247124,3.883777382105885,31.3504558528438,0.032538867942769334,0.021927953602880523,0.01493747652664644,0.0345431713822244,0.03807204639711953,0.015062523473353573,1.12,1.12,1.12,1.12
1.9380307055309804,3.884775219207334,31.352235884679416,0.0325387721160717,0.02192870027687932,0.014937476705982375,0.034543267208922035,0.03807129972312073,0.015062523294017638,1.12,1.12,1.12,1.12
1.9389900683948345,3.885773153783852,31.35401515497783,0.03253867625325235,0.021929447290566673,0.014937476885404186,0.034543363071741384,0.03807055270943338,0.015062523114595827,1.12,1.12,1.12,1.12
1.9399496703118075,3.8867711857910723,31.355793663457867,0.03253858035429125,0.02193019464417406,0.014937477064912025,0.03454345897070249,0.03806980535582599,0.015062522935087988,1.12,1.12,1.12,1.12
1.9409095112774222,3.8877693151845953,31.357571409838265,0.032538484419168734,0.021930942337932746,0.014937477244505976,0.034543554905825,0.03806905766206731,0.015062522755494037,1.12,1.12,1.12,1.12
1.9418695912871884,3.888767541919995,31.359348393837664,0.032538388447865385,0.021931690372074042,0.014937477424186066,0.03454365087712835,0.03806830962792601,0.015062522575813947,1.12,1.12,1.12,1.12
1.9428299103366056,3.8897658659528136,31.361124615174624,0.03253829244036133,0.021932438746829097,0.014937477603952296,0.03454374688463241,0.038067561253170956,0.015062522396047717,1.12,1.12,1.12,1.12
1.9437904684211642,3.8907642872385595,31.36290007356761,0.03253819639663669,0.021933187462428227,0.014937477783804803,0.03454384292835705,0.038066812537571826,0.01506252221619521,1.12,1.12,1.12,1.12
1.9447512655363406,3.89176280573272,31.364674768734965,0.032538100316671925,0.02193393651910297,0.014937477963743784,0.03454393900832181,0.03806606348089708,0.015062522036256229,1.12,1.12,1.12,1.12
1.9457123016776023,3.892761421390744,31.366448700394983,0.03253800420044717,0.021934685917086805,0.014937478143769112,0.03454403512454657,0.03806531408291325,0.015062521856230901,1.12,1.12,1.12,1.12
1.9466735768404035,3.8937601341680583,31.368221868265827,0.032537908047942654,0.021935435656611435,0.014937478323880954,0.03454413127705108,0.03806456434338862,0.015062521676119059,1.12,1.12,1.12,1.12
1.947635091020191,3.8947589440200527,31.369994272065583,0.03253781185913879,0.021936185737908925,0.01493747850407938,0.03454422746585495,0.03806381426209113,0.015062521495920633,1.12,1.12,1.12,1.12
1.9485968442123962,3.8957578509020907,31.37176591151224,0.03253771563401531,0.02193693616121334,0.014937478684364403,0.03454432369097843,0.038063063838786715,0.01506252131563561,1.12,1.12,1.12,1.12
1.9495588364124428,3.896756854769505,31.37353678632369,0.03253761937255284,0.021937686926755573,0.014937478864736065,0.0345444199524409,0.03806231307324448,0.015062521135263948,1.12,1.12,1.12,1.12
1.9505210676157407,3.8977559555775994,31.37530689621775,0.032537523074731456,0.021938438034769026,0.014937479045194546,0.03454451625026228,0.03806156196523103,0.015062520954805467,1.12,1.12,1.12,1.12
1.951483537817691,3.898755153281647,31.37707624091213,0.03253742674053112,0.021939189485488925,0.014937479225739902,0.03454461258446262,0.03806081051451113,0.01506252077426011,1.12,1.12,1.12,1.12
1.9524462470136807,3.8997544478368917,31.378844820124428,0.03253733036993217,0.02193994127914664,0.014937479406372148,0.034544708955061565,0.03806005872085341,0.015062520593627865,1.12,1.12,1.12,1.12
1.95340919519909,3.9007538391985435,31.38061263357217,0.032537233962914636,0.021940693415977403,0.014937479587091324,0.0345448053620791,0.03805930658402265,0.01506252041290869,1.12,1.12,1.12,1.12
1.9543723823692851,3.9017533273217873,31.382379680972775,0.03253713751945875,0.021941445896213746,0.01493747976789754,0.03454490180553499,0.03805855410378631,0.015062520232102472,1.12,1.12,1.12,1.12
1.9553358085196189,3.9027529121617763,31.384145962043604,0.03253704103954441,0.021942198720089567,0.014937479948790813,0.034544998285449324,0.038057801279910486,0.0150625200512092,1.12,1.12,1.12,1.12
1.9562994736454382,3.90375259367363,31.385911476501875,0.03253694452315192,0.021942951887842066,0.014937480129771322,0.034545094801841814,0.03805704811215799,0.015062519870228691,1.12,1.12,1.12,1.12
1.9572633777420743,3.904752371812444,31.38767622406472,0.03253684797026124,0.021943705399704194,0.014937480310838969,0.034545191354732496,0.03805629460029586,0.015062519689161044,1.12,1.12,1.12,1.12
1.9582275208048536,3.9057522465332855,31.38944020444923,0.03253675138085188,0.021944459255907683,0.014937480491994726,0.034545287944141856,0.03805554074409237,0.015062519508005287,1.12,1.12,1.12,1.12
1.959191902829101,3.9067522177911957,31.391203417372346,0.032536654754902916,0.0219452134566869,0.014937480673240466,0.03454538457009082,0.03805478654331315,0.015062519326759546,1.12,1.12,1.12,1.12
1.9601565238101142,3.9077522855411786,31.392965862550952,0.032536558092394086,0.02194596800227605,0.014937480854576246,0.03454548123259965,0.038054031997724,0.015062519145423767,1.12,1.12,1.12,1.12
1.9611213837431798,3.9087524497382073,31.39472753970182,0.03253646139330568,0.02194672289291183,0.014937481036002107,0.034545577931688054,0.038053277107088224,0.015062518963997906,1.12,1.12,1.12,1.12
1.962086482623577,3.9097527103372203,31.396488448541604,0.03253636465761767,0.021947478128829023,0.014937481217518186,0.03454567466737607,0.03805252187117103,0.015062518782481826,1.12,1.12,1.12,1.12
1.96305182044657,3.9107530672931285,31.398248588786885,0.03253626788530989,0.021948233710264164,0.014937481399124361,0.03454577143968385,0.03805176628973589,0.015062518600875652,1.12,1.12,1.12,1.12
1.964017397207412,3.9117535205608123,31.400007960154134,0.03253617107636242,0.021948989637451538,0.014937481580820658,0.03454586824863132,0.038051010362548515,0.015062518419179355,1.12,1.12,1.12,1.12
1.9649832129013463,3.912754070095123,31.401766562359768,0.03253607423075516,0.02194974591062948,0.014937481762607119,0.03454596509423857,0.03805025408937057,0.015062518237392894,1.12,1.12,1.12,1.12
1.9659492675236039,3.913754715850878,31.40352439512006,0.032535977348468303,0.021950502530035276,0.014937481944483771,0.03454606197652543,0.03804949746996478,0.015062518055516241,1.12,1.12,1.12,1.12
1.9669155610694042,3.9147554577828694,31.405281458151215,0.03253588042948147,0.021951259495904124,0.014937482126450755,0.03454615889551227,0.03804874050409593,0.015062517873549258,1.12,1.12,1.12,1.12
1.9678820935339574,3.9157562958458527,31.407037751169334,0.03253578347377467,0.021952016808474112,0.014937482308508013,0.034546255851219065,0.03804798319152594,0.015062517691492,1.12,1.12,1.12,1.12
1.9688488649124585,3.91675722999456,31.408793273890417,0.032535686481327986,0.02195277446798155,0.014937482490655574,0.03454635284366575,0.0380472255320185,0.015062517509344439,1.12,1.12,1.12,1.12
1.9698158752000958,3.9177582601836853,31.410548026030398,0.032535589452121094,0.021953532474664472,0.014937482672893562,0.03454644987287264,0.03804646752533558,0.01506251732710645,1.12,1.12,1.12,1.12
1.9707831243920415,3.918759386367899,31.41230200730508,0.03253549238613396,0.021954290828760104,0.014937482855221937,0.03454654693885978,0.03804570917123995,0.015062517144778076,1.12,1.12,1.12,1.12
1.97175061248346,3.919760608501834,31.41405521743018,0.032535395283346424,0.021955049530507642,0.014937483037640628,0.03454664404164731,0.03804495046949241,0.015062516962359385,1.12,1.12,1.12,1.12
1.9727183394695016,3.9207619265401004,31.415807656121338,0.032535298143738345,0.021955808580144953,0.014937483220149775,0.03454674118125539,0.0380441914198551,0.015062516779850238,1.12,1.12,1.12,1.12
1.9736863053453086,3.9217633404372707,31.417559323094082,0.03253520096728968,0.02195656797790843,0.014937483402749419,0.03454683835770406,0.03804343202209162,0.015062516597250594,1.12,1.12,1.12,1.12
1.974654510106008,3.9227648501478924,31.419310218063856,0.032535103753980055,0.021957327724037634,0.014937483585439629,0.03454693557101368,0.03804267227596242,0.015062516414560384,1.12,1.12,1.12,1.12
1.9756229537467183,3.923766455626476,31.42106034074599,0.03253500650378938,0.021958087818772648,0.014937483768220447,0.03454703282120436,0.038041912181227405,0.015062516231779566,1.12,1.12,1.12,1.12
1.976591636262543,3.92476815682751,31.422809690855736,0.032534909216697494,0.021958848262350228,0.014937483951091748,0.03454713010829624,0.038041151737649825,0.015062516048908264,1.12,1.12,1.12,1.12
1.9775605576485793,3.9257699537054425,31.424558268108242,0.032534811892684035,0.02195960905501193,0.014937484134053686,0.0345472274323097,0.03804039094498812,0.015062515865946327,1.12,1.12,1.12,1.12
1.9785297178999077,3.9267718462146974,31.42630607221858,0.0325347145317289,0.02196037019699537,0.014937484317106342,0.03454732479326483,0.03803962980300468,0.01506251568289367,1.12,1.12,1.12,1.12
1.9794991170116003,3.927773834309668,31.42805310290167,0.032534617133811616,0.02196113168854033,0.01493748450024969,0.03454742219118212,0.03803886831145972,0.015062515499750323,1.12,1.12,1.12,1.12
1.9804687549787179,3.928775917944712,31.42979935987242,0.03253451969891219,0.02196189352988895,0.014937484683483826,0.034547519626081546,0.038038106470111105,0.015062515316516187,1.12,1.12,1.12,1.12
1.9814386317963089,3.929778097074161,31.431544842845568,0.03253442222701036,0.021962655721279922,0.014937484866808765,0.034547617097983374,0.03803734427872013,0.015062515133191248,1.12,1.12,1.12,1.12
1.9824087474594076,3.930780371652312,31.433289551535808,0.03253432471808554,0.021963418262951895,0.01493748505022452,0.0345477146069082,0.03803658173704816,0.015062514949775493,1.12,1.12,1.12,1.12
1.9833791019630398,3.9317827416334357,31.435033485657698,0.03253422717211768,0.021964181155147366,0.014937485233731077,0.034547812152876056,0.03803581884485269,0.015062514766268936,1.12,1.12,1.12,1.12
1.9843496953022208,3.932785206971767,31.436776644925715,0.0325341295890863,0.0219649443981067,0.014937485417328603,0.034547909735907434,0.03803505560189335,0.01506251458267141,1.12,1.12,1.12,1.12
1.985320527471952,3.933787767621511,31.438519029054262,0.032534031968971255,0.021965707992071398,0.014937485601017125,0.03454800735602248,0.038034292007928655,0.015062514398982887,1.12,1.12,1.12,1.12
1.986291598467222,3.934790423536846,31.440260637757618,0.032533934311752,0.02196647193728063,0.01493748578479659,0.03454810501324174,0.038033528062719424,0.015062514215203424,1.12,1.12,1.12,1.12
1.9872629082830113,3.9357931746719146,31.44200147074997,0.03253383661740811,0.02196723623397767,0.014937485968667105,0.03454820270758563,0.03803276376602238,0.015062514031332908,1.12,1.12,1.12,1.12
1.9882344569142862,3.936796020980831,31.443741527745416,0.03253373888591948,0.02196800088240422,0.014937486152628715,0.03454830043907425,0.03803199911759583,0.015062513847371298,1.12,1.12,1.12,1.12
1.9892062443560032,3.9377989624176757,31.445480808457972,0.03253364111726548,0.021968765882801555,0.014937486336681446,0.03454839820772826,0.0380312341171985,0.015062513663318566,1.12,1.12,1.12,1.12
1.9901782706031055,3.9388019989365013,31.447219312601504,0.03253354331142577,0.021969531235410678,0.01493748652082541,0.034548496013567964,0.038030468764589376,0.015062513479174602,1.12,1.12,1.12,1.12
1.9911505356505235,3.939805130491329,31.448957039889862,0.03253344546838005,0.021970296940475587,0.014937486705060538,0.034548593856613685,0.03802970305952447,0.015062513294939475,1.12,1.12,1.12,1.12
1.9921230394931806,3.9408083570361456,31.45069399003671,0.032533347588107664,0.021971062998238644,0.01493748688938698,0.03454869173688607,0.03802893700176141,0.015062513110613032,1.12,1.12,1.12,1.12
1.9930957821259843,3.9418116785249104,31.452430162755704,0.03253324967058818,0.02197182940894052,0.014937487073804795,0.034548789654405554,0.038028170591059535,0.015062512926195218,1.12,1.12,1.12,1.12
1.994068763543831,3.9428150949115492,31.454165557760334,0.0325331517158014,0.021972596172826875,0.01493748725831398,0.034548887609192336,0.03802740382717318,0.015062512741686032,1.12,1.12,1.12,1.12
1.9950419837416065,3.943818606149958,31.455900174764032,0.0325330537237265,0.02197336329013949,0.014937487442914649,0.034548985601267235,0.03802663670986056,0.015062512557085364,1.12,1.12,1.12,1.12
1.996015442714185,3.944822212194001,31.457634013480124,0.03253295569434311,0.021974130761120314,0.014937487627606702,0.03454908363065062,0.03802586923887974,0.01506251237239331,1.12,1.12,1.12,1.12
1.996989140456428,3.9458259129975097,31.45936707362182,0.03253285762763081,0.02197489858601509,0.014937487812390293,0.03454918169736293,0.03802510141398496,0.01506251218760972,1.12,1.12,1.12,1.12
1.9979630769631844,3.9468297085142896,31.461099354902267,0.03253275952356893,0.021975666765066515,0.014937487997265408,0.034549279801424804,0.03802433323493354,0.015062512002734604,1.12,1.12,1.12,1.12
1.9989372522292925,3.947833598698109,31.46283085703449,0.03253266138213712,0.021976435298520836,0.014937488182232145,0.03454937794285662,0.03802356470147922,0.015062511817767868,1.12,1.12,1.12,1.12
1.9999116662495813,3.948837583502706,31.464561579731424,0.032532563203314546,0.021977204186620636,0.014937488367290572,0.03454947612167919,0.03802279581337942,0.015062511632709441,1.12,1.12,1.12,1.12
2.0008863190188633,3.94984166288179,31.46629152270591,0.032532464987080845,0.021977973429610526,0.014937488552440675,0.03454957433791289,0.03802202657038953,0.015062511447559337,1.12,1.12,1.12,1.12
2.0018612105319407,3.9508458367890373,31.468020685670687,0.03253236673341553,0.02197874302773445,0.01493748873768247,0.03454967259157821,0.038021256972265605,0.015062511262317543,1.12,1.12,1.12,1.12
2.002836340783606,3.951850105178092,31.469749068338402,0.032532268442297785,0.02197951298123796,0.014937488923016093,0.03454977088269595,0.038020487018762095,0.01506251107698392,1.12,1.12,1.12,1.12
2.003811709768638,3.95285446800257,31.471476670421602,0.032532170113706904,0.021980283290368496,0.014937489108441615,0.03454986921128683,0.03801971670963156,0.015062510891558398,1.12,1.12,1.12,1.12
2.0047873174818043,3.9538589252160508,31.47320349163273,0.032532071747622515,0.02198105395536676,0.014937489293959008,0.03454996757737122,0.038018946044633295,0.015062510706041005,1.12,1.12,1.12,1.12
2.00576316391786,3.9548634767720863,31.474929531684154,0.032531973344023746,0.02198182497648271,0.014937489479568397,0.03455006598096999,0.03801817502351734,0.015062510520431616,1.12,1.12,1.12,1.12
2.006739249071549,3.9558681226241945,31.47665479028811,0.03253187490289017,0.021982596353960576,0.01493748966526981,0.03455016442210357,0.03801740364603948,0.015062510334730203,1.12,1.12,1.12,1.12
2.007715572937603,3.956872862725865,31.478379267156775,0.03253177642420091,0.02198336808804585,0.014937489851063246,0.03455026290079283,0.0380166319119542,0.015062510148936767,1.12,1.12,1.12,1.12
2.008692135510741,3.957877697030554,31.480102962002192,0.03253167790793543,0.021984140178986283,0.014937490036948886,0.034550361417058306,0.03801585982101377,0.015062509963051127,1.12,1.12,1.12,1.12
2.0096689367856717,3.9588826254916847,31.481825874536334,0.032531579354072915,0.02198491262702723,0.014937490222926703,0.03455045997092082,0.03801508737297282,0.01506250977707331,1.12,1.12,1.12,1.12
2.0106459767570897,3.9598876480626495,31.48354800447106,0.03253148076259277,0.021985685432414304,0.014937490408996695,0.03455055856240097,0.03801431456758575,0.015062509591003317,1.12,1.12,1.12,1.12
2.0116232554196807,3.9608927646968115,31.48526935151814,0.03253138213347406,0.02198645859539683,0.014937490595159031,0.034550657191519674,0.038013541404603224,0.015062509404840982,1.12,1.12,1.12,1.12
2.0126007727681148,3.961897975347499,31.486989915389238,0.032531283466696204,0.02198723211622189,0.014937490781413681,0.03455075585829753,0.038012767883778165,0.015062509218586331,1.12,1.12,1.12,1.12
2.013578528797053,3.96290327996801,31.488709695795933,0.03253118476223843,0.021988005995135895,0.014937490967760744,0.03455085456275531,0.03801199400486416,0.015062509032239269,1.12,1.12,1.12,1.12
2.0145565235011444,3.9639086785116096,31.490428692449697,0.03253108602007987,0.021988780232386207,0.014937491154200191,0.03455095330491387,0.038011219767613846,0.015062508845799821,1.12,1.12,1.12,1.12
2.015534756875022,3.964914170931534,31.492146905061887,0.03253098724019993,0.021989554828221486,0.01493749134073219,0.03455105208479381,0.03801044517177857,0.015062508659267823,1.12,1.12,1.12,1.12
2.016513228913312,3.965919757180984,31.4938643333438,0.03253088842257745,0.021990329782888646,0.014937491527356739,0.03455115090241628,0.03800967021711141,0.015062508472643274,1.12,1.12,1.12,1.12
2.017491939610627,3.966925437213132,31.49558097700661,0.032530789567192075,0.02199110509663682,0.014937491714073936,0.03455124975780166,0.03800889490336323,0.015062508285926077,1.12,1.12,1.12,1.12
2.0184708889615632,3.9679312109811167,31.497296835761396,0.03253069067402248,0.021991880769714423,0.014937491900883726,0.03455134865097126,0.03800811923028563,0.015062508099116287,1.12,1.12,1.12,1.12
2.019450076960712,3.968937078438044,31.499011909319137,0.03253059174304812,0.021992656802371807,0.014937492087786275,0.034551447581945616,0.038007343197628246,0.015062507912213738,1.12,1.12,1.12,1.12
2.020429503602649,3.9699430395369895,31.500726197390726,0.03253049277424819,0.021993433194854972,0.01493749227478161,0.03455154655074555,0.03800656680514508,0.015062507725218402,1.12,1.12,1.12,1.12
2.021409168881935,3.9709490942309973,31.502439699686946,0.03253039376760147,0.02199420994741466,0.014937492461869761,0.03455164555739226,0.03800579005258539,0.015062507538130251,1.12,1.12,1.12,1.12
2.022389072793123,3.9719552424730775,31.504152415918476,0.03253029472308738,0.021994987060300952,0.014937492649050782,0.03455174460190635,0.0380050129396991,0.01506250735094923,1.12,1.12,1.12,1.12
2.023369215330753,3.972961484216211,31.505864345795906,0.03253019564068482,0.021995764533762396,0.01493749283632484,0.034551843684308914,0.03800423546623766,0.015062507163675173,1.12,1.12,1.12,1.12
2.0243495964893516,3.9739678194133425,31.507575489029726,0.032530096520372864,0.0219965423680491,0.014937493023691878,0.03455194280462087,0.038003457631950954,0.015062506976308135,1.12,1.12,1.12,1.12
2.0253302162634337,3.974974248017391,31.509285845330332,0.03252999736213075,0.02199732056341111,0.014937493211152064,0.03455204196286299,0.03800267943658894,0.015062506788847949,1.12,1.12,1.12,1.12
2.026311074647503,3.9759807699812364,31.51099541440803,0.032529898165937376,0.021998099120100756,0.014937493398705315,0.03455214115905636,0.0380019008798993,0.015062506601294698,1.12,1.12,1.12,1.12
2.02729217163605,3.976987385257731,31.512704195972987,0.032529798931771936,0.021998878038366948,0.014937493586351783,0.0345522403932218,0.038001121961633105,0.01506250641364823,1.12,1.12,1.12,1.12
2.028273507223552,3.977994093799694,31.514412189735303,0.032529699659613276,0.021999657318461208,0.014937493774091481,0.03455233966538046,0.038000342681538846,0.015062506225908531,1.12,1.12,1.12,1.12
2.0292550814044765,3.979000895559913,31.516119395404985,0.03252960034944041,0.022000436960632114,0.014937493961924522,0.03455243897555332,0.03799956303936794,0.01506250603807549,1.12,1.12,1.12,1.12
2.030236894173279,3.9800077904911406,31.517825812691925,0.03252950100123231,0.022001216965132075,0.01493749414985096,0.03455253832376143,0.03799878303486798,0.015062505850149052,1.12,1.12,1.12,1.12
2.031218945524398,3.9810147785461014,31.519531441305915,0.03252940161496809,0.022001997332213585,0.014937494337870796,0.03455263771002565,0.03799800266778647,0.015062505662129216,1.12,1.12,1.12,1.12
2.0322012354522663,3.9820218596774843,31.521236280956657,0.0325293021906265,0.022002778062128858,0.014937494525984127,0.03455273713436724,0.037997221937871195,0.015062505474015886,1.12,1.12,1.12,1.12
2.0331837639512993,3.9830290338379495,31.522940331353766,0.03252920272818666,0.02200355915500729,0.014937494714190994,0.03455283659680708,0.03799644084499276,0.01506250528580902,1.12,1.12,1.12,1.12
2.0341665310159014,3.9840363009801205,31.524643592206736,0.032529103227627476,0.02200434061104195,0.01493749490249155,0.03455293609736626,0.0379956593889581,0.015062505097508463,1.12,1.12,1.12,1.12
2.03514953664046,3.9850436610565922,31.526346063225,0.03252900368892825,0.02200512243049685,0.014937495090885683,0.03455303563606549,0.037994877569503205,0.01506250490911433,1.12,1.12,1.12,1.12
2.036132780819354,3.986051114019928,31.52804774411789,0.0325289041120681,0.022005904613630667,0.014937495279373617,0.034553135212925634,0.037994095386369386,0.015062504720626396,1.12,1.12,1.12,1.12
2.037116263546949,3.9870586598226554,31.529748634594625,0.03252880449702594,0.02200668716070711,0.01493749546795528,0.034553234827967794,0.03799331283929294,0.015062504532044732,1.12,1.12,1.12,1.12
2.038099984817597,3.9880662984172717,31.531448734364332,0.03252870484378101,0.022007470071986862,0.0149374956566308,0.03455333448121273,0.03799252992801319,0.015062504343369212,1.12,1.12,1.12,1.12
2.039083944625639,3.9890740297562433,31.533148043136038,0.03252860515231232,0.022008253347731876,0.014937495845400273,0.03455343417268142,0.03799174665226818,0.01506250415459974,1.12,1.12,1.12,1.12
2.040068142965404,3.9900818537920006,31.534846560618647,0.032528505422598664,0.022009036988203334,0.014937496034263684,0.03455353390239507,0.03799096301179672,0.015062503965736329,1.12,1.12,1.12,1.12
2.041052579831209,3.991089770476943,31.536544286521007,0.03252840565461923,0.022009820993661167,0.014937496223221089,0.034553633670374506,0.03799017900633889,0.015062503776778924,1.12,1.12,1.12,1.12
2.0420372552173554,3.992097779763438,31.538241220551818,0.032528305848353034,0.022010605364366692,0.014937496412272669,0.0345537334766407,0.03798939463563336,0.015062503587727344,1.12,1.12,1.12,1.12
2.043022169118139,3.9931058816038205,31.53993736241972,0.032528206003778704,0.02201139010058195,0.014937496601418354,0.03455383332121503,0.0379886098994181,0.015062503398581659,1.12,1.12,1.12,1.12
2.0440073215278374,3.994114075950391,31.541632711833216,0.03252810612087531,0.022012175202566375,0.014937496790658283,0.034553933204118426,0.03798782479743368,0.01506250320934173,1.12,1.12,1.12,1.12
2.0449927124407163,3.9951223627554207,31.543327268500725,0.03252800619962176,0.022012960670582088,0.014937496979992484,0.034554033125371975,0.037987039329417965,0.015062503020007528,1.12,1.12,1.12,1.12
2.045978341851034,3.996130741971145,31.545021032130578,0.03252790623999691,0.022013746504888465,0.014937497169421027,0.03455413308499683,0.03798625349511159,0.015062502830578986,1.12,1.12,1.12,1.12
2.0469642097530305,3.9971392135497683,31.546714002430974,0.03252780624197937,0.02201453270574799,0.014937497358944007,0.03455423308301436,0.03798546729425206,0.015062502641056005,1.12,1.12,1.12,1.12
2.0479503161409367,3.998147777443461,31.548406179110046,0.032527706205548235,0.02201531927341821,0.01493749754856144,0.0345543331194455,0.03798468072658184,0.015062502451438572,1.12,1.12,1.12,1.12
2.04893666100897,3.999156433604364,31.550097561875802,0.03252760613068212,0.02201610620816108,0.014937497738273464,0.03455443319431162,0.037983893791838974,0.015062502261726549,1.12,1.12,1.12,1.12
2.0499232443513367,4.00016518198458,31.551788150436153,0.03252750601735982,0.022016893510236973,0.01493749792808001,0.03455453330763392,0.03798310648976308,0.015062502071920003,1.12,1.12,1.12,1.12
2.05091006616223,4.001174022536184,31.553477944498916,0.03252740586556013,0.022017681179907767,0.014937498117981285,0.034554633459433604,0.03798231882009229,0.015062501882018728,1.12,1.12,1.12,1.12
2.0518971264358288,4.002182955211217,31.555166943771802,0.032527305675261575,0.02201846921743128,0.014937498307977332,0.03455473364973216,0.03798153078256877,0.015062501692022681,1.12,1.12,1.12,1.12
2.0528844251663005,4.003191979961684,31.556855147962423,0.032527205446443164,0.022019257623069555,0.014937498498068108,0.03455483387855057,0.0379807423769305,0.015062501501931905,1.12,1.12,1.12,1.12
2.0538719623478032,4.004201096739561,31.558542556778285,0.032527105179083304,0.022020046397084325,0.014937498688253809,0.03455493414591043,0.03797995360291573,0.015062501311746204,1.12,1.12,1.12,1.12
2.054859737974478,4.00521030549679,31.560229169926785,0.03252700487316079,0.022020835539736272,0.014937498878534405,0.034555034451832944,0.03797916446026378,0.015062501121465607,1.12,1.12,1.12,1.12
2.055847752040456,4.006219606185278,31.56191498711526,0.032526904528654144,0.022021625051284965,0.01493749906890994,0.03455513479633959,0.03797837494871509,0.015062500931090073,1.12,1.12,1.12,1.12
2.0568360045398557,4.0072289987569,31.56360000805089,0.0325268041455421,0.022022414931990975,0.014937499259380482,0.03455523517945164,0.03797758506800908,0.01506250074061953,1.12,1.12,1.12,1.12
2.05782449546678,4.0082384831635025,31.565284232440796,0.032526703723803174,0.02202320518211781,0.014937499449946226,0.03455533560119056,0.03797679481788224,0.015062500550053787,1.12,1.12,1.12,1.12
2.0588132248153252,4.009248059356894,31.566967659991974,0.032526603263416,0.02202399580192277,0.014937499640607116,0.03455543606157774,0.037976004198077284,0.015062500359392897,1.12,1.12,1.12,1.12
2.059802192579569,4.010257727288848,31.568650290411313,0.03252650276435909,0.022024786791669693,0.014937499831363193,0.03455553656063465,0.03797521320833036,0.01506250016863682,1.12,1.12,1.12,1.12
2.06079139875358,4.0112674869111125,31.570332123405635,0.03252640222661096,0.022025578151618763,0.014937500022214653,0.034555637098382774,0.03797442184838129,0.01506249997778536,1.12,1.12,1.12,1.12
2.061780843331413,4.012277338175397,31.572013158681635,0.03252630165015008,0.02202636988203205,0.014937500213161536,0.034555737674843656,0.037973630117968005,0.015062499786838476,1.12,1.12,1.12,1.12
2.06277052630711,4.013287281033378,31.573693395945895,0.03252620103495513,0.022027161983169063,0.014937500404203857,0.03455583829003861,0.03797283801683099,0.015062499595796155,1.12,1.12,1.12,1.12
2.0637604476747007,4.014297315436702,31.575372834904925,0.03252610038100445,0.02202795445529354,0.014937500595341713,0.034555938943989284,0.03797204554470651,0.0150624994046583,1.12,1.12,1.12,1.12
2.0647506074282016,4.015307441336975,31.577051475265108,0.03252599968827635,0.022028747298667523,0.014937500786575061,0.034556039636717384,0.03797125270133253,0.015062499213424951,1.12,1.12,1.12,1.12
2.0657410055616183,4.0163176586857805,31.578729316732748,0.03252589895674973,0.02202954051355066,0.014937500977904139,0.034556140368244004,0.03797045948644939,0.015062499022095874,1.12,1.12,1.12,1.12
2.066731642068941,4.01732796743466,31.580406359014027,0.032525798186402666,0.022030334100204274,0.014937501169328904,0.03455624113859107,0.03796966589979578,0.015062498830671109,1.12,1.12,1.12,1.12
2.067722516944149,4.0183383675351285,31.58208260181504,0.03252569737721367,0.022031128058893845,0.014937501360849481,0.03455634194778007,0.03796887194110621,0.015062498639150532,1.12,1.12,1.12,1.12
2.0687136301812084,4.0193488589386615,31.583758044841773,0.032525596529161094,0.022031922389878417,0.01493750155246587,0.03455644279583264,0.03796807761012164,0.015062498447534142,1.12,1.12,1.12,1.12
2.069704981774072,4.020359441596703,31.585432687800093,0.03252549564222329,0.02203271709342275,0.014937501744178197,0.034556543682770446,0.037967282906577304,0.015062498255821816,1.12,1.12,1.12,1.12
2.070696571716682,4.021370115460667,31.587106530395808,0.03252539471637861,0.022033512169787745,0.01493750193598653,0.03455664460861513,0.03796648783021231,0.015062498064013483,1.12,1.12,1.12,1.12
2.0716884000029627,4.022380880481931,31.588779572334587,0.03252529375160562,0.02203430761923636,0.014937502127890884,0.034556745573388115,0.037965692380763694,0.015062497872109129,1.12,1.12,1.12,1.12
2.072680466626833,4.0233917366118375,31.59045181332202,0.03252519274788229,0.02203510344203022,0.014937502319891355,0.034556846577111444,0.037964896557969835,0.015062497680108658,1.12,1.12,1.12,1.12
2.073672771582191,4.024402683801702,31.592123253063555,0.0325250917051873,0.022035899638433776,0.014937502511987999,0.03455694761980643,0.03796410036156628,0.015062497488012014,1.12,1.12,1.12,1.12
2.074665314862929,4.025413722002799,31.593793891264596,0.032524990623498506,0.022036696208711043,0.0149375027041809,0.03455704870149523,0.03796330379128901,0.015062497295819113,1.12,1.12,1.12,1.12
2.0756580964629228,4.026424851166374,31.595463727630403,0.03252488950279442,0.022037493153124532,0.014937502896470126,0.03455714982219932,0.03796250684687552,0.015062497103529887,1.12,1.12,1.12,1.12
2.0766511163760346,4.027436071243639,31.59713276186615,0.032524788343053446,0.02203829047193806,0.01493750308885583,0.03455725098194029,0.03796170952806199,0.015062496911144183,1.12,1.12,1.12,1.12
2.0776443745961157,4.02844738218577,31.598800993676896,0.03252468714425366,0.02203908816541461,0.014937503281337985,0.034557352180740075,0.03796091183458544,0.015062496718662027,1.12,1.12,1.12,1.12
2.078637871117005,4.029458783943911,31.600468422767605,0.03252458590637314,0.02203988623381803,0.014937503473916688,0.0345574534186206,0.037960113766182024,0.015062496526083324,1.12,1.12,1.12,1.12
2.079631605932524,4.030470276469172,31.602135048843152,0.03252448462939039,0.02204068467741266,0.014937503666591953,0.03455755469560334,0.037959315322587395,0.01506249633340806,1.12,1.12,1.12,1.12
2.0806255790364885,4.03148185971263,31.603800871608286,0.03252438331328322,0.022041483496463232,0.014937503859363876,0.034557656011710514,0.03795851650353682,0.015062496140636136,1.12,1.12,1.12,1.12
2.081619790422694,4.0324935336253285,31.605465890767668,0.03252428195803031,0.02204228269123487,0.014937504052232625,0.034557757366963426,0.03795771730876518,0.015062495947767388,1.12,1.12,1.12,1.12
2.0826142400849283,4.033505298158275,31.607130106025856,0.03252418056360934,0.022043082261989783,0.01493750424519806,0.0345578587613844,0.03795691773801027,0.015062495754801952,1.12,1.12,1.12,1.12
2.0836089280169636,4.034517153262447,31.6087935170873,0.03252407912999872,0.022043882208994642,0.014937504438260446,0.03455796019499502,0.03795611779100541,0.015062495561739567,1.12,1.12,1.12,1.12
2.08460385421256,4.035529098888785,31.61045612365634,0.03252397765717652,0.022044682532512933,0.014937504631419699,0.03455806166781722,0.03795531746748712,0.015062495368580314,1.12,1.12,1.12,1.12
2.0855990186654636,4.0365411349881954,31.612117925437232,0.03252387614512081,0.022045483232811747,0.014937504824676082,0.034558163179872925,0.03795451676718831,0.015062495175323931,1.12,1.12,1.12,1.12
2.0865944213694094,4.037553261511555,31.613778922134102,0.03252377459380967,0.02204628431015615,0.014937505018029595,0.03455826473118406,0.0379537156898439,0.015062494981970417,1.12,1.12,1.12,1.12
2.087590062318117,4.038565478409703,31.615439113451018,0.0325236730032214,0.022047085764810848,0.014937505211480254,0.03455836632177234,0.037952914235189206,0.015062494788519759,1.12,1.12,1.12,1.12
2.0885859415052948,4.039577785633447,31.617098499091895,0.032523571373333615,0.02204788759704296,0.01493750540502814,0.03455846795166012,0.037952112402957094,0.015062494594971873,1.12,1.12,1.12,1.12
2.0895820589246368,4.040590183133555,31.618757078760567,0.032523469704124786,0.02204868980711766,0.014937505598673184,0.03455856962086895,0.03795131019288239,0.015062494401326829,1.12,1.12,1.12,1.12
2.090578414569825,4.0416026708607715,31.620414852160785,0.032523367995572705,0.022049492395301018,0.014937505792415637,0.03455867132942103,0.037950507604699035,0.015062494207584376,1.12,1.12,1.12,1.12
2.091575008434528,4.042615248765799,31.62207181899616,0.03252326624765556,0.02205029536186154,0.014937505986255609,0.03455877307733818,0.037949704638138515,0.015062494013744404,1.12,1.12,1.12,1.12
2.092571840512401,4.043627916799306,31.6237279789702,0.03252316446035103,0.022051098707064065,0.014937506180193044,0.03455887486464271,0.03794890129293599,0.015062493819806969,1.12,1.12,1.12,1.12
2.0935689107970843,4.044640674911933,31.62538333178636,0.03252306263363752,0.022051902431175607,0.014937506374228166,0.034558976691356214,0.037948097568824446,0.015062493625771847,1.12,1.12,1.12,1.12
2.0945662192822097,4.045653523054279,31.627037877147934,0.03252296076749278,0.0220527065344627,0.014937506568360806,0.034559078557500955,0.03794729346553735,0.015062493431639207,1.12,1.12,1.12,1.12
2.0955637659613897,4.046666461176914,31.628691614758132,0.032522858861894655,0.022053511017194605,0.014937506762591243,0.03455918046309908,0.03794648898280545,0.01506249323740877,1.12,1.12,1.12,1.12
2.096561550828229,4.047679489230372,31.63034454432009,0.03252275691682133,0.022054315879639103,0.014937506956919464,0.03455928240817241,0.03794568412036095,0.01506249304308055,1.12,1.12,1.12,1.12
2.0975595738763175,4.048692607165154,31.631996665536782,0.03252265493225048,0.022055121122061594,0.01493750715134555,0.03455938439274325,0.03794487887793846,0.015062492848654463,1.12,1.12,1.12,1.12
2.0985578350992298,4.049705814931726,31.633647978111128,0.032522552908160085,0.022055926744733334,0.01493750734586953,0.03455948641683365,0.03794407325526672,0.015062492654130483,1.12,1.12,1.12,1.12
2.0995563344905284,4.050719112480519,31.63529848174592,0.03252245084452815,0.02205673274791914,0.014937507540491501,0.034559588480465586,0.037943267252080914,0.015062492459508511,1.12,1.12,1.12,1.12
2.1005550720437642,4.051732499761931,31.63694817614386,0.03252234874133242,0.022057539131890902,0.01493750773521163,0.03455969058366132,0.03794246086810915,0.015062492264788382,1.12,1.12,1.12,1.12
2.1015540477524737,4.052745976726325,31.63859706100753,0.03252224659855091,0.022058345896915216,0.014937507930029917,0.03455979272644283,0.03794165410308484,0.015062492069970096,1.12,1.12,1.12,1.12
2.1025532616101783,4.053759543324034,31.640245136039432,0.03252214441616125,0.022059153043261615,0.01493750812494643,0.03455989490883249,0.03794084695673844,0.015062491875053582,1.12,1.12,1.12,1.12
2.1035527136103895,4.054773199505347,31.641892400941927,0.0325220421941414,0.022059960571199466,0.014937508319961143,0.03455999713085234,0.03794003942880059,0.01506249168003887,1.12,1.12,1.12,1.12
2.104552403746602,4.055786945220528,31.643538855417304,0.032521939932469046,0.022060768480997917,0.014937508515074291,0.03456009939252469,0.03793923151900214,0.015062491484925722,1.12,1.12,1.12,1.12
2.1055523320123,4.0568007804198025,31.645184499167733,0.03252183763112215,0.022061576772927693,0.014937508710285943,0.034560201693871584,0.03793842322707236,0.01506249128971407,1.12,1.12,1.12,1.12
2.1065524984009545,4.057814705053362,31.646829331895304,0.0325217352900784,0.022062385447258415,0.014937508905596017,0.034560304034915335,0.03793761455274164,0.015062491094403996,1.12,1.12,1.12,1.12
2.107552902906018,4.0588287190713634,31.648473353301952,0.0325216329093157,0.02206319450425967,0.014937509101004748,0.034560406415678036,0.03793680549574038,0.015062490898995265,1.12,1.12,1.12,1.12
2.108553545520938,4.05984282242393,31.650116563089554,0.032521530488811456,0.022064003944201493,0.014937509296512136,0.03456050883618228,0.03793599605579856,0.015062490703487877,1.12,1.12,1.12,1.12
2.10955442623914,4.06085701506115,31.651758960959867,0.03252142802854374,0.022064813767356,0.01493750949211825,0.034560611296449995,0.03793518623264405,0.015062490507881762,1.12,1.12,1.12,1.12
2.110555545054043,4.061871296933076,31.653400546614535,0.03252132552849013,0.022065623973993476,0.014937509687823147,0.034560713796503606,0.03793437602600658,0.015062490312176866,1.12,1.12,1.12,1.12
2.1115569019590477,4.06288566798973,31.655041319755114,0.03252122298862836,0.022066434564384396,0.014937509883626854,0.034560816336365374,0.03793356543561566,0.015062490116373159,1.12,1.12,1.12,1.12
2.112558496947545,4.063900128181094,31.65668128008305,0.032521120408936066,0.02206724553880035,0.014937510079529592,0.03456091891605767,0.0379327544611997,0.01506248992047042,1.12,1.12,1.12,1.12
2.113560330012909,4.064914677457118,31.658320427299664,0.03252101778939098,0.02206805689751329,0.014937510275531321,0.034561021535602754,0.037931943102486765,0.015062489724468692,1.12,1.12,1.12,1.12
2.1145624011485036,4.06592931576772,31.659958761106203,0.032520915129970795,0.022068868640794853,0.014937510471632165,0.03456112419502294,0.0379311313592052,0.015062489528367848,1.12,1.12,1.12,1.12
2.115564710347678,4.066944043062778,31.661596281203785,0.03252081243065302,0.022069680768917327,0.014937510667832138,0.03456122689434071,0.037930319231082726,0.015062489332167875,1.12,1.12,1.12,1.12
2.1165672576037653,4.067958859292138,31.663232987293448,0.03252070969141524,0.022070493282153936,0.014937510864131379,0.0345613296335785,0.03792950671784612,0.015062489135868634,1.12,1.12,1.12,1.12
2.1175700429100877,4.068973764405614,31.664868879076103,0.03252060691223535,0.022071306180775685,0.01493751106052986,0.034561432412758386,0.03792869381922437,0.015062488939470153,1.12,1.12,1.12,1.12
2.118573066259955,4.06998875835298,31.666503956252555,0.03252050409309071,0.022072119465057022,0.014937511257027844,0.03456153523190303,0.03792788053494303,0.015062488742972169,1.12,1.12,1.12,1.12
2.1195763276466613,4.071003841083978,31.668138218523517,0.03252040123395894,0.02207293313526998,0.014937511453625235,0.034561638091034796,0.037927066864730075,0.015062488546374778,1.12,1.12,1.12,1.12
2.120579827063487,4.0720190125483136,31.669771665589593,0.03252029833481773,0.022073747191688586,0.014937511650322144,0.034561740990176004,0.03792625280831147,0.015062488349677869,1.12,1.12,1.12,1.12
2.1215835645037004,4.073034272695661,31.671404297151277,0.03252019539564449,0.022074561634584766,0.014937511847118723,0.034561843929349245,0.03792543836541529,0.01506248815288129,1.12,1.12,1.12,1.12
2.1225875399605547,4.074049621475658,31.67303611290896,0.032520092416416735,0.02207537646423255,0.014937512044014917,0.034561946908577,0.037924623535767504,0.015062487955985096,1.12,1.12,1.12,1.12
2.1235917534272897,4.075065058837906,31.674667112562936,0.03251998939711204,0.022076191680908408,0.01493751224101092,0.0345620499278817,0.037923808319091645,0.015062487758989093,1.12,1.12,1.12,1.12
2.1245962048971334,4.076080584731969,31.676297295813384,0.032519886337707804,0.022077007284883265,0.014937512438106718,0.03456215298728593,0.03792299271511679,0.015062487561893295,1.12,1.12,1.12,1.12
2.125600894363298,4.077096199107383,31.67792666236037,0.032519783238181665,0.022077823276435204,0.014937512635302477,0.03456225608681207,0.03792217672356485,0.015062487364697535,1.12,1.12,1.12,1.12
2.1266058218189836,4.078111901913643,31.679555211903875,0.03251968009851114,0.022078639655838228,0.01493751283259824,0.0345623592264826,0.037921360344161825,0.015062487167401772,1.12,1.12,1.12,1.12
2.1276109872573743,4.079127693100213,31.68118294414375,0.032519576918673465,0.022079456423366173,0.01493751302999409,0.03456246240632027,0.03792054357663388,0.015062486970005923,1.12,1.12,1.12,1.12
2.128616390671643,4.0801435726165165,31.682809858779756,0.03251947369864622,0.022080273579295817,0.01493751322748993,0.03456256562634752,0.037919726420704236,0.015062486772510084,1.12,1.12,1.12,1.12
2.1296220320549484,4.08115954041195,31.684435955511553,0.03251937043840686,0.022081091123899776,0.014937513425086119,0.03456266888658688,0.03791890887610028,0.015062486574913894,1.12,1.12,1.12,1.12
2.130627911400434,4.082175596435869,31.686061234038682,0.032519267137932684,0.02208190905745744,0.01493751362278252,0.03456277218706105,0.037918090942542615,0.015062486377217493,1.12,1.12,1.12,1.12
2.1316340287012308,4.083191740637594,31.687685694060583,0.032519163797201156,0.022082727380244693,0.014937513820579326,0.03456287552779258,0.03791727261975536,0.015062486179420687,1.12,1.12,1.12,1.12
2.132640383950455,4.084207972966412,31.689309335276576,0.03251906041618963,0.0220835460925361,0.014937514018476483,0.03456297890880411,0.037916453907463954,0.01506248598152353,1.12,1.12,1.12,1.12
2.1336469771412108,4.0852242933715734,31.690932157385916,0.03251895699487539,0.022084365194607325,0.01493751421647413,0.034563082330118344,0.03791563480539273,0.015062485783525884,1.12,1.12,1.12,1.12
2.134653808266587,4.086240701802294,31.692554160087703,0.032518853533236025,0.022085184686737758,0.014937514414572403,0.03456318579175771,0.037914815313262296,0.01506248558542761,1.12,1.12,1.12,1.12
2.1356608773196593,4.087257198207756,31.694175343080964,0.032518750031248544,0.02208600456920462,0.014937514612771305,0.03456328929374519,0.03791399543079543,0.015062485387228708,1.12,1.12,1.12,1.12
2.1366681842934887,4.0882737825371045,31.695795706064587,0.032518646488890524,0.022086824842283054,0.014937514811070904,0.03456339283610321,0.037913175157717,0.015062485188929109,1.12,1.12,1.12,1.12
2.1376757291811255,4.089290454739448,31.6974152487374,0.03251854290613915,0.022087645506253528,0.01493751500947138,0.03456349641885459,0.037912354493746525,0.015062484990528632,1.12,1.12,1.12,1.12
2.138683511975601,4.090307214763863,31.699033970798077,0.0325184392829716,0.022088466561392905,0.014937515207972707,0.034563600042022136,0.03791153343860715,0.015062484792027306,1.12,1.12,1.12,1.12
2.1396915326699353,4.091324062559387,31.700651871945226,0.032518335619365346,0.022089288007977992,0.014937515406574939,0.03456370370562839,0.03791071199202206,0.015062484593425074,1.12,1.12,1.12,1.12
2.1406997912571364,4.0923409980750245,31.702268951877315,0.03251823191529751,0.02209010984628837,0.014937515605278201,0.03456380740969622,0.037909890153711684,0.015062484394721812,1.12,1.12,1.12,1.12
2.1417082877301956,4.093358021259744,31.703885210292725,0.03251812817074562,0.02209093207660484,0.014937515804082618,0.03456391115424812,0.03790906792339521,0.015062484195917394,1.12,1.12,1.12,1.12
2.1427170220820915,4.094375132062477,31.705500646889718,0.03251802438568652,0.02209175469920377,0.014937516002988205,0.03456401493930722,0.037908245300796284,0.015062483997011808,1.12,1.12,1.12,1.12
2.143725994305789,4.095392330432119,31.707115261366454,0.0325179205600975,0.022092577714365125,0.014937516201995071,0.034564118764896234,0.03790742228563493,0.015062483798004941,1.12,1.12,1.12,1.12
2.1447352043942383,4.096409616317538,31.708729053421003,0.03251781669395598,0.022093401122368295,0.014937516401103301,0.034564222631037755,0.03790659887763176,0.015062483598896712,1.12,1.12,1.12,1.12
2.145744652340374,4.097426989667554,31.71034202275129,0.032517712787238695,0.02209422492349239,0.014937516600312922,0.03456432653775504,0.037905775076507664,0.01506248339968709,1.12,1.12,1.12,1.12
2.146754338137122,4.098444450430959,31.711954169055176,0.03251760883992344,0.022095049118018406,0.014937516799624073,0.0345644304850703,0.03790495088198165,0.01506248320037594,1.12,1.12,1.12,1.12
2.1477642617773878,4.099461998556509,31.713565492030384,0.03251750485198668,0.022095873706225233,0.014937516999036768,0.03456453447300706,0.03790412629377482,0.015062483000963245,1.12,1.12,1.12,1.12
2.148774423254068,4.10047963399292,31.715175991374537,0.03251740082340593,0.022096698688394117,0.014937517198551145,0.03456463850158781,0.037903301311605936,0.015062482801448868,1.12,1.12,1.12,1.12
2.1497848225600413,4.101497356688879,31.716785666785164,0.032517296754158376,0.022097524064807778,0.014937517398167233,0.03456474257083536,0.037902475935192276,0.01506248260183278,1.12,1.12,1.12,1.12
2.1507954596881746,4.1025151665930295,31.71839451795966,0.032517192644220816,0.022098349835745268,0.014937517597885058,0.03456484668077292,0.037901650164254785,0.015062482402114954,1.12,1.12,1.12,1.12
2.1518063346313205,4.103533063653986,31.72000254459534,0.032517088493570545,0.02209917600148842,0.014937517797704788,0.03456495083142319,0.037900823998511635,0.015062482202295224,1.12,1.12,1.12,1.12
2.152817447382318,4.104551047820322,31.72160974638939,0.032516984302184526,0.02210000256231809,0.014937517997626493,0.03456505502280921,0.037899997437681965,0.01506248200237352,1.12,1.12,1.12,1.12
2.1538287979339894,4.10556911904058,31.72321612303891,0.03251688007003983,0.022100829518516663,0.01493751819765017,0.0345651592549539,0.03789917048148339,0.015062481802349842,1.12,1.12,1.12,1.12
2.154840386279145,4.1065872772632614,31.72482167424087,0.032516775797113484,0.022101656870365305,0.014937518397776017,0.03456526352788025,0.03789834312963475,0.015062481602223995,1.12,1.12,1.12,1.12
2.1558522124105823,4.107605522436836,31.726426399692144,0.032516671483382664,0.022102484618147872,0.014937518598003963,0.03456536784161107,0.03789751538185218,0.01506248140199605,1.12,1.12,1.12,1.12
2.1568642763210804,4.108623854509737,31.72803029908951,0.032516567128824114,0.022103312762146665,0.014937518798334132,0.03456547219616962,0.03789668723785339,0.015062481201665881,1.12,1.12,1.12,1.12
2.1578765780034095,4.1096422734303575,31.729633372129605,0.03251646273341491,0.022104141302644154,0.014937518998766747,0.03456557659157883,0.0378958586973559,0.015062481001233266,1.12,1.12,1.12,1.12
2.1588891174503204,4.11066077914706,31.73123561850899,0.032516358297132064,0.022104970239923194,0.014937519199301752,0.03456568102786167,0.03789502976007686,0.01506248080069826,1.12,1.12,1.12,1.12
2.159901894654553,4.111679371608168,31.732837037924106,0.032516253819952434,0.022105799574268364,0.014937519399939259,0.0345657855050413,0.03789420042573169,0.015062480600060754,1.12,1.12,1.12,1.12
2.1609149096088323,4.11269805076197,31.73443763007127,0.0325161493018532,0.02210662930596377,0.014937519600679322,0.03456589002314053,0.03789337069403628,0.01506248039932069,1.12,1.12,1.12,1.12
2.1619281623058693,4.113716816556717,31.736037394646715,0.032516044742811,0.022107459435291854,0.01493751980152197,0.034565994582182735,0.0378925405647082,0.015062480198478043,1.12,1.12,1.12,1.12
2.1629416527383607,4.114735668940623,31.73763633134658,0.032515940142802846,0.02210828996253733,0.01493752000246737,0.03456609918219089,0.03789171003746272,0.015062479997532643,1.12,1.12,1.12,1.12
2.163955380898987,4.115754607861871,31.73923443986682,0.03251583550180559,0.0221091208879845,0.014937520203515575,0.034566203823188146,0.03789087911201555,0.015062479796484438,1.12,1.12,1.12,1.12
2.1649693467804165,4.116773633268603,31.740831719903383,0.032515730819796196,0.022109952211919415,0.014937520404666713,0.03456630850519754,0.03789004778808064,0.0150624795953333,1.12,1.12,1.12,1.12
2.165983550375304,4.1177927451089245,31.742428171152028,0.03251562609675146,0.022110783934626094,0.014937520605920795,0.034566413228242276,0.03788921606537396,0.015062479394079217,1.12,1.12,1.12,1.12
2.1669979916762867,4.1188119433309085,31.744023793308465,0.032515521332648234,0.02211161605638995,0.014937520807277865,0.0345665179923455,0.037888383943610104,0.015062479192722147,1.12,1.12,1.12,1.12
2.16801267067599,4.11983122788259,31.74561858606824,0.03251541652746326,0.02211244857749667,0.014937521008738117,0.03456662279753048,0.037887551422503385,0.015062478991261896,1.12,1.12,1.12,1.12
2.169027587367026,4.1208505987119635,31.74721254912683,0.03251531168117361,0.022113281498232246,0.01493752121030148,0.03456672764382013,0.03788671850176781,0.015062478789698533,1.12,1.12,1.12,1.12
2.1700427417419883,4.121870055766994,31.748805682179594,0.032515206793755635,0.02211411481888198,0.014937521411968177,0.0345668325312381,0.03788588518111807,0.015062478588031836,1.12,1.12,1.12,1.12
2.171058133793461,4.122889598995606,31.75039798492176,0.032515101865186635,0.022114948539733226,0.014937521613738194,0.0345669374598071,0.03788505146026683,0.015062478386261818,1.12,1.12,1.12,1.12
2.1720737635140086,4.123909228345688,31.751989457048474,0.03251499689544285,0.02211578266107228,0.014937521815611657,0.03456704242955089,0.03788421733892777,0.015062478184388356,1.12,1.12,1.12,1.12
2.1730896308961865,4.124928943765092,31.753580098254773,0.03251489188450141,0.02211661718318597,0.014937522017588509,0.03456714744049233,0.03788338281681408,0.015062477982411504,1.12,1.12,1.12,1.12
2.1741057359325313,4.125948745201636,31.755169908235573,0.03251478683233894,0.0221174521063619,0.014937522219669111,0.0345672524926548,0.03788254789363815,0.015062477780330902,1.12,1.12,1.12,1.12
2.1751220786155683,4.126968632603097,31.756758886685674,0.03251468173893213,0.02211828743088773,0.014937522421853311,0.03456735758606161,0.037881712569112325,0.015062477578146702,1.12,1.12,1.12,1.12
2.1761386589378056,4.127988605917218,31.758347033299792,0.032514576604257606,0.022119123157051668,0.014937522624141247,0.03456746272073613,0.037880876842948386,0.015062477375858765,1.12,1.12,1.12,1.12
2.177155476891739,4.129008665091706,31.7599343477725,0.03251447142829211,0.02211995928514046,0.01493752282653299,0.03456756789670162,0.03788004071485959,0.015062477173467023,1.12,1.12,1.12,1.12
2.178172532469848,4.130028810074232,31.761520829798286,0.032514366211012447,0.02212079581544349,0.014937523029028621,0.03456767311398129,0.037879204184556564,0.015062476970971392,1.12,1.12,1.12,1.12
2.1791898256646003,4.131049040812426,31.763106479071524,0.0325142609523949,0.022121632748248077,0.014937523231628252,0.034567778372598834,0.037878367251751976,0.01506247676837176,1.12,1.12,1.12,1.12
2.1802073564684465,4.132069357253886,31.764691295286482,0.032514155652416554,0.022122470083845658,0.014937523434331926,0.03456788367257718,0.037877529916154395,0.015062476565668087,1.12,1.12,1.12,1.12
2.181225124873823,4.13308975934617,31.766275278137307,0.032514050311053755,0.022123307822523697,0.01493752363713971,0.03456798901393998,0.037876692177476357,0.015062476362860303,1.12,1.12,1.12,1.12
2.1822431308731525,4.134110247036803,31.767858427318046,0.03251394492828297,0.022124145964571684,0.014937523840051758,0.03456809439671077,0.03787585403542837,0.015062476159948254,1.12,1.12,1.12,1.12
2.183261374458842,4.13513082027327,31.76944074252261,0.032513839504081155,0.022124984510278667,0.014937524043068112,0.03456819982091258,0.037875015489721386,0.0150624759569319,1.12,1.12,1.12,1.12
2.1842798556232856,4.1361514790030185,31.77102222344486,0.03251373403842456,0.0221258234599348,0.014937524246188896,0.03456830528656918,0.03787417654006525,0.015062475753811116,1.12,1.12,1.12,1.12
2.1852985743588604,4.1371722231734624,31.772602869778474,0.03251362853128986,0.0221266628138313,0.014937524449414,0.034568410793703874,0.037873337186168754,0.015062475550586013,1.12,1.12,1.12,1.12
2.1863175306579317,4.138193052731975,31.774182681217077,0.03251352298265375,0.022127502572259622,0.014937524652743686,0.03456851634233998,0.03787249742774043,0.015062475347256327,1.12,1.12,1.12,1.12
2.187336724512847,4.139213967625896,31.775761657454154,0.032513417392492416,0.022128342735507622,0.014937524856178025,0.03456862193250132,0.03787165726449243,0.015062475143821988,1.12,1.12,1.12,1.12
2.1883561559159426,4.140234967802528,31.777339798183085,0.03251331176078259,0.022129183303868122,0.014937525059717141,0.034568727564211144,0.03787081669613193,0.015062474940282872,1.12,1.12,1.12,1.12
2.189375824859536,4.141256053209134,31.778917103097143,0.032513206087500635,0.02213002427763261,0.014937525263360951,0.0345688332374931,0.037869975722367444,0.015062474736639062,1.12,1.12,1.12,1.12
2.190395731335934,4.142277223792941,31.780493571889494,0.032513100372623116,0.022130865657092408,0.01493752546710958,0.03456893895237062,0.037869134342907645,0.015062474532890432,1.12,1.12,1.12,1.12
2.1914158753374253,4.14329847950114,31.78206920425319,0.032512994616126334,0.022131707442538895,0.014937525670963181,0.0345690447088674,0.03786829255746116,0.015062474329036832,1.12,1.12,1.12,1.12
2.192436256856287,4.144319820280883,31.783643999881164,0.03251288881798692,0.022132549634263976,0.014937525874921836,0.03456915050700682,0.03786745036573608,0.015062474125078176,1.12,1.12,1.12,1.12
2.1934568758847797,4.145341246079288,31.785217958466255,0.03251278297818122,0.022133392232561805,0.014937526078985602,0.034569256346812516,0.03786660776743825,0.01506247392101441,1.12,1.12,1.12,1.12
2.1944777324151494,4.1463627568434305,31.786791079701175,0.03251267709668554,0.022134235237724953,0.014937526283154548,0.0345693622283082,0.0378657647622751,0.015062473716845465,1.12,1.12,1.12,1.12
2.1954988264396254,4.147384352520356,31.788363363278535,0.03251257117347656,0.02213507865004477,0.014937526487428673,0.03456946815151718,0.03786492134995528,0.01506247351257134,1.12,1.12,1.12,1.12
2.1965201579504257,4.148406033057067,31.78993480889084,0.032512465208530184,0.022135922469815272,0.014937526691808228,0.03456957411646355,0.03786407753018478,0.015062473308191784,1.12,1.12,1.12,1.12
2.197541726939751,4.149427798400531,31.791505416230464,0.032512359201823215,0.022136766697331722,0.014937526896293074,0.03456968012317052,0.03786323330266833,0.015062473103706939,1.12,1.12,1.12,1.12
2.198563533399789,4.150449648497679,31.793075184989696,0.03251225315333167,0.022137611332885693,0.014937527100883474,0.034569786171662065,0.03786238866711436,0.015062472899116539,1.12,1.12,1.12,1.12
2.1995855773227113,4.1514715832953994,31.794644114860688,0.03251214706303207,0.022138456376773002,0.014937527305579484,0.034569892261961666,0.03786154362322705,0.015062472694420528,1.12,1.12,1.12,1.12
2.200607858700674,4.152493602740552,31.79621220553551,0.0325120409309006,0.0221393018292865,0.014937527510381188,0.03456999839409314,0.03786069817071355,0.015062472489618825,1.12,1.12,1.12,1.12
2.20163037752582,4.153515706779952,31.79777945670609,0.03251193475691366,0.022140147690721618,0.014937527715288598,0.03457010456808007,0.037859852309278436,0.015062472284711415,1.12,1.12,1.12,1.12
2.2026531337902755,4.154537895360383,31.799345868064258,0.032511828541047394,0.022140993961373645,0.014937527920301855,0.03457021078394634,0.03785900603862641,0.015062472079698158,1.12,1.12,1.12,1.12
2.2036761274861525,4.1555601684285834,31.800911439301743,0.0325117222832782,0.02214184064153843,0.014937528125420957,0.03457031704171554,0.037858159358461624,0.015062471874579056,1.12,1.12,1.12,1.12
2.2046993586055503,4.156582525931261,31.802476170110154,0.032511615983582154,0.022142687731510013,0.014937528330646169,0.03457042334141158,0.03785731226849004,0.015062471669353844,1.12,1.12,1.12,1.12
2.2057228271405496,4.157604967815082,31.80404006018098,0.03251150964193561,0.02214353523158541,0.014937528535977435,0.03457052968305813,0.037856464768414644,0.015062471464022578,1.12,1.12,1.12,1.12
2.2067465330832166,4.158627494026681,31.805603109205613,0.03251140325831464,0.02214438314206041,0.014937528741414852,0.034570636066679095,0.037855616857939645,0.015062471258585161,1.12,1.12,1.12,1.12
2.207770476425605,4.159650104512645,31.807165316875313,0.0325112968326956,0.022145231463231663,0.014937528946958462,0.034570742492298134,0.03785476853676839,0.015062471053041551,1.12,1.12,1.12,1.12
2.208794657159751,4.160672799219532,31.808726682881257,0.032511190365054565,0.022146080195394907,0.014937529152608361,0.03457084895993917,0.037853919804605146,0.015062470847391651,1.12,1.12,1.12,1.12
2.2098190752776774,4.161695578093859,31.81028720691448,0.03251108385536772,0.022146929338847876,0.014937529358364676,0.03457095546962602,0.03785307066115218,0.015062470641635337,1.12,1.12,1.12,1.12
2.21084373077139,4.162718441082106,31.81184688866594,0.03251097730361108,0.02214777889388775,0.014937529564227489,0.03457106202138266,0.037852221106112305,0.015062470435772524,1.12,1.12,1.12,1.12
2.211868623632883,4.163741388130714,31.81340572782645,0.03251087070976094,0.022148628860812175,0.014937529770196883,0.034571168615232795,0.03785137113918788,0.01506247022980313,1.12,1.12,1.12,1.12
2.212893753854132,4.1647644191860875,31.814963724086724,0.03251076407379333,0.022149479239918862,0.014937529976272831,0.034571275251200406,0.03785052076008119,0.015062470023727181,1.12,1.12,1.12,1.12
2.213919121427098,4.165787534194593,31.816520877137364,0.03251065739568437,0.02215033003150585,0.014937530182455624,0.034571381929309364,0.037849669968494204,0.015062469817544388,1.12,1.12,1.12,1.12
2.2149447263437287,4.166810733102559,31.81807718666886,0.032510550675410144,0.02215118123587151,0.014937530388745152,0.03457148864958359,0.037848818764128545,0.015062469611254861,1.12,1.12,1.12,1.12
2.215970568595956,4.1678340158562746,31.81963265237158,0.03251044391294655,0.022152032853314657,0.014937530595141593,0.034571595412047185,0.037847967146685396,0.01506246940485842,1.12,1.12,1.12,1.12
2.216996648175695,4.168857382401995,31.8211872739358,0.03251033710826989,0.02215288488413608,0.01493753080164506,0.03457170221672384,0.03784711511586397,0.015062469198354952,1.12,1.12,1.12,1.12
2.2180229650748475,4.169880832685934,31.822741051051665,0.03251023026135608,0.022153737328631296,0.014937531008255484,0.03457180906363766,0.03784626267136876,0.01506246899174453,1.12,1.12,1.12,1.12
2.2190495192852984,4.170904366654269,31.82429398340922,0.03251012337218173,0.022154590187103418,0.014937531214973085,0.034571915952812005,0.037845409812896635,0.015062468785026928,1.12,1.12,1.12,1.12
2.2200763107989205,4.171927984253135,31.82584607069839,0.03251001644072493,0.022155443459851293,0.014937531421797892,0.034572022884268805,0.03784455654014876,0.01506246857820212,1.12,1.12,1.12,1.12
2.2211033396075672,4.172951685428638,31.82739731260898,0.03250990946696175,0.022156297147174098,0.014937531628730044,0.034572129858031986,0.037843702852825956,0.015062468371269969,1.12,1.12,1.12,1.12
2.222130605703079,4.173975470126838,31.82894770883071,0.03250980245086793,0.022157151249372786,0.014937531835769624,0.034572236874125806,0.03784284875062727,0.015062468164230389,1.12,1.12,1.12,1.12
2.223158109077282,4.17499933829376,31.830497259053146,0.032509695392419324,0.022158005766748506,0.014937532042916604,0.03457234393257441,0.03784199423325155,0.015062467957083409,1.12,1.12,1.12,1.12
2.224185849721986,4.17602328987539,31.832045962965772,0.03250958829159167,0.022158860699602073,0.014937532250171165,0.03457245103340206,0.03784113930039798,0.015062467749828848,1.12,1.12,1.12,1.12
2.2252138276289832,4.177047324817677,31.83359382025796,0.03250948114836072,0.022159716048233524,0.014937532457533445,0.03457255817663302,0.03784028395176653,0.015062467542466568,1.12,1.12,1.12,1.12
2.2262420427900538,4.178071443066529,31.835140830618947,0.03250937396270226,0.022160571812945895,0.014937532665003334,0.03457266536229148,0.03783942818705416,0.01506246733499668,1.12,1.12,1.12,1.12
2.2272704951969615,4.179095644567821,31.83668699373787,0.03250926673459198,0.02216142799403964,0.014937532872581108,0.03457277259040176,0.037838572005960414,0.015062467127418905,1.12,1.12,1.12,1.12
2.2282991848414544,4.180119929267383,31.838232309303756,0.03250915946400579,0.022162284591817683,0.014937533080266713,0.03457287986098795,0.03783771540818237,0.0150624669197333,1.12,1.12,1.12,1.12
2.2293281117152652,4.181144297111012,31.83977677700551,0.03250905215091909,0.022163141606582115,0.014937533288060342,0.03457298717407464,0.03783685839341794,0.01506246671193967,1.12,1.12,1.12,1.12
2.2303572758101122,4.182168748044464,31.841320396531934,0.032508944795307915,0.02216399903863564,0.014937533495961997,0.03457309452968582,0.03783600096136441,0.015062466504038016,1.12,1.12,1.12,1.12
2.2313866771176953,4.183193282013458,31.842863167571693,0.03250883739714766,0.02216485688828257,0.014937533703971717,0.034573201927846076,0.037835143111717484,0.015062466296028296,1.12,1.12,1.12,1.12
2.2324163156297034,4.184217898963674,31.844405089813378,0.032508729956414295,0.02216571515582544,0.014937533912089768,0.03457330936857944,0.037834284844174615,0.015062466087910245,1.12,1.12,1.12,1.12
2.2334461913378063,4.185242598840753,31.84594616294543,0.03250862247308328,0.022166573841567866,0.014937534120315996,0.034573416851910455,0.03783342615843219,0.015062465879684017,1.12,1.12,1.12,1.12
2.234476304233661,4.186267381590298,31.8474863866562,0.03250851494713031,0.022167432945813997,0.014937534328650706,0.03457352437786343,0.037832567054186056,0.015062465671349307,1.12,1.12,1.12,1.12
2.2355066543089057,4.187292247157875,31.849025760633893,0.03250840737853111,0.022168292468868478,0.014937534537093844,0.034573631946462624,0.037831707531131575,0.015062465462906169,1.12,1.12,1.12,1.12
2.2365372415551668,4.188317195489007,31.85056428456665,0.032508299767261106,0.02216915241103501,0.014937534745645561,0.03457373955773263,0.037830847588965044,0.015062465254354451,1.12,1.12,1.12,1.12
2.237568065964053,4.189342226529184,31.85210195814245,0.032508192113295975,0.022170012772618486,0.014937534954305942,0.03457384721169776,0.03782998722738157,0.01506246504569407,1.12,1.12,1.12,1.12
2.238599127527157,4.190367340223852,31.85363878104919,0.032508084416611516,0.02217087355392336,0.014937535163074986,0.03457395490838222,0.037829126446076694,0.015062464836925027,1.12,1.12,1.12,1.12
2.239630426236057,4.191392536518424,31.855174752974634,0.03250797667718297,0.022171734755256495,0.01493753537195286,0.034574062647810766,0.03782826524474356,0.015062464628047154,1.12,1.12,1.12,1.12
2.2406619620823167,4.1924178153582705,31.856709873606434,0.032507868894986136,0.02217259637692251,0.014937535580939632,0.0345741704300076,0.03782740362307754,0.015062464419060381,1.12,1.12,1.12,1.12
2.2416937350574826,4.193443176688722,31.85824414263216,0.03250776106999642,0.022173458419226855,0.014937535790035414,0.034574278254997315,0.0378265415807732,0.015062464209964599,1.12,1.12,1.12,1.12
2.2427257451530838,4.194468620455075,31.8597775597392,0.03250765320218946,0.022174320882477894,0.014937535999240248,0.03457438612280428,0.03782567911752216,0.015062464000759765,1.12,1.12,1.12,1.12
2.2437579923606386,4.195494146602582,31.86131012461488,0.03250754529154065,0.02217518376698044,0.0149375362085543,0.034574494033453085,0.037824816233019615,0.015062463791445713,1.12,1.12,1.12,1.12
2.2447904766716458,4.196519755076461,31.862841836946416,0.032507437338025635,0.02217604707304277,0.014937536417977487,0.0345746019869681,0.03782395292695728,0.015062463582022526,1.12,1.12,1.12,1.12
2.2458231980775896,4.197545445821887,31.86437269642088,0.03250732934161987,0.022176910800970645,0.014937536627510059,0.034574709983373864,0.03782308919902941,0.015062463372489954,1.12,1.12,1.12,1.12
2.246856156569938,4.198571218784003,31.865902702725244,0.032507221302298606,0.022177774951071316,0.014937536837152002,0.03457481802269513,0.03782222504892874,0.015062463162848011,1.12,1.12,1.12,1.12
2.247889352140143,4.199597073907903,31.86743185554635,0.032507113220037576,0.022178639523653176,0.01493753704690344,0.03457492610495616,0.03782136047634688,0.015062462953096573,1.12,1.12,1.12,1.12
2.2489227847796447,4.200623011138649,31.868960154570956,0.032507005094812025,0.022179504519024562,0.014937537256764444,0.03457503423018171,0.03782049548097549,0.015062462743235569,1.12,1.12,1.12,1.12
2.2499564544798623,4.201649030421265,31.87048759948567,0.03250689692659753,0.022180369937492617,0.014937537466735124,0.03457514239839621,0.03781963006250744,0.01506246253326489,1.12,1.12,1.12,1.12
2.2509903612322018,4.20267513170073,31.872014189977016,0.03250678871536944,0.022181235779367175,0.014937537676815521,0.0345752506096243,0.03781876422063288,0.015062462323184492,1.12,1.12,1.12,1.12
2.252024505028052,4.20370131492199,31.87353992573137,0.032506680461103055,0.02218210204495813,0.014937537887005817,0.03457535886389068,0.037817897955041924,0.015062462112994196,1.12,1.12,1.12,1.12
2.2530588858587888,4.204727580029948,31.875064806435034,0.03250657216377384,0.022182968734572983,0.014937538097306066,0.0345754671612199,0.03781703126542707,0.015062461902693947,1.12,1.12,1.12,1.12
2.2540935037157697,4.205753926969467,31.876588831774164,0.0325064638233572,0.022183835848521655,0.014937538307716325,0.034575575501636535,0.0378161641514784,0.015062461692283688,1.12,1.12,1.12,1.12
2.2551283585903352,4.206780355685375,31.878112001434793,0.03250635543982827,0.022184703387112953,0.014937538518236523,0.034575683885165465,0.0378152966128871,0.01506246148176349,1.12,1.12,1.12,1.12
2.256163450473814,4.207806866122459,31.879634315102862,0.03250624701316268,0.022185571350658573,0.014937538728867036,0.034575792311831055,0.03781442864934148,0.015062461271132976,1.12,1.12,1.12,1.12
2.2571987793575143,4.208833458225464,31.881155772464204,0.03250613854333545,0.022186439739470404,0.014937538939607697,0.034575900781658286,0.03781356026052965,0.015062461060392315,1.12,1.12,1.12,1.12
2.2582343452327334,4.2098601319391,31.882676373204497,0.032506030030322264,0.02218730855385645,0.014937539150458756,0.03457600929467147,0.037812691446143604,0.015062460849541257,1.12,1.12,1.12,1.12
2.2592701480907484,4.210886887208034,31.88419611700934,0.032505921474097976,0.022188177794128988,0.01493753936142024,0.03457611785089576,0.037811822205871065,0.015062460638579772,1.12,1.12,1.12,1.12
2.260306187922823,4.211913723976895,31.885715003564208,0.032505812874637885,0.0221890474605983,0.014937539572492303,0.03457622645035585,0.037810952539401754,0.01506246042750771,1.12,1.12,1.12,1.12
2.2613424647202027,4.212940642190275,31.88723303255444,0.032505704231917676,0.022189917553577104,0.014937539783674902,0.03457633509307606,0.03781008244642295,0.01506246021632511,1.12,1.12,1.12,1.12
2.262378978474119,4.213967641792723,31.888750203665282,0.03250559554591215,0.02219078807337682,0.014937539994968288,0.03457644377908159,0.03780921192662323,0.015062460005031725,1.12,1.12,1.12,1.12
2.263415729175787,4.2149947227287505,31.890266516581853,0.032505486816596874,0.022191659020310534,0.01493754020637239,0.03457655250839686,0.03780834097968952,0.015062459793627622,1.12,1.12,1.12,1.12
2.264452716816406,4.216021884942827,31.891781970989165,0.03250537804394665,0.022192530394688964,0.014937540417887404,0.03457666128104708,0.03780746960531109,0.015062459582112608,1.12,1.12,1.12,1.12
2.2654899413871568,4.217049128379387,31.893296566572097,0.03250526922793695,0.02219340219682689,0.014937540629513357,0.034576770097056786,0.037806597803173164,0.015062459370486656,1.12,1.12,1.12,1.12
2.266527402879208,4.21807645298282,31.894810303015433,0.032505160368542896,0.022194274427035143,0.014937540841250263,0.03457687895645084,0.03780572557296491,0.01506245915874975,1.12,1.12,1.12,1.12
2.2675651012837106,4.219103858697479,31.89632318000382,0.03250505146573973,0.022195147085628836,0.014937541053098288,0.034576987859254005,0.03780485291437122,0.015062458946901724,1.12,1.12,1.12,1.12
2.268603036591797,4.2201313454676805,31.897835197221816,0.03250494251950237,0.022196020172921882,0.014937541265057613,0.03457709680549137,0.03780397982707817,0.0150624587349424,1.12,1.12,1.12,1.12
2.2696412087945874,4.221158913237693,31.899346354353824,0.03250483352980604,0.022196893689228364,0.014937541477128155,0.03457720579518769,0.03780310631077169,0.015062458522871858,1.12,1.12,1.12,1.12
2.2706796178831845,4.222186561951753,31.900856651084162,0.03250472449662595,0.022197767634863197,0.014937541689310219,0.03457731482836779,0.037802232365136856,0.015062458310689794,1.12,1.12,1.12,1.12
2.2717182638486735,4.2232142915540525,31.902366087097022,0.03250461541993932,0.02219864201013988,0.01493754190160372,0.034577423905054416,0.037801357989860174,0.015062458098396292,1.12,1.12,1.12,1.12
2.2727571466821237,4.2242421019887475,31.90387466207647,0.03250450629972085,0.022199516815373854,0.014937542114008731,0.03457753302527289,0.0378004831846262,0.015062457885991282,1.12,1.12,1.12,1.12
2.273796266374591,4.225269993199949,31.90538237570646,0.03250439713594577,0.022200392050880813,0.014937542326525471,0.034577642189047963,0.03779960794911924,0.015062457673474541,1.12,1.12,1.12,1.12
2.274835622917111,4.226297965131734,31.906889227670852,0.03250428792858906,0.022201267716974393,0.014937542539153942,0.03457775139640468,0.03779873228302566,0.015062457460846071,1.12,1.12,1.12,1.12
2.2758752163007068,4.227326017728134,31.90839521765335,0.032504178677625784,0.022202143813972453,0.014937542751894212,0.03457786064736795,0.0377978561860276,0.015062457248105801,1.12,1.12,1.12,1.12
2.2769150465163834,4.2283541509331455,31.90990034533756,0.0325040693830308,0.022203020342190155,0.014937542964746392,0.03457796994196294,0.0377969796578099,0.01506245703525362,1.12,1.12,1.12,1.12
2.2779551135551293,4.229382364690722,31.91140461040699,0.032503960044779234,0.02220389730194447,0.014937543177710594,0.0345780792802145,0.037796102698055584,0.015062456822289419,1.12,1.12,1.12,1.12
2.278995417407916,4.230410658944779,31.91290801254498,0.032503850662846,0.022204774693552698,0.014937543390786803,0.034578188662147735,0.037795225306447355,0.01506245660921321,1.12,1.12,1.12,1.12
2.280035958065701,4.231439033639189,31.9144105514348,0.03250374123720601,0.022205652517331365,0.014937543603975242,0.03457829808778773,0.03779434748266869,0.01506245639602477,1.12,1.12,1.12,1.12
2.281076735519425,4.232467488717786,31.915912226759588,0.032503631767834384,0.022206530773597855,0.014937543817276022,0.03457840755715935,0.0377934692264022,0.01506245618272399,1.12,1.12,1.12,1.12
2.28211774976001,4.233496024124365,31.917413038202355,0.03250352225470571,0.022207409462670857,0.014937544030689143,0.03457851707028803,0.037792590537329196,0.01506245596931087,1.12,1.12,1.12,1.12
2.2831590007783644,4.234524639802681,31.918912985446013,0.03250341269779522,0.022208288584867397,0.01493754424421466,0.03457862662719852,0.037791711415132656,0.015062455755785353,1.12,1.12,1.12,1.12
2.284200488565379,4.235553335696443,31.92041206817334,0.03250330309707755,0.02220916814050722,0.014937544457852614,0.034578736227916185,0.037790831859492835,0.015062455542147399,1.12,1.12,1.12,1.12
2.2852422131119288,4.23658211174933,31.921910286066996,0.03250319345252778,0.022210048129906318,0.014937544671603298,0.03457884587246596,0.037789951870093735,0.015062455328396715,1.12,1.12,1.12,1.12
2.2862841744088698,4.237610967904972,31.923407638809536,0.03250308376412053,0.022210928553385717,0.014937544885466641,0.034578955560873204,0.037789071446614336,0.015062455114533371,1.12,1.12,1.12,1.12
2.2873263724470463,4.238639904106962,31.924904126083376,0.03250297403183078,0.0222118094112648,0.014937545099442798,0.03457906529316296,0.037788190588735254,0.015062454900557215,1.12,1.12,1.12,1.12
2.288368807217283,4.239668920298851,31.92639974757084,0.03250286425563337,0.02221269070386328,0.014937545313531808,0.03457917506936037,0.03778730929613677,0.015062454686468205,1.12,1.12,1.12,1.12
2.2894114787103876,4.240698016424155,31.927894502954132,0.03250275443550299,0.02221357243150021,0.014937545527733895,0.03457928488949075,0.03778642756849984,0.015062454472266118,1.12,1.12,1.12,1.12
2.2904543869171525,4.2417271924263416,31.92938839191529,0.032502644571414496,0.022214454594497196,0.014937545742049002,0.03457939475357924,0.03778554540550286,0.01506245425795101,1.12,1.12,1.12,1.12
2.291497531828354,4.242756448248844,31.93088141413631,0.032502534663342575,0.02221533719317384,0.014937545956477297,0.03457950466165116,0.037784662806826214,0.015062454043522716,1.12,1.12,1.12,1.12
2.2925409134347507,4.243785783835052,31.932373569299003,0.03250242471126197,0.022216220227851136,0.014937546171018778,0.03457961461373177,0.03778377977214892,0.015062453828981234,1.12,1.12,1.12,1.12
2.293584531727087,4.2448151991283165,31.93386485708509,0.032502314715147584,0.02221710369884891,0.014937546385673572,0.03457972460984615,0.03778289630115114,0.01506245361432644,1.12,1.12,1.12,1.12
2.2946283866960875,4.245844694071944,31.935355277176185,0.032502204674974,0.02221798760649074,0.01493754660044179,0.034579834650019736,0.03778201239350931,0.015062453399558223,1.12,1.12,1.12,1.12
2.295672478332461,4.246874268609207,31.936844829253772,0.0325020945907159,0.02221887195109684,0.014937546815323527,0.034579944734277834,0.03778112804890321,0.015062453184676486,1.12,1.12,1.12,1.12
2.296716806626902,4.247903922683331,31.938333512999208,0.03250198446234798,0.022219756732990203,0.01493754703031884,0.03458005486264576,0.03778024326700985,0.015062452969681173,1.12,1.12,1.12,1.12
2.297761371570086,4.248933656237507,31.93982132809373,0.03250187428984491,0.02222064195249354,0.01493754724542791,0.034580165035148824,0.03777935804750651,0.015062452754572103,1.12,1.12,1.12,1.12
2.298806173152672,4.249963469214879,31.94130827421847,0.03250176407318134,0.022221527609930125,0.01493754746065068,0.0345802752518124,0.03777847239006993,0.015062452539349333,1.12,1.12,1.12,1.12
2.299851211365304,4.250993361558552,31.942794351054445,0.03250165381233194,0.022222413705621585,0.014937547675987345,0.03458038551266179,0.03777758629437847,0.015062452324012668,1.12,1.12,1.12,1.12
2.3008964861986088,4.252023333211594,31.94427955828253,0.03250154350727119,0.022223300239891636,0.014937547891437988,0.034580495817722545,0.03777669976010842,0.015062452108562024,1.12,1.12,1.12,1.12
2.301941997643194,4.253053384117027,31.945763895583482,0.032501433157973825,0.022224187213063795,0.014937548107002693,0.03458060616701991,0.03777581278693626,0.01506245189299732,1.12,1.12,1.12,1.12
2.3029877456896535,4.254083514217837,31.94724736263798,0.032501322764414364,0.02222507462546275,0.014937548322681543,0.03458071656057937,0.037774925374537305,0.01506245167731847,1.12,1.12,1.12,1.12
2.304033730328564,4.2551137234569625,31.94872995912653,0.03250121232656733,0.022225962477412348,0.014937548538474607,0.034580826998426406,0.037774037522587706,0.015062451461525406,1.12,1.12,1.12,1.12
2.305079951550482,4.256144011777309,31.95021168472956,0.0325011018444073,0.022226850769237777,0.014937548754381996,0.03458093748058644,0.037773149230762276,0.015062451245618017,1.12,1.12,1.12,1.12
2.3061264093459535,4.257174379121735,31.951692539127336,0.032500991317908845,0.022227739501263555,0.014937548970403752,0.03458104800708489,0.0377722604987365,0.01506245102959626,1.12,1.12,1.12,1.12
2.307173103705503,4.258204825433062,31.95317252200006,0.03250088074704632,0.02222862867381531,0.01493754918654007,0.03458115857794741,0.037771371326184744,0.015062450813459943,1.12,1.12,1.12,1.12
2.3082200346196378,4.259235350654066,31.954651633027744,0.03250077013179431,0.022229518287219252,0.014937549402790906,0.034581269193199426,0.0377704817127808,0.015062450597209107,1.12,1.12,1.12,1.12
2.3092672020788525,4.260265954727487,31.95612987189036,0.032500659472127325,0.022230408341800012,0.014937549619156554,0.03458137985286641,0.03776959165820004,0.015062450380843459,1.12,1.12,1.12,1.12
2.3103146060736193,4.26129663759602,31.9576072382677,0.03250054876801972,0.02223129883788383,0.01493754983563697,0.034581490556974015,0.037768701162116225,0.015062450164363042,1.12,1.12,1.12,1.12
2.3113622465943995,4.262327399202319,31.959083731839456,0.032500438019446076,0.022232189775798494,0.014937550052232157,0.03458160130554766,0.03776781022420156,0.015062449947767856,1.12,1.12,1.12,1.12
2.3124101236316315,4.263358239489,31.960559352285202,0.032500327226380576,0.022233081155869305,0.01493755026894239,0.03458171209861316,0.03776691884413075,0.015062449731057623,1.12,1.12,1.12,1.12
2.313458237175742,4.264389158398634,31.96203409928438,0.03250021638879802,0.022233972978425665,0.014937550485767684,0.034581822936195716,0.03776602702157439,0.015062449514232329,1.12,1.12,1.12,1.12
2.314506587217137,4.265420155873753,31.96350797251634,0.03250010550667237,0.02223486524379306,0.014937550702708025,0.034581933818321364,0.03776513475620699,0.015062449297291988,1.12,1.12,1.12,1.12
2.3155551737462083,4.266451231856845,31.964980971660268,0.03249999457997821,0.02223575795230004,0.01493755091976362,0.03458204474501553,0.037764242047700014,0.015062449080236393,1.12,1.12,1.12,1.12
2.3166039967533285,4.267482386290362,31.966453096395284,0.03249988360868972,0.022236651104275112,0.014937551136934499,0.03458215571630402,0.03776334889572494,0.015062448863065514,1.12,1.12,1.12,1.12
2.317653056228853,4.2685136191167095,31.967924346400338,0.03249977259278142,0.022237544700046158,0.014937551354220799,0.03458226673221232,0.037762455299953895,0.015062448645779214,1.12,1.12,1.12,1.12
2.318702352163123,4.269544930278252,31.969394721354277,0.03249966153222761,0.022238438739942357,0.01493755157162266,0.03458237779276613,0.0377615612600577,0.015062448428377354,1.12,1.12,1.12,1.12
2.3197518845464606,4.270576319717316,31.97086422093586,0.03249955042700248,0.02223933322429361,0.014937551789140038,0.03458248889799126,0.03776066677570644,0.015062448210859974,1.12,1.12,1.12,1.12
2.3208016533691693,4.271607787376185,31.97233284482364,0.03249943927708038,0.022240228153427882,0.014937552006773186,0.03458260004791336,0.03775977184657217,0.015062447993226827,1.12,1.12,1.12,1.12
2.32185165862154,4.2726393331970955,31.97380059269615,0.0324993280824355,0.022241123527676293,0.014937552224522019,0.03458271124255824,0.03775887647232376,0.015062447775477994,1.12,1.12,1.12,1.12
2.3229019002938434,4.273670957122251,31.97526746423175,0.03249921684304219,0.02224201934736747,0.014937552442386717,0.03458282248195155,0.03775798065263258,0.015062447557613295,1.12,1.12,1.12,1.12
2.323952378376331,4.274702659093809,31.976733459108665,0.032499105558874586,0.022242915612832842,0.014937552660367406,0.03458293376611915,0.03775708438716721,0.015062447339632606,1.12,1.12,1.12,1.12
2.3250030928592422,4.2757344390538865,31.97819857700504,0.032498994229906764,0.02224381232440331,0.014937552878464239,0.03458304509508697,0.03775618767559674,0.015062447121535774,1.12,1.12,1.12,1.12
2.3260540437327957,4.2767662969445555,31.979662817598864,0.03249888285611324,0.022244709482409253,0.014937553096677159,0.034583156468880494,0.0377552905175908,0.015062446903322854,1.12,1.12,1.12,1.12
2.3271052309871942,4.277798232707849,31.981126180568012,0.03249877143746799,0.022245607087182345,0.014937553315006347,0.03458326788752575,0.03775439291281771,0.015062446684993666,1.12,1.12,1.12,1.12
2.328156654612623,4.27883024628576,31.98258866559027,0.03249865997394508,0.02224650513905535,0.014937553533451817,0.03458337935104866,0.0377534948609447,0.015062446466548196,1.12,1.12,1.12,1.12
2.3292083145992493,4.279862337620237,31.984050272343254,0.03249854846551886,0.022247403638359198,0.014937553752013694,0.034583490859474875,0.037752596361640856,0.01506244624798632,1.12,1.12,1.12,1.12
2.3302602109372237,4.280894506653189,31.985511000504495,0.03249843691216331,0.022248302585426483,0.014937553970692102,0.03458360241283043,0.03775169741457357,0.01506244602930791,1.12,1.12,1.12,1.12
2.331312343616682,4.281926753326477,31.986970849751373,0.03249832531385244,0.022249201980590494,0.01493755418948714,0.0345837140111413,0.03775079801940956,0.015062445810512873,1.12,1.12,1.12,1.12
2.3323647126277383,4.2829590775819275,31.98842981976118,0.032498213670560494,0.02225010182418319,0.014937554408398904,0.03458382565443324,0.037749898175816865,0.015062445591601109,1.12,1.12,1.12,1.12
2.333417317960492,4.283991479361322,31.989887910211053,0.032498101982261385,0.02225100211653891,0.014937554627427518,0.03458393734273235,0.037748997883461144,0.015062445372572494,1.12,1.12,1.12,1.12
2.3344701596050235,4.285023958606401,31.99134512077802,0.03249799024892941,0.022251902857990252,0.014937554846572956,0.03458404907606433,0.0377480971420098,0.015062445153427056,1.12,1.12,1.12,1.12
2.3355232375513997,4.286056515258857,31.992801451139016,0.03249787847053848,0.022252804048872088,0.014937555065835412,0.03458416085445526,0.037747195951127965,0.015062444934164601,1.12,1.12,1.12,1.12
2.3365765517896646,4.287089149260351,31.994256900970797,0.0324977666470625,0.022253705689519288,0.014937555285214885,0.03458427267793124,0.037746294310480766,0.015062444714785128,1.12,1.12,1.12,1.12
2.337630102309848,4.288121860552493,31.995711469950038,0.03249765477847544,0.022254607780265556,0.014937555504711639,0.0345843845465183,0.0377453922197345,0.015062444495288374,1.12,1.12,1.12,1.12
2.3386838891019632,4.289154649076855,31.997165157753273,0.03249754286475143,0.022255510321446154,0.014937555724325563,0.03458449646024231,0.0377444896785539,0.01506244427567445,1.12,1.12,1.12,1.12
2.339737912156005,4.2901875147749635,31.998617964056933,0.032497430905864266,0.02225641331339559,0.014937555944056866,0.03458460841912947,0.03774358668660446,0.015062444055943147,1.12,1.12,1.12,1.12
2.3407921714619486,4.291220457588309,32.0000698885373,0.03249731890178792,0.022257316756450873,0.014937556163905616,0.03458472042320582,0.03774268324354918,0.015062443836094397,1.12,1.12,1.12,1.12
2.341846667009754,4.292253477458334,32.00152093087056,0.03249720685249663,0.022258220650947735,0.014937556383871925,0.03458483247249711,0.03774177934905232,0.015062443616128088,1.12,1.12,1.12,1.12
2.3429013987893645,4.293286574326438,32.00297109073277,0.03249709475796364,0.02225912499722188,0.014937556603955793,0.034584944567030096,0.037740875002778174,0.01506244339604422,1.12,1.12,1.12,1.12
2.3439563667907044,4.294319748133984,32.004420367799845,0.03249698261816342,0.02226002979561037,0.014937556824157525,0.03458505670683032,0.03773997020438968,0.015062443175842488,1.12,1.12,1.12,1.12
2.34501157100368,4.2953529988222865,32.00586876174759,0.03249687043306959,0.022260935046450714,0.01493755704447701,0.034585168891924145,0.03773906495354934,0.015062442955523003,1.12,1.12,1.12,1.12
2.3460670114181794,4.296386326332622,32.00731627225171,0.03249675820265607,0.022261840750080336,0.014937557264914428,0.03458528112233766,0.03773815924991972,0.015062442735085585,1.12,1.12,1.12,1.12
2.3471226880240783,4.297419730606221,32.00876289898773,0.03249664592689655,0.022262746906837383,0.014937557485469863,0.034585393398097186,0.03773725309316267,0.01506244251453015,1.12,1.12,1.12,1.12
2.348178600811227,4.298453211584276,32.01020864163112,0.03249653360576482,0.022263653517057946,0.014937557706143356,0.034585505719228915,0.03773634648294211,0.015062442293856657,1.12,1.12,1.12,1.12
2.349234749769464,4.29948676920793,32.01165349985717,0.03249642123923502,0.022264560581081172,0.014937557926935088,0.03458561808575872,0.03773543941891888,0.015062442073064924,1.12,1.12,1.12,1.12
2.3502911348886086,4.300520403418289,32.01309747334109,0.032496308827280496,0.022265468099245345,0.014937558147845129,0.03458573049771324,0.03773453190075471,0.015062441852154884,1.12,1.12,1.12,1.12
2.3513477561584613,4.301554114156414,32.01454056175793,0.03249619636987511,0.022266376071890637,0.014937558368873532,0.03458584295511863,0.03773362392810942,0.01506244163112648,1.12,1.12,1.12,1.12
2.352404613568805,4.302587901363327,32.01598276478264,0.032496083866992875,0.02226728449935611,0.014937558590020425,0.03458595545800086,0.03773271550064394,0.015062441409979588,1.12,1.12,1.12,1.12
2.3534617071094077,4.303621764980003,32.017424082090045,0.03249597131860721,0.022268193381980994,0.014937558811286,0.03458606800638653,0.03773180661801906,0.015062441188714012,1.12,1.12,1.12,1.12
2.3545190367700157,4.304655704947374,32.018864513354835,0.03249585872469185,0.022269102720105932,0.014937559032670203,0.034586180600301886,0.03773089727989412,0.01506244096732981,1.12,1.12,1.12,1.12
2.3555766025403595,4.305689721206331,32.02030405825158,0.0324957460852206,0.022270012514070292,0.0149375592541732,0.034586293239773136,0.03772998748592976,0.015062440745826813,1.12,1.12,1.12,1.12
2.3566344044101526,4.306723813697723,32.02174271645475,0.032495633400167034,0.0222709227642148,0.014937559475795031,0.0345864059248267,0.03772907723578525,0.015062440524204981,1.12,1.12,1.12,1.12
2.357692442369089,4.3077579823623555,32.02318048763864,0.03249552066950473,0.022271833470882296,0.014937559697535796,0.03458651865548901,0.03772816652911776,0.015062440302464217,1.12,1.12,1.12,1.12
2.358750716406847,4.308792227140989,32.024617371477476,0.03249540789320737,0.022272744634412228,0.014937559919395743,0.03458663143178636,0.037727255365587825,0.01506244008060427,1.12,1.12,1.12,1.12
2.3598092265130846,4.309826547974343,32.02605336764532,0.0324952950712486,0.022273656255147656,0.01493756014137479,0.03458674425374514,0.0377263437448524,0.015062439858625223,1.12,1.12,1.12,1.12
2.360867972677443,4.3108609448030935,32.02748847581613,0.032495182203601924,0.02227456833342986,0.014937560363473074,0.03458685712139181,0.03772543166657019,0.01506243963652694,1.12,1.12,1.12,1.12
2.361926954889545,4.311895417567874,32.02892269566373,0.032495069290240985,0.022275480869601072,0.014937560585690651,0.03458697003475275,0.03772451913039898,0.015062439414309362,1.12,1.12,1.12,1.12
2.3629861731389976,4.312929966209277,32.030356026861824,0.032494956331139246,0.022276393864004485,0.014937560808027689,0.03458708299385449,0.03772360613599557,0.015062439191972324,1.12,1.12,1.12,1.12
2.364045627415389,4.313964590667844,32.03178846908401,0.03249484332627034,0.022277307316981798,0.014937561030484353,0.0345871959987234,0.037722692683018255,0.01506243896951566,1.12,1.12,1.12,1.12
2.3651053177082866,4.314999290884083,32.03322002200373,0.03249473027560784,0.022278221228877598,0.014937561253060644,0.034587309049385895,0.037721778771122455,0.015062438746939369,1.12,1.12,1.12,1.12
2.366165244007243,4.316034066798453,32.03465068529431,0.032494617179124996,0.022279135600036,0.014937561475756644,0.03458742214586874,0.037720864399964055,0.015062438524243368,1.12,1.12,1.12,1.12
2.3672254063017917,4.317068918351371,32.036080458628945,0.03249450403679549,0.022280050430801196,0.01493756169857248,0.034587535288198246,0.03771994956919886,0.015062438301427533,1.12,1.12,1.12,1.12
2.3682858045814488,4.31810384548321,32.03750934168076,0.03249439084859257,0.0222809657215175,0.014937561921508177,0.03458764847640117,0.037719034278482555,0.015062438078491835,1.12,1.12,1.12,1.12
2.369346438835712,4.319138848134303,32.038937334122664,0.03249427761448981,0.02228188147252902,0.014937562144563987,0.03458776171050393,0.037718118527471034,0.015062437855436026,1.12,1.12,1.12,1.12
2.3704073090540603,4.320173926244936,32.04036443562751,0.03249416433446073,0.02228279768418051,0.014937562367739896,0.03458787499053301,0.03771720231581954,0.015062437632260117,1.12,1.12,1.12,1.12
2.3714684152259546,4.321209079755353,32.041790645868005,0.03249405100847852,0.022283714356817808,0.014937562591035985,0.03458798831651522,0.037716285643182246,0.015062437408964027,1.12,1.12,1.12,1.12
2.3725297573408404,4.322244308605753,32.043215964516726,0.03249393763651659,0.02228463149078791,0.014937562814452451,0.034588101688477146,0.037715368509212144,0.015062437185547561,1.12,1.12,1.12,1.12
2.373591335388141,4.323279612736295,32.044640391246126,0.03249382421854852,0.02228554908643604,0.01493756303798928,0.03458821510644522,0.03771445091356401,0.015062436962010733,1.12,1.12,1.12,1.12
2.3746531493572633,4.324314992087091,32.04606392572853,0.03249371075454749,0.02228646714410759,0.014937563261646566,0.03458832857044625,0.03771353285589246,0.015062436738353446,1.12,1.12,1.12,1.12
2.375715199237598,4.32535044659821,32.04748656763617,0.032493597244486694,0.02228738566415231,0.014937563485424452,0.03458844208050704,0.037712614335847744,0.015062436514575561,1.12,1.12,1.12,1.12
2.376777485018515,4.3263859762096795,32.04890831664109,0.03249348368833965,0.022288304646913892,0.014937563709323101,0.034588555636654084,0.03771169535308616,0.015062436290676912,1.12,1.12,1.12,1.12
2.377840006689366,4.327421580861483,32.050329172415275,0.032493370086079554,0.022289224092742144,0.014937563933342515,0.03458866923891418,0.03771077590725791,0.015062436066657497,1.12,1.12,1.12,1.12
2.3789027642394864,4.328457260493558,32.051749134630526,0.03249325643767975,0.022290144001984036,0.014937564157482791,0.034588782887313985,0.03770985599801602,0.015062435842517222,1.12,1.12,1.12,1.12
2.379965757658193,4.329493015045798,32.05316820295856,0.03249314274311327,0.022291064374988567,0.014937564381744081,0.03458889658188047,0.037708935625011486,0.015062435618255932,1.12,1.12,1.12,1.12
2.3810289869347807,4.330528844458058,32.054586377070954,0.032493029002353624,0.022291985212103738,0.014937564606126483,0.03458901032264011,0.037708014787896316,0.01506243539387353,1.12,1.12,1.12,1.12
2.3820924520585316,4.331564748670142,32.056003656639156,0.03249291521537384,0.022292906513679434,0.014937564830629968,0.034589124109619895,0.03770709348632062,0.015062435169370045,1.12,1.12,1.12,1.12
2.3831561530187066,4.3326007276218155,32.05742004133449,0.03249280138214722,0.022293828280062905,0.014937565055254842,0.03458923794284652,0.03770617171993715,0.01506243494474517,1.12,1.12,1.12,1.12
2.3842200898045487,4.333636781252797,32.05883553082815,0.03249268750264672,0.02229475051160465,0.014937565280001147,0.034589351822347014,0.037705249488395404,0.015062434719998866,1.12,1.12,1.12,1.12
2.3852842624052806,4.334672909502764,32.06025012479121,0.032492573576845596,0.022295673208655137,0.01493756550486891,0.03458946574814814,0.037704326791344916,0.015062434495131102,1.12,1.12,1.12,1.12
2.3863486708101096,4.3357091123113465,32.061663822894616,0.03249245960471714,0.02229659637156478,0.014937565729858202,0.0345895797202766,0.03770340362843527,0.015062434270141811,1.12,1.12,1.12,1.12
2.387413315008225,4.336745389618133,32.063076624809185,0.03249234558623443,0.02229752000068333,0.0149375659549692,0.03458969373875931,0.037702479999316724,0.015062434045030812,1.12,1.12,1.12,1.12
2.3884781949887923,4.337781741362669,32.06448853020561,0.03249223152137043,0.022298444096362086,0.014937566180201936,0.03458980780362331,0.03770155590363797,0.015062433819798077,1.12,1.12,1.12,1.12
2.389543310740966,4.33881816748445,32.06589953875445,0.03249211741009811,0.022299368658952434,0.014937566405556504,0.03458992191489563,0.03770063134104762,0.015062433594443508,1.12,1.12,1.12,1.12
2.3906086622538756,4.339854667922936,32.06730965012617,0.03249200325239082,0.022300293688806594,0.014937566631033128,0.034590036072602914,0.03769970631119346,0.015062433368966885,1.12,1.12,1.12,1.12
2.3916742495166368,4.340891242617535,32.06871886399105,0.03249188904822148,0.02230121918627609,0.014937566856631765,0.03459015027677226,0.037698780813723964,0.015062433143368248,1.12,1.12,1.12,1.12
2.3927400725183445,4.341927891507615,32.07012718001929,0.0324917747975631,0.02230214515171361,0.01493756708235261,0.034590264527430636,0.037697854848286444,0.015062432917647403,1.12,1.12,1.12,1.12
2.3938061312480765,4.342964614532501,32.07153459788094,0.0324916605003886,0.022303071585472956,0.014937567308195732,0.03459037882460514,0.0376969284145271,0.015062432691804281,1.12,1.12,1.12,1.12
2.394872425694889,4.344001411631468,32.072941117245946,0.03249154615667105,0.022303998487905763,0.014937567534161214,0.03459049316832269,0.03769600151209429,0.015062432465838799,1.12,1.12,1.12,1.12
2.3959389558478232,4.345038282743751,32.0743467377841,0.03249143176638336,0.02230492585936597,0.01493756776024914,0.034590607558610376,0.03769507414063408,0.015062432239750873,1.12,1.12,1.12,1.12
2.397005721695898,4.346075227808541,32.07575145916506,0.032491317329498615,0.022305853700207212,0.014937567986459663,0.03459072199549512,0.03769414629979284,0.01506243201354035,1.12,1.12,1.12,1.12
2.3980727232281187,4.347112246764982,32.07715528105842,0.03249120284598944,0.022306782010783316,0.014937568212792879,0.034590836479004294,0.03769321798921674,0.015062431787207134,1.12,1.12,1.12,1.12
2.3991399604334673,4.348149339552175,32.07855820313357,0.032491088315829086,0.02230771079144897,0.014937568439248775,0.03459095100916465,0.03769228920855108,0.015062431560751238,1.12,1.12,1.12,1.12
2.40020743330091,4.349186506109177,32.07996022505981,0.032490973738990236,0.02230864004255942,0.01493756866582753,0.0345910655860035,0.037691359957440634,0.015062431334172482,1.12,1.12,1.12,1.12
2.4012751418193923,4.350223746375,32.081361346506284,0.0324908591154458,0.02230956976446985,0.014937568892529327,0.034591180209547934,0.0376904302355302,0.015062431107470686,1.12,1.12,1.12,1.12
2.4023430859778414,4.3512610602886115,32.08276156714207,0.032490744445168473,0.022310499957535035,0.01493756911935426,0.03459129487982526,0.03768950004246502,0.015062430880645752,1.12,1.12,1.12,1.12
2.4034112657651683,4.3522984477889315,32.084160886636056,0.032490629728131326,0.022311430622113215,0.014937569346302332,0.03459140959686241,0.03768856937788684,0.015062430653697681,1.12,1.12,1.12,1.12
2.4044796811702613,4.35333590881484,32.08555930465703,0.03249051496430705,0.022312361758558857,0.014937569573373652,0.03459152436068669,0.037687638241441196,0.015062430426626361,1.12,1.12,1.12,1.12
2.4055483321819913,4.354373443305168,32.08695682087364,0.03249040015366833,0.02231329336722848,0.014937569800568262,0.034591639171325406,0.03768670663277157,0.01506243019943175,1.12,1.12,1.12,1.12
2.406617218789213,4.355411051198707,32.088353434954406,0.03249028529618819,0.02231422544848033,0.014937570027886371,0.034591754028805544,0.037685774551519724,0.015062429972113642,1.12,1.12,1.12,1.12
2.4076863409807583,4.356448732434197,32.08974914656774,0.03249017039183927,0.022315158002670754,0.014937570255328048,0.03459186893315447,0.0376848419973293,0.015062429744671965,1.12,1.12,1.12,1.12
2.408755698745444,4.3574864869503385,32.09114395538192,0.032490055440594245,0.022316091030158053,0.014937570482893348,0.03459198388439949,0.037683908969842,0.015062429517106665,1.12,1.12,1.12,1.12
2.409825292072064,4.358524314685785,32.09253786106506,0.0324899404424257,0.022317024531300272,0.014937570710582437,0.034592098882568034,0.03768297546869978,0.015062429289417575,1.12,1.12,1.12,1.12
2.4108951209493976,4.359562215579146,32.093930863285195,0.03248982539730649,0.022317958506454627,0.0149375709383954,0.03459221392768724,0.037682041493545426,0.015062429061604612,1.12,1.12,1.12,1.12
2.411965185366202,4.360600189568984,32.09532296171018,0.03248971030520936,0.022318892955981384,0.014937571166332375,0.034592329019784374,0.03768110704401867,0.015062428833667638,1.12,1.12,1.12,1.12
2.413035485311216,4.361638236593818,32.096714156007806,0.03248959516610678,0.022319827880239784,0.014937571394393362,0.03459244415888696,0.03768017211976027,0.01506242860560665,1.12,1.12,1.12,1.12
2.41410602077316,4.3626763565921225,32.09810444584567,0.032489479979971425,0.022320763279588207,0.014937571622578527,0.03459255934502231,0.037679236720411846,0.015062428377421486,1.12,1.12,1.12,1.12
2.4151767917407363,4.363714549502326,32.09949383089129,0.032489364746776106,0.022321699154386726,0.014937571850888023,0.03459267457821763,0.03767830084561333,0.01506242814911199,1.12,1.12,1.12,1.12
2.416247798202626,4.364752815262811,32.10088231081202,0.032489249466493064,0.022322635504996247,0.014937572079321879,0.03459278985850067,0.03767736449500381,0.015062427920678134,1.12,1.12,1.12,1.12
2.417319040147494,4.365791153811915,32.1022698852751,0.032489134139095155,0.02232357233177773,0.01493757230788019,0.03459290518589858,0.03767642766822232,0.015062427692119823,1.12,1.12,1.12,1.12
2.418390517563983,4.366829565087935,32.10365655394764,0.03248901876455479,0.022324509635090695,0.01493757253656311,0.03459302056043895,0.03767549036490936,0.015062427463436903,1.12,1.12,1.12,1.12
2.4194622304407174,4.3678680490291155,32.10504231649662,0.03248890334284449,0.02232544741529824,0.014937572765370707,0.03459313598214925,0.037674552584701815,0.015062427234629305,1.12,1.12,1.12,1.12
2.4205341787663053,4.368906605573658,32.1064271725889,0.032488787873936886,0.022326385672761462,0.01493757299430308,0.03459325145105685,0.03767361432723859,0.015062427005696932,1.12,1.12,1.12,1.12
2.421606362529332,4.369945234659723,32.10781112189119,0.03248867235780434,0.022327324407841326,0.01493757322336034,0.0345933669671894,0.03767267559215873,0.015062426776639673,1.12,1.12,1.12,1.12
2.4226787817183673,4.370983936225418,32.109194164070075,0.03248855679441959,0.022328263620901262,0.014937573452542582,0.03459348253057415,0.03767173637909879,0.01506242654745743,1.12,1.12,1.12,1.12
2.4237514363219574,4.372022710208813,32.11057629879204,0.03248844118375466,0.022329203312304452,0.014937573681849864,0.03459359814123908,0.0376707966876956,0.015062426318150149,1.12,1.12,1.12,1.12
2.4248243263286318,4.373061556547928,32.111957525723405,0.0324883255257824,0.02233014348241441,0.01493757391128235,0.034593713799211334,0.03766985651758564,0.015062426088717662,1.12,1.12,1.12,1.12
2.425897451726903,4.374100475180735,32.11333784453037,0.03248820982047501,0.02233108413159371,0.01493757414084007,0.034593829504518725,0.037668915868406344,0.015062425859159942,1.12,1.12,1.12,1.12
2.4269708125052594,4.375139466045168,32.11471725487901,0.032488094067804896,0.022332025260206223,0.014937574370523204,0.03459394525718884,0.03766797473979383,0.015062425629476808,1.12,1.12,1.12,1.12
2.428044408652175,4.376178529079108,32.11609575643526,0.03248797826774458,0.022332966868616244,0.014937574600331932,0.03459406105724916,0.03766703313138381,0.01506242539966808,1.12,1.12,1.12,1.12
2.4291182401561002,4.377217664220394,32.11747334886493,0.032487862420266134,0.022333908957189536,0.014937574830266184,0.0345941769047276,0.03766609104281052,0.015062425169733829,1.12,1.12,1.12,1.12
2.4301923070054685,4.378256871406819,32.118850031833716,0.03248774652534209,0.02233485152628964,0.014937575060326183,0.03459429279965165,0.037665148473710414,0.01506242493967383,1.12,1.12,1.12,1.12
2.4312666091886936,4.379296150576131,32.12022580500715,0.03248763058294474,0.022335794576281653,0.014937575290511984,0.034594408742049,0.0376642054237184,0.015062424709488029,1.12,1.12,1.12,1.12
2.4323411466941707,4.380335501666029,32.12160066805068,0.032487514593046496,0.02233673810753256,0.014937575520823684,0.03459452473194724,0.03766326189246749,0.015062424479176328,1.12,1.12,1.12,1.12
2.433415919510274,4.38137492461417,32.12297462062957,0.032487398555619384,0.02233768212040832,0.014937575751261409,0.03459464076937435,0.037662317879591733,0.015062424248738604,1.12,1.12,1.12,1.12
2.434490927625359,4.3824144193581605,32.12434766240899,0.032487282470635814,0.022338626615274193,0.014937575981825171,0.03459475685435792,0.03766137338472586,0.015062424018174841,1.12,1.12,1.12,1.12
2.435566171027763,4.3834539858355654,32.12571979305396,0.032487166338067974,0.022339571592498053,0.014937576212515166,0.03459487298692576,0.037660428407502,0.015062423787484847,1.12,1.12,1.12,1.12
2.4366416497058005,4.384493623983905,32.127091012229386,0.03248705015788811,0.02234051705244644,0.01493757644333149,0.03459498916710563,0.03765948294755361,0.015062423556668522,1.12,1.12,1.12,1.12
2.4377173636477716,4.385533333740646,32.128461319600035,0.03248693393006846,0.022341462995487227,0.014937576674274283,0.034595105394925274,0.037658537004512826,0.01506242332572573,1.12,1.12,1.12,1.12
2.4387933128419506,4.386573115043218,32.129830714830526,0.03248681765458117,0.02234240942198909,0.014937576905343503,0.03459522167041257,0.03765759057801096,0.01506242309465651,1.12,1.12,1.12,1.12
2.4398694972765984,4.387612967828996,32.13119919758539,0.03248670133139825,0.022343356332319986,0.014937577136539398,0.03459533799359549,0.03765664366768007,0.015062422863460614,1.12,1.12,1.12,1.12
2.4409459169399526,4.388652892035319,32.13256676752898,0.03248658496049206,0.022344303726848508,0.014937577367862026,0.03459545436450168,0.037655696273151545,0.015062422632137987,1.12,1.12,1.12,1.12
2.4420225718202326,4.389692887599467,32.13393342432554,0.032486468541834734,0.022345251605945027,0.014937577599311538,0.034595570783159,0.037654748394055026,0.015062422400688474,1.12,1.12,1.12,1.12
2.4430994619056374,4.390732954458686,32.13529916763919,0.03248635207539802,0.022346199969976527,0.014937577830888019,0.03459568724959572,0.037653800030023526,0.015062422169111994,1.12,1.12,1.12,1.12
2.444176587184347,4.391773092550168,32.136663997133894,0.03248623556115443,0.022347148819314794,0.014937578062591522,0.034595803763839306,0.03765285118068526,0.01506242193740849,1.12,1.12,1.12,1.12
2.445253947644522,4.392813301811063,32.138027912473504,0.032486118999075886,0.022348098154328505,0.01493757829442216,0.03459592032591785,0.03765190184567155,0.015062421705577853,1.12,1.12,1.12,1.12
2.4463315432743022,4.39385358217847,32.13939091332174,0.03248600238913418,0.022349047975388253,0.014937578526380002,0.03459603693585955,0.0376509520246118,0.01506242147362001,1.12,1.12,1.12,1.12
2.447409374061809,4.394893933589448,32.14075299934218,0.03248588573130162,0.02234999828286574,0.01493757875846527,0.034596153593692114,0.03765000171713431,0.015062421241534743,1.12,1.12,1.12,1.12
2.448487439995144,4.3959343559810025,32.142114170198276,0.03248576902555006,0.02235094907713228,0.014937578990677963,0.03459627029944368,0.03764905092286777,0.01506242100932205,1.12,1.12,1.12,1.12
2.4495657410623877,4.396974849290099,32.14347442555334,0.03248565227185157,0.02235190035855905,0.014937579223018221,0.034596387053142164,0.037648099641441,0.015062420776981791,1.12,1.12,1.12,1.12
2.4506442772516026,4.398015413453649,32.14483376507057,0.03248553547017802,0.0223528521275195,0.0149375794554861,0.03459650385481572,0.03764714787248055,0.015062420544513913,1.12,1.12,1.12,1.12
2.45172304855083,4.399056048408526,32.14619218841302,0.03248541862050147,0.0223538043843845,0.014937579688081848,0.034596620704492265,0.03764619561561555,0.015062420311918165,1.12,1.12,1.12,1.12
2.4528020549480916,4.400096754091551,32.1475496952436,0.032485301722793625,0.02235475712952717,0.014937579920805452,0.03459673760220011,0.037645242870472884,0.01506242007919456,1.12,1.12,1.12,1.12
2.4538812964313905,4.4011375304395015,32.1489062852251,0.032485184777026666,0.02235571036332104,0.01493758015365701,0.03459685454796707,0.03764428963667901,0.015062419846343003,1.12,1.12,1.12,1.12
2.4549607729887084,4.402178377389105,32.15026195802019,0.03248506778317212,0.022356664086140926,0.014937580386636715,0.03459697154182162,0.03764333591385913,0.015062419613363298,1.12,1.12,1.12,1.12
2.456040484608008,4.403219294877046,32.15161671329138,0.03248495074120222,0.022357618298358,0.014937580619744664,0.03459708858379151,0.03764238170164205,0.015062419380255349,1.12,1.12,1.12,1.12
2.4571204312772323,4.404260282839959,32.152970550701085,0.03248483365108856,0.022358573000349075,0.014937580852980872,0.034597205673905174,0.03764142699965098,0.01506241914701914,1.12,1.12,1.12,1.12
2.458200612984304,4.405301341214432,32.154323469911525,0.03248471651280299,0.022359528192488126,0.014937581086345464,0.034597322812190745,0.03764047180751193,0.015062418913654549,1.12,1.12,1.12,1.12
2.459281029717125,4.406342469937009,32.15567547058485,0.0324845993263172,0.022360483875149634,0.01493758131983862,0.03459743999867654,0.03763951612485042,0.015062418680161394,1.12,1.12,1.12,1.12
2.460361681463579,4.407383668944182,32.15702655238306,0.03248448209160337,0.022361440048709574,0.01493758155346031,0.034597557233390364,0.03763855995129048,0.015062418446539702,1.12,1.12,1.12,1.12
2.4614425682115275,4.408424938172404,32.158376714968,0.03248436480863287,0.022362396713543287,0.014937581787210788,0.034597674516360866,0.03763760328645677,0.015062418212789225,1.12,1.12,1.12,1.12
2.462523689948814,4.409466277558073,32.15972595800139,0.03248424747737749,0.022363353870027136,0.014937582021090093,0.034597791847616244,0.03763664612997292,0.01506241797890992,1.12,1.12,1.12,1.12
2.463605046663262,4.4105076870375415,32.161074281144835,0.03248413009780904,0.02236431151853832,0.014937582255098308,0.0345979092271847,0.03763568848146173,0.015062417744901704,1.12,1.12,1.12,1.12
2.4646866383426724,4.411549166547119,32.16242168405979,0.03248401266989909,0.022365269659452847,0.014937582489235629,0.03459802665509465,0.03763473034054721,0.015062417510764384,1.12,1.12,1.12,1.12
2.4657684649748286,4.412590716023066,32.163768166407564,0.032483895193619605,0.022366228293148854,0.01493758272350204,0.03459814413137413,0.0376337717068512,0.015062417276497972,1.12,1.12,1.12,1.12
2.4668505265474927,4.4136323354015925,32.16511372784938,0.03248377766894195,0.02236718742000318,0.014937582957897697,0.03459826165605179,0.03763281257999687,0.015062417042102316,1.12,1.12,1.12,1.12
2.467932823048406,4.414674024618866,32.16645836804627,0.03248366009583775,0.02236814704039569,0.014937583192422763,0.034598379229155984,0.03763185295960436,0.01506241680757725,1.12,1.12,1.12,1.12
2.4690153544652933,4.415715783611002,32.16780208665918,0.032483542474278704,0.022369107154704804,0.01493758342707735,0.03459849685071503,0.03763089284529525,0.015062416572922663,1.12,1.12,1.12,1.12
2.470098120785854,4.416757612314075,32.16914488334887,0.032483424804236605,0.022370067763309437,0.014937583661861514,0.03459861452075713,0.037629932236690616,0.015062416338138498,1.12,1.12,1.12,1.12
2.47118112199777,4.417799510664104,32.17048675777602,0.032483307085682644,0.02237102886658765,0.014937583896775325,0.03459873223931109,0.0376289711334124,0.015062416103224688,1.12,1.12,1.12,1.12
2.4722643580887045,4.418841478597066,32.171827709601146,0.03248318931858851,0.022371990464919334,0.014937584131818935,0.034598850006405224,0.03762800953508072,0.015062415868181078,1.12,1.12,1.12,1.12
2.4733478290462965,4.419883516048893,32.173167738484636,0.03248307150292601,0.022372952558684822,0.014937584366992537,0.03459896782206773,0.03762704744131523,0.015062415633007475,1.12,1.12,1.12,1.12
2.4744315348581676,4.420925622955461,32.17450684408673,0.03248295363866632,0.022373915148264756,0.014937584602296133,0.03459908568632741,0.0376260848517353,0.01506241539770388,1.12,1.12,1.12,1.12
2.4755154755119175,4.421967799252607,32.175845026067556,0.0324828357257812,0.022374878234039997,0.014937584837729806,0.034599203599212536,0.03762512176596006,0.015062415162270207,1.12,1.12,1.12,1.12
2.4765996509951282,4.423010044876113,32.1771822840871,0.032482717764241775,0.02237584181639024,0.014937585073293652,0.03459932156075196,0.03762415818360981,0.01506241492670636,1.12,1.12,1.12,1.12
2.477684061295358,4.42405235976172,32.1785186178052,0.03248259975401979,0.022376805895699736,0.014937585308987977,0.034599439570973944,0.03762319410430032,0.015062414691012035,1.12,1.12,1.12,1.12
2.4787687064001456,4.425094743845118,32.179854026881586,0.03248248169508655,0.022377770472348624,0.01493758554481267,0.034599557629907185,0.03762222952765143,0.015062414455187342,1.12,1.12,1.12,1.12
2.4798535862970117,4.426137197061949,32.18118851097582,0.03248236358741341,0.022378735546720818,0.01493758578076794,0.03459967573758033,0.037621264453279235,0.015062414219232073,1.12,1.12,1.12,1.12
2.4809387009734545,4.427179719347807,32.182522069747364,0.032482245430971834,0.02237970111919796,0.01493758601685384,0.0345997938940219,0.037620298880802094,0.015062413983146172,1.12,1.12,1.12,1.12
2.4820240504169515,4.42822231063824,32.1838547028555,0.03248212722573335,0.022380667190163572,0.014937586253070526,0.03459991209926039,0.03761933280983648,0.015062413746929487,1.12,1.12,1.12,1.12
2.4831096346149617,4.429264970868746,32.18518640995943,0.032482008971668974,0.022381633760001962,0.014937586489418078,0.03460003035332476,0.03761836623999809,0.015062413510581935,1.12,1.12,1.12,1.12
2.48419545355492,4.430307699974779,32.186517190718185,0.032481890668750235,0.0223826008290961,0.014937586725896651,0.0346001486562435,0.03761739917090395,0.015062413274103362,1.12,1.12,1.12,1.12
2.4852815072242436,4.431350497891739,32.18784704479065,0.03248177231694843,0.02238356839782954,0.014937586962506327,0.034600267008045305,0.037616431602170514,0.015062413037493685,1.12,1.12,1.12,1.12
2.4863677956103296,4.432393364554983,32.1891759718356,0.032481653916234865,0.022384536466589472,0.014937587199247176,0.03460038540875887,0.03761546353341058,0.015062412800752836,1.12,1.12,1.12,1.12
2.487454318700552,4.433436299899817,32.19050397151168,0.032481535466580724,0.02238550503575859,0.014937587436119351,0.03460050385841301,0.03761449496424146,0.015062412563880662,1.12,1.12,1.12,1.12
2.4885410764822655,4.434479303861502,32.19183104347738,0.032481416967957144,0.022386474105724613,0.014937587673122893,0.03460062235703659,0.03761352589427544,0.01506241232687712,1.12,1.12,1.12,1.12
2.4896280689428054,4.435522376375245,32.19315718739105,0.0324812984203357,0.02238744367687212,0.014937587910257913,0.034600740904658034,0.03761255632312793,0.0150624120897421,1.12,1.12,1.12,1.12
2.4907152960694843,4.436565517376212,32.19448240291092,0.03248117982368731,0.022388413749587388,0.014937588147524605,0.034600859501306425,0.037611586250412665,0.015062411852475407,1.12,1.12,1.12,1.12
2.491802757849595,4.437608726799517,32.19580668969509,0.03248106117798322,0.022389384324257744,0.014937588384923053,0.03460097814701052,0.03761061567574231,0.01506241161507696,1.12,1.12,1.12,1.12
2.4928904542704093,4.438652004580226,32.19713004740148,0.0324809424831945,0.022390355401269935,0.014937588622453424,0.03460109684179924,0.03760964459873012,0.015062411377546589,1.12,1.12,1.12,1.12
2.4939783853191795,4.439695350653354,32.198452475687944,0.03248082373929262,0.02239132698101215,0.014937588860115744,0.03460121558570112,0.037608673018987904,0.015062411139884269,1.12,1.12,1.12,1.12
2.495066550983136,4.440738764953873,32.19977397421212,0.03248070494624833,0.02239229906387105,0.014937589097910112,0.03460133437874541,0.037607700936129,0.015062410902089901,1.12,1.12,1.12,1.12
2.496154951249487,4.441782247416704,32.201094542631594,0.032480586104032705,0.02239327165023655,0.014937589335836624,0.03460145322096103,0.0376067283497635,0.01506241066416339,1.12,1.12,1.12,1.12
2.4972435861054225,4.4428257979767185,32.20241418060374,0.03248046721261727,0.0223942447404957,0.014937589573895502,0.034601572112376466,0.03760575525950435,0.015062410426104511,1.12,1.12,1.12,1.12
2.498332455538111,4.443869416568742,32.20373288778583,0.032480348271972714,0.022395218335039102,0.014937589812086816,0.03460169105302102,0.03760478166496095,0.015062410187913197,1.12,1.12,1.12,1.12
2.499421559534699,4.444913103127546,32.205050663835,0.03248022928207012,0.022396192434254558,0.014937590050410593,0.03460181004292362,0.037603807565745495,0.01506240994958942,1.12,1.12,1.12,1.12
2.500510898082313,4.445956857587862,32.20636750840826,0.032480110242880555,0.02239716703853381,0.014937590288867097,0.03460192908211318,0.03760283296146624,0.015062409711132915,1.12,1.12,1.12,1.12
2.501600471168058,4.447000679884366,32.20768342116246,0.032479991154375,0.022398142148266603,0.014937590527456343,0.03460204817061874,0.03760185785173345,0.01506240947254367,1.12,1.12,1.12,1.12
2.502690278779019,4.448044569951686,32.2089984017543,0.03247987201652458,0.022399117763843346,0.014937590766178302,0.034602167308469156,0.03760088223615671,0.01506240923382171,1.12,1.12,1.12,1.12
2.5037803209022598,4.449088527724403,32.2103124498404,0.03247975282929988,0.022400093885655448,0.014937591005033293,0.03460228649569386,0.037599906114344606,0.01506240899496672,1.12,1.12,1.12,1.12
2.504870597524821,4.450132553137052,32.21162556507718,0.0324796335926722,0.022401070514093457,0.014937591244021345,0.03460240573232154,0.037598929485906596,0.015062408755978668,1.12,1.12,1.12,1.12
2.5059611086337252,4.451176646124111,32.212937747120954,0.03247951430661228,0.02240204764955034,0.014937591483142526,0.03460252501838146,0.037597952350449715,0.015062408516857487,1.12,1.12,1.12,1.12
2.5070518542159737,4.4522208066200175,32.2142489956279,0.03247939497109098,0.022403025292417916,0.014937591722397059,0.034602644353902756,0.03759697470758214,0.015062408277602954,1.12,1.12,1.12,1.12
2.508142834258546,4.453265034559155,32.21555931025405,0.03247927558607927,0.022404003443088738,0.014937591961785013,0.034602763738914466,0.037595996556911315,0.015062408038215,1.12,1.12,1.12,1.12
2.509234048748399,4.454309329875859,32.21686869065529,0.032479156151547894,0.02240498210195671,0.014937592201306457,0.03460288317344584,0.03759501789804334,0.015062407798693556,1.12,1.12,1.12,1.12
2.51032549767247,4.45535369250442,32.2181771364874,0.032479036667467764,0.022405961269414076,0.014937592440961545,0.03460300265752597,0.03759403873058598,0.015062407559038468,1.12,1.12,1.12,1.12
2.511417181017674,4.456398122379071,32.21948464740598,0.03247891713380979,0.02240694094585552,0.014937592680750372,0.034603122191183944,0.037593059054144534,0.01506240731924964,1.12,1.12,1.12,1.12
2.5125090987709076,4.457442619434006,32.22079122306653,0.03247879755054445,0.02240792113167528,0.014937592920673134,0.03460324177444929,0.037592078868324774,0.015062407079326878,1.12,1.12,1.12,1.12
2.5136012509190433,4.45848718360336,32.22209686312437,0.03247867791764275,0.022408901827268735,0.014937593160729831,0.034603361407350985,0.03759109817273132,0.015062406839270182,1.12,1.12,1.12,1.12
2.514693637448935,4.459531814821225,32.22340156723472,0.03247855823507528,0.02240988303303057,0.01493759340092056,0.03460348108991845,0.03759011696696948,0.015062406599079453,1.12,1.12,1.12,1.12
2.5157862583474113,4.460576513021642,32.22470533505265,0.0324784385028129,0.022410864749356274,0.014937593641245514,0.034603600822180836,0.03758913525064378,0.015062406358754499,1.12,1.12,1.12,1.12
2.516879113601284,4.461621278138604,32.226008166233086,0.032478318720826405,0.022411846976640976,0.014937593881704694,0.03460372060416733,0.03758815302335908,0.015062406118295318,1.12,1.12,1.12,1.12
2.51797220319734,4.462666110106052,32.22731006043082,0.03247819888908621,0.02241282971528244,0.014937594122298295,0.03460384043590753,0.037587170284717614,0.015062405877701718,1.12,1.12,1.12,1.12
2.5190655271223474,4.463711008857878,32.228611017300494,0.032478079007563276,0.022413812965676683,0.01493759436302644,0.03460396031743046,0.03758618703432337,0.015062405636973572,1.12,1.12,1.12,1.12
2.5201590853630513,4.46475597432793,32.22991103649664,0.032477959076227914,0.02241479672822075,0.014937594603889215,0.03460408024876582,0.037585203271779305,0.015062405396110798,1.12,1.12,1.12,1.12
2.521252877906178,4.465801006449998,32.231210117673605,0.032477839095050864,0.022415781003312207,0.014937594844886756,0.03460420022994287,0.037584218996687846,0.015062405155113257,1.12,1.12,1.12,1.12
2.5223469047384284,4.466846105157826,32.232508260485645,0.032477719064002764,0.02241676579134913,0.01493759508601919,0.03460432026099097,0.03758323420865092,0.015062404913980823,1.12,1.12,1.12,1.12
2.523441165846486,4.467891270385111,32.23380546458685,0.032477598983054246,0.022417751092730143,0.01493759532728664,0.03460444034193949,0.03758224890726991,0.015062404672713373,1.12,1.12,1.12,1.12
2.5245356612170102,4.468936502065496,32.235101729631175,0.03247747885217578,0.02241873690785462,0.014937595568689135,0.03460456047281796,0.037581263092145434,0.015062404431310877,1.12,1.12,1.12,1.12
2.5256303908366387,4.469981800132579,32.236397055272434,0.032477358671337775,0.022419723237120104,0.014937595810226884,0.03460468065365596,0.03758027676287995,0.01506240418977313,1.12,1.12,1.12,1.12
2.5267253546919886,4.471027164519905,32.23769144116431,0.032477238440511036,0.022420710080927775,0.014937596051899912,0.0346048008844827,0.03757928991907228,0.0150624039481001,1.12,1.12,1.12,1.12
2.5278205527696564,4.472072595160968,32.23898488696034,0.03247711815966581,0.022421697439677285,0.014937596293708333,0.03460492116532793,0.03757830256032277,0.01506240370629168,1.12,1.12,1.12,1.12
2.5289159850562157,4.473118091989217,32.240277392313914,0.03247699782877267,0.022422685313769064,0.014937596535652353,0.03460504149622107,0.03757731468623099,0.01506240346434766,1.12,1.12,1.12,1.12
2.5300116515382194,4.474163654938046,32.241568956878304,0.03247687744780198,0.022423673703604763,0.014937596777732029,0.03460516187719176,0.03757632629639529,0.015062403222267984,1.12,1.12,1.12,1.12
2.5311075522021973,4.475209283940801,32.24285958030662,0.03247675701672431,0.022424662609584395,0.014937597019947443,0.034605282308269425,0.03757533739041566,0.01506240298005257,1.12,1.12,1.12,1.12
2.532203687034659,4.47625497893078,32.24414926225184,0.03247663653551003,0.022425652032109833,0.014937597262298707,0.03460540278948371,0.03757434796789022,0.015062402737701305,1.12,1.12,1.12,1.12
2.5333000560220933,4.477300739841228,32.245438002366804,0.03247651600412921,0.022426641971583117,0.014937597504786113,0.03460552332086453,0.03757335802841694,0.0150624024952139,1.12,1.12,1.12,1.12
2.534396659150964,4.4783465666053415,32.246725800304205,0.03247639542255276,0.022427632428407257,0.014937597747409576,0.034605643902440975,0.037572367571592796,0.015062402252590437,1.12,1.12,1.12,1.12
2.535493496407717,4.479392459156265,32.24801265571661,0.032476274790750714,0.022428623402986625,0.014937597990169332,0.03460576453424302,0.03757137659701343,0.01506240200983068,1.12,1.12,1.12,1.12
2.5365905677787723,4.480438417427096,32.249298568256435,0.03247615410869331,0.02242961489572226,0.014937598233065369,0.034605885216300425,0.03757038510427779,0.015062401766934644,1.12,1.12,1.12,1.12
2.5376878732505315,4.4814844413508785,32.25058353757595,0.03247603337635102,0.022430606907018646,0.014937598476097866,0.034606005948642715,0.03756939309298141,0.015062401523902147,1.12,1.12,1.12,1.12
2.5387854128093745,4.4825305308606085,32.251867563327295,0.03247591259369392,0.022431599437279265,0.014937598719266976,0.03460612673129981,0.03756840056272079,0.015062401280733037,1.12,1.12,1.12,1.12
2.539883186441656,4.483576685889232,32.253150645162464,0.03247579176069254,0.022432592486910208,0.014937598962572657,0.034606247564301196,0.037567407513089845,0.015062401037427356,1.12,1.12,1.12,1.12
2.5409811941337113,4.484622906369642,32.25443278273331,0.03247567087731701,0.02243358605631518,0.014937599206015215,0.03460636844767673,0.03756641394368487,0.015062400793984798,1.12,1.12,1.12,1.12
2.5420794358718557,4.485669192234681,32.25571397569155,0.03247554994353746,0.02243458014589983,0.014937599449594663,0.034606489381456274,0.037565419854100224,0.01506240055040535,1.12,1.12,1.12,1.12
2.5431779116423785,4.486715543417147,32.25699422368875,0.03247542895932404,0.022435574756070636,0.01493759969331121,0.0346066103656697,0.03756442524392942,0.015062400306688803,1.12,1.12,1.12,1.12
2.5442766214315498,4.48776195984978,32.25827352637635,0.032475307924647034,0.022436569887235247,0.014937599937164828,0.0346067314003467,0.037563430112764806,0.015062400062835185,1.12,1.12,1.12,1.12
2.5453755652256174,4.488808441465272,32.259551883405635,0.03247518683947653,0.0224375655397987,0.014937600181155808,0.0346068524855172,0.037562434460201355,0.015062399818844205,1.12,1.12,1.12,1.12
2.546474743010805,4.489854988196266,32.260829294427744,0.03247506570378267,0.022438561714167637,0.014937600425284109,0.03460697362121107,0.037561438285832416,0.015062399574715904,1.12,1.12,1.12,1.12
2.547574154773317,4.490901599975354,32.262105759093714,0.03247494451753563,0.022439558410750543,0.014937600669549994,0.034607094807458105,0.03756044158924951,0.015062399330450019,1.12,1.12,1.12,1.12
2.548673800499334,4.491948276735075,32.26338127705437,0.0324748232807055,0.022440555629954617,0.014937600913955101,0.034607216044288236,0.037559444370045436,0.015062399086044911,1.12,1.12,1.12,1.12
2.5497736801750155,4.492995018407919,32.264655847960455,0.0324747019932623,0.022441553372189227,0.01493760115850172,0.034607337331731436,0.037558446627810826,0.015062398841498292,1.12,1.12,1.12,1.12
2.550873793786498,4.494041824926326,32.265929471462556,0.03247458065517622,0.02244255163786285,0.014937601403189407,0.034607458669817515,0.0375574483621372,0.015062398596810606,1.12,1.12,1.12,1.12
2.5519741413198975,4.4950886962226795,32.26720214721111,0.03247445926641712,0.02244355042738419,0.014937601648017912,0.034607580058576615,0.03755644957261586,0.0150623983519821,1.12,1.12,1.12,1.12
2.5530747227613055,4.496135632229321,32.26847387485638,0.03247433782695508,0.022444549741164443,0.014937601892986818,0.03460770149803866,0.03755545025883561,0.015062398107013195,1.12,1.12,1.12,1.12
2.5541755380967923,4.497182632878534,32.269744654048566,0.03247421633676023,0.02244554957961309,0.014937602138095918,0.034607822988233505,0.037554450420386964,0.015062397861904095,1.12,1.12,1.12,1.12
2.555276587312407,4.498229698102555,32.271014484437664,0.03247409479580238,0.022446549943141075,0.014937602383344892,0.03460794452919136,0.03755345005685898,0.015062397616655121,1.12,1.12,1.12,1.12
2.556377870394175,4.499276827833564,32.27228336567354,0.0324739732040516,0.022447550832158214,0.014937602628733435,0.03460806612094214,0.03755244916784184,0.015062397371266578,1.12,1.12,1.12,1.12
2.5574793873281005,4.5003240220036975,32.273551297405916,0.03247385156147786,0.02244855224707698,0.014937602874261269,0.034608187763515874,0.03755144775292307,0.015062397125738744,1.12,1.12,1.12,1.12
2.558581138100165,4.501371280545038,32.27481827928439,0.032473729868050805,0.0224495541883091,0.014937603119928339,0.03460830945694293,0.03755044581169095,0.015062396880071674,1.12,1.12,1.12,1.12
2.5596831226963275,4.5024186033896125,32.27608431095839,0.03247360812374073,0.02245055665626658,0.014937603365734173,0.03460843120125301,0.037549443343733474,0.01506239663426584,1.12,1.12,1.12,1.12
2.5607853411025263,4.503465990469401,32.27734939207722,0.0324734863285171,0.022451559651362363,0.014937603611678757,0.03460855299647664,0.03754844034863769,0.015062396388321256,1.12,1.12,1.12,1.12
2.561887793304674,4.504513441716333,32.278613522290044,0.03247336448234994,0.022452563174009732,0.014937603857761647,0.034608674842643794,0.03754743682599032,0.015062396142238366,1.12,1.12,1.12,1.12
2.5629904792886635,4.5055609570622845,32.279876701245875,0.03247324258520912,0.022453567224621745,0.014937604103982857,0.03460879673978462,0.03754643277537831,0.015062395896017156,1.12,1.12,1.12,1.12
2.564093399040366,4.506608536439079,32.28113892859358,0.03247312063706442,0.022454571803612045,0.01493760435034222,0.03460891868792931,0.03754542819638801,0.015062395649657792,1.12,1.12,1.12,1.12
2.565196552545626,4.507656179778492,32.282400203981865,0.03247299863788555,0.02245557691139538,0.01493760459683946,0.034609040687108183,0.03754442308860467,0.015062395403160553,1.12,1.12,1.12,1.12
2.56629993979027,4.508703887012247,32.28366052705935,0.03247287658764231,0.022456582548386617,0.014937604843474492,0.03460916273735143,0.03754341745161344,0.015062395156525521,1.12,1.12,1.12,1.12
2.567403560760101,4.509751658072012,32.28491989747445,0.03247275448630449,0.02245758871500189,0.014937605090247275,0.03460928483868925,0.03754241128499816,0.015062394909752738,1.12,1.12,1.12,1.12
2.5685074154408998,4.510799492889407,32.286178314875485,0.03247263233384157,0.02245859541165421,0.014937605337157628,0.03460940699115217,0.037541404588345845,0.015062394662842385,1.12,1.12,1.12,1.12
2.56961150381842,4.511847391395999,32.28743577891058,0.03247251013022351,0.02245960263876151,0.014937605584205454,0.03460952919477023,0.03754039736123854,0.015062394415794558,1.12,1.12,1.12,1.12
2.570715825878398,4.512895353523305,32.288692289227754,0.03247238787541995,0.02246061039674055,0.014937605831390588,0.034609651449573786,0.037539389603259504,0.015062394168609425,1.12,1.12,1.12,1.12
2.571820381606546,4.513943379202788,32.289947845474885,0.032472265569400305,0.022461618686008045,0.014937606078712973,0.03460977375559343,0.03753838131399201,0.01506239392128704,1.12,1.12,1.12,1.12
2.5729251709885546,4.51499146836586,32.29120244729968,0.032472143212134486,0.022462627506980665,0.0149376063261724,0.03460989611285925,0.03753737249301939,0.015062393673827612,1.12,1.12,1.12,1.12
2.5740301940100903,4.5160396209438805,32.29245609434972,0.03247202080359207,0.02246363686007724,0.014937606573768872,0.034610018521401664,0.03753636313992281,0.015062393426231141,1.12,1.12,1.12,1.12
2.575135450656795,4.517087836868162,32.29370878627245,0.03247189834374231,0.022464646745715078,0.014937606821502192,0.034610140981251425,0.037535353254284975,0.015062393178497821,1.12,1.12,1.12,1.12
2.5762409409142926,4.518136116069956,32.29496052271513,0.032471775832555116,0.022465657164313035,0.014937607069372527,0.03461026349243862,0.03753434283568702,0.015062392930627486,1.12,1.12,1.12,1.12
2.5773466647681795,4.51918445848047,32.296211303324924,0.032471653269999845,0.022466668116289473,0.014937607317379656,0.03461038605499389,0.03753333188371058,0.015062392682620357,1.12,1.12,1.12,1.12
2.5784526222040345,4.520232864030855,32.29746112774883,0.03247153065604613,0.022467679602064916,0.01493760756552373,0.034610508668947604,0.03753232039793514,0.015062392434476282,1.12,1.12,1.12,1.12
2.5795588132074068,4.5212813326522125,32.2987099956337,0.03247140799066339,0.02246869162205925,0.014937607813804543,0.034610631334330344,0.0375313083779408,0.01506239218619547,1.12,1.12,1.12,1.12
2.5806652377638297,4.52232986427559,32.29995790662625,0.03247128527382115,0.022469704176693417,0.01493760806222219,0.03461075405117259,0.037530295823306636,0.015062391937777822,1.12,1.12,1.12,1.12
2.5817718958588087,4.523378458831982,32.30120486037303,0.032471162505488704,0.022470717266386442,0.014937608310776646,0.03461087681950503,0.03752928273361361,0.015062391689223367,1.12,1.12,1.12,1.12
2.582878787477829,4.524427116252333,32.302450856520466,0.032471039685635694,0.02247173089156243,0.014937608559467824,0.03461099963935804,0.03752826910843762,0.015062391440532188,1.12,1.12,1.12,1.12
2.583985912606352,4.525475836467535,32.303695894714835,0.03247091681423153,0.022472745052641352,0.014937608808303818,0.034611122510762204,0.0375272549473587,0.015062391191696195,1.12,1.12,1.12,1.12
2.585093271229816,4.526524619408427,32.30493997460227,0.03247079389124541,0.022473759750045286,0.014937609057287457,0.03461124543374833,0.03752624024995477,0.015062390942712556,1.12,1.12,1.12,1.12
2.5862008633336337,4.527573465005793,32.30618309582874,0.03247067091664696,0.02247477498419939,0.014937609306418409,0.034611368408346777,0.03752522501580066,0.015062390693581604,1.12,1.12,1.12,1.12
2.5873086889032013,4.528622373190366,32.307425258040084,0.03247054789040521,0.02247579075552461,0.014937609555696521,0.034611491434588526,0.03752420924447544,0.015062390444303492,1.12,1.12,1.12,1.12
2.588416747923883,4.529671343892828,32.30866646088198,0.03247042481248957,0.022476807064445797,0.014937609805121349,0.03461161451250416,0.037523192935554256,0.015062390194878664,1.12,1.12,1.12,1.12
2.5895250403810284,4.530720377043808,32.30990670399999,0.03247030168286924,0.022477823911386363,0.014937610054692796,0.034611737642124496,0.03752217608861369,0.015062389945307217,1.12,1.12,1.12,1.12
2.5906335662599584,4.5317694725738775,32.3111459870395,0.03247017850151357,0.02247884129677047,0.014937610304410612,0.03461186082348017,0.037521158703229585,0.015062389695589401,1.12,1.12,1.12,1.12
2.591742325545974,4.532818630413562,32.312384309645765,0.032470055268391695,0.02247985922102294,0.014937610554274644,0.03461198405660204,0.03752014077897711,0.015062389445725369,1.12,1.12,1.12,1.12
2.5928513182243513,4.533867850493333,32.313621671463885,0.0324699319834727,0.022480877684569772,0.014937610804284726,0.03461210734152104,0.03751912231543028,0.015062389195715287,1.12,1.12,1.12,1.12
2.593960544280343,4.534917132743606,32.31485807213882,0.032469808646725884,0.022481896687836955,0.014937611054440636,0.03461223067826785,0.0375181033121631,0.015062388945559377,1.12,1.12,1.12,1.12
2.595070003699181,4.535966477094745,32.316093511315394,0.032469685258120384,0.022482916231250816,0.01493761130474236,0.03461235406687335,0.03751708376874924,0.015062388695257653,1.12,1.12,1.12,1.12
2.59617969646607,4.537015883477063,32.317327988638255,0.03246956181762545,0.02248393631523765,0.014937611555189606,0.03461247750736829,0.0375160636847624,0.015062388444810407,1.12,1.12,1.12,1.12
2.597289622566194,4.53806535182082,32.318561503751944,0.03246943832521004,0.022484956940224787,0.014937611805782264,0.034612600999783694,0.037515043059775266,0.015062388194217749,1.12,1.12,1.12,1.12
2.5983997819847158,4.539114882056217,32.319794056300815,0.03246931478084325,0.022485978106639715,0.014937612056520277,0.034612724544150486,0.03751402189336034,0.015062387943479735,1.12,1.12,1.12,1.12
2.599510174706769,4.540164474113413,32.3210256459291,0.032469191184494206,0.022486999814909647,0.01493761230740348,0.03461284814049953,0.037513000185090406,0.015062387692596532,1.12,1.12,1.12,1.12
2.6006208007174703,4.541214127922503,32.32225627228088,0.032469067536131824,0.022488022065465435,0.014937612558431776,0.03461297178886191,0.03751197793453462,0.015062387441568237,1.12,1.12,1.12,1.12
2.601731660001909,4.542263843413534,32.32348593500009,0.032468943835725406,0.02248904485873443,0.014937612809605122,0.03461309548926833,0.03751095514126562,0.01506238719039489,1.12,1.12,1.12,1.12
2.6028427525451514,4.543313620516503,32.324714633730515,0.03246882008324359,0.02249006819514565,0.01493761306092331,0.03461321924175015,0.0375099318048544,0.015062386939076702,1.12,1.12,1.12,1.12
2.603954078332243,4.544363459161344,32.32594236811579,0.03246869627865562,0.0224910920751282,0.014937613312386328,0.03461334304633812,0.037508907924871854,0.015062386687613685,1.12,1.12,1.12,1.12
2.605065637348201,4.5454133592779495,32.3271691377994,0.032468572421930464,0.02249211649911434,0.01493761356399409,0.03461346690306327,0.037507883500885714,0.015062386436005923,1.12,1.12,1.12,1.12
2.606177429578024,4.54646332079615,32.3283949424247,0.03246844851303682,0.0224931414675332,0.014937613815746473,0.03461359081195692,0.03750685853246685,0.01506238618425354,1.12,1.12,1.12,1.12
2.6072894550066836,4.547513343645728,32.329619781634875,0.03246832455194393,0.022494166980817187,0.014937614067643365,0.03461371477304981,0.037505833019182866,0.015062385932356648,1.12,1.12,1.12,1.12
2.608401713619131,4.548563427756406,32.33084365507297,0.03246820053862037,0.022495193039396927,0.014937614319684905,0.03461383878637336,0.037504806960603126,0.015062385680315107,1.12,1.12,1.12,1.12
2.6095142054002918,4.549613573057861,32.3320665623819,0.032468076473035234,0.022496219643704574,0.014937614571870803,0.0346139628519585,0.03750378035629548,0.01506238542812921,1.12,1.12,1.12,1.12
2.610626930335068,4.55066377947971,32.33328850320441,0.03246795235515726,0.022497246794172865,0.014937614824201209,0.03461408696983648,0.03750275320582719,0.015062385175798804,1.12,1.12,1.12,1.12
2.611739888408337,4.551714046951523,32.3345094771831,0.032467828184955194,0.022498274491235037,0.014937615076676028,0.03461421114003854,0.037501725508765016,0.015062384923323985,1.12,1.12,1.12,1.12
2.612853079604955,4.5527643754028055,32.33572948396042,0.03246770396239823,0.0224993027353238,0.014937615329295051,0.034614335362595505,0.03750069726467625,0.015062384670704962,1.12,1.12,1.12,1.12
2.6139665039097535,4.553814764763022,32.336948523178684,0.03246757968745467,0.022500331526873002,0.014937615582058375,0.03461445963753906,0.03749966847312705,0.015062384417941638,1.12,1.12,1.12,1.12
2.615080161307539,4.554865214961573,32.33816659448005,0.032467455360093656,0.022501360866318876,0.014937615834965973,0.03461458396490008,0.03749863913368118,0.01506238416503404,1.12,1.12,1.12,1.12
2.6161940517830966,4.555915725927814,32.33938369750653,0.032467330980283704,0.022502390754094714,0.01493761608801783,0.03461470834471003,0.03749760924590534,0.015062383911982183,1.12,1.12,1.12,1.12
2.6173081753211864,4.556966297591038,32.340599831899986,0.03246720654799351,0.022503421190635864,0.014937616341213933,0.034614832777000226,0.03749657880936419,0.01506238365878608,1.12,1.12,1.12,1.12
2.6184225319065426,4.55801692988049,32.34181499730213,0.03246708206319182,0.022504452176378587,0.014937616594554212,0.034614957261801915,0.03749554782362147,0.0150623834054458,1.12,1.12,1.12,1.12
2.6195371215238796,4.559067622725361,32.34302919335452,0.03246695752584744,0.022505483711757035,0.014937616848038779,0.0346150817991463,0.03749451628824302,0.015062383151961234,1.12,1.12,1.12,1.12
2.6206519441578853,4.560118376054783,32.344242419698574,0.03246683293592878,0.022506515797209303,0.014937617101667508,0.034615206389064956,0.03749348420279075,0.015062382898332505,1.12,1.12,1.12,1.12
2.621766999793224,4.5611691897978375,32.34545467597556,0.0324667082934047,0.02250754843317279,0.014937617355440441,0.034615331031589036,0.03749245156682726,0.015062382644559572,1.12,1.12,1.12,1.12
2.6228822884145355,4.5622200638835535,32.34666596182659,0.03246658359824367,0.022508581620083984,0.014937617609357606,0.034615455726750066,0.03749141837991607,0.015062382390642406,1.12,1.12,1.12,1.12
2.6239978100064385,4.563270998240902,32.34787627689262,0.03246645885041427,0.022509615358381557,0.014937617863418948,0.034615580474579466,0.037490384641618496,0.015062382136581065,1.12,1.12,1.12,1.12
2.6251135645535237,4.5643219927988,32.34908562081449,0.03246633404988497,0.02251064964850405,0.01493761811762448,0.034615705275108766,0.037489350351496004,0.015062381882375533,1.12,1.12,1.12,1.12
2.626229552040359,4.565373047486116,32.35029399323285,0.032466209196624574,0.022511684490891193,0.014937618371974312,0.03461583012836916,0.03748831550910886,0.0150623816280257,1.12,1.12,1.12,1.12
2.627345772451493,4.566424162231655,32.35150139378824,0.03246608429060133,0.02251271988598083,0.014937618626468432,0.03461595503439241,0.03748728011401922,0.01506238137353158,1.12,1.12,1.12,1.12
2.6284622257714423,4.567475336964176,32.35270782212099,0.03246595933178387,0.022513755834212557,0.014937618881106798,0.03461607999320987,0.0374862441657875,0.015062381118893214,1.12,1.12,1.12,1.12
2.629578911984705,4.568526571612378,32.35391327787134,0.03246583432014066,0.022514792336028766,0.014937619135889549,0.03461620500485307,0.03748520766397129,0.015062380864110464,1.12,1.12,1.12,1.12
2.630695831075752,4.569577866104908,32.35511776067937,0.03246570925564002,0.02251582939186847,0.014937619390816628,0.03461633006935372,0.037484170608131584,0.015062380609183385,1.12,1.12,1.12,1.12
2.6318129830290324,4.570629220370358,32.35632127018497,0.03246558413825046,0.022516867002173924,0.014937619645888023,0.03461645518674328,0.03748313299782613,0.01506238035411199,1.12,1.12,1.12,1.12
2.6329303678289695,4.571680634337265,32.35752380602793,0.03246545896794051,0.022517905167385527,0.01493761990110394,0.03461658035705323,0.037482094832614526,0.015062380098896072,1.12,1.12,1.12,1.12
2.634047985459964,4.572732107934111,32.35872536784785,0.03246533374467836,0.022518943887946313,0.014937620156464285,0.03461670558031538,0.03748105611205374,0.015062379843535728,1.12,1.12,1.12,1.12
2.6351658359063896,4.573783641089324,32.3599259552842,0.03246520846843254,0.022519983164298985,0.014937620411969194,0.0346168308565612,0.03748001683570107,0.01506237958803082,1.12,1.12,1.12,1.12
2.636283919152598,4.574835233731277,32.3611255679763,0.032465083139171125,0.02252102299688649,0.014937620667618653,0.03461695618582261,0.03747897700311356,0.01506237933238136,1.12,1.12,1.12,1.12
2.6374022351829165,4.575886885788289,32.36232420556331,0.032464957756862645,0.022522063386152452,0.014937620923412748,0.03461708156813109,0.0374779366138476,0.015062379076587265,1.12,1.12,1.12,1.12
2.638520783981647,4.576938597188621,32.36352186768425,0.0324648323214754,0.0225231043325399,0.014937621179351476,0.034617207003518335,0.03747689566746015,0.015062378820648537,1.12,1.12,1.12,1.12
2.639639565533065,4.577990367860484,32.364718553977966,0.032464706832977364,0.022524145836494952,0.014937621435434922,0.03461733249201637,0.0374758541635051,0.01506237856456509,1.12,1.12,1.12,1.12
2.6407585798214286,4.579042197732029,32.36591426408317,0.03246458129133711,0.022525187898461668,0.014937621691663142,0.03461745803365662,0.037474812101538385,0.015062378308336871,1.12,1.12,1.12,1.12
2.6418778268309637,4.580094086731356,32.36710899763844,0.03246445569652273,0.022526230518885665,0.014937621948036175,0.034617583628471005,0.03747376948111439,0.015062378051963837,1.12,1.12,1.12,1.12
2.6429973065458747,4.5811460347865065,32.368302754282176,0.032464330048502466,0.022527273698214056,0.014937622204554274,0.03461770927649127,0.037472726301786,0.015062377795445739,1.12,1.12,1.12,1.12
2.6441170189503445,4.582198041825469,32.369495533652625,0.03246420434724445,0.02252831743689243,0.014937622461217395,0.034617834977749284,0.03747168256310762,0.015062377538782618,1.12,1.12,1.12,1.12
2.6452369640285256,4.583250107776177,32.3706873353879,0.03246407859271677,0.022529361735367293,0.014937622718025484,0.034617960732276964,0.03747063826463276,0.015062377281974529,1.12,1.12,1.12,1.12
2.646357141764549,4.5843022325665075,32.37187815912595,0.032463952784887784,0.022530406594085978,0.01493762297497872,0.03461808654010595,0.037469593405914076,0.015062377025021292,1.12,1.12,1.12,1.12
2.647477552142524,4.585354416124281,32.373068004504574,0.03246382692372529,0.02253145201349621,0.014937623232077271,0.034618212401268444,0.03746854798650384,0.015062376767922742,1.12,1.12,1.12,1.12
2.648598195146529,4.586406658377267,32.37425687116142,0.032463701009197654,0.022532497994046996,0.014937623489321136,0.03461833831579608,0.03746750200595306,0.015062376510678877,1.12,1.12,1.12,1.12
2.6497190707606233,4.587458959253172,32.37544475873399,0.03246357504127273,0.022533544536186584,0.014937623746710274,0.03461846428372101,0.03746645546381347,0.015062376253289739,1.12,1.12,1.12,1.12
2.650840178968837,4.5885113186796564,32.37663166685962,0.03246344901991871,0.022534591640363866,0.014937624004244948,0.034618590305075025,0.03746540835963619,0.015062375995755065,1.12,1.12,1.12,1.12
2.6519615197551807,4.589563736584319,32.37781759517552,0.0324633229451034,0.02253563930702923,0.014937624261925145,0.034618716379890335,0.03746436069297082,0.015062375738074868,1.12,1.12,1.12,1.12
2.6530830931036347,4.590616212894703,32.379002543318705,0.03246319681679488,0.022536687536632738,0.014937624519751017,0.034618842508198855,0.037463312463367315,0.015062375480248996,1.12,1.12,1.12,1.12
2.6542048989981577,4.591668747538298,32.38018651092607,0.032463070634961344,0.022537736329624802,0.014937624777722536,0.03461896869003239,0.03746226367037525,0.015062375222277477,1.12,1.12,1.12,1.12
2.655326937422682,4.592721340442539,32.38136949763436,0.032462944399570426,0.02253878568645659,0.014937625035839897,0.03461909492542331,0.03746121431354346,0.015062374964160116,1.12,1.12,1.12,1.12
2.6564492083611198,4.593773991534799,32.38255150308013,0.0324628181105901,0.0225398356075798,0.014937625294103252,0.03461922121440364,0.03746016439242025,0.015062374705896761,1.12,1.12,1.12,1.12
2.65757171179735,4.594826700742405,32.38373252689983,0.03246269176798833,0.022540886093446982,0.014937625552512601,0.03461934755700541,0.03745911390655307,0.015062374447487412,1.12,1.12,1.12,1.12
2.658694447715234,4.595879467992619,32.38491256872972,0.03246256537173309,0.02254193714451108,0.014937625811068167,0.03461947395326065,0.03745806285548897,0.015062374188931846,1.12,1.12,1.12,1.12
2.659817416098604,4.59693229321265,32.38609162820593,0.03246243892179207,0.022542988761224014,0.01493762606976981,0.03461960040320167,0.03745701123877604,0.015062373930230202,1.12,1.12,1.12,1.12
2.6609406169312706,4.597985176329654,32.387269704964424,0.032462312418133354,0.022544040944040666,0.014937626328617892,0.03461972690686038,0.03745595905595939,0.01506237367138212,1.12,1.12,1.12,1.12
2.6620640501970145,4.599038117270728,32.38844679864102,0.0324621858607243,0.022545093693414425,0.01493762658761233,0.034619853464269434,0.03745490630658563,0.015062373412387683,1.12,1.12,1.12,1.12
2.6631877158795962,4.600091115962914,32.38962290887136,0.03246205924953305,0.022546147009799622,0.014937626846753288,0.03461998007546069,0.03745385299020043,0.015062373153246725,1.12,1.12,1.12,1.12
2.6643116139627487,4.601144172333195,32.39079803529096,0.03246193258452729,0.022547200893651642,0.014937627106040907,0.03462010674046645,0.03745279910634841,0.015062372893959106,1.12,1.12,1.12,1.12
2.665435744430182,4.602197286308502,32.391972177535195,0.03246180586567471,0.022548255345426704,0.014937627365475242,0.03462023345931903,0.03745174465457335,0.01506237263452477,1.12,1.12,1.12,1.12
2.666560107265578,4.603250457815707,32.393145335239225,0.03246167909294306,0.022549310365579056,0.014937627625056432,0.03462036023205067,0.037450689634421,0.01506237237494358,1.12,1.12,1.12,1.12
2.6676847024525934,4.604303686781627,32.394317508038114,0.032461552266299876,0.02255036595456572,0.01493762788478456,0.03462048705869386,0.03744963404543433,0.015062372115215453,1.12,1.12,1.12,1.12
2.6688095299748644,4.605356973133023,32.395488695566755,0.03246142538571317,0.022551422112843833,0.014937628144659862,0.034620613939280565,0.03744857788715622,0.015062371855340151,1.12,1.12,1.12,1.12
2.669934589815995,4.606410316796597,32.39665889745987,0.0324612984511502,0.022552478840871526,0.014937628404682254,0.034620740873843536,0.03744752115912853,0.015062371595317758,1.12,1.12,1.12,1.12
2.671059881959572,4.607463717698995,32.39782811335205,0.032461171462578764,0.02255353613910621,0.014937628664852029,0.03462086786241497,0.03744646386089384,0.015062371335147984,1.12,1.12,1.12,1.12
2.6721854063891497,4.608517175766811,32.398996342877716,0.0324610444199665,0.022554594008006856,0.014937628925169255,0.034620994905027236,0.0374454059919932,0.015062371074830758,1.12,1.12,1.12,1.12
2.6733111630882602,4.609570690926576,32.40016358567114,0.03246091732328099,0.0225556524480319,0.014937629185634002,0.034621122001712745,0.037444347551968155,0.01506237081436601,1.12,1.12,1.12,1.12
2.6744371520404098,4.610624263104769,32.401329841366426,0.03246079017248976,0.022556711459641637,0.014937629446246409,0.034621249152503974,0.037443288540358416,0.015062370553753604,1.12,1.12,1.12,1.12
2.6755633732290818,4.611677892227809,32.40249510959756,0.03246066296756023,0.022557771043294317,0.01493762970700667,0.03462137635743351,0.037442228956705736,0.015062370292993343,1.12,1.12,1.12,1.12
2.6766898266377286,4.612731578222063,32.403659389998325,0.03246053570845997,0.022558831199450985,0.01493762996791484,0.034621503616533766,0.03744116880054907,0.015062370032085173,1.12,1.12,1.12,1.12
2.677816512249784,4.613785321013833,32.40482268220238,0.03246040839515646,0.02255989192857316,0.014937630228971002,0.03462163092983728,0.03744010807142689,0.01506236977102901,1.12,1.12,1.12,1.12
2.6789434300486494,4.614839120529374,32.40598498584322,0.03246028102761711,0.02256095323112217,0.014937630490175366,0.034621758297376626,0.03743904676887788,0.015062369509824647,1.12,1.12,1.12,1.12
2.680070580017707,4.615892976694873,32.407146300554174,0.03246015360580945,0.02256201510755923,0.014937630751527903,0.03462188571918429,0.03743798489244082,0.01506236924847211,1.12,1.12,1.12,1.12
2.681197962140308,4.6169468894364725,32.40830662596845,0.032460026129700836,0.022563077558347133,0.014937631013028904,0.0346220131952929,0.03743692244165292,0.015062368986971109,1.12,1.12,1.12,1.12
2.6823255763997826,4.618000858680246,32.40946596171904,0.032459898599258685,0.022564140583948233,0.014937631274678467,0.03462214072573505,0.03743585941605182,0.015062368725321545,1.12,1.12,1.12,1.12
2.6834534227794324,4.619054884352219,32.41062430743886,0.032459771014450356,0.02256520418482655,0.014937631536476662,0.03462226831054338,0.037434795815173505,0.015062368463523351,1.12,1.12,1.12,1.12
2.6845815012625343,4.620108966378355,32.41178166276059,0.03245964337524315,0.022566268361445818,0.01493763179842364,0.034622395949750584,0.037433731638554235,0.015062368201576373,1.12,1.12,1.12,1.12
2.6857098118323397,4.621163104684562,32.412938027316784,0.03245951568160432,0.02256733311427006,0.014937632060519637,0.03462252364338941,0.03743266688572999,0.015062367939480376,1.12,1.12,1.12,1.12
2.6868383544720733,4.622217299196687,32.41409340073988,0.03245938793350128,0.022568398443764653,0.014937632322764599,0.034622651391492454,0.0374316015562354,0.015062367677235414,1.12,1.12,1.12,1.12
2.687967129164935,4.623271549840527,32.41524778266209,0.03245926013090128,0.02256946435039464,0.014937632585158761,0.03462277919409246,0.03743053564960541,0.015062367414841252,1.12,1.12,1.12,1.12
2.689096135894101,4.624325856541814,32.41640117271553,0.03245913227377145,0.02257053083462654,0.014937632847702303,0.034622907051222285,0.03742946916537351,0.01506236715229771,1.12,1.12,1.12,1.12
2.6902253746427176,4.625380219226226,32.417553570532114,0.0324590043620791,0.02257159789692595,0.014937633110395226,0.034623034962914634,0.037428402103074104,0.015062366889604786,1.12,1.12,1.12,1.12
2.6913548453939073,4.6264346378193855,32.41870497574363,0.03245887639579148,0.022572665537760495,0.014937633373237752,0.034623162929202256,0.03742733446223956,0.01506236662676226,1.12,1.12,1.12,1.12
2.6924845481307678,4.627489112246853,32.419855387981684,0.03245874837487556,0.02257373375759586,0.014937633636230047,0.03462329095011818,0.037426266242404194,0.015062366363769966,1.12,1.12,1.12,1.12
2.693614482836367,4.628543642434137,32.421004806877754,0.032458620299298746,0.022574802556902,0.014937633899372152,0.03462341902569499,0.03742519744309805,0.01506236610062786,1.12,1.12,1.12,1.12
2.6947446494937526,4.629598228306679,32.42215323206313,0.032458492169028075,0.022575871936145908,0.01493763416266422,0.03462354715596566,0.037424128063854145,0.015062365837335792,1.12,1.12,1.12,1.12
2.6958750480859415,4.630652869789873,32.42330066316897,0.03245836398403046,0.022576941895796676,0.014937634426106475,0.03462367534096328,0.03742305810420338,0.015062365573893538,1.12,1.12,1.12,1.12
2.6970056785959287,4.63170756680905,32.42444709982625,0.03245823574427331,0.022578012436324346,0.014937634689699095,0.034623803580720425,0.03742198756367571,0.015062365310300918,1.12,1.12,1.12,1.12
2.698136541006678,4.6327623192894825,32.42559254166582,0.03245810744972333,0.022579083558198293,0.014937634953442136,0.03462393187527041,0.03742091644180176,0.015062365046557877,1.12,1.12,1.12,1.12
2.6992676353011316,4.63381712715639,32.42673698831835,0.0324579791003477,0.022580155261888557,0.014937635217335737,0.034624060224646036,0.037419844738111496,0.015062364782664275,1.12,1.12,1.12,1.12
2.700398961462204,4.634871990334925,32.42788043941435,0.032457850696113566,0.0225812275478669,0.014937635481379996,0.03462418862888017,0.03741877245213315,0.015062364518620017,1.12,1.12,1.12,1.12
2.701530519472783,4.635926908750191,32.42902289458417,0.03245772223698762,0.0225823004166035,0.014937635745575134,0.03462431708800612,0.03741769958339655,0.015062364254424879,1.12,1.12,1.12,1.12
2.702662309315731,4.6369818823272295,32.43016435345803,0.032457593722937106,0.022583373868571344,0.014937636009921276,0.03462444560205663,0.03741662613142871,0.015062363990078736,1.12,1.12,1.12,1.12
2.7037943309738854,4.638036910991022,32.43130481566597,0.03245746515392883,0.02258444790424194,0.014937636274418506,0.034624574171064904,0.037415552095758114,0.015062363725581507,1.12,1.12,1.12,1.12
2.704926584430054,4.6390919946664955,32.43244428083784,0.03245733652992955,0.022585522524088936,0.014937636539066934,0.03462470279506419,0.03741447747591112,0.015062363460933079,1.12,1.12,1.12,1.12
2.7060590696670204,4.640147133278519,32.43358274860342,0.03245720785090639,0.02258659772858626,0.014937636803866824,0.03462483147408735,0.03741340227141379,0.015062363196133188,1.12,1.12,1.12,1.12
2.7071917866675452,4.6412023267518965,32.43472021859223,0.03245707911682627,0.022587673518206813,0.01493763706881833,0.034624960208167466,0.03741232648179324,0.015062362931181683,1.12,1.12,1.12,1.12
2.7083247354143563,4.6422575750113815,32.4358566904337,0.03245695032765572,0.022588749893425353,0.014937637333921408,0.034625088997338016,0.0374112501065747,0.015062362666078605,1.12,1.12,1.12,1.12
2.7094579158901575,4.643312877981667,32.436992163757076,0.03245682148336171,0.022589826854716832,0.014937637599176407,0.03462521784163203,0.03741017314528322,0.015062362400823606,1.12,1.12,1.12,1.12
2.71059132807763,4.644368235587383,32.438126638191434,0.032456692583911206,0.02259090440255629,0.014937637864583436,0.03462534674108253,0.037409095597443764,0.015062362135416577,1.12,1.12,1.12,1.12
2.7117249719594243,4.645423647753107,32.43926011336573,0.03245656362927063,0.022591982537420452,0.014937638130142566,0.03462547569572311,0.0374080174625796,0.015062361869857446,1.12,1.12,1.12,1.12
2.712858847518165,4.646479114403353,32.44039258890871,0.03245643461940689,0.022593061259785663,0.014937638395853978,0.03462560470558684,0.03740693874021439,0.015062361604146035,1.12,1.12,1.12,1.12
2.713992954736453,4.647534635462579,32.441524064448984,0.0324563055542868,0.022594140570128707,0.01493763866171774,0.034625733770706935,0.037405859429871346,0.015062361338282274,1.12,1.12,1.12,1.12
2.7151272935968582,4.648590210855186,32.442654539615035,0.03245617643387694,0.022595220468927063,0.014937638927734143,0.0346258628911168,0.03740477953107299,0.01506236107226587,1.12,1.12,1.12,1.12
2.716261864081929,4.649645840505509,32.44378401403513,0.032456047258143994,0.0225963009566591,0.014937639193903271,0.03462599206684974,0.037403699043340954,0.015062360806096742,1.12,1.12,1.12,1.12
2.717396666174182,4.650701524337836,32.4449124873374,0.03245591802705455,0.02259738203380282,0.014937639460225305,0.03462612129793918,0.03740261796619723,0.015062360539774708,1.12,1.12,1.12,1.12
2.7185316998561113,4.651757262276383,32.44603995914983,0.032455788740575364,0.022598463700838012,0.014937639726700341,0.03462625058441837,0.03740153629916204,0.015062360273299671,1.12,1.12,1.12,1.12
2.719666965110182,4.652813054245314,32.44716642910022,0.032455659398672954,0.022599545958242956,0.014937639993328589,0.03462637992632078,0.0374004540417571,0.015062360006671424,1.12,1.12,1.12,1.12
2.720802461918834,4.653868900168735,32.44829189681623,0.032455530001314015,0.02260062880649899,0.014937640260110144,0.03462650932367972,0.03739937119350106,0.015062359739889869,1.12,1.12,1.12,1.12
2.7219381902644795,4.65492479997069,32.449416361925344,0.0324554005484648,0.02260171224608623,0.014937640527045146,0.03462663877652894,0.03739828775391382,0.015062359472954867,1.12,1.12,1.12,1.12
2.723074150129504,4.655980753575166,32.45053982405491,0.03245527104009216,0.02260279627748596,0.014937640794133844,0.03462676828490158,0.037397203722514094,0.015062359205866169,1.12,1.12,1.12,1.12
2.724210341496268,4.657036760906085,32.45166228283207,0.032455141476162186,0.022603880901180262,0.01493764106137628,0.03462689784883155,0.03739611909881979,0.015062358938623732,1.12,1.12,1.12,1.12
2.7253467643471017,4.658092821887319,32.452783737883856,0.0324550118566419,0.022604966117650782,0.014937641328772663,0.034627027468351834,0.03739503388234927,0.01506235867122735,1.12,1.12,1.12,1.12
2.726483418664311,4.659148936442674,32.453904188837114,0.03245488218149739,0.02260605192738041,0.014937641596323159,0.034627157143496345,0.03739394807261964,0.015062358403676854,1.12,1.12,1.12,1.12
2.727620304430174,4.6602051044959,32.45502363531853,0.032454752450695123,0.022607138330851817,0.014937641864027795,0.03462728687429861,0.037392861669148236,0.015062358135972218,1.12,1.12,1.12,1.12
2.728757421626944,4.661261325970681,32.45614207695463,0.03245462266420157,0.02260822532855089,0.014937642131886836,0.034627416660792165,0.03739177467144916,0.015062357868113177,1.12,1.12,1.12,1.12
2.729894770236842,4.662317600790653,32.45725951337177,0.03245449282198298,0.022609312920959773,0.014937642399900433,0.03462754650301075,0.03739068707904028,0.01506235760009958,1.12,1.12,1.12,1.12
2.73103235024207,4.66337392887938,32.45837594419616,0.03245436292400583,0.022610401108563605,0.014937642668068685,0.034627676400987906,0.03738959889143645,0.015062357331931328,1.12,1.12,1.12,1.12
2.7321701616247953,4.664430310160376,32.45949136905384,0.03245423297023642,0.02261148989184844,0.014937642936391826,0.03462780635475732,0.03738851010815161,0.015062357063608187,1.12,1.12,1.12,1.12
2.7333082043671606,4.665486744557091,32.4606057875707,0.03245410296064105,0.022612579271298783,0.014937643204869927,0.034627936364352685,0.03738742072870127,0.015062356795130086,1.12,1.12,1.12,1.12
2.7344464784512854,4.666543231992914,32.461719199372446,0.032453972895186034,0.02261366924740163,0.014937643473503168,0.0346280664298077,0.03738633075259842,0.015062356526496845,1.12,1.12,1.12,1.12
2.7355849838592574,4.667599772391177,32.46283160408464,0.032453842773837505,0.02261475982064398,0.014937643742291715,0.03462819655115623,0.03738524017935607,0.015062356257708298,1.12,1.12,1.12,1.12
2.736723720573137,4.668656365675152,32.46394300133269,0.03245371259656188,0.022615850991513364,0.014937644011235693,0.03462832672843186,0.03738414900848669,0.01506235598876432,1.12,1.12,1.12,1.12
2.737862688574962,4.669713011768048,32.46505339074181,0.032453582363325295,0.022616942760498526,0.014937644280335366,0.03462845696166844,0.03738305723950153,0.015062355719664647,1.12,1.12,1.12,1.12
2.7390018878467393,4.6707697105930155,32.466162771937064,0.03245345207409389,0.022618035128086827,0.014937644549590859,0.034628587250899845,0.037381964871913226,0.015062355450409154,1.12,1.12,1.12,1.12
2.7401413183704473,4.671826462073148,32.46727114454339,0.032453321728833806,0.022619128094767516,0.014937644819002172,0.03462871759615993,0.03738087190523254,0.015062355180997841,1.12,1.12,1.12,1.12
2.74128098012804,4.672883266131475,32.46837850818549,0.03245319132751129,0.022620221661030032,0.014937645088569651,0.03462884799748245,0.03737977833897002,0.015062354911430362,1.12,1.12,1.12,1.12
2.7424208731014446,4.673940122690966,32.469484862487974,0.032453060870092365,0.02262131582736529,0.014937645358293283,0.03462897845490137,0.03737868417263476,0.01506235464170673,1.12,1.12,1.12,1.12
2.7435609972725565,4.674997031674533,32.47059020707526,0.03245293035654301,0.022622410594263564,0.014937645628173318,0.03462910896845073,0.03737758940573649,0.015062354371826694,1.12,1.12,1.12,1.12
2.7447013526232498,4.676053993005025,32.471694541571594,0.03245279978682952,0.022623505962215268,0.01493764589820995,0.034629239538164214,0.037376494037784785,0.015062354101790063,1.12,1.12,1.12,1.12
2.7458419391353655,4.677111006605235,32.47279786560108,0.03245266916091777,0.022624601931712424,0.014937646168403235,0.03462937016407597,0.03737539806828763,0.015062353831596778,1.12,1.12,1.12,1.12
2.7469827567907217,4.6781680723978845,32.47390017878763,0.032452538478773774,0.022625698503247277,0.014937646438753366,0.03462950084621996,0.037374301496752776,0.015062353561246647,1.12,1.12,1.12,1.12
2.748123805571105,4.67922519030565,32.47500148075503,0.03245240774036362,0.02262679567731274,0.01493764670926051,0.034629631584630116,0.037373204322687315,0.015062353290739502,1.12,1.12,1.12,1.12
2.7492650854582785,4.6802823602511365,32.47610177112687,0.03245227694565306,0.02262789345440161,0.014937646979924807,0.03462976237934068,0.037372106545598444,0.015062353020075206,1.12,1.12,1.12,1.12
2.750406596433973,4.68133958215689,32.4772010495266,0.03245214609460839,0.022628991835007745,0.014937647250746422,0.034629893230385345,0.03737100816499231,0.01506235274925359,1.12,1.12,1.12,1.12
2.751548338479896,4.6823968559454,32.47829931557747,0.03245201518719526,0.022630090819626247,0.014937647521725522,0.034630024137798476,0.037369909180373806,0.01506235247827449,1.12,1.12,1.12,1.12
2.752690311577726,4.683454181539091,32.479396568902615,0.03245188422337947,0.022631190408752055,0.014937647792862288,0.03463015510161427,0.037368809591248,0.015062352207137725,1.12,1.12,1.12,1.12
2.7538325157091115,4.684511558860328,32.48049280912498,0.03245175320312704,0.022632290602878857,0.014937648064156858,0.034630286121866694,0.037367709397121196,0.015062351935843155,1.12,1.12,1.12,1.12
2.754974950855677,4.6855689878314175,32.48158803586733,0.032451622126403956,0.022633391402504394,0.01493764833560944,0.03463041719858978,0.03736660859749566,0.015062351664390572,1.12,1.12,1.12,1.12
2.756117616999017,4.686626468374601,32.4826822487523,0.032451490993175625,0.0226344928081246,0.014937648607220105,0.03463054833181811,0.03736550719187545,0.015062351392779907,1.12,1.12,1.12,1.12
2.7572605141206994,4.6876840004120615,32.48377544740234,0.0324513598034083,0.022635594820237026,0.014937648878989018,0.03463067952158544,0.03736440517976303,0.015062351121010994,1.12,1.12,1.12,1.12
2.7584036422022624,4.688741583865919,32.48486763143973,0.03245122855706728,0.022636697439338188,0.014937649150916388,0.034630810767926457,0.037363302560661865,0.015062350849083625,1.12,1.12,1.12,1.12
2.7595470012251466,4.689799218658236,32.48595880048702,0.03245109725415224,0.022637800665962493,0.014937649422999938,0.0346309420708415,0.03736219933403756,0.015062350577000075,1.12,1.12,1.12,1.12
2.760690591170662,4.690856904711009,32.48704895416719,0.03245096589471036,0.022638904500692142,0.014937649695233965,0.03463107343028338,0.03736109549930791,0.015062350304766048,1.12,1.12,1.12,1.12
2.7618344120202667,4.691914641946176,32.488138092102034,0.03245083447870695,0.022640008944025375,0.014937649967618705,0.03463120484628679,0.03735999105597468,0.015062350032381308,1.12,1.12,1.12,1.12
2.7629784637553896,4.692972430285615,32.48922621391317,0.03245070300610675,0.02264111399646146,0.014937650240154574,0.034631336318886985,0.037358886003538594,0.01506234975984544,1.12,1.12,1.12,1.12
2.7641227463574327,4.694030269651141,32.490313319222054,0.03245057147687508,0.02264221965849955,0.014937650512841807,0.03463146784811866,0.0373577803415005,0.015062349487158205,1.12,1.12,1.12,1.12
2.765267259807768,4.6950881599645085,32.49139940764998,0.032450439890976734,0.02264332593064089,0.014937650785680587,0.034631599434017,0.037356674069359164,0.015062349214319426,1.12,1.12,1.12,1.12
2.766412004087742,4.696146101147408,32.49248447881808,0.03245030824837669,0.02264443281338563,0.01493765105867123,0.034631731076617045,0.037355567186614425,0.015062348941328782,1.12,1.12,1.12,1.12
2.7675569791786714,4.697204093121475,32.49356853234729,0.03245017654903998,0.022645540307235312,0.0149376513318141,0.03463186277595376,0.03735445969276474,0.015062348668185913,1.12,1.12,1.12,1.12
2.7687021850618447,4.6982621358082755,32.49465156785842,0.03245004479293134,0.022646648412690457,0.014937651605109417,0.03463199453206239,0.0373533515873096,0.015062348394890596,1.12,1.12,1.12,1.12
2.769847621718524,4.69932022912932,32.49573358497211,0.03244991298001576,0.022647757130254242,0.014937651878557515,0.034632126344977976,0.03735224286974581,0.015062348121442498,1.12,1.12,1.12,1.12
2.7709932891299425,4.700378373006052,32.4968145833088,0.03244978111025815,0.022648866460430295,0.014937652152158615,0.03463225821473559,0.03735113353956976,0.015062347847841398,1.12,1.12,1.12,1.12
2.7721391872773022,4.701436567359857,32.49789456248879,0.032449649183623364,0.02264997640372135,0.014937652425912967,0.03463239014137037,0.0373500235962787,0.015062347574087045,1.12,1.12,1.12,1.12
2.773285316141781,4.702494812112057,32.49897352213221,0.03244951720007616,0.022651086960632255,0.014937652699820891,0.034632522124917575,0.0373489130393678,0.015062347300179121,1.12,1.12,1.12,1.12
2.774431675704525,4.703553107183914,32.50005146185903,0.032449385159581456,0.022652198131666357,0.014937652973882526,0.03463265416541228,0.037347801868333697,0.015062347026117487,1.12,1.12,1.12,1.12
2.7755782659466544,4.704611452496623,32.501128381289035,0.032449253062103944,0.022653309917329778,0.014937653248098232,0.03463278626288979,0.037346690082670275,0.015062346751901781,1.12,1.12,1.12,1.12
2.7767250868492606,4.705669847971324,32.50220428004186,0.03244912090760843,0.02265442231812842,0.014937653522468272,0.034632918417385306,0.03734557768187163,0.01506234647753174,1.12,1.12,1.12,1.12
2.7778721383934037,4.706728293529091,32.50327915773696,0.03244898869605972,0.022655535334566934,0.014937653796992897,0.034633050628934015,0.03734446466543312,0.015062346203007115,1.12,1.12,1.12,1.12
2.7790194205601213,4.707786789090933,32.504353013993644,0.03244885642742262,0.022656648967153248,0.01493765407167233,0.03463318289757111,0.037343351032846805,0.015062345928327683,1.12,1.12,1.12,1.12
2.780166933330415,4.708845334577803,32.50542584843101,0.03244872410166161,0.022657763216394677,0.014937654346506832,0.03463331522333213,0.037342236783605376,0.015062345653493181,1.12,1.12,1.12,1.12
2.7813146766852657,4.709903929910587,32.50649766066805,0.032448591718741704,0.022658878082799455,0.014937654621496751,0.03463344760625203,0.0373411219172006,0.015062345378503261,1.12,1.12,1.12,1.12
2.7824626506056185,4.71096257501011,32.50756845032354,0.03244845927862727,0.022659993566876202,0.0149376548966422,0.03463358004636646,0.03734000643312385,0.015062345103357813,1.12,1.12,1.12,1.12
2.7836108550723955,4.712021269797134,32.508638217016106,0.032448326781282955,0.02266110966913354,0.014937655171943467,0.03463371254371078,0.037338890330866514,0.015062344828056545,1.12,1.12,1.12,1.12
2.784759290066485,4.713080014192362,32.5097069603642,0.03244819422667378,0.02266222639008092,0.014937655447400833,0.03463384509831996,0.037337773609919134,0.01506234455259918,1.12,1.12,1.12,1.12
2.785907955568752,4.714138808116429,32.51077467998613,0.032448061614763934,0.022663343730228602,0.0149376557230146,0.0346339777102298,0.03733665626977145,0.015062344276985412,1.12,1.12,1.12,1.12
2.7870568515600294,4.715197651489911,32.5118413755,0.03244792894551818,0.022664461690087845,0.014937655998785021,0.03463411037947556,0.03733553830991221,0.015062344001214992,1.12,1.12,1.12,1.12
2.78820597802112,4.716256544233319,32.51290704652374,0.03244779621890098,0.02266558027016974,0.014937656274712177,0.034634243106092755,0.037334419729830315,0.015062343725287836,1.12,1.12,1.12,1.12
2.7893553349328037,4.717315486267103,32.513971692675184,0.03244766343487704,0.02266669947098643,0.014937656550796374,0.0346343758901167,0.037333300529013624,0.015062343449203638,1.12,1.12,1.12,1.12
2.7905049222758245,4.718374477511652,32.51503531357191,0.03244753059341071,0.022667819293050173,0.014937656827037932,0.034634508731583025,0.03733218070694988,0.015062343172962081,1.12,1.12,1.12,1.12
2.7916547400309013,4.719433517887289,32.516097908831384,0.03244739769446664,0.02266893973687381,0.014937657103437058,0.0346346416305271,0.03733106026312624,0.015062342896562955,1.12,1.12,1.12,1.12
2.7928047881787244,4.720492607314269,32.51715947807086,0.03244726473800941,0.022670060802971015,0.014937657379993835,0.03463477458698433,0.03732993919702904,0.015062342620006178,1.12,1.12,1.12,1.12
2.793955066699953,4.721551745712799,32.51822002090748,0.03244713172400315,0.022671182491856096,0.014937657656708764,0.03463490760099058,0.03732881750814396,0.015062342343291249,1.12,1.12,1.12,1.12
2.7951055755752217,4.722610933003007,32.51927953695816,0.03244699865241241,0.02267230480404389,0.014937657933581927,0.03463504067258133,0.03732769519595616,0.015062342066418086,1.12,1.12,1.12,1.12
2.796256314785129,4.723670169104967,32.52033802583966,0.03244686552320186,0.022673427740049157,0.01493765821061356,0.034635173801791874,0.037326572259950896,0.015062341789386452,1.12,1.12,1.12,1.12
2.7974072843102498,4.7247294539386875,32.52139548716861,0.032446732336335715,0.02267455130038823,0.014937658487803901,0.03463530698865802,0.037325448699611824,0.015062341512196112,1.12,1.12,1.12,1.12
2.7985584841311293,4.725788787424111,32.52245192056143,0.03244659909177816,0.022675675485577695,0.014937658765153253,0.034635440233215575,0.03732432451442236,0.01506234123484676,1.12,1.12,1.12,1.12
2.799709914228281,4.726848169481125,32.523507325634384,0.03244646578949384,0.022676800296133726,0.014937659042661755,0.0346355735354999,0.03732319970386633,0.015062340957338258,1.12,1.12,1.12,1.12
2.8008615745821928,4.727907600029541,32.524561702003545,0.032446332429447,0.022677925732574822,0.01493765932032963,0.034635706895546736,0.03732207426742523,0.015062340679670383,1.12,1.12,1.12,1.12
2.80201346517332,4.728967078989117,32.52561504928485,0.032446199011601784,0.02267905179541954,0.0149376595981571,0.03463584031339195,0.03732094820458051,0.015062340401842914,1.12,1.12,1.12,1.12
2.803165585982091,4.7300266062795435,32.52666736709406,0.03244606553592261,0.022680178485185637,0.014937659876144427,0.03463597378907113,0.037319821514814416,0.015062340123855586,1.12,1.12,1.12,1.12
2.8043179369889035,4.731086181820451,32.52771865504674,0.03244593200237378,0.022681305802392915,0.014937660154291849,0.03463610732261996,0.03731869419760714,0.015062339845708164,1.12,1.12,1.12,1.12
2.805470518174126,4.732145805531402,32.52876891275831,0.032445798410919546,0.02268243374756093,0.01493766043259967,0.03463624091407419,0.03731756625243912,0.015062339567400343,1.12,1.12,1.12,1.12
2.806623329518099,4.733205477331892,32.529818139844004,0.03244566476152405,0.02268356232121052,0.014937660711072553,0.034636374563469685,0.03731643767878953,0.01506233928892746,1.12,1.12,1.12,1.12
2.8077763710011325,4.734265197141364,32.5308663359189,0.0324455310541516,0.022684691523863265,0.014937660989716328,0.03463650827084214,0.03731530847613679,0.015062339010283685,1.12,1.12,1.12,1.12
2.8089296426035073,4.735324964879186,32.53191350059788,0.032445397288766276,0.02268582135603961,0.014937661268530966,0.03463664203622746,0.037314178643960444,0.015062338731469047,1.12,1.12,1.12,1.12
2.810083144305472,4.736384780464667,32.53295963349568,0.032445263465332386,0.02268695181826344,0.014937661547516454,0.03463677585966135,0.03731304818173661,0.015062338452483559,1.12,1.12,1.12,1.12
2.811236876087249,4.73744464381705,32.534004734226855,0.03244512958381368,0.02268808291105684,0.014937661826672874,0.034636909741180055,0.037311917088943214,0.015062338173327139,1.12,1.12,1.12,1.12
2.8123908379290308,4.738504554855517,32.53504880240577,0.03244499564417458,0.022689214634943833,0.014937662106000268,0.03463704368081916,0.03731078536505622,0.015062337893999744,1.12,1.12,1.12,1.12
2.813545029810978,4.73956451349918,32.53609183764666,0.03244486164637894,0.02269034699044864,0.014937662385498499,0.034637177678614794,0.03730965300955141,0.015062337614501514,1.12,1.12,1.12,1.12
2.814699451713224,4.740624519667095,32.537133839563545,0.032444727590390965,0.02269147997809548,0.014937662665167648,0.03463731173460277,0.03730852002190457,0.015062337334832365,1.12,1.12,1.12,1.12
2.815854103615873,4.741684573278245,32.538174807770304,0.032444593476174344,0.022692613598409572,0.01493766294500773,0.03463744584881939,0.03730738640159048,0.015062337054992284,1.12,1.12,1.12,1.12
2.8170089854989966,4.742744674251554,32.53921474188064,0.03244445930369361,0.022693747851917134,0.01493766322501884,0.03463758002130013,0.03730625214808292,0.015062336774981172,1.12,1.12,1.12,1.12
2.8181640973426383,4.7438048225058855,32.54025364150806,0.03244432507291217,0.022694882739143662,0.014937663505201051,0.034637714252081564,0.03730511726085639,0.015062336494798961,1.12,1.12,1.12,1.12
2.819319439126813,4.744865017960025,32.54129150626592,0.032444190783794236,0.022696018260616346,0.014937663785554098,0.0346378485411995,0.03730398173938371,0.015062336214445915,1.12,1.12,1.12,1.12
2.8204750108315033,4.74592526053271,32.54232833576741,0.03244405643630366,0.022697154416862902,0.014937664066078271,0.03463798288869008,0.03730284558313715,0.015062335933921742,1.12,1.12,1.12,1.12
2.8216308124366645,4.746985550142601,32.54336412962552,0.032443922030404526,0.022698291208411686,0.0149376643467736,0.03463811729458921,0.03730170879158837,0.015062335653226414,1.12,1.12,1.12,1.12
2.82278684392222,4.748045886708301,32.5443988874531,0.03244378756606037,0.02269942863579097,0.01493766462764004,0.03463825175893337,0.037300571364209084,0.015062335372359972,1.12,1.12,1.12,1.12
2.8239431052680652,4.749106270148342,32.54543260886282,0.03244365304323554,0.022700566699530023,0.014937664908677512,0.03463838628175819,0.03729943330047003,0.015062335091322501,1.12,1.12,1.12,1.12
2.825099596454064,4.750166700381199,32.54646529346714,0.03244351846189325,0.022701705400158978,0.014937665189886304,0.034638520863100486,0.037298294599841075,0.015062334810113709,1.12,1.12,1.12,1.12
2.8262563174600497,4.751227177325278,32.5474969408784,0.03244338382199785,0.02270284473820755,0.01493766547126632,0.034638655502995885,0.0372971552617925,0.015062334528733692,1.12,1.12,1.12,1.12
2.8274132682658286,4.7522877008989175,32.54852755070874,0.032443249123512874,0.02270398471420751,0.014937665752817561,0.03463879020148086,0.037296015285792544,0.015062334247182452,1.12,1.12,1.12,1.12
2.828570448851173,4.7533482710203945,32.54955712257013,0.032443114366402126,0.022705125328691178,0.01493766603454015,0.03463892495859161,0.037294874671308875,0.015062333965459862,1.12,1.12,1.12,1.12
2.8297278591958297,4.754408887607919,32.550585656074354,0.03244297955062936,0.0227062665821893,0.014937666316434103,0.03463905977436438,0.037293733417810754,0.01506233368356591,1.12,1.12,1.12,1.12
2.8308854992795105,4.755469550579641,32.55161315083305,0.03244284467615832,0.022707408475235752,0.01493766659849946,0.034639194648835414,0.0372925915247643,0.015062333401500552,1.12,1.12,1.12,1.12
2.8320433690819007,4.756530259853639,32.55263960645765,0.03244270974295266,0.02270855100836361,0.014937666880736361,0.03463932958204108,0.037291448991636444,0.015062333119263652,1.12,1.12,1.12,1.12
2.8332014685826525,4.757591015347929,32.55366502255946,0.03244257475097606,0.022709694182106555,0.014937667163144791,0.034639464574017675,0.0372903058178935,0.015062332836855222,1.12,1.12,1.12,1.12
2.834359797761391,4.758651816980461,32.55468939874955,0.03244243970019228,0.022710837996999245,0.014937667445724806,0.034639599624801454,0.03728916200300081,0.015062332554275207,1.12,1.12,1.12,1.12
2.8355183565977082,4.759712664669118,32.55571273463886,0.03244230459056474,0.02271198245357675,0.014937667728476434,0.034639734734428995,0.0372880175464233,0.015062332271523579,1.12,1.12,1.12,1.12
2.8366771450711674,4.7607735583317226,32.55673502983814,0.03244216942205724,0.02271312755237548,0.014937668011399785,0.03463986990293649,0.037286872447624575,0.015062331988600228,1.12,1.12,1.12,1.12
2.8378361631613025,4.761834497886027,32.55775628395798,0.03244203419463321,0.022714273293931053,0.014937668294494957,0.03464000513036053,0.037285726706069,0.015062331705505055,1.12,1.12,1.12,1.12
2.8389954108476125,4.762895483249721,32.55877649660876,0.03244189890825633,0.022715419678780796,0.014937668577761881,0.03464014041673741,0.03728458032121926,0.015062331422238132,1.12,1.12,1.12,1.12
2.8401548881095704,4.763956514340426,32.55979566740072,0.032441763562889914,0.02271656670746175,0.01493766886120071,0.03464027576210382,0.037283433292538304,0.015062331138799304,1.12,1.12,1.12,1.12
2.8413145949266183,4.7650175910757,32.56081379594393,0.032441628158497826,0.022717714380512233,0.014937669144811538,0.03464041116649591,0.03728228561948782,0.015062330855188474,1.12,1.12,1.12,1.12
2.8424745312781647,4.766078713373035,32.56183088184825,0.03244149269504332,0.022718862698471287,0.01493766942859441,0.03464054662995042,0.037281137301528766,0.015062330571405602,1.12,1.12,1.12,1.12
2.8436346971435924,4.767139881149854,32.562846924723395,0.032441357172489915,0.02272001166187837,0.014937669712549395,0.03464068215250382,0.03727998833812168,0.015062330287450618,1.12,1.12,1.12,1.12
2.844795092502248,4.768201094323517,32.56386192417888,0.032441221590800984,0.022721161271273715,0.014937669996676589,0.03464081773419275,0.03727883872872634,0.015062330003323424,1.12,1.12,1.12,1.12
2.845955717333451,4.769262352811319,32.56487587982407,0.032441085949939996,0.022722311527196976,0.014937670280975937,0.03464095337505374,0.03727768847280308,0.015062329719024076,1.12,1.12,1.12,1.12
2.847116571616491,4.770323656530485,32.56588879126815,0.032440950249870315,0.02272346243019005,0.014937670565447647,0.03464108907512342,0.03727653756981,0.015062329434552366,1.12,1.12,1.12,1.12
2.848277655330623,4.77138500539818,32.566900658120105,0.032440814490555414,0.022724613980793756,0.014937670850091844,0.03464122483443832,0.0372753860192063,0.015062329149908169,1.12,1.12,1.12,1.12
2.8494389684550754,4.772446399331495,32.56791147998875,0.03244067867195849,0.022725766179551243,0.014937671134908403,0.03464136065303525,0.03727423382044881,0.01506232886509161,1.12,1.12,1.12,1.12
2.8506005109690427,4.773507838247461,32.56892125648276,0.032440542794043126,0.022726919027005354,0.014937671419897589,0.03464149653095061,0.0372730809729947,0.015062328580102424,1.12,1.12,1.12,1.12
2.8517622828516895,4.774569322063042,32.56992998721059,0.0324404068567723,0.022728072523698822,0.014937671705059469,0.03464163246822144,0.03727192747630123,0.015062328294940544,1.12,1.12,1.12,1.12
2.8529242840821523,4.775630850695129,32.570937671780555,0.03244027086010948,0.022729226670176794,0.014937671990394003,0.03464176846488426,0.03727077332982326,0.01506232800960601,1.12,1.12,1.12,1.12
2.8540865146395316,4.776692424060556,32.57194430980075,0.032440134804017695,0.022730381466983113,0.014937672275901481,0.03464190452097604,0.03726961853301694,0.015062327724098531,1.12,1.12,1.12,1.12
2.855248974502901,4.777754042076085,32.57294990087914,0.032439998688460425,0.022731536914664036,0.014937672561581877,0.03464204063653331,0.03726846308533602,0.015062327438418135,1.12,1.12,1.12,1.12
2.8564116636513,4.778815704658411,32.57395444462348,0.03243986251340081,0.022732693013764987,0.01493767284743519,0.03464217681159293,0.037267306986235066,0.015062327152564822,1.12,1.12,1.12,1.12
2.8575745820637417,4.779877411724165,32.57495794064136,0.03243972627880193,0.022733849764832836,0.014937673133461643,0.03464231304619181,0.03726615023516722,0.01506232686653837,1.12,1.12,1.12,1.12
2.858737729719201,4.7809391631899105,32.575960388540196,0.03243958998462698,0.02273500716841445,0.014937673419661263,0.034642449340366754,0.0372649928315856,0.01506232658033875,1.12,1.12,1.12,1.12
2.8599011065966295,4.7820009589721435,32.57696178792723,0.032439453630839166,0.022736165225058114,0.014937673706034216,0.03464258569415457,0.03726383477494194,0.015062326293965797,1.12,1.12,1.12,1.12
2.861064712674943,4.783062798987291,32.577962138409504,0.03243931721740151,0.022737323935313136,0.014937673992580447,0.03464272210759223,0.03726267606468692,0.015062326007419566,1.12,1.12,1.12,1.12
2.862228547933025,4.784124683151719,32.57896143959391,0.032439180744276985,0.02273848329972683,0.014937674279300164,0.03464285858071675,0.03726151670027322,0.015062325720699848,1.12,1.12,1.12,1.12
2.8633926123497315,4.785186611381721,32.57995969108714,0.0324390442114289,0.022739643318849784,0.014937674566193479,0.034642995113564834,0.03726035668115027,0.015062325433806534,1.12,1.12,1.12,1.12
2.8645569059038865,4.786248583593523,32.58095689249572,0.03243890761882018,0.022740803993232195,0.014937674853260446,0.03464313170617356,0.03725919600676786,0.015062325146739566,1.12,1.12,1.12,1.12
2.865721428574279,4.7873105997032885,32.581953043426,0.03243877096641373,0.022741965323424734,0.014937675140501136,0.034643268358580004,0.03725803467657532,0.015062324859498877,1.12,1.12,1.12,1.12
2.8668861803396712,4.788372659627112,32.582948143484145,0.03243863425417254,0.022743127309978795,0.01493767542791577,0.0346434050708212,0.03725687269002126,0.015062324572084243,1.12,1.12,1.12,1.12
2.8680511611787907,4.789434763281018,32.58394219227614,0.032438497482059625,0.022744289953447017,0.014937675715504306,0.03464354184293411,0.03725571004655304,0.015062324284495707,1.12,1.12,1.12,1.12
2.869216371070337,4.790496910580966,32.58493518940781,0.03243836065003797,0.022745453254381764,0.014937676003266911,0.03464367867495577,0.03725454674561829,0.015062323996733101,1.12,1.12,1.12,1.12
2.8703818099929754,4.791559101442848,32.58592713448477,0.03243822375807032,0.022746617213336595,0.014937676291203711,0.03464381556692342,0.03725338278666346,0.015062323708796302,1.12,1.12,1.12,1.12
2.8715474779253394,4.792621335782489,32.58691802711248,0.03243808680611976,0.02274778183086501,0.014937676579314899,0.03464395251887398,0.03725221816913504,0.015062323420685114,1.12,1.12,1.12,1.12
2.8727133748460325,4.793683613515644,32.587907866896224,0.03243794979414888,0.022748947107521622,0.014937676867600447,0.03464408953084486,0.03725105289247843,0.015062323132399566,1.12,1.12,1.12,1.12
2.8738795007336244,4.794745934558004,32.588896653441076,0.03243781272212076,0.02275011304386232,0.014937677156060467,0.034644226602872974,0.037249886956137734,0.015062322843939546,1.12,1.12,1.12,1.12
2.8750458555666576,4.795808298825189,32.58988438635197,0.032437675589998105,0.022751279640441963,0.014937677444695124,0.03464436373499563,0.03724872035955809,0.015062322555304888,1.12,1.12,1.12,1.12
2.8762124393236395,4.796870706232749,32.59087106523363,0.032437538397743604,0.022752446897818163,0.014937677733504628,0.03464450092725013,0.03724755310218189,0.015062322266495384,1.12,1.12,1.12,1.12
2.8773792519830446,4.797933156696174,32.59185668969061,0.03243740114532012,0.022753614816547446,0.014937678022488979,0.034644638179673615,0.03724638518345261,0.015062321977511034,1.12,1.12,1.12,1.12
2.8785462935233173,4.798995650130881,32.5928412593273,0.03243726383269058,0.022754783397187783,0.014937678311648259,0.03464477549230316,0.03724521660281227,0.015062321688351754,1.12,1.12,1.12,1.12
2.8797135639228726,4.800058186452217,32.59382477374789,0.03243712645981728,0.022755952640297228,0.01493767860098269,0.03464491286517646,0.037244047359702825,0.015062321399017323,1.12,1.12,1.12,1.12
2.880881063160089,4.801120765575465,32.59480723255639,0.03243698902666309,0.02275712254643497,0.01493767889049237,0.03464505029833065,0.03724287745356508,0.015062321109507643,1.12,1.12,1.12,1.12
2.8820487912133164,4.802183387415839,32.59578863535664,0.03243685153319076,0.022758293116160233,0.014937679180177452,0.03464518779180298,0.03724170688383982,0.015062320819822561,1.12,1.12,1.12,1.12
2.883216748060872,4.8032460518884825,32.596768981752305,0.03243671397936271,0.022759464350033565,0.014937679470037976,0.03464532534563103,0.03724053564996649,0.015062320529962037,1.12,1.12,1.12,1.12
2.88438493368104,4.804308758908473,32.59774827134685,0.03243657636514158,0.022760636248615712,0.014937679760073999,0.03464546295985216,0.03723936375138434,0.015062320239926014,1.12,1.12,1.12,1.12
2.8855533480520736,4.8053715083908175,32.59872650374356,0.032436438690490066,0.022761808812468448,0.014937680050285826,0.03464560063450367,0.037238191187531605,0.015062319949714187,1.12,1.12,1.12,1.12
2.8867219911521946,4.806434300250459,32.59970367854557,0.0324363009553707,0.022762982042153157,0.01493768034067347,0.034645738369623036,0.037237017957846896,0.015062319659326542,1.12,1.12,1.12,1.12
2.887890862959592,4.807497134402265,32.60067979535581,0.03243616315974596,0.022764155938233804,0.01493768063123703,0.03464587616524778,0.03723584406176625,0.015062319368762983,1.12,1.12,1.12,1.12
2.8890599634524206,4.808560010761042,32.60165485377701,0.03243602530357831,0.022765330501272496,0.014937680921976698,0.03464601402141543,0.03723466949872756,0.015062319078023315,1.12,1.12,1.12,1.12
2.8902292926088062,4.80962292924152,32.602628853411765,0.03243588738683023,0.02276650573183442,0.014937681212892476,0.034646151938163505,0.037233494268165634,0.015062318787107537,1.12,1.12,1.12,1.12
2.8913988504068406,4.810685889758369,32.603601793862445,0.03243574940946414,0.022767681630483316,0.014937681503984598,0.03464628991552959,0.03723231836951674,0.015062318496015414,1.12,1.12,1.12,1.12
2.892568636824584,4.811748892226183,32.604573674731256,0.03243561137144263,0.02276885819778507,0.014937681795253191,0.03464642795355111,0.037231141802214984,0.015062318204746822,1.12,1.12,1.12,1.12
2.893738651840064,4.812811936559491,32.60554449562023,0.03243547327272783,0.022770035434305114,0.014937682086698295,0.034646566052265904,0.03722996456569494,0.015062317913301718,1.12,1.12,1.12,1.12
2.8949088954312767,4.81387502267275,32.60651425613122,0.03243533511328234,0.022771213340610275,0.014937682378320133,0.0346467042117114,0.03722878665938978,0.01506231762167988,1.12,1.12,1.12,1.12
2.8960793675761836,4.8149381504803515,32.60748295586586,0.03243519689306834,0.02277239191726771,0.014937682670118732,0.034646842431925395,0.037227608082732344,0.01506231732988128,1.12,1.12,1.12,1.12
2.897250068252717,4.816001319896614,32.608450594425655,0.03243505861204826,0.022773571164845324,0.014937682962094245,0.034646980712945474,0.03722642883515473,0.015062317037905767,1.12,1.12,1.12,1.12
2.898420997438775,4.817064530835791,32.609417171411884,0.0324349202701843,0.022774751083911582,0.014937683254246811,0.03464711905480944,0.03722524891608847,0.015062316745753201,1.12,1.12,1.12,1.12
2.8995921551122215,4.818127783212065,32.61038268642567,0.03243478186743881,0.022775931675035443,0.014937683546576624,0.034647257457554925,0.03722406832496461,0.015062316453423388,1.12,1.12,1.12,1.12
2.9007635412508903,4.819191076939547,32.61134713906794,0.032434643403774,0.022777112938787564,0.014937683839083699,0.03464739592121974,0.03722288706121249,0.015062316160916314,1.12,1.12,1.12,1.12
2.9019351558325805,4.820254411932284,32.61231052893943,0.03243450487915195,0.022778294875736932,0.014937684131768256,0.03464753444584179,0.03722170512426312,0.015062315868231757,1.12,1.12,1.12,1.12
2.903106998835062,4.8213177881042455,32.613272855640716,0.032434366293534855,0.022779477486455424,0.01493768442463038,0.03464767303145888,0.03722052251354463,0.015062315575369634,1.12,1.12,1.12,1.12
2.9042790702360692,4.822381205369341,32.61423411877218,0.032434227646885305,0.022780660771514277,0.014937684717670222,0.03464781167810843,0.037219339228485776,0.015062315282329791,1.12,1.12,1.12,1.12
2.9054513700133047,4.823444663641401,32.61519431793402,0.032434088939164774,0.022781844731486228,0.014937685010887922,0.03464795038582896,0.037218155268513825,0.015062314989112091,1.12,1.12,1.12,1.12
2.9066238981444377,4.824508162834192,32.61615345272624,0.032433950170335846,0.02278302936694443,0.014937685304283535,0.03464808915465789,0.037216970633055624,0.015062314695716478,1.12,1.12,1.12,1.12
2.907796654607105,4.825571702861414,32.61711152274867,0.03243381134036033,0.022784214678462394,0.014937685597857325,0.034648227984633406,0.03721578532153766,0.015062314402142687,1.12,1.12,1.12,1.12
2.9089696393789093,4.826635283636688,32.61806852760097,0.032433672449200424,0.022785400666614275,0.014937685891609404,0.03464836687579331,0.03721459933338578,0.01506231410839061,1.12,1.12,1.12,1.12
2.9101428524374233,4.8276989050735715,32.61902446688259,0.0324335334968181,0.02278658733197525,0.014937686185539784,0.034648505828175635,0.0372134126680248,0.01506231381446023,1.12,1.12,1.12,1.12
2.911316293760185,4.8287625670855485,32.61997934019281,0.032433394483175226,0.022787774675119776,0.014937686479648674,0.03464864484181851,0.03721222532488028,0.01506231352035134,1.12,1.12,1.12,1.12
2.912489963324699,4.829826269586038,32.620933147130735,0.03243325540823405,0.022788962696625087,0.014937686773936282,0.034648783916759684,0.037211037303374966,0.015062313226063731,1.12,1.12,1.12,1.12
2.913663861108437,4.830890012488383,32.62188588729526,0.032433116271956386,0.022790151397068525,0.014937687068402691,0.03464892305303735,0.03720984860293153,0.015062312931597321,1.12,1.12,1.12,1.12
2.914837987088839,4.831953795705861,32.6228375602851,0.03243297707430404,0.022791340777026187,0.014937687363048041,0.0346490622506897,0.03720865922297387,0.015062312636951972,1.12,1.12,1.12,1.12
2.9160123412433103,4.833017619151676,32.62378816569882,0.032432837815238924,0.022792530837077357,0.014937687657872373,0.03464920150975481,0.037207469162922696,0.01506231234212764,1.12,1.12,1.12,1.12
2.9171869235492243,4.834081482738963,32.624737703134755,0.03243269849472308,0.022793721577801213,0.01493768795287602,0.03464934083027066,0.03720627842219884,0.015062312047123994,1.12,1.12,1.12,1.12
2.9183617339839185,4.835145386380789,32.62568617219108,0.032432559112718196,0.02279491299977615,0.014937688248058897,0.03464948021227554,0.0372050870002239,0.015062311751941115,1.12,1.12,1.12,1.12
2.919536772524702,4.8362093299901465,32.626633572465785,0.03243241966918614,0.022796105103583153,0.01493768854342141,0.034649619655807595,0.0372038948964169,0.015062311456578603,1.12,1.12,1.12,1.12
2.920712039148846,4.837273313479958,32.627579903556665,0.03243228016408861,0.022797297889802726,0.014937688838963473,0.034649759160905125,0.03720270211019733,0.01506231116103654,1.12,1.12,1.12,1.12
2.921887533833591,4.838337336763077,32.62852516506132,0.032432140597387416,0.022798491359015682,0.014937689134685378,0.03464989872760632,0.03720150864098437,0.015062310865314635,1.12,1.12,1.12,1.12
2.9230632565561443,4.839401399752286,32.62946935657719,0.032432000969044306,0.022799685511805196,0.01493768943058725,0.03465003835594943,0.03720031448819486,0.015062310569412762,1.12,1.12,1.12,1.12
2.9242392072936756,4.840465502360297,32.63041247770151,0.032431861279020924,0.022800880348753716,0.01493768972666916,0.03465017804597281,0.03719911965124634,0.015062310273330853,1.12,1.12,1.12,1.12
2.9254153860233285,4.841529644499748,32.63135452803133,0.03243172152727891,0.02280207587044461,0.014937690022931244,0.034650317797714825,0.03719792412955544,0.015062309977068769,1.12,1.12,1.12,1.12
2.9265917927222063,4.842593826083214,32.63229550716353,0.03243158171378002,0.022803272077462022,0.014937690319373698,0.034650457611213714,0.03719672792253803,0.015062309680626315,1.12,1.12,1.12,1.12
2.9277684273673814,4.843658047023188,32.63323541469479,0.03243144183848573,0.022804468969814945,0.014937690615996688,0.034650597486508006,0.03719553103018511,0.015062309384003325,1.12,1.12,1.12,1.12
2.9289452899358848,4.844722307232103,32.63417425022168,0.032431301901358456,0.02280566654783381,0.014937690912800311,0.03465073742363528,0.037194333452166245,0.015062309087199702,1.12,1.12,1.12,1.12
2.930122380404703,4.845786606622321,32.635112013340645,0.03243116190236073,0.02280686481213892,0.014937691209784734,0.03465087742263301,0.03719313518786113,0.015062308790215279,1.12,1.12,1.12,1.12
2.9312996987507964,4.846850945106133,32.63604870364792,0.03243102184145502,0.02280806376335076,0.014937691506950096,0.034651017483538715,0.03719193623664929,0.015062308493049917,1.12,1.12,1.12,1.12
2.9324772449510874,4.847915322595753,32.63698432073957,0.03243088171860359,0.022809263402088498,0.014937691804296424,0.03465115760639015,0.037190736597911556,0.015062308195703589,1.12,1.12,1.12,1.12
2.9336550189824666,4.848979739003335,32.63791886421145,0.03243074153376896,0.022810463728970776,0.01493769210182401,0.03465129779122478,0.03718953627102928,0.015062307898176003,1.12,1.12,1.12,1.12
2.934833020821792,4.85004419424095,32.63885233365922,0.03243060128691316,0.022811664744615878,0.014937692399533062,0.03465143803808057,0.037188335255384175,0.015062307600466951,1.12,1.12,1.12,1.12
2.9360112504458886,4.851108688220601,32.63978472867836,0.03243046097799851,0.02281286644964159,0.014937692697423552,0.03465157834699523,0.037187133550358464,0.015062307302576461,1.12,1.12,1.12,1.12
2.9371897078315463,4.852173220854225,32.64071604886416,0.03243032060698714,0.02281406884466536,0.014937692995495744,0.0346517187180066,0.037185931155334695,0.015062307004504269,1.12,1.12,1.12,1.12
2.9383683929555233,4.853237792053676,32.64164629381169,0.03243018017384086,0.022815265532800527,0.014937693293749721,0.034651859151152875,0.037184734467199526,0.015062306706250292,1.12,1.12,1.12,1.12
2.939547305678636,4.854302401770162,32.64257546409807,0.03243003968615177,0.022816463208487903,0.014937693592153148,0.03465199963884197,0.03718353679151215,0.015062306407846865,1.12,1.12,1.12,1.12
2.940726445982959,4.8553670499138635,32.64350355927449,0.032429899143448515,0.022817661860876914,0.014937693890708426,0.03465214018154522,0.03718233813912314,0.015062306109291587,1.12,1.12,1.12,1.12
2.941905813850326,4.856431736394946,32.64443057889362,0.0324297585452778,0.022818861479547092,0.01493769418941758,0.03465228077971594,0.03718113852045296,0.015062305810582433,1.12,1.12,1.12,1.12
2.943085409262336,4.8574964611235565,32.64535652250954,0.03242961789120413,0.0228200620544895,0.01493769448828279,0.034652421433789604,0.037179937945510555,0.015062305511717222,1.12,1.12,1.12,1.12
2.944265232200359,4.858561224009825,32.64628138967768,0.03242947718080863,0.022821263576094264,0.014937694787306013,0.034652562144185106,0.03717873642390579,0.015062305212694,1.12,1.12,1.12,1.12
2.9454452826455473,4.859626024963856,32.64720517995478,0.03242933641368856,0.022822466035135075,0.014937695086489233,0.03465270291130518,0.03717753396486498,0.01506230491351078,1.12,1.12,1.12,1.12
2.946625560578842,4.860690863895734,32.648127892898806,0.032429195589456616,0.022823669422753268,0.01493769538583424,0.03465284373553712,0.037176330577246786,0.015062304614165772,1.12,1.12,1.12,1.12
2.947806065980973,4.861755740715515,32.64904952806887,0.0324290547077401,0.02282487373044534,0.014937695685342867,0.034652984617253635,0.037175126269554715,0.015062304314657146,1.12,1.12,1.12,1.12
2.9489867988324736,4.8628206553332305,32.6499700850253,0.032428913768181244,0.02282607895004976,0.01493769598501675,0.03465312555681249,0.03717392104995029,0.015062304014983263,1.12,1.12,1.12,1.12
2.9501677591136826,4.863885607658879,32.65088956332942,0.0324287727704356,0.02282728507373391,0.014937696284857485,0.03465326655455814,0.03717271492626614,0.015062303715142528,1.12,1.12,1.12,1.12
2.951348946804753,4.86495059760243,32.65180796254366,0.03242863171417204,0.02282849209398194,0.014937696584866655,0.034653407610821696,0.037171507906018114,0.015062303415133357,1.12,1.12,1.12,1.12
2.952530361885651,4.866015625073824,32.65272528223137,0.032428490599071824,0.022829700003582754,0.014937696885045662,0.03465354872592191,0.0371702999964173,0.01506230311495435,1.12,1.12,1.12,1.12
2.953712004336172,4.867080689982962,32.65364152195693,0.03242834942482892,0.022830908795619886,0.014937697185396004,0.03465368990016482,0.03716909120438017,0.015062302814604009,1.12,1.12,1.12,1.12
2.954893874135937,4.868145792239711,32.65455668128553,0.03242820819114883,0.02283211846345909,0.014937697485918916,0.0346538311338449,0.037167881536540964,0.015062302514081097,1.12,1.12,1.12,1.12
2.956075971264399,4.869210931753907,32.65547075978329,0.03242806689774819,0.0228333290007382,0.014937697786615745,0.03465397242724555,0.03716667099926185,0.015062302213384268,1.12,1.12,1.12,1.12
2.9572582957008535,4.870276108435339,32.65638375701714,0.03242792554435453,0.022834540401356518,0.014937698087487683,0.034654113780639206,0.037165459598643535,0.01506230191251233,1.12,1.12,1.12,1.12
2.9584408474244386,4.8713413221937625,32.65729567255477,0.03242778413070585,0.0228357526594668,0.01493769838853587,0.034654255194287886,0.03716424734053325,0.015062301611464143,1.12,1.12,1.12,1.12
2.959623626414137,4.872406572938891,32.658206505964635,0.03242764265655007,0.022836965769464923,0.01493769868976147,0.034654396668443666,0.03716303423053513,0.015062301310238543,1.12,1.12,1.12,1.12
2.96080663264879,4.873471860580395,32.659116256815906,0.03242750112164461,0.022838179725979513,0.014937698991165663,0.03465453820334913,0.03716182027402054,0.01506230100883435,1.12,1.12,1.12,1.12
2.96198986610709,4.8745371850279,32.66002492467844,0.032427359525756316,0.022839394523865547,0.014937699292749296,0.03465467979923742,0.037160605476134506,0.015062300707250717,1.12,1.12,1.12,1.12
2.963173326767591,4.875602546190988,32.66093250912269,0.03242721786866076,0.022840610158194496,0.014937699594513298,0.034654821456332974,0.03715938984180556,0.015062300405486714,1.12,1.12,1.12,1.12
2.9643570146087135,4.8766679439792,32.661839009719785,0.032427076150141954,0.022841826624246248,0.014937699896458809,0.03465496317485178,0.037158173375753806,0.015062300103541204,1.12,1.12,1.12,1.12
2.965540929608745,4.877733378302023,32.66274442604143,0.03242693436999233,0.02284304391750247,0.014937700198586562,0.0346551049550014,0.03715695608249758,0.01506229980141345,1.12,1.12,1.12,1.12
2.9667250717458433,4.878798849068902,32.663648757659836,0.03242679252801173,0.022844262033638846,0.014937700500897405,0.03465524679698201,0.03715573796636121,0.015062299499102608,1.12,1.12,1.12,1.12
2.9679094409980444,4.8798643561892305,32.664552004147794,0.03242665062400796,0.022845480968516158,0.014937700803392184,0.03465538870098578,0.037154519031483896,0.015062299196607828,1.12,1.12,1.12,1.12
2.969094037343261,4.880929899572351,32.66545416507857,0.032426508657795505,0.02284670071817607,0.01493770110607165,0.03465553066719823,0.03715329928182398,0.015062298893928364,1.12,1.12,1.12,1.12
2.9702788607592865,4.88199547912756,32.6663552400259,0.03242636662919679,0.022847921278831868,0.014937701408936632,0.034655672695796946,0.037152078721168186,0.01506229859106338,1.12,1.12,1.12,1.12
2.971463911223804,4.883061094764095,32.66725522856399,0.03242622453803956,0.022849142646864856,0.014937701711987703,0.034655814786954175,0.0371508573531352,0.01506229828801231,1.12,1.12,1.12,1.12
2.97264918871438,4.884126746391147,32.66815413026747,0.032426082384159005,0.02285036481881597,0.014937702015225582,0.03465595694083473,0.03714963518118408,0.015062297984774431,1.12,1.12,1.12,1.12
2.9738346932084725,4.8851924339178545,32.66905194471131,0.03242594016739592,0.02285158779137947,0.014937702318650853,0.03465609915759782,0.037148412208620585,0.01506229768134916,1.12,1.12,1.12,1.12
2.975020424683434,4.886258157253297,32.66994867147096,0.03242579788759731,0.022852811561400066,0.014937702622264251,0.03465624143739643,0.03714718843859999,0.015062297377735762,1.12,1.12,1.12,1.12
2.9762063831165135,4.887323916306499,32.67084431012215,0.03242565554461546,0.022854036125863925,0.014937702926066429,0.034656383780378275,0.03714596387413613,0.015062297073933584,1.12,1.12,1.12,1.12
2.9773925684848557,4.888389710986438,32.67173886024098,0.03242551313830844,0.022855261481895928,0.014937703230057803,0.0346565261866853,0.037144738518104126,0.01506229676994221,1.12,1.12,1.12,1.12
2.978578980765511,4.889455541202021,32.672632321403846,0.03242537066853923,0.022856487626753963,0.014937703534238858,0.0346566686564545,0.03714351237324609,0.015062296465761155,1.12,1.12,1.12,1.12
2.979765619935431,4.890521406862108,32.67352469318747,0.032425228135175954,0.022857714557823094,0.014937703838610275,0.03465681118981778,0.03714228544217696,0.015062296161389738,1.12,1.12,1.12,1.12
2.980952485971471,4.891587307875498,32.67441597516881,0.03242508553809148,0.02285894227261215,0.0149377041431724,0.034656953786902256,0.037141057727387905,0.015062295856827612,1.12,1.12,1.12,1.12
2.982139578850397,4.892653244150932,32.675306166925125,0.03242494287716319,0.022860170768747662,0.014937704447925707,0.03465709644783055,0.03713982923125239,0.015062295552074306,1.12,1.12,1.12,1.12
2.9833268985488846,4.893719215597088,32.676195268033894,0.032424800152273225,0.022861400043971858,0.014937704752870665,0.03465723917272051,0.037138599956028195,0.015062295247129348,1.12,1.12,1.12,1.12
2.984514445043521,4.894785222122591,32.67708327807283,0.032424657363307074,0.02286263009613501,0.014937705058007733,0.03465738196168666,0.03713736990386504,0.01506229494199228,1.12,1.12,1.12,1.12
2.9857022183108075,4.8958512636360005,32.67797019661985,0.03242451451015538,0.022863860923194146,0.014937705363337356,0.03465752481483836,0.03713613907680591,0.015062294636662657,1.12,1.12,1.12,1.12
2.9868902183271597,4.896917340045814,32.67885602325309,0.03242437159271189,0.022865092523208647,0.014937705668859783,0.03465766773228185,0.03713490747679141,0.01506229433114023,1.12,1.12,1.12,1.12
2.988078445068916,4.89798345126047,32.679740757550825,0.032424228610874295,0.022866324894335682,0.014937705974575458,0.03465781071411944,0.03713367510566437,0.015062294025424555,1.12,1.12,1.12,1.12
2.9892668985123274,4.899049597188344,32.680624399091535,0.0324240855645439,0.0228675580348274,0.014937706280484742,0.03465795376044983,0.03713244196517265,0.015062293719515271,1.12,1.12,1.12,1.12
2.9904555786335707,4.900115777737749,32.68150694745382,0.03242394245362551,0.0228687919430266,0.01493770658658801,0.03465809687136823,0.03713120805697345,0.015062293413412003,1.12,1.12,1.12,1.12
2.9916444854087434,4.901181992816932,32.68238840221645,0.03242379927802663,0.02287002661736348,0.01493770689288551,0.034658240046967104,0.03712997338263657,0.015062293107114502,1.12,1.12,1.12,1.12
2.9928336188138664,4.90224824233408,32.683268762958285,0.03242365603765851,0.022871262056353314,0.014937707199377592,0.034658383287335226,0.03712873794364674,0.01506229280062242,1.12,1.12,1.12,1.12
2.9940229788248893,4.903314526197314,32.68414802925834,0.03242351273243538,0.022872498258592777,0.01493770750606463,0.03465852659255836,0.037127501741407276,0.015062292493935384,1.12,1.12,1.12,1.12
2.9952125654176855,4.904380844314689,32.68502620069569,0.0324233693622738,0.02287373522275618,0.01493770781294683,0.034658669962719935,0.03712626477724387,0.015062292187053183,1.12,1.12,1.12,1.12
2.9964023785680602,4.905447196594194,32.68590327684953,0.032423225927093735,0.0228749729475948,0.01493770812002447,0.0346588133979,0.03712502705240525,0.015062291879975542,1.12,1.12,1.12,1.12
2.997592418251743,4.906513582943756,32.686779257299115,0.03242308242681713,0.02287621143193072,0.014937708427297844,0.03465895689817661,0.03712378856806933,0.015062291572702169,1.12,1.12,1.12,1.12
2.9987826844444005,4.9075800032712324,32.68765414162378,0.03242293886136893,0.02287745067465785,0.014937708734767186,0.0346591004636248,0.0371225493253422,0.015062291265232827,1.12,1.12,1.12,1.12
2.999973177121629,4.908646457484415,32.68852792940293,0.03242279523067648,0.022878690674736052,0.014937709042432704,0.034659244094317254,0.037121309325264,0.01506229095756731,1.12,1.12,1.12,1.12
3.001163896258955,4.9097129454910275,32.689400620215984,0.032422651534669,0.02287993143119116,0.014937709350294648,0.034659387790324736,0.037120068568808895,0.015062290649705365,1.12,1.12,1.12,1.12
3.0023548418318455,4.910779467198729,32.69027221364243,0.03242250777327804,0.022881172943111566,0.014937709658353282,0.034659531551715694,0.03711882705688849,0.01506229034164673,1.12,1.12,1.12,1.12
3.0035460138156993,4.9118460225151095,32.69114270926177,0.03242236394643783,0.022882415209645124,0.014937709966608786,0.03465967537855591,0.03711758479035493,0.015062290033391226,1.12,1.12,1.12,1.12
3.0047374121858534,4.912912611347686,32.69201210665352,0.032422220054083684,0.022883658229997966,0.01493771027506137,0.03465981927091005,0.03711634177000209,0.015062289724938643,1.12,1.12,1.12,1.12
3.0059290369175784,4.913979233603917,32.69288040539724,0.03242207609615361,0.022884902003432794,0.014937710583711225,0.03465996322884013,0.03711509799656726,0.015062289416288788,1.12,1.12,1.12,1.12
3.0071208879860905,4.91504588919118,32.69374760507246,0.03242193207258698,0.022886146529265655,0.01493771089255859,0.03466010725240676,0.0371138534707344,0.015062289107441423,1.12,1.12,1.12,1.12
3.008312965366541,4.916112578016793,32.69461370525874,0.03242178798332501,0.022887391806865165,0.014937711201603587,0.034660251341668724,0.03711260819313489,0.015062288798396425,1.12,1.12,1.12,1.12
3.00950526903402,4.917179299987999,32.69547870553558,0.03242164382831092,0.02288863783564915,0.014937711510846413,0.034660395496682816,0.0371113621643509,0.0150622884891536,1.12,1.12,1.12,1.12
3.010697798963562,4.9182460550119735,32.69634260548251,0.03242149960748897,0.022889884615082817,0.014937711820287261,0.03466053971750477,0.037110115384917236,0.015062288179712752,1.12,1.12,1.12,1.12
3.0118905551301425,4.9193128429958195,32.697205404678996,0.0324213553208052,0.022891132144679693,0.014937712129926353,0.034660684004188536,0.03710886785532036,0.01506228787007366,1.12,1.12,1.12,1.12
3.0130835375086806,4.920379663846573,32.69806710270451,0.03242121096820744,0.02289238042399705,0.014937712439763814,0.0346608283567863,0.037107619576003004,0.015062287560236198,1.12,1.12,1.12,1.12
3.0142767460740374,4.921446517471194,32.69892769913845,0.03242106654964433,0.022893629452634345,0.014937712749799756,0.03466097277534941,0.03710637054736571,0.015062287250200257,1.12,1.12,1.12,1.12
3.0154701808010205,4.922513403776574,32.699787193560184,0.03242092206506597,0.022894879230234255,0.014937713060034372,0.034661117259927765,0.0371051207697658,0.015062286939965641,1.12,1.12,1.12,1.12
3.016663841664377,4.923580322669537,32.70064558554901,0.03242077751442379,0.022896129756477368,0.014937713370467842,0.03466126181056994,0.037103870243522685,0.01506228662953217,1.12,1.12,1.12,1.12
3.0178577286388077,4.924647274056825,32.701502874684216,0.03242063289767072,0.022897381031084796,0.014937713681100168,0.034661406427323016,0.03710261896891526,0.015062286318899845,1.12,1.12,1.12,1.12
3.019051841698953,4.925714257845119,32.702359060544964,0.032420488214760235,0.022898633053813316,0.014937713991931625,0.0346615511102335,0.03710136694618674,0.015062286008068387,1.12,1.12,1.12,1.12
3.020246180819404,4.926781273941021,32.7032141427104,0.03242034346564743,0.022899885824455984,0.014937714302962313,0.03466169585934631,0.03710011417554407,0.0150622856970377,1.12,1.12,1.12,1.12
3.0214407459746937,4.927848322251062,32.704068120759565,0.03242019865028939,0.022901139342841187,0.014937714614192354,0.03466184067470435,0.037098860657158866,0.015062285385807658,1.12,1.12,1.12,1.12
3.0226355371392617,4.928915402681703,32.70492099427176,0.03242005376866647,0.02290239360885382,0.014937714925620335,0.03466198555632727,0.03709760639114623,0.015062285074379678,1.12,1.12,1.12,1.12
3.0238305542875406,4.92998251513933,32.70577276282586,0.032419908820735865,0.02290364862238556,0.014937715237246449,0.03466213050425787,0.037096351377614495,0.015062284762753564,1.12,1.12,1.12,1.12
3.025025797393915,4.931049659530254,32.70662342600065,0.032419763806456,0.022904904383359265,0.014937715549070793,0.03466227551853773,0.03709509561664079,0.01506228445092922,1.12,1.12,1.12,1.12
3.026221266432718,4.932116835760714,32.70747298337483,0.032419618725786026,0.0229061608917277,0.014937715861093548,0.03466242059920771,0.03709383910827235,0.015062284138906465,1.12,1.12,1.12,1.12
3.0274169613782327,4.933184043736874,32.70832143452701,0.03241947357868602,0.022907418147471964,0.014937716173314922,0.034662565746307716,0.03709258185252809,0.015062283826685091,1.12,1.12,1.12,1.12
3.0286128822046927,4.934251283364826,32.709168779035664,0.03241932836511635,0.022908676150599994,0.014937716485735025,0.034662710959877385,0.03709132384940006,0.015062283514264987,1.12,1.12,1.12,1.12
3.0298090288862825,4.935318554550584,32.71001501647921,0.03241918308503877,0.022909934901147067,0.01493771679835397,0.034662856239954964,0.03709006509885299,0.015062283201646043,1.12,1.12,1.12,1.12
3.0310054013971413,4.936385857200092,32.71086014643592,0.03241903773841487,0.02291119439917369,0.014937717111172005,0.03466300158657887,0.03708880560082636,0.015062282888828007,1.12,1.12,1.12,1.12
3.032201999711353,4.937453191219214,32.711704168483976,0.03241889232520767,0.022912454644765545,0.014937717424189118,0.034663146999786065,0.03708754535523451,0.015062282575810895,1.12,1.12,1.12,1.12
3.03339882380296,4.938520556513746,32.7125470822014,0.03241874684538043,0.022913715638031268,0.014937717737405667,0.034663292479613306,0.037086284361968785,0.015062282262594345,1.12,1.12,1.12,1.12
3.0345958736459533,4.9395879529894025,32.71338888716613,0.0324186012988969,0.022914977379102558,0.014937718050821558,0.03466343802609684,0.037085022620897495,0.015062281949178455,1.12,1.12,1.12,1.12
3.03579314921428,4.940655380551827,32.714229582955994,0.03241845568572149,0.022916239868133487,0.014937718364437219,0.034663583639272244,0.03708376013186657,0.015062281635562794,1.12,1.12,1.12,1.12
3.0369906504818385,4.941722839106582,32.71506916914864,0.03241831000581896,0.022917503105299275,0.014937718678252498,0.034663729319174774,0.03708249689470078,0.015062281321747514,1.12,1.12,1.12,1.12
3.038188377422479,4.942790328559163,32.715907645321636,0.03241816425915489,0.022918767090795156,0.014937718992267646,0.034663875065838845,0.0370812329092049,0.015062281007732367,1.12,1.12,1.12,1.12
3.0393863300100104,4.943857848814982,32.71674501105238,0.03241801844569492,0.022920031824836845,0.014937719306482897,0.03466402087929882,0.03707996817516321,0.015062280693517116,1.12,1.12,1.12,1.12
3.0405845082181906,4.944925399779379,32.717581265918135,0.032417872565405126,0.02292129730765846,0.014937719620898224,0.03466416675958861,0.03707870269234159,0.015062280379101789,1.12,1.12,1.12,1.12
3.0417829120207345,4.945992981357616,32.71841640949605,0.032417726618252374,0.022922563539512164,0.014937719935513905,0.03466431270674136,0.03707743646048789,0.015062280064486108,1.12,1.12,1.12,1.12
3.042981541391313,4.9470605934548795,32.71925044136312,0.032417580604203466,0.02292383052066929,0.01493772025032998,0.03466445872079027,0.03707616947933076,0.015062279749670032,1.12,1.12,1.12,1.12
3.0441803963035485,4.948128235976279,32.72008336109618,0.03241743452322571,0.022925098251416254,0.014937720565346618,0.03466460480176803,0.0370749017485838,0.015062279434653394,1.12,1.12,1.12,1.12
3.045379476731021,4.9491959088268445,32.72091516827193,0.03241728837528657,0.022926366732057585,0.014937720880563957,0.03466475094970717,0.03707363326794247,0.015062279119436056,1.12,1.12,1.12,1.12
3.0465787826472637,4.950263611911538,32.7217458624669,0.03241714216035424,0.022927635962912085,0.014937721195982134,0.0346648971646395,0.03707236403708797,0.015062278804017878,1.12,1.12,1.12,1.12
3.0477783140257695,4.951331345135232,32.72257544325752,0.03241699587839658,0.022928905944314848,0.014937721511601249,0.034665043446597155,0.037071094055685205,0.015062278488398764,1.12,1.12,1.12,1.12
3.0489780708399823,4.952399108402731,32.72340391022001,0.03241684952938223,0.022930176676615177,0.014937721827421438,0.034665189795611506,0.037069823323384876,0.015062278172578575,1.12,1.12,1.12,1.12
3.0501780530633065,4.953466901618759,32.72423126293044,0.03241670311327971,0.02293144816017692,0.014937722143442883,0.034665336211714026,0.03706855183982313,0.01506227785655713,1.12,1.12,1.12,1.12
3.051378260669099,4.954534724687964,32.72505750096474,0.03241655663005788,0.022932720395377526,0.014937722459665764,0.034665482694935856,0.03706727960462253,0.015062277540334248,1.12,1.12,1.12,1.12
3.052578693630675,4.955602577514909,32.72588262389867,0.03241641007968599,0.02293399338260721,0.014937722776090012,0.03466562924530775,0.037066006617392844,0.01506227722391,1.12,1.12,1.12,1.12
3.053779351921307,4.956670460004092,32.72670663130782,0.03241626346213289,0.022935267122269287,0.01493772309271596,0.03466577586286085,0.037064732877730766,0.015062276907284053,1.12,1.12,1.12,1.12
3.0549802355142206,4.9577383720599215,32.72752952276763,0.03241611677736839,0.022936541614780065,0.014937723409543635,0.03466592254762535,0.03706345838521999,0.015062276590456378,1.12,1.12,1.12,1.12
3.056181344382603,4.958806313586736,32.728351297853365,0.03241597002536173,0.02293781686056562,0.014937723726573163,0.03466606929963201,0.037062183139434435,0.01506227627342685,1.12,1.12,1.12,1.12
3.0573826784995966,4.95987428448879,32.7291719561401,0.03241582320608244,0.022939092860064764,0.014937724043804834,0.0346662161189113,0.03706090713993529,0.015062275956195179,1.12,1.12,1.12,1.12
3.058584237838301,4.960942284670261,32.729991497202775,0.03241567631950082,0.022940369613727196,0.014937724361238622,0.03466636300549292,0.03705963038627286,0.015062275638761391,1.12,1.12,1.12,1.12
3.059786022371773,4.962010314035249,32.730809920616124,0.032415529365586226,0.022941647122013548,0.014937724678874692,0.03466650995940751,0.037058352877986506,0.01506227532112532,1.12,1.12,1.12,1.12
3.060988032073025,4.963078372487774,32.731627225954725,0.03241538234430891,0.022942925385394358,0.014937724996713142,0.03466665698068483,0.037057074614605695,0.01506227500328687,1.12,1.12,1.12,1.12
3.06219026691503,4.964146459931781,32.732443412792996,0.03241523525563872,0.02294420440435002,0.014937725314754208,0.03466680406935502,0.03705579559565003,0.015062274685245805,1.12,1.12,1.12,1.12
3.0633927268707177,4.96521457627113,32.73325848070513,0.032415088099546074,0.022945484179369757,0.014937725632997945,0.03466695122544766,0.037054515820630296,0.015062274367002068,1.12,1.12,1.12,1.12
3.0645954119129764,4.9662827214096055,32.73407242926519,0.03241494087600094,0.022946764710952694,0.014937725951444505,0.034667098448992795,0.03705323528904736,0.015062274048555507,1.12,1.12,1.12,1.12
3.065798322014649,4.967350895250911,32.734885258047015,0.032414793584973456,0.02294804599960651,0.014937726270094084,0.03466724574002028,0.037051954000393544,0.015062273729905928,1.12,1.12,1.12,1.12
3.067001457148542,4.968419097698674,32.7356969666243,0.03241464622643375,0.02294932804584776,0.014937726588946848,0.034667393098559984,0.03705067195415229,0.015062273411053165,1.12,1.12,1.12,1.12
3.0682048172874135,4.969487328656438,32.736507554570544,0.032414498800352576,0.022950610850201614,0.014937726908002769,0.03466754052464116,0.03704938914979844,0.015062273091997244,1.12,1.12,1.12,1.12
3.069408402403984,4.970555588027669,32.737317021459056,0.03241435130669956,0.02295189441320039,0.01493772722726211,0.034667688018294174,0.03704810558679966,0.015062272772737903,1.12,1.12,1.12,1.12
3.0706122124709334,4.971623875715756,32.738125366862945,0.03241420374544551,0.022953178735383967,0.014937727546725038,0.03466783557954822,0.03704682126461609,0.015062272453274975,1.12,1.12,1.12,1.12
3.071816247460894,4.972692191624002,32.738932590355176,0.032414056116560175,0.02295446381730018,0.014937727866391595,0.03466798320843356,0.03704553618269987,0.015062272133608418,1.12,1.12,1.12,1.12
3.073020507346464,4.973760535655632,32.73973869150848,0.03241390842001429,0.02295574965950392,0.014937728186261892,0.034668130904979444,0.03704425034049613,0.01506227181373812,1.12,1.12,1.12,1.12
3.0742249921001945,4.974828907713796,32.74054366989542,0.03241376065577767,0.022957036262556685,0.014937728506336304,0.03466827866921607,0.03704296373744337,0.01506227149366371,1.12,1.12,1.12,1.12
3.0754297016945973,4.975897307701558,32.741347525088386,0.03241361282382077,0.022958323627027016,0.014937728826614705,0.034668426501172966,0.03704167637297304,0.015062271173385308,1.12,1.12,1.12,1.12
3.0766346361021415,4.976965735521902,32.74215025665952,0.03241346492411362,0.022959611753490067,0.014937729147097373,0.034668574400880114,0.037040388246509987,0.01506227085290264,1.12,1.12,1.12,1.12
3.0778397952952568,4.978034191077736,32.742951864180846,0.032413316956626415,0.022960900642526066,0.014937729467784405,0.03466872236836732,0.03703909935747399,0.015062270532215608,1.12,1.12,1.12,1.12
3.079045179246332,4.97910267427188,32.743752347224145,0.03241316892132917,0.02296219029472235,0.01493772978867608,0.034668870403664565,0.0370378097052777,0.015062270211323933,1.12,1.12,1.12,1.12
3.080250787927709,4.980171185007082,32.74455170536101,0.03241302081819186,0.02296348071067228,0.014937730109772313,0.034669018506801874,0.037036519289327774,0.0150622698902277,1.12,1.12,1.12,1.12
3.081456621311697,4.9812397231859995,32.745349938162846,0.03241287264718451,0.022964771890973346,0.014937730431073465,0.03466916667780923,0.03703522810902671,0.015062269568926548,1.12,1.12,1.12,1.12
3.0826626793705567,4.982308288711218,32.746147045200864,0.03241272440827686,0.022966063836229705,0.014937730752579537,0.034669314916716876,0.03703393616377035,0.015062269247420476,1.12,1.12,1.12,1.12
3.0838689620765116,4.983376881485237,32.74694302604607,0.03241257610143877,0.0229673565470509,0.01493773107429075,0.034669463223554964,0.037032643452949154,0.015062268925709263,1.12,1.12,1.12,1.12
3.085075469401742,4.984445501410473,32.747737880269284,0.0324124277266401,0.02296865002405038,0.01493773139620723,0.034669611598353633,0.03703134997594967,0.015062268603792783,1.12,1.12,1.12,1.12
3.08628220131839,4.985514148389267,32.74853160744111,0.03241227928385021,0.022969944267847542,0.014937731718329184,0.03466976004114353,0.03703005573215251,0.01506226828167083,1.12,1.12,1.12,1.12
3.0874891577985526,4.986582822323877,32.74932420713196,0.032412130773039005,0.02297123927906558,0.014937732040656695,0.03466990855195473,0.03702876072093447,0.015062267959343317,1.12,1.12,1.12,1.12
3.0886963388142874,4.987651523116474,32.75011567891205,0.03241198219417568,0.022972535058333327,0.014937732363189946,0.034670057130818055,0.03702746494166673,0.015062267636810067,1.12,1.12,1.12,1.12
3.089903744337614,4.988720250669152,32.7509060223514,0.03241183354722971,0.022973831606282857,0.0149377326859291,0.03467020577776403,0.037026168393717196,0.015062267314070912,1.12,1.12,1.12,1.12
3.091111374340504,4.989789004883924,32.7516952370198,0.03241168483217044,0.02297512892355197,0.014937733008874299,0.034670354492823297,0.037024871076448085,0.015062266991125714,1.12,1.12,1.12,1.12
3.0923192287948944,4.990857785662719,32.75248332248688,0.03241153604896685,0.022976427010780398,0.014937733332025735,0.03467050327602689,0.037023572989219655,0.015062266667974278,1.12,1.12,1.12,1.12
3.093527307672679,4.991926592907383,32.753270278322034,0.03241138719758807,0.02297772586861485,0.014937733655383534,0.034670652127405666,0.0370222741313852,0.015062266344616479,1.12,1.12,1.12,1.12
3.094735610945709,4.992995426519681,32.75405610409445,0.032411238278003185,0.02297902549770306,0.014937733978947806,0.03467080104699055,0.037020974502296994,0.015062266021052206,1.12,1.12,1.12,1.12
3.0959441385857964,4.994064286401301,32.754840799373135,0.032411089290180994,0.02298032589869764,0.01493773430271872,0.03467095003481274,0.03701967410130241,0.015062265697281293,1.12,1.12,1.12,1.12
3.0971528905647108,4.995133172453837,32.75562436372688,0.03241094023409008,0.022981627072255456,0.014937734626696425,0.034671099090903656,0.0370183729277446,0.015062265373303588,1.12,1.12,1.12,1.12
3.0983618668541832,4.996202084578814,32.756406796724264,0.03241079110969919,0.022982929019035647,0.014937734950881229,0.03467124821529455,0.037017070980964406,0.015062265049118784,1.12,1.12,1.12,1.12
3.0995710674259005,4.997271022677664,32.75718809793366,0.032410641916976735,0.022984231739701655,0.014937735275273215,0.034671397408017,0.0370157682602984,0.015062264724726798,1.12,1.12,1.12,1.12
3.100780492251509,4.998339986651741,32.757968266923235,0.0324104926558913,0.02298553523491975,0.014937735599872493,0.03467154666910244,0.0370144647650803,0.01506226440012752,1.12,1.12,1.12,1.12
3.101990141302618,4.999408976402315,32.75874730326097,0.032410343326410795,0.022986839505360124,0.014937735924679271,0.03467169599858294,0.03701316049463993,0.015062264075320742,1.12,1.12,1.12,1.12
3.1032000145507888,5.000477991830575,32.759525206514596,0.03241019392850364,0.022988144551694567,0.014937736249693703,0.0346718453964901,0.037011855448305486,0.01506226375030631,1.12,1.12,1.12,1.12
3.104410111967547,5.0015470328376255,32.76030197625167,0.03241004446213752,0.02298945037459893,0.0149377365749159,0.034671994862856215,0.037010549625401123,0.015062263425084113,1.12,1.12,1.12,1.12
3.1056204335243773,5.002616099324486,32.76107761203953,0.032409894927280636,0.022990756974752058,0.014937736900346152,0.0346721443977131,0.037009243025247995,0.015062263099653861,1.12,1.12,1.12,1.12
3.1068309791927167,5.003685191192098,32.76185211344529,0.03240974532390056,0.02299206435283574,0.014937737225984474,0.034672294001093173,0.037007935647164314,0.015062262774015539,1.12,1.12,1.12,1.12
3.10804174894397,5.0047543083413135,32.76262548003588,0.03240959565196494,0.0229933725095334,0.014937737551831282,0.0346724436730288,0.037006627490466654,0.015062262448168731,1.12,1.12,1.12,1.12
3.109252742749493,5.0058234506729065,32.76339771137798,0.032409445911441015,0.022994681445532045,0.01493773787788652,0.03467259341355272,0.03700531855446801,0.015062262122113493,1.12,1.12,1.12,1.12
3.1104639605806073,5.006892618087563,32.76416880703812,0.03240929610229665,0.02299599116152115,0.014937738204150397,0.03467274322269709,0.0370040088384789,0.015062261795849616,1.12,1.12,1.12,1.12
3.111675402408586,5.007961810485891,32.764938766582546,0.032409146224498475,0.02299730165819175,0.014937738530623107,0.03467289310049526,0.037002698341808304,0.015062261469376906,1.12,1.12,1.12,1.12
3.1128870682046674,5.009031027768408,32.76570758957734,0.03240899627801386,0.022998612936238394,0.014937738857304858,0.03467304304697988,0.03700138706376166,0.015062261142695155,1.12,1.12,1.12,1.12
3.1140989579400458,5.010100269835554,32.76647527558836,0.032408846262809654,0.022999924996357807,0.014937739184195775,0.03467319306218408,0.03700007500364225,0.015062260815804238,1.12,1.12,1.12,1.12
3.1153110715858734,5.011169536587682,32.767241824181255,0.032408696178852725,0.023001237839248706,0.01493773951129608,0.03467334314614101,0.03699876216075135,0.015062260488703932,1.12,1.12,1.12,1.12
3.1165234091132614,5.012238827925059,32.768007234921434,0.032408546026109486,0.023002551465612642,0.014937739838605926,0.03467349329888425,0.03699744853438741,0.015062260161394087,1.12,1.12,1.12,1.12
3.117735970493282,5.013308143747872,32.76877150737414,0.03240839580454685,0.023003865876152246,0.01493774016612548,0.034673643520446884,0.03699613412384781,0.015062259833874533,1.12,1.12,1.12,1.12
3.118948755696962,5.014377483956221,32.76953464110436,0.03240824551413091,0.02300518107157304,0.014937740493854906,0.03467379381086283,0.036994818928427015,0.015062259506145106,1.12,1.12,1.12,1.12
3.1201617646952893,5.015446848450125,32.77029663567687,0.0324080951548279,0.02300649705258201,0.014937740821794387,0.03467394417016584,0.036993502947418044,0.015062259178205625,1.12,1.12,1.12,1.12
3.1213749974592115,5.016516237129515,32.771057490656254,0.0324079447266038,0.023007813819889006,0.014937741149944159,0.03467409459838994,0.03699218618011105,0.015062258850055854,1.12,1.12,1.12,1.12
3.1225884539596303,5.017585649894238,32.771817205606865,0.03240779422942475,0.02300913137420449,0.014937741478304303,0.03467424509556899,0.036990868625795564,0.01506225852169571,1.12,1.12,1.12,1.12
3.1238021341674114,5.018655086644056,32.77257578009284,0.0324076436632566,0.02301044971624211,0.014937741806875113,0.034674395661737134,0.036989550283757944,0.0150622581931249,1.12,1.12,1.12,1.12
3.125016038053375,5.019724547278652,32.77333321367811,0.03240749302806473,0.023011768846716796,0.01493774213565674,0.03467454629692901,0.03698823115328326,0.015062257864343273,1.12,1.12,1.12,1.12
3.126230165588302,5.020794031697616,32.77408950592637,0.03240734232381498,0.02301308876634489,0.014937742464649365,0.034674697001178756,0.03698691123365516,0.015062257535350648,1.12,1.12,1.12,1.12
3.1274445167429294,5.0218635398004565,32.774844656401115,0.03240719155047267,0.0230144094758451,0.014937742793853126,0.03467484777452107,0.036985590524154954,0.015062257206146887,1.12,1.12,1.12,1.12
3.1286590914879535,5.022933071486599,32.77559866466562,0.032407040708002766,0.02301573097593776,0.014937743123268232,0.03467499861699097,0.036984269024062294,0.01506225687673178,1.12,1.12,1.12,1.12
3.1298738897940312,5.024002626655381,32.77635153028294,0.03240688979637052,0.023017053267344545,0.014937743452894905,0.03467514952862322,0.03698294673265551,0.015062256547105107,1.12,1.12,1.12,1.12
3.1310889116317733,5.025072205206058,32.777103252815905,0.0324067388155409,0.02301837635078835,0.014937743782733312,0.03467530050945283,0.0369816236492117,0.0150622562172667,1.12,1.12,1.12,1.12
3.132304156971752,5.026141807037795,32.77785383182713,0.03240658776547872,0.023019700226994733,0.014937744112783508,0.034675451559515014,0.03698029977300532,0.015062255887216505,1.12,1.12,1.12,1.12
3.133519625784496,5.027211432049678,32.77860326687904,0.03240643664614873,0.02302102489669014,0.014937744443045894,0.03467560267884501,0.03697897510330991,0.015062255556954118,1.12,1.12,1.12,1.12
3.134735318040493,5.028281080140701,32.77935155753378,0.03240628545751528,0.02302235036060296,0.014937744773520556,0.034675753867478454,0.03697764963939709,0.015062255226479457,1.12,1.12,1.12,1.12
3.13595123371019,5.029350751209777,32.78009870335333,0.03240613419954297,0.023023676619462002,0.014937745104207645,0.03467590512545077,0.03697632338053805,0.015062254895792368,1.12,1.12,1.12,1.12
3.1371673727639884,5.030420445155733,32.78084470389943,0.032405982872195704,0.023025003673998345,0.014937745435107466,0.03467605645279803,0.03697499632600171,0.015062254564892547,1.12,1.12,1.12,1.12
3.1383837351722494,5.03149016187731,32.781589558733614,0.03240583147543796,0.023026331524944543,0.014937745766220159,0.034676207849555774,0.03697366847505551,0.015062254233779854,1.12,1.12,1.12,1.12
3.1396003209052945,5.032559901273157,32.78233326741715,0.032405680009233495,0.023027660173034536,0.014937746097545931,0.03467635931576024,0.03697233982696552,0.015062253902454081,1.12,1.12,1.12,1.12
3.1408171299334002,5.0336296632418485,32.78307582951116,0.03240552847354605,0.023028989619003376,0.014937746429084908,0.034676510851447684,0.03697101038099668,0.015062253570915105,1.12,1.12,1.12,1.12
3.1420341622268007,5.034699447681863,32.78381724457647,0.032405376868339386,0.023030319863586723,0.014937746760837367,0.03467666245665435,0.03696968013641333,0.015062253239162646,1.12,1.12,1.12,1.12
3.14325141775569,5.035769254491597,32.784557512173734,0.0324052251935773,0.02303165090752246,0.014937747092803377,0.034676814131416434,0.03696834909247759,0.015062252907196635,1.12,1.12,1.12,1.12
3.1444688964902188,5.036839083569358,32.785296631863375,0.032405073449222666,0.023032982751550496,0.014937747424983341,0.03467696587577107,0.03696701724844956,0.015062252575016671,1.12,1.12,1.12,1.12
3.1456865984004936,5.037908934813375,32.78603460320558,0.032404921635239115,0.023034315396409627,0.014937747757377329,0.03467711768975462,0.036965684603590426,0.015062252242622684,1.12,1.12,1.12,1.12
3.1469045234565822,5.0389788081217795,32.78677142576032,0.032404769751589846,0.02303564884284215,0.014937748089985589,0.03467726957340389,0.036964351157157904,0.015062251910014424,1.12,1.12,1.12,1.12
3.1481226716285065,5.040048703392623,32.78750709908736,0.03240461779823739,0.02303698309159033,0.014937748422808178,0.03467742152675635,0.036963016908409724,0.015062251577191835,1.12,1.12,1.12,1.12
3.14934104288625,5.041118620523869,32.78824162274621,0.03240446577514511,0.023038318143398268,0.014937748755845415,0.03467757354984863,0.036961681856601786,0.015062251244154598,1.12,1.12,1.12,1.12
3.150559637199748,5.042188559413393,32.788974996296204,0.032404313682275476,0.02303965399901048,0.014937749089097521,0.03467772564271826,0.036960346000989575,0.015062250910902492,1.12,1.12,1.12,1.12
3.1517784545389,5.043258519958986,32.7897072192964,0.03240416151959119,0.023040990659173394,0.01493774942256472,0.034677877805402546,0.03695900934082666,0.015062250577435293,1.12,1.12,1.12,1.12
3.152997494873555,5.044328502058352,32.790438291305676,0.0324040092870545,0.023042328124634137,0.014937749756247107,0.034678030037939234,0.036957671875365916,0.015062250243752906,1.12,1.12,1.12,1.12
3.1542167581735274,5.045398505609105,32.791168211882656,0.03240385698462789,0.023043666396140722,0.01493775009014496,0.03467818234036585,0.03695633360385933,0.015062249909855052,1.12,1.12,1.12,1.12
3.155436244408582,5.046468530508772,32.791896980585776,0.03240370461227343,0.023045005474443186,0.014937750424258434,0.034678334712720305,0.03695499452555687,0.01506224957574158,1.12,1.12,1.12,1.12
3.1566559535484466,5.047538576654795,32.7926245969732,0.032403552169953276,0.023046345360291848,0.01493775075858772,0.03467848715504046,0.036953654639708206,0.015062249241412293,1.12,1.12,1.12,1.12
3.157875885562802,5.0486086439445295,32.7933510606029,0.03240339965762923,0.023047686054437327,0.014937751093133125,0.03467863966736451,0.036952313945562726,0.015062248906866887,1.12,1.12,1.12,1.12
3.159096040421286,5.04967873227524,32.79407637103262,0.0324032470752631,0.02304902755763283,0.014937751427894719,0.03467879224973064,0.036950972442367225,0.015062248572105294,1.12,1.12,1.12,1.12
3.160316418093497,5.050748841544106,32.79480052781989,0.03240309442281658,0.02305036987063186,0.014937751762872736,0.034678944902177156,0.036949630129368194,0.015062248237127276,1.12,1.12,1.12,1.12
3.161537018548986,5.051818971648217,32.795523530521976,0.03240294170025115,0.023051712994189233,0.0149377520980674,0.03467909762474258,0.03694828700581082,0.015062247901932613,1.12,1.12,1.12,1.12
3.1627578417572657,5.052889122484576,32.79624537869596,0.032402788907528346,0.02305305692906018,0.014937752433478974,0.03467925041746539,0.036946943070939875,0.01506224756652104,1.12,1.12,1.12,1.12
3.163978887687803,5.053959293950101,32.79696607189868,0.03240263604460902,0.023054401676001285,0.01493775276910772,0.03467940328038471,0.03694559832399877,0.015062247230892292,1.12,1.12,1.12,1.12
3.16520015631002,5.055029485941615,32.79768560968674,0.03240248311145477,0.023055747235770502,0.014937753104953683,0.034679556213538965,0.03694425276422955,0.01506224689504633,1.12,1.12,1.12,1.12
3.166421647593299,5.056099698355861,32.798403991616546,0.0324023301080264,0.023057093609126,0.014937753441017165,0.034679709216967336,0.03694290639087405,0.015062246558982847,1.12,1.12,1.12,1.12
3.1676433615069772,5.057169931089486,32.79912121724424,0.032402177034284996,0.023058440796827645,0.014937753777298265,0.03467986229070874,0.03694155920317241,0.015062246222701747,1.12,1.12,1.12,1.12
3.168865298020346,5.058240184039059,32.79983728612579,0.03240202389019092,0.023059788799635328,0.0149377541137974,0.03468001543480281,0.036940211200364725,0.015062245886202613,1.12,1.12,1.12,1.12
3.170087457102659,5.059310457101048,32.800552197816884,0.0324018706757051,0.023061137618310745,0.01493775445051461,0.034680168649288634,0.03693886238168931,0.015062245549485404,1.12,1.12,1.12,1.12
3.171309838723123,5.060380750171841,32.801265951873006,0.032401717390788065,0.02306248725361537,0.014937754787450297,0.03468032193420567,0.03693751274638468,0.015062245212549716,1.12,1.12,1.12,1.12
3.1725324428509007,5.061451063147732,32.801978547849416,0.032401564035400066,0.02306383770631315,0.014937755124604463,0.03468047528959367,0.0369361622936869,0.01506224487539555,1.12,1.12,1.12,1.12
3.1737552694551114,5.062521395924936,32.802689985301136,0.03240141060950136,0.02306518897716786,0.01493775546197744,0.03468062871549238,0.03693481102283219,0.015062244538022573,1.12,1.12,1.12,1.12
3.174978318504831,5.063591748399569,32.80340026378298,0.032401257113052084,0.023066541066944446,0.014937755799569324,0.03468078221194165,0.03693345893305561,0.015062244200430688,1.12,1.12,1.12,1.12
3.1762015899690947,5.064662120467661,32.80410938284952,0.032401103546012444,0.02306789397640885,0.014937756137380465,0.03468093577898129,0.036932106023591205,0.015062243862619548,1.12,1.12,1.12,1.12
3.177425083816889,5.065732512025154,32.804817342055095,0.03240094990834219,0.023069247706327872,0.014937756475411013,0.034681089416651545,0.03693075229367218,0.015062243524589,1.12,1.12,1.12,1.12
3.1786488000171604,5.066802922967901,32.805524140953814,0.03240079620000108,0.023070602257469097,0.014937756813661218,0.034681243124992656,0.036929397742530956,0.015062243186338795,1.12,1.12,1.12,1.12
3.1798727385388084,5.067873353191667,32.80622977909959,0.03240064242094881,0.023071963521585664,0.01493775715213115,0.034681396904044925,0.03692803647841439,0.015062242847868862,1.12,1.12,1.12,1.12
3.1810968994558046,5.068943802551582,32.80693425512544,0.032400488564305774,0.02307332534385867,0.014937757490851439,0.03468155076068796,0.036926674656141384,0.015062242509148574,1.12,1.12,1.12,1.12
3.1823212827322074,5.0700142709447675,32.80763756862434,0.032400334630411365,0.023074687734788546,0.014937757829820333,0.03468170469458237,0.03692531226521151,0.01506224217017968,1.12,1.12,1.12,1.12
3.1835458883322083,5.071084758268201,32.80833971918756,0.03240018061958955,0.023076050704532503,0.0149377581690361,0.03468185870540419,0.03692394929546755,0.015062241830963913,1.12,1.12,1.12,1.12
3.1847707162201213,5.072155264418722,32.80904070640481,0.03240002653214952,0.02307741426291568,0.01493775850849735,0.03468201279284422,0.036922585737084374,0.015062241491502662,1.12,1.12,1.12,1.12
3.185995766360381,5.073225789293024,32.809740529864186,0.03239987236838593,0.023078778419444,0.014937758848202393,0.03468216695660781,0.03692122158055605,0.01506224115179762,1.12,1.12,1.12,1.12
3.187221038717535,5.074296332787668,32.810439189152305,0.03239971812857978,0.023080143183314916,0.014937759188150004,0.03468232119641396,0.03691985681668514,0.015062240811850008,1.12,1.12,1.12,1.12
3.1884465332562373,5.075366894799078,32.81113668385428,0.03239956381299858,0.023081508563427278,0.014937759528338687,0.03468247551199516,0.036918491436572776,0.015062240471661326,1.12,1.12,1.12,1.12
3.1896722499412427,5.076437475223543,32.811833013553816,0.032399409421897174,0.023082874568393807,0.014937759868767345,0.03468262990309656,0.036917125431606246,0.015062240131232668,1.12,1.12,1.12,1.12
3.1908981887374086,5.077508073957215,32.8125281778332,0.032399254955517987,0.02308424120654995,0.014937760209434658,0.03468278436947575,0.036915758793450104,0.015062239790565354,1.12,1.12,1.12,1.12
3.1921243496096743,5.078578690896123,32.81322217627341,0.03239910041409155,0.023085608485964026,0.014937760550339532,0.034682938910902184,0.03691439151403603,0.01506223944966048,1.12,1.12,1.12,1.12
3.1933507325230766,5.079649325936153,32.81391500845412,0.032398945797837087,0.02308697641444596,0.014937760891480883,0.03468309352715665,0.036913023585554094,0.01506223910851913,1.12,1.12,1.12,1.12
3.194577337442727,5.080719978973072,32.814606673953676,0.03239879110696264,0.02308834499955842,0.014937761232857935,0.03468324821803109,0.036911655000441634,0.015062238767142078,1.12,1.12,1.12,1.12
3.1958041643338166,5.081790649902515,32.81529717234925,0.0323986363416654,0.023089714248623272,0.014937761574469521,0.03468340298332834,0.03691028575137678,0.015062238425530491,1.12,1.12,1.12,1.12
3.197031213161607,5.08286133861999,32.815986503216784,0.03239848150213265,0.02309108416873079,0.014937761916314865,0.03468355782286109,0.03690891583126926,0.015062238083685148,1.12,1.12,1.12,1.12
3.198258483891435,5.08393204502088,32.81667466613108,0.032398326588541804,0.023092454766749065,0.014937762258393023,0.03468371273645193,0.03690754523325099,0.01506223774160699,1.12,1.12,1.12,1.12
3.199485976488697,5.085002769000441,32.817361660665775,0.03239817160106051,0.023093826049330135,0.014937762600703439,0.034683867723933226,0.03690617395066992,0.015062237399296574,1.12,1.12,1.12,1.12
3.2007136909188514,5.086073510453808,32.81804748639344,0.032398016539847585,0.02309519802291804,0.014937762943245309,0.03468402278514615,0.036904801977082013,0.015062237056754704,1.12,1.12,1.12,1.12
3.201941627147411,5.0871442692759965,32.81873214288556,0.03239786140505291,0.023096570693756813,0.014937763286017924,0.03468417791994083,0.03690342930624324,0.015062236713982088,1.12,1.12,1.12,1.12
3.2031697851399468,5.088215045361892,32.819415629712566,0.0323977061968177,0.023097944067897058,0.014937763629020662,0.03468433312817604,0.036902055932102995,0.015062236370979351,1.12,1.12,1.12,1.12
3.2043981648620754,5.089285838606266,32.82009794644391,0.032397550915275186,0.023099318151203502,0.014937763972253007,0.03468448840971855,0.03690068184879655,0.015062236027747006,1.12,1.12,1.12,1.12
3.2056267662794617,5.090356648903768,32.82077909264804,0.03239739556055099,0.023100692949360235,0.014937764315714336,0.034684643764442746,0.03689930705063982,0.015062235684285677,1.12,1.12,1.12,1.12
3.2068555893578115,5.0914274761489295,32.82145906789242,0.03239724013276246,0.023102068467877795,0.014937764659404135,0.034684799192231275,0.03689793153212226,0.015062235340595878,1.12,1.12,1.12,1.12
3.2080846340628733,5.092498320236162,32.82213787174364,0.0323970846320204,0.02310344471209977,0.014937765003322084,0.034684954692973335,0.036896555287900284,0.015062234996677928,1.12,1.12,1.12,1.12
3.209313900360428,5.093569181059763,32.82281550376733,0.03239692905842839,0.023104821687207927,0.014937765347467699,0.034685110266565344,0.036895178312792126,0.015062234652532314,1.12,1.12,1.12,1.12
3.210543388216294,5.094640058513911,32.82349196352827,0.03239677341208286,0.02310619939822861,0.014937765691840618,0.03468526591291088,0.03689380060177144,0.015062234308159395,1.12,1.12,1.12,1.12
3.21177309759632,5.095710952492669,32.82416725059034,0.03239661769307428,0.02310757785003764,0.014937766036440453,0.034685421631919455,0.03689242214996241,0.01506223396355956,1.12,1.12,1.12,1.12
3.2130030284663778,5.096781862889987,32.82484136451663,0.032396461901486595,0.023108957047365597,0.014937766381266898,0.03468557742350714,0.036891042952634456,0.015062233618733115,1.12,1.12,1.12,1.12
3.214233180792372,5.097852789599699,32.825514304869365,0.032396306037397626,0.023110336994803526,0.014937766726319746,0.03468573328759611,0.03688966300519653,0.015062233273680267,1.12,1.12,1.12,1.12
3.2154635545402224,5.0989237325155266,32.826186071209996,0.03239615010087976,0.0231117176968077,0.014937767071598593,0.034685889224113975,0.036888282303192355,0.01506223292840142,1.12,1.12,1.12,1.12
3.2166941496758734,5.099994691531076,32.82685666309918,0.0323959940919995,0.023113099157704042,0.014937767417103245,0.034686045232994234,0.03688690084229601,0.015062232582896767,1.12,1.12,1.12,1.12
3.217924966165287,5.10106566653984,32.827526080096845,0.03239583801081797,0.023114481381692586,0.014937767762833551,0.03468620131417577,0.03688551861830747,0.015062232237166462,1.12,1.12,1.12,1.12
3.2191560039744385,5.102136657435207,32.82819432176214,0.03239568185739078,0.023115864372852735,0.014937768108789246,0.03468635746760296,0.03688413562714732,0.015062231891210767,1.12,1.12,1.12,1.12
3.220387263069316,5.103207664110446,32.82886138765349,0.03239552563176801,0.023117248135145846,0.014937768454970093,0.03468651369322573,0.03688275186485421,0.01506223154502992,1.12,1.12,1.12,1.12
3.221618743415924,5.104278686458715,32.82952727732863,0.032395369333995616,0.023118632672421507,0.014937768801375803,0.03468666999099812,0.036881367327578546,0.01506223119862421,1.12,1.12,1.12,1.12
3.2228504449802693,5.105349724373067,32.8301919903446,0.032395212964115405,0.023120017988420255,0.014937769148006388,0.03468682636087833,0.0368799820115798,0.015062230851993624,1.12,1.12,1.12,1.12
3.224082367728368,5.106420777746443,32.83085552625779,0.03239505652216429,0.02312140408677882,0.014937769494861808,0.03468698280282945,0.036878595913221235,0.015062230505138205,1.12,1.12,1.12,1.12
3.2253145116262396,5.107491846471679,32.8315178846239,0.03239490000817519,0.023122790971032287,0.014937769841941825,0.03468713931681855,0.03687720902896777,0.015062230158058187,1.12,1.12,1.12,1.12
3.22654687663991,5.108562930441494,32.832179064998,0.032394743422177075,0.023124178644617965,0.014937770189246524,0.03468729590281666,0.03687582135538209,0.015062229810753489,1.12,1.12,1.12,1.12
3.227779462735402,5.1096340295485065,32.83283906693454,0.03239458676419471,0.023125567110879347,0.014937770536775946,0.034687452560799026,0.036874432889120706,0.015062229463224067,1.12,1.12,1.12,1.12
3.2290122698787402,5.110705143685225,32.83349788998734,0.0323944300342493,0.023126956373069107,0.014937770884530063,0.03468760929074444,0.036873043626930946,0.01506222911546995,1.12,1.12,1.12,1.12
3.230245298035947,5.111776272744045,32.834155533709634,0.03239427323235816,0.02312834643435227,0.01493777123250889,0.034687766092635575,0.03687165356564778,0.015062228767491123,1.12,1.12,1.12,1.12
3.2314785471730367,5.112847416617264,32.83481199765404,0.03239411635853562,0.023129737297809316,0.014937771580712508,0.03468792296645812,0.03687026270219074,0.015062228419287504,1.12,1.12,1.12,1.12
3.2327120172560244,5.113918575197065,32.83546728137263,0.032393959412791995,0.023131128966439846,0.01493777192914103,0.03468807991220174,0.03686887103356021,0.015062228070858982,1.12,1.12,1.12,1.12
3.23394570825091,5.114989748375529,32.83612138441689,0.03239380239513501,0.023132521443164245,0.0149377722777944,0.03468823692985873,0.03686747855683581,0.015062227722205612,1.12,1.12,1.12,1.12
3.2351796201236933,5.116060936044629,32.836774306337766,0.03239364530556854,0.0231339147308276,0.014937772626672868,0.034688394019425195,0.036866085269172455,0.015062227373327144,1.12,1.12,1.12,1.12
3.236413752840359,5.117132138096231,32.837426046685636,0.03239348814409376,0.023135308832201662,0.014937772975776392,0.034688551180899974,0.03686469116779839,0.01506222702422362,1.12,1.12,1.12,1.12
3.2376481063668794,5.118203354422101,32.838076605010365,0.03239333091070801,0.02313670374998611,0.014937773325105028,0.03468870841428573,0.036863296250013944,0.015062226674894985,1.12,1.12,1.12,1.12
3.238882680669217,5.119274584913889,32.838725980861284,0.032393173605406944,0.023138099486815417,0.014937773674658913,0.03468886571958679,0.03686190051318464,0.0150622263253411,1.12,1.12,1.12,1.12
3.2401174757133187,5.120345829463152,32.83937417378723,0.03239301622818341,0.02313949604525689,0.014937774024438244,0.03468902309681032,0.03686050395474316,0.015062225975561769,1.12,1.12,1.12,1.12
3.2413524914651144,5.121417087961335,32.840021183336525,0.032392858779028255,0.023140893427814863,0.014937774374443158,0.03468918054596548,0.03685910657218519,0.015062225625556855,1.12,1.12,1.12,1.12
3.2425877278905184,5.122488360299783,32.840667009057015,0.03239270125792937,0.023142291636933626,0.014937774724673808,0.03468933806706437,0.03685770836306643,0.015062225275326205,1.12,1.12,1.12,1.12
3.2438231849554273,5.123559646369734,32.84131165049604,0.032392543664872375,0.02314369067499794,0.01493777507513043,0.03468949566012136,0.03685630932500211,0.015062224924869583,1.12,1.12,1.12,1.12
3.2450588626257186,5.124630946062322,32.841955107200505,0.03239238599984107,0.023145090544336555,0.014937775425813149,0.03468965332515267,0.0368549094556635,0.015062224574186864,1.12,1.12,1.12,1.12
3.246294760867248,5.1257022592685795,32.842597378716796,0.032392228262816514,0.02314649124722279,0.01493777577672227,0.03468981106217722,0.036853508752777264,0.015062224223277743,1.12,1.12,1.12,1.12
3.2475308796458524,5.126773585879434,32.843238464590875,0.03239207045377801,0.0231478927858777,0.014937776127857877,0.034689968871215726,0.036852107214122354,0.015062223872142136,1.12,1.12,1.12,1.12
3.248767218927344,5.127844925785709,32.843878364368244,0.0323919125727028,0.023149295162471023,0.014937776479220191,0.03469012675229094,0.03685070483752903,0.015062223520779822,1.12,1.12,1.12,1.12
3.250003778677514,5.1289162788781235,32.84451707759395,0.032391754619566226,0.02315069837912473,0.014937776830809338,0.03469028470542751,0.036849301620875324,0.015062223169190675,1.12,1.12,1.12,1.12
3.2512405588621274,5.129987645047301,32.845154603812624,0.0323915965943421,0.02315210243791188,0.014937777182625775,0.03469044273065164,0.03684789756208817,0.015062222817374238,1.12,1.12,1.12,1.12
3.252477559446924,5.131059024183753,32.845790942568456,0.0323914384970021,0.023153507340861385,0.014937777534669641,0.034690600827991636,0.03684649265913867,0.015062222465330372,1.12,1.12,1.12,1.12
3.2537147803976234,5.132130416177892,32.84642609340521,0.03239128032751615,0.023154913089957263,0.014937777886941242,0.03469075899747759,0.03684508691004279,0.01506222211305877,1.12,1.12,1.12,1.12
3.254952221679907,5.13320182092003,32.847060055866244,0.03239112208585304,0.023156319687142435,0.014937778239440744,0.034690917239140695,0.03684368031285762,0.015062221760559269,1.12,1.12,1.12,1.12
3.2561898832594376,5.134273238300372,32.8476928294945,0.03239096377197964,0.023157727134317435,0.014937778592168341,0.034691075553014095,0.03684227286568262,0.015062221407831672,1.12,1.12,1.12,1.12
3.257427765101848,5.135344668209024,32.8483244138325,0.03239080538586142,0.02315913543334469,0.014937778945124464,0.034691233939132315,0.03684086456665536,0.01506222105487555,1.12,1.12,1.12,1.12
3.2586658671727373,5.136416110535991,32.84895480842239,0.03239064692746252,0.023160544586048354,0.01493777929830925,0.03469139239753122,0.0368394554139517,0.015062220701690762,1.12,1.12,1.12,1.12
3.259904189437679,5.137487565171173,32.84958401280591,0.03239048839674574,0.023161954594215606,0.014937779651723146,0.034691550928247994,0.03683804540578445,0.015062220348276867,1.12,1.12,1.12,1.12
3.261142731862213,5.138559032004369,32.85021202652443,0.032390329793672346,0.02316336545959896,0.01493778000536626,0.03469170953132139,0.03683663454040109,0.015062219994633752,1.12,1.12,1.12,1.12
3.2623814944118488,5.139630510925275,32.85083884911891,0.03239017111820264,0.02316477718391674,0.014937780359238914,0.0346918682067911,0.03683522281608331,0.015062219640761099,1.12,1.12,1.12,1.12
3.2636204770520645,5.140702001823487,32.85146448012995,0.032390012370295374,0.02316618976885451,0.014937780713341411,0.03469202695469836,0.03683381023114554,0.015062219286658601,1.12,1.12,1.12,1.12
3.2648596797483003,5.141773504588501,32.85208891909777,0.03238985354990881,0.02316760321606659,0.014937781067674016,0.03469218577508493,0.03683239678393346,0.015062218932325996,1.12,1.12,1.12,1.12
3.266099102465971,5.142845019109707,32.85271216556222,0.03238969465699937,0.02316901752717626,0.014937781422237076,0.03469234466799437,0.03683098247282379,0.015062218577762937,1.12,1.12,1.12,1.12
3.2673387451704508,5.143916545276394,32.8533342190628,0.03238953569152292,0.023170432703778526,0.014937781777030923,0.03469250363347082,0.03682956729622153,0.01506221822296909,1.12,1.12,1.12,1.12
3.2685786078270795,5.144988082977754,32.85395507913863,0.03238937665343411,0.023171848747438828,0.014937782132055766,0.034692662671559626,0.036828151252561225,0.015062217867944247,1.12,1.12,1.12,1.12
3.2698186904011637,5.146059632102873,32.85457474532849,0.032389217542686755,0.023173265659696685,0.014937782487311896,0.03469282178230698,0.03682673434030337,0.015062217512688117,1.12,1.12,1.12,1.12
3.2710589928579736,5.147131192540739,32.8551932171708,0.032389058359233835,0.02317468344206483,0.014937782842799757,0.0346929809657599,0.03682531655793522,0.015062217157200256,1.12,1.12,1.12,1.12
3.272299515162741,5.148202764180233,32.85581049420363,0.03238889910302717,0.02317610209603066,0.014937783198519572,0.03469314022196657,0.036823897903969394,0.01506221680148044,1.12,1.12,1.12,1.12
3.2735402572806636,5.149274346910142,32.85642657596472,0.03238873977401785,0.023177521623057473,0.01493778355447177,0.03469329955097589,0.03682247837694258,0.015062216445528243,1.12,1.12,1.12,1.12
3.274781219176898,5.150345940619147,32.85704146199144,0.032388580372156583,0.023178942024584953,0.014937783910656477,0.03469345895283715,0.0368210579754151,0.015062216089343536,1.12,1.12,1.12,1.12
3.2760224008165637,5.151417545195827,32.857655151820865,0.032388420897392745,0.02318036330203113,0.014937784267074011,0.03469361842760099,0.03681963669796892,0.015062215732926001,1.12,1.12,1.12,1.12
3.2772638021647427,5.152489160528666,32.85826764498969,0.03238826134967515,0.02318178545679106,0.014937784623724873,0.034693777975318585,0.036818214543208994,0.01506221537627514,1.12,1.12,1.12,1.12
3.278505423186478,5.1535607865060395,32.85887894103431,0.03238810172895212,0.023183208490239055,0.014937784980609353,0.03469393759604161,0.036816791509761,0.01506221501939066,1.12,1.12,1.12,1.12
3.279747263846771,5.154632423016224,32.85948903949079,0.0323879420351712,0.023184632403730365,0.014937785337727646,0.034694097289822534,0.03681536759626969,0.015062214662272366,1.12,1.12,1.12,1.12
3.280989324110585,5.155704069947399,32.86009793989485,0.03238778226827932,0.023186057198599896,0.01493778569508021,0.03469425705671442,0.03681394280140016,0.015062214304919802,1.12,1.12,1.12,1.12
3.28223160394284,5.156775727187636,32.860705641781905,0.03238762242822257,0.023187482876164178,0.01493778605266731,0.03469441689677116,0.036812517123835875,0.015062213947332703,1.12,1.12,1.12,1.12
3.2834741033084196,5.15784739462491,32.86131214468705,0.03238746251494701,0.023188909437721394,0.014937786410489248,0.03469457681004673,0.03681109056227866,0.015062213589510764,1.12,1.12,1.12,1.12
3.2847168221721628,5.158919072147096,32.86191744814505,0.032387302528397666,0.023190336884553076,0.01493778676854654,0.03469473679659607,0.03680966311544698,0.015062213231453472,1.12,1.12,1.12,1.12
3.285959760498868,5.1599907596419605,32.86252155169037,0.032387142468519536,0.0231917652179241,0.014937787126839339,0.0346948968564742,0.036808234782075955,0.015062212873160674,1.12,1.12,1.12,1.12
3.2872029182532887,5.161062456997178,32.86312445485715,0.03238698233525639,0.02319319443908277,0.01493778748536799,0.03469505698973735,0.03680680556091728,0.015062212514632023,1.12,1.12,1.12,1.12
3.288446295400142,5.162134164100313,32.86372615717924,0.03238682212855226,0.02319462454926191,0.014937787844132883,0.034695217196441475,0.03680537545073814,0.01506221215586713,1.12,1.12,1.12,1.12
3.2896898919040964,5.163205880838837,32.86432665819015,0.03238666184835032,0.023196055549680517,0.014937788203134253,0.03469537747664342,0.03680394445031954,0.01506221179686576,1.12,1.12,1.12,1.12
3.2909337077297813,5.164277607100114,32.86492595742312,0.032386501494593545,0.023197487441542375,0.014937788562372517,0.03469553783040019,0.03680251255845768,0.015062211437627496,1.12,1.12,1.12,1.12
3.2921777428417793,5.165349342771411,32.86552405441106,0.03238634106722443,0.023198920226037645,0.014937788921848008,0.0346956982577693,0.03680107977396241,0.015062211078152005,1.12,1.12,1.12,1.12
3.2934219972046295,5.166421087739891,32.86612094868659,0.032386180566185085,0.023200353904343662,0.014937789281561017,0.03469585875880865,0.03679964609565639,0.015062210718438995,1.12,1.12,1.12,1.12
3.29466647078283,5.167492841892615,32.86671663978203,0.03238601999141738,0.023201788477624774,0.014937789641511962,0.034696019333576356,0.03679821152237528,0.015062210358488051,1.12,1.12,1.12,1.12
3.29591116354083,5.168564605116545,32.86731112722939,0.03238585934286253,0.023203223947033225,0.014937790001701201,0.0346961799821312,0.03679677605296683,0.015062209998298812,1.12,1.12,1.12,1.12
3.2971560754430373,5.169636377298541,32.867904410560406,0.0323856986204617,0.02320466031370988,0.014937790362129,0.034696340704532036,0.036795339686290174,0.015062209637871013,1.12,1.12,1.12,1.12
3.298401206453813,5.170708158325362,32.86849648930651,0.03238553782415576,0.02320609757878367,0.014937790722795649,0.03469650150083797,0.036793902421216385,0.015062209277204364,1.12,1.12,1.12,1.12
3.2996465565374735,5.171779948083664,32.869087362998826,0.03238537695388527,0.023207535743373364,0.014937791083701649,0.034696662371108467,0.03679246425662669,0.015062208916298364,1.12,1.12,1.12,1.12
3.30089212565829,5.172851746459998,32.8696770311682,0.032385216009590434,0.023208974808586608,0.01493779144484729,0.0346968233154033,0.036791025191413446,0.015062208555152723,1.12,1.12,1.12,1.12
3.302137913780485,5.173923553340824,32.870265493345194,0.03238505499121119,0.023210414775522104,0.014937791806232822,0.03469698433378254,0.03678958522447795,0.01506220819376719,1.12,1.12,1.12,1.12
3.3033839208682374,5.174995368612492,32.87085274906008,0.03238489389868743,0.023211855645268065,0.014937792167858635,0.03469714542630631,0.03678814435473199,0.015062207832141378,1.12,1.12,1.12,1.12
3.304630146885684,5.1760671921612476,32.8714387978428,0.03238473273195669,0.023213297418901463,0.014937792529725033,0.03469730659303705,0.03678670258109859,0.01506220747027498,1.12,1.12,1.12,1.12
3.305876591797182,5.177139023873123,32.87202363922054,0.03238457149078294,0.02321474009732402,0.014937792891831989,0.03469746783421079,0.03678525990267603,0.015062207108168024,1.12,1.12,1.12,1.12
3.307123255566774,5.178210863634162,32.87260727272269,0.03238441017510424,0.023216183681596586,0.01493779325417989,0.0346976291498895,0.03678381631840347,0.015062206745820123,1.12,1.12,1.12,1.12
3.3083701381584514,5.17928271133031,32.873189697878374,0.03238424878485846,0.02321762817277173,0.014937793616769071,0.034697790540135276,0.03678237182722832,0.015062206383230942,1.12,1.12,1.12,1.12
3.309617239536158,5.180354566847408,32.87377091421641,0.03238408731998327,0.023219073571894455,0.01493779397960003,0.03469795200501047,0.0367809264281056,0.015062206020399982,1.12,1.12,1.12,1.12
3.3108645596637922,5.181426430071195,32.874350921265325,0.032383925780416045,0.023220519880001733,0.014937794342672978,0.03469811354457769,0.03677948011999832,0.015062205657327035,1.12,1.12,1.12,1.12
3.3121120985052026,5.182498300887309,32.8749297185534,0.032383764166094064,0.02322196709812399,0.01493779470598837,0.03469827515889967,0.03677803290187606,0.015062205294011644,1.12,1.12,1.12,1.12
3.3133598560241917,5.183570179181282,32.87550730560861,0.03238360247695432,0.023223415227284827,0.014937795069546594,0.034698436848039416,0.036776584772715226,0.015062204930453418,1.12,1.12,1.12,1.12
3.3146078321845103,5.1846420648385525,32.87608368195867,0.03238344071293403,0.0232248642685004,0.014937795433347945,0.034698598612059706,0.03677513573149965,0.015062204566652068,1.12,1.12,1.12,1.12
3.315856026949864,5.18571395774445,32.87665884713099,0.03238327887397002,0.023226314222781486,0.014937795797392905,0.034698760451023714,0.03677368577721857,0.015062204202607107,1.12,1.12,1.12,1.12
3.317104440283906,5.186785857784201,32.87723280065274,0.03238311695999918,0.023227765091132363,0.014937796161681755,0.034698922364994556,0.03677223490886769,0.015062203838318258,1.12,1.12,1.12,1.12
3.3183530721502468,5.187857764842935,32.87780554205079,0.03238295497095811,0.023229216874551595,0.01493779652621506,0.034699084354035625,0.03677078312544846,0.015062203473784952,1.12,1.12,1.12,1.12
3.319601922512442,5.188929678805671,32.87837707085173,0.0323827929067832,0.02323066957403186,0.014937796890993046,0.03469924641821054,0.036769330425968194,0.015062203109006966,1.12,1.12,1.12,1.12
3.320850991333999,5.190001599557333,32.878947386581885,0.0323826307674111,0.023232123190561282,0.014937797256016128,0.034699408557582634,0.03676787680943877,0.015062202743983885,1.12,1.12,1.12,1.12
3.3221002785783753,5.19107352698274,32.87951648876732,0.03238246855277821,0.023233577725122356,0.014937797621284651,0.03469957077221553,0.0367664222748777,0.015062202378715361,1.12,1.12,1.12,1.12
3.323349784208981,5.192145460966607,32.8800843769338,0.03238230626282107,0.023235033178692854,0.014937797986798937,0.034699733062172666,0.0367649668213072,0.015062202013201076,1.12,1.12,1.12,1.12
3.3245995081891766,5.193217401393548,32.88065105060685,0.032382143897475624,0.02323648955224561,0.014937798352559511,0.03469989542751811,0.036763510447754444,0.015062201647440501,1.12,1.12,1.12,1.12
3.325849450482268,5.194289348148069,32.881216509311685,0.03238198145667803,0.023237946846749596,0.014937798718566639,0.034700057868315703,0.03676205315325046,0.015062201281433374,1.12,1.12,1.12,1.12
3.3270996110515156,5.195361301114581,32.88178075257328,0.03238181894036474,0.023239405063169488,0.014937799084820763,0.034700220384629,0.036760594936830565,0.01506220091517925,1.12,1.12,1.12,1.12
3.3283499898601274,5.196433260177388,32.88234377991631,0.032381656348471566,0.023240864202465628,0.01493779945132212,0.03470038297652217,0.036759135797534426,0.015062200548677893,1.12,1.12,1.12,1.12
3.32960058687126,5.197505225220688,32.88290559086522,0.03238149368093485,0.023242324265595166,0.014937799818071168,0.03470054564405889,0.03675767573440489,0.015062200181928845,1.12,1.12,1.12,1.12
3.330851402048021,5.198577196128579,32.883466184944155,0.032381330937690356,0.023243785253510313,0.014937800185068212,0.03470070838730338,0.03675621474648974,0.015062199814931801,1.12,1.12,1.12,1.12
3.332102435353468,5.1996491727850565,32.88402556167701,0.03238116811867425,0.023245247167161476,0.014937800552313779,0.034700871206319484,0.03675475283283858,0.015062199447686234,1.12,1.12,1.12,1.12
3.3333536867506037,5.200721155074011,32.88458372058737,0.03238100522382237,0.023246710007494287,0.014937800919808078,0.03470103410117137,0.03675328999250577,0.015062199080191935,1.12,1.12,1.12,1.12
3.3346051562023833,5.20179314287923,32.885140661198605,0.032380842253070585,0.023248173775452324,0.014937801287551455,0.03470119707192315,0.03675182622454773,0.015062198712448557,1.12,1.12,1.12,1.12
3.3358568436717086,5.202865136084396,32.8856963830338,0.03238067920635507,0.02324963847197506,0.014937801655544355,0.03470136011863867,0.036750361528024994,0.015062198344455657,1.12,1.12,1.12,1.12
3.3371087491214304,5.203937134573091,32.88625088561575,0.032380516083611866,0.02325110409800038,0.01493780202378718,0.03470152324138187,0.03674889590199967,0.015062197976212832,1.12,1.12,1.12,1.12
3.3383608725143503,5.205009138228789,32.886804168467016,0.03238035288477642,0.023252570654462817,0.014937802392280208,0.034701686440217316,0.036747429345537236,0.015062197607719804,1.12,1.12,1.12,1.12
3.3396132138132124,5.206081146934864,32.88735623110985,0.03238018960978506,0.02325403814229407,0.014937802761023897,0.03470184971520868,0.03674596185770598,0.015062197238976116,1.12,1.12,1.12,1.12
3.3408657729807154,5.207153160574581,32.88790707306628,0.03238002625857328,0.02325550656242434,0.014937803130018454,0.034702013066420456,0.036744493437575715,0.015062196869981559,1.12,1.12,1.12,1.12
3.3421185499795016,5.208225179031107,32.88845669385806,0.0323798628310778,0.023256975915781603,0.014937803499264185,0.03470217649391594,0.03674302408421845,0.015062196500735828,1.12,1.12,1.12,1.12
3.3433715447721597,5.209297202187502,32.88900509300666,0.032379699327234224,0.023258446203290983,0.014937803868761534,0.03470233999775951,0.03674155379670907,0.015062196131238478,1.12,1.12,1.12,1.12
3.3446247573212307,5.2103692299267195,32.88955227003329,0.032379535746978605,0.023259917425875742,0.014937804238510738,0.03470250357801513,0.03674008257412431,0.015062195761489275,1.12,1.12,1.12,1.12
3.3458781875892023,5.211441262131613,32.890098224458896,0.03237937209024683,0.023261389584456865,0.014937804608512295,0.03470266723474691,0.03673861041554319,0.015062195391487718,1.12,1.12,1.12,1.12
3.3471318355385087,5.212513298684928,32.89064295580417,0.03237920835697489,0.023262862679954255,0.014937804978766483,0.03470283096801885,0.0367371373200458,0.01506219502123353,1.12,1.12,1.12,1.12
3.348385701131529,5.213585339469306,32.89118646358952,0.03237904454709856,0.023264336713286093,0.014937805349273553,0.03470299477789518,0.03673566328671396,0.01506219465072646,1.12,1.12,1.12,1.12
3.349639784330595,5.214657384367285,32.8917287473351,0.032378880660554,0.023265811685368537,0.014937805720033948,0.03470315866443974,0.036734188314631516,0.015062194279966065,1.12,1.12,1.12,1.12
3.3508940850979805,5.215729433261299,32.89226980656079,0.032378716697277043,0.023267287597116548,0.014937806091048084,0.03470332262771669,0.036732712402883505,0.015062193908951929,1.12,1.12,1.12,1.12
3.3521486033959103,5.216801486033675,32.89280964078622,0.032378552657203796,0.02326876444944337,0.01493780646231635,0.03470348666778994,0.036731235550556685,0.015062193537683663,1.12,1.12,1.12,1.12
3.3534033391865528,5.217873542566635,32.89334824953074,0.03237838854027042,0.023270242243261574,0.014937806833838899,0.03470365078472332,0.03672975775673848,0.015062193166161114,1.12,1.12,1.12,1.12
3.354658292431955,5.218945602742311,32.893885632313946,0.03237822434644916,0.023271720979519184,0.01493780720561455,0.03470381497854458,0.03672827902048087,0.015062192794385462,1.12,1.12,1.12,1.12
3.355913463092509,5.220017666442998,32.89442178866658,0.0323780600765447,0.02327320066000299,0.014937807577604045,0.034703979248449035,0.03672679933999706,0.015062192422395967,1.12,1.12,1.12,1.12
3.3571688511302265,5.2210897335506115,32.894956718107224,0.03237789573049532,0.023274681285623683,0.014937807949808202,0.034704143594498416,0.03672531871437637,0.015062192050191811,1.12,1.12,1.12,1.12
3.3584244565070627,5.22216180394696,32.89549042015424,0.032377731308239344,0.02327616285729109,0.014937808322227908,0.03470430801675439,0.036723837142708965,0.015062191677772105,1.12,1.12,1.12,1.12
3.3596802791849214,5.223233877513747,32.89602289432568,0.03237756680971482,0.023277645375913952,0.014937808694864038,0.03470447251527892,0.0367223546240861,0.015062191305135975,1.12,1.12,1.12,1.12
3.3609363191256514,5.224305954132566,32.89655414013938,0.032377402234860575,0.023279128842400465,0.014937809067717425,0.03470463709013316,0.03672087115759959,0.015062190932282588,1.12,1.12,1.12,1.12
3.362192576291048,5.22537803368491,32.89708415711288,0.032377237583614715,0.0232806132576579,0.01493780944078911,0.03470480174137902,0.03671938674234215,0.015062190559210903,1.12,1.12,1.12,1.12
3.3634490506428527,5.226450116052163,32.89761294476345,0.0323770728559159,0.023282098622593506,0.01493780981407987,0.034704966469077836,0.03671790137740655,0.015062190185920143,1.12,1.12,1.12,1.12
3.3647057421427493,5.227522201115607,32.89814050260814,0.03237690805170279,0.023283584938114055,0.014937810187590439,0.034705131273290946,0.036716415061886,0.015062189812409574,1.12,1.12,1.12,1.12
3.3659626507523708,5.228594288756414,32.89866683016369,0.032376743170914046,0.023285072205125268,0.014937810561321749,0.03470529615407969,0.036714927794874785,0.015062189438678264,1.12,1.12,1.12,1.12
3.367219776433297,5.229666378855647,32.89919192694659,0.03237657821348855,0.023286560424532976,0.014937810935274645,0.03470546111150519,0.03671343957546708,0.015062189064725368,1.12,1.12,1.12,1.12
3.368477119147048,5.230738471294271,32.899715792473074,0.03237641317936496,0.023288049597242677,0.014937811309449767,0.034705626145628776,0.036711950402757376,0.015062188690550246,1.12,1.12,1.12,1.12
3.3697346788550933,5.231810565953141,32.90023842625911,0.03237624806848266,0.02328953972415948,0.014937811683848029,0.034705791256511076,0.03671046027584057,0.015062188316151984,1.12,1.12,1.12,1.12
3.370992455518848,5.232882662713,32.9007598278204,0.0323760828807802,0.02329103080618855,0.014937812058470362,0.03470595644421354,0.0367089691938115,0.01506218794152965,1.12,1.12,1.12,1.12
3.372250449099668,5.233954761454493,32.90127999667237,0.03237591761619718,0.02329252284423458,0.014937812433317293,0.034706121708796556,0.03670747715576547,0.01506218756668272,1.12,1.12,1.12,1.12
3.373508659558858,5.235026862058151,32.901798932330216,0.03237575227467249,0.023294015839202736,0.01493781280838967,0.03470628705032125,0.03670598416079732,0.015062187191610343,1.12,1.12,1.12,1.12
3.374767086857666,5.236098964404402,32.90231663430884,0.03237558685614539,0.02329550979199782,0.014937813183688253,0.03470645246884835,0.03670449020800223,0.01506218681631176,1.12,1.12,1.12,1.12
3.3760257309572865,5.237171068373569,32.90283310212288,0.032375421360555545,0.02329700470352447,0.01493781355921378,0.03470661796443819,0.03670299529647558,0.015062186440786232,1.12,1.12,1.12,1.12
3.3772845918188565,5.238243173845859,32.903348335286715,0.03237525578784212,0.023298500574688047,0.014937813934967056,0.03470678353715162,0.036701499425312006,0.015062186065032956,1.12,1.12,1.12,1.12
3.3785436694034616,5.239315280701383,32.903862333314486,0.03237509013794476,0.023299997406393214,0.014937814310948747,0.034706949187048974,0.03670000259360684,0.015062185689051266,1.12,1.12,1.12,1.12
3.3798029636721254,5.240387388820139,32.90437509572001,0.032374924410803085,0.023301495199545358,0.0149378146871596,0.03470711491419065,0.036698504800454695,0.015062185312840412,1.12,1.12,1.12,1.12
3.3810624745858213,5.241459498082014,32.904886622016924,0.0323747586063568,0.023302993955050255,0.014937815063600299,0.034707280718636935,0.0366970060449498,0.015062184936399714,1.12,1.12,1.12,1.12
3.3823222021054655,5.242531608366794,32.90539691171851,0.03237459272454568,0.02330449367381382,0.014937815440271437,0.034707446600448055,0.036695506326186234,0.015062184559728575,1.12,1.12,1.12,1.12
3.3835821461919178,5.243603719554153,32.90590596433785,0.032374426765309605,0.023305994356742105,0.014937815817173766,0.03470761255968413,0.03669400564325795,0.015062184182826246,1.12,1.12,1.12,1.12
3.3848423068059823,5.244675831523661,32.906413779387734,0.03237426072858868,0.02330749600474169,0.014937816194308007,0.03470777859640506,0.03669250399525836,0.015062183805692006,1.12,1.12,1.12,1.12
3.386102683908409,5.245747944154776,32.90692035638068,0.03237409461432278,0.023308998618719184,0.01493781657167495,0.03470794471067096,0.03669100138128087,0.015062183428325063,1.12,1.12,1.12,1.12
3.3873632774598903,5.24682005732685,32.90742569482897,0.03237392842245196,0.02331050219958203,0.014937816949275151,0.03470811090254178,0.036689497800418025,0.015062183050724862,1.12,1.12,1.12,1.12
3.3886240874210616,5.247892170919126,32.9079297942446,0.03237376215291676,0.023312006748238023,0.014937817327109179,0.03470827717207697,0.03668799325176203,0.015062182672890834,1.12,1.12,1.12,1.12
3.389885113752502,5.248964284810741,32.9084326541393,0.03237359580565702,0.02331351226559536,0.014937817705177783,0.03470844351933672,0.036686487734404694,0.01506218229482223,1.12,1.12,1.12,1.12
3.3911463564147386,5.25003639888072,32.90893427402453,0.032373429380613494,0.023315018752562977,0.014937818083481588,0.03470860994438024,0.036684981247437076,0.015062181916518425,1.12,1.12,1.12,1.12
3.3924078153682373,5.25110851300798,32.909434653411516,0.03237326287772657,0.023316526210050148,0.014937818462021232,0.034708776447267164,0.036683473789949905,0.01506218153797878,1.12,1.12,1.12,1.12
3.3936694905734086,5.252180627071334,32.909933791811184,0.03237309629693658,0.02331803463896684,0.014937818840797312,0.03470894302805716,0.036681965361033214,0.0150621811592027,1.12,1.12,1.12,1.12
3.394931381990609,5.253252740949477,32.91043168873419,0.03237292963818417,0.023319544040223544,0.014937819219810453,0.03470910968680957,0.03668045595977651,0.01506218078018956,1.12,1.12,1.12,1.12
3.3961934895801345,5.2543248545210055,32.91092834369096,0.03237276290141011,0.023321054414731673,0.014937819599061292,0.034709276423583624,0.03667894558526838,0.015062180400938721,1.12,1.12,1.12,1.12
3.397455813302226,5.255396967664402,32.911423756191624,0.032372596086555405,0.023322565763403247,0.01493781997855037,0.03470944323843833,0.036677434236596806,0.015062180021449642,1.12,1.12,1.12,1.12
3.3987183531170695,5.2564690802580385,32.91191792574605,0.03237242919356065,0.02332407808715084,0.014937820358278439,0.03470961013143309,0.03667592191284921,0.015062179641721574,1.12,1.12,1.12,1.12
3.3999811089847918,5.257541192180178,32.912410851863854,0.03237226222236672,0.023325591386887556,0.014937820738245955,0.034709777102627015,0.0366744086131125,0.015062179261754058,1.12,1.12,1.12,1.12
3.4012440808654625,5.258613303308977,32.91290253405437,0.032372095172914894,0.023327105663527997,0.014937821118453473,0.03470994415207884,0.036672894336472056,0.01506217888154654,1.12,1.12,1.12,1.12
3.402507268719096,5.2596854135224795,32.91339297182665,0.03237192804514594,0.023328620917986986,0.014937821498901716,0.0347101112798478,0.03667137908201307,0.015062178501098297,1.12,1.12,1.12,1.12
3.403770672505647,5.260757522698622,32.91388216468954,0.032371760839001396,0.023330137151180014,0.014937821879591084,0.03471027848599234,0.03666986284882004,0.015062178120408928,1.12,1.12,1.12,1.12
3.4050342921850163,5.26182963071523,32.91437011215153,0.03237159355442226,0.02333165436402368,0.014937822260522288,0.034710445770571474,0.036668345635976374,0.015062177739477725,1.12,1.12,1.12,1.12
3.4062981277170445,5.262901737450018,32.914856813720924,0.03237142619134997,0.023333172557435777,0.014937822641695853,0.034710613133643764,0.036666827442564276,0.01506217735830416,1.12,1.12,1.12,1.12
3.4075621790615154,5.263973842780593,32.9153422689057,0.03237125874972574,0.023334691732334156,0.014937823023112279,0.034710780575268,0.0366653082676659,0.015062176976887734,1.12,1.12,1.12,1.12
3.4088264461781557,5.265045946584451,32.915826477213585,0.03237109122949117,0.023336211889638303,0.014937823404772094,0.03471094809550257,0.03666378811036175,0.015062176595227919,1.12,1.12,1.12,1.12
3.4100909290266337,5.266118048738976,32.91630943815207,0.0323709236305878,0.023337733030268426,0.014937823786675963,0.034711115694405936,0.03666226696973163,0.01506217621332405,1.12,1.12,1.12,1.12
3.411355627566563,5.2671901491214435,32.916791151228324,0.0323707559529573,0.02333925515514526,0.014937824168824332,0.03471128337203644,0.03666074484485479,0.015062175831175681,1.12,1.12,1.12,1.12
3.4126205417574953,5.268262247609016,32.91727161594929,0.03237058819654132,0.023340778265190876,0.014937824551217713,0.03471145112845242,0.03665922173480918,0.0150621754487823,1.12,1.12,1.12,1.12
3.413885671558927,5.26933434407875,32.91775083182162,0.03237042036128135,0.023342302361328504,0.014937824933856633,0.03471161896371239,0.03665769763867155,0.01506217506614338,1.12,1.12,1.12,1.12
3.415151016930295,5.270406438407586,32.9182287983517,0.032370252447119774,0.02334382744448188,0.014937825316741662,0.03471178687787396,0.036656172555518174,0.01506217468325835,1.12,1.12,1.12,1.12
3.4164165778309794,5.271478530472358,32.918705515045644,0.03237008445399797,0.02334535351557593,0.014937825699873342,0.034711954870995765,0.036654646484424125,0.015062174300126671,1.12,1.12,1.12,1.12
3.4176823542203034,5.272550620149783,32.91918098140932,0.03236991638185832,0.023346880575536716,0.014937826083252087,0.034712122943135415,0.03665311942446334,0.015062173916747926,1.12,1.12,1.12,1.12
3.418948346057526,5.273622707316476,32.919655196948284,0.03236974823064248,0.023348408625291195,0.01493782646687844,0.034712291094351255,0.03665159137470886,0.015062173533121573,1.12,1.12,1.12,1.12
3.4202145533018573,5.27469479184893,32.920128161167845,0.032369580000293,0.023349937665767567,0.014937826850752983,0.03471245932470074,0.036650062334232486,0.01506217314924703,1.12,1.12,1.12,1.12
3.4214809759124423,5.2757668736235335,32.92059987357305,0.03236941169075158,0.023351467697895034,0.014937827234876161,0.034712627634242155,0.03664853230210502,0.015062172765123852,1.12,1.12,1.12,1.12
3.4227476138483683,5.276838952516563,32.92107033366867,0.03236924330196084,0.023352998722603435,0.014937827619248473,0.0347127960230329,0.03664700127739662,0.01506217238075154,1.12,1.12,1.12,1.12
3.4240144670686647,5.277911028404181,32.92153954095919,0.03236907483386281,0.02335453074082436,0.014937828003870307,0.034712964491130927,0.036645469259175695,0.015062171996129706,1.12,1.12,1.12,1.12
3.425281535532304,5.2789831011624395,32.92200749494884,0.032368906286400045,0.023356063753490502,0.014937828388742233,0.03471313303859369,0.03664393624650955,0.01506217161125778,1.12,1.12,1.12,1.12
3.426548819198198,5.280055170667279,32.922474195141575,0.03236873765951492,0.02335759776153476,0.014937828773864695,0.03471330166547881,0.036642402238465294,0.015062171226135318,1.12,1.12,1.12,1.12
3.427816318025201,5.281127236794525,32.92293964104107,0.03236856895314982,0.023359132765892215,0.014937829159238261,0.03471347037184391,0.03664086723410784,0.015062170840761752,1.12,1.12,1.12,1.12
3.4290840319721085,5.282199299419894,32.923403832150754,0.03236840016724746,0.023360668767498677,0.014937829544863265,0.03471363915774628,0.036639331232501376,0.015062170455136747,1.12,1.12,1.12,1.12
3.4303519609976534,5.283271358418988,32.92386676797373,0.03236823130175048,0.023362205767290617,0.014937829930740235,0.03471380802324325,0.036637794232709436,0.015062170069259778,1.12,1.12,1.12,1.12
3.4316201050605146,5.2843434136673,32.924328448012886,0.032368062356601335,0.023363743766206896,0.014937830316869613,0.0347139769683924,0.03663625623379316,0.0150621696831304,1.12,1.12,1.12,1.12
3.4328884641193103,5.285415465040206,32.924788871770815,0.032367893331743114,0.02336528276518615,0.01493783070325197,0.03471414599325062,0.0366347172348139,0.015062169296748043,1.12,1.12,1.12,1.12
3.4341570381325965,5.286487512412972,32.92524803874982,0.032367724227118255,0.023366822765168993,0.014937831089887582,0.03471431509787548,0.03663317723483106,0.01506216891011243,1.12,1.12,1.12,1.12
3.435425827058876,5.287559555660748,32.92570594845197,0.03236755504266969,0.02336836376709739,0.014937831476777047,0.03471448428232404,0.036631636232902665,0.015062168523222966,1.12,1.12,1.12,1.12
3.4366948308565846,5.288631594658577,32.92616260037901,0.03236738577834064,0.023369905771913974,0.01493783186392067,0.034714653546653096,0.03663009422808608,0.015062168136079343,1.12,1.12,1.12,1.12
3.4379640494841057,5.28970362928138,32.926617994032455,0.0323672164340737,0.023371448780562992,0.014937832251318922,0.03471482289092004,0.03662855121943706,0.01506216774868109,1.12,1.12,1.12,1.12
3.4392334828997577,5.290775659403976,32.92707212891354,0.03236704700981213,0.02337299279398944,0.014937832638972387,0.0347149923151816,0.036627007206010614,0.015062167361027626,1.12,1.12,1.12,1.12
3.4405031310618037,5.291847684901058,32.92752500452319,0.032366877505498826,0.023374537813139945,0.014937833026881286,0.03471516181949491,0.03662546218686011,0.015062166973118726,1.12,1.12,1.12,1.12
3.4417729939284443,5.2929197056472175,32.92797662036209,0.0323667079210771,0.023376083838962475,0.014937833415046231,0.03471533140391664,0.03662391616103758,0.015062166584953782,1.12,1.12,1.12,1.12
3.443043071457821,5.293991721516922,32.928426975930634,0.032366538256489996,0.023377630872405852,0.01493783380346754,0.03471550106850374,0.0366223691275942,0.015062166196532473,1.12,1.12,1.12,1.12
3.444313363608015,5.295063732384534,32.92887607072896,0.03236636851168079,0.02337917891442054,0.014937834192145796,0.03471567081331295,0.036620821085579514,0.015062165807854216,1.12,1.12,1.12,1.12
3.4455838703370496,5.296135738124293,32.92932390425692,0.032366198686592795,0.023380727965958026,0.014937834581081152,0.03471584063840094,0.03661927203404203,0.01506216541891886,1.12,1.12,1.12,1.12
3.4468545916028854,5.297207738610334,32.929770476014056,0.03236602878116929,0.02338227802797105,0.014937834970274233,0.03471601054382445,0.036617721972029005,0.01506216502972578,1.12,1.12,1.12,1.12
3.448125527363424,5.2982797337166705,32.9302157854997,0.03236585879535392,0.023383829101413817,0.014937835359725427,0.03471618052963982,0.03661617089858624,0.015062164640274586,1.12,1.12,1.12,1.12
3.4493966775765075,5.299351723317205,32.93065983221286,0.03236568872908985,0.02338538118724154,0.014937835749435108,0.03471635059590389,0.036614618812758515,0.015062164250564905,1.12,1.12,1.12,1.12
3.4506680421999167,5.3004237072857245,32.931102615652286,0.03236551858232062,0.023386934286410754,0.014937836139403846,0.03471652074267312,0.0366130657135893,0.015062163860596167,1.12,1.12,1.12,1.12
3.4519396211913715,5.301495685495901,32.93154413531644,0.03236534835498972,0.02338848839987978,0.014937836529631751,0.034716690970004016,0.03661151160012027,0.015062163470368262,1.12,1.12,1.12,1.12
3.4532114145085337,5.302567657821292,32.93198439070351,0.032365178047040755,0.023390043528607657,0.014937836920119477,0.03471686127795298,0.036609956471392396,0.015062163079880536,1.12,1.12,1.12,1.12
3.454483422109002,5.303639624135343,32.932423381311416,0.03236500765841743,0.023391599673554808,0.014937837310867341,0.0347170316665763,0.036608400326445245,0.015062162689132672,1.12,1.12,1.12,1.12
3.455755643950317,5.304711584311379,32.93286110663779,0.032364837189063356,0.02339315683568355,0.014937837701875692,0.03471720213593038,0.036606843164316505,0.01506216229812432,1.12,1.12,1.12,1.12
3.4570280799899553,5.305783538222613,32.93329756617998,0.03236466663892218,0.02339471501595672,0.014937838093144973,0.03471737268607156,0.036605284984043335,0.01506216190685504,1.12,1.12,1.12,1.12
3.4583007301853317,5.306855485742144,32.93373275943509,0.03236449600793784,0.02339627421533888,0.014937838484675545,0.0347175433170559,0.03660372578466117,0.015062161515324468,1.12,1.12,1.12,1.12
3.4595735944938077,5.307927426742953,32.934166685899896,0.032364325296053986,0.0233978344347959,0.014937838876467865,0.03471771402893975,0.03660216556520415,0.015062161123532147,1.12,1.12,1.12,1.12
3.4608466728726786,5.308999361097905,32.93459934507093,0.03236415450321445,0.023399395675295087,0.014937839268522254,0.03471788482177929,0.036600604324704966,0.015062160731477758,1.12,1.12,1.12,1.12
3.4621199652791748,5.3100712886797545,32.93503073644443,0.0323639836293631,0.02340095793780478,0.014937839660839142,0.034718055695630634,0.036599042062195275,0.015062160339160871,1.12,1.12,1.12,1.12
3.4633934716704737,5.311143209361132,32.93546085951637,0.03236381267444388,0.02340252122329517,0.014937840053418874,0.034718226650549855,0.036597478776704884,0.015062159946581138,1.12,1.12,1.12,1.12
3.4646671920036853,5.31221512301456,32.935889713782416,0.03236364163840083,0.023404085532737068,0.014937840446261882,0.034718397686592906,0.036595914467262985,0.01506215955373813,1.12,1.12,1.12,1.12
3.4659411262358613,5.313287029512438,32.93631729873799,0.032363470521177995,0.023405650867103278,0.0149378408393685,0.03471856880381574,0.036594349132896775,0.015062159160631514,1.12,1.12,1.12,1.12
3.4672152743239923,5.314358928727053,32.93674361387819,0.03236329932271903,0.023407217227367688,0.0149378412327391,0.034718740002274706,0.036592782772632365,0.015062158767260914,1.12,1.12,1.12,1.12
3.4684896362250033,5.315430820530577,32.937168658697885,0.03236312804296848,0.0234087846145056,0.014937841626374085,0.034718911282025255,0.03659121538549445,0.015062158373625928,1.12,1.12,1.12,1.12
3.469764211895764,5.316502704795062,32.93759243269162,0.03236295668187017,0.023410353029493652,0.014937842020273831,0.03471908264312357,0.0365896469705064,0.015062157979726182,1.12,1.12,1.12,1.12
3.471039001293075,5.317574581392445,32.938014935353685,0.03236278523936825,0.023411922473310004,0.014937842414438629,0.034719254085625484,0.03658807752669005,0.015062157585561384,1.12,1.12,1.12,1.12
3.4723140043736844,5.318646450194545,32.93843616617806,0.032362613715406996,0.023413492946934206,0.014937842808868937,0.03471942560958674,0.03658650705306585,0.015062157191131076,1.12,1.12,1.12,1.12
3.4735892210942696,5.319718311073068,32.93885612465848,0.03236244210993072,0.02341506445134678,0.014937843203565157,0.034719597215063014,0.036584935548653275,0.015062156796434856,1.12,1.12,1.12,1.12
3.474864651411451,5.320790163899595,32.939274810288374,0.03236227042288342,0.023416636987529937,0.014937843598527512,0.034719768902110315,0.036583363012470116,0.015062156401472501,1.12,1.12,1.12,1.12
3.476140295281786,5.3218620085456,32.93969222256089,0.03236209865420947,0.023418210556467367,0.0149378439937565,0.034719940670784266,0.036581789443532686,0.015062156006243513,1.12,1.12,1.12,1.12
3.4774161526617706,5.322933844882428,32.9401083609689,0.03236192680385319,0.02341978515914389,0.014937844389252483,0.034720112521140545,0.03658021484085616,0.01506215561074753,1.12,1.12,1.12,1.12
3.478692223507837,5.32400567278132,32.940523225004995,0.03236175487175885,0.023421360796545942,0.014937844785015766,0.034720284453234884,0.03657863920345411,0.015062155214984246,1.12,1.12,1.12,1.12
3.479968507776354,5.325077492113388,32.94093681416146,0.032361582857870996,0.02342293746966123,0.014937845181046586,0.03472045646712274,0.03657706253033882,0.015062154818953427,1.12,1.12,1.12,1.12
3.4812450054236304,5.32614930274963,32.94134912793034,0.03236141076213378,0.023424515179478883,0.014937845577345482,0.034720628562859956,0.03657548482052117,0.01506215442265453,1.12,1.12,1.12,1.12
3.4825217164059143,5.327221104560927,32.94176016580336,0.03236123858449175,0.023426093926989633,0.014937845973912733,0.03472080074050199,0.03657390607301042,0.01506215402608728,1.12,1.12,1.12,1.12
3.483798640679387,5.3282928974180415,32.942169927271955,0.0323610663248895,0.023427673713185132,0.014937846370748659,0.03472097300010424,0.03657232628681492,0.015062153629251354,1.12,1.12,1.12,1.12
3.4850757782001693,5.329364681191617,32.94257841182731,0.0323608939832713,0.023429254539059086,0.014937846767853702,0.03472114534172244,0.03657074546094097,0.01506215323214631,1.12,1.12,1.12,1.12
3.486353128924322,5.330436455752179,32.9429856189603,0.03236072155958164,0.02343083640560606,0.014937847165228127,0.034721317765412096,0.036569163594393994,0.015062152834771886,1.12,1.12,1.12,1.12
3.487630692807839,5.331508220970135,32.94339154816153,0.03236054905376523,0.023432419313822256,0.014937847562872225,0.034721490271228506,0.0365675806861778,0.015062152437127788,1.12,1.12,1.12,1.12
3.4889084698066486,5.332579976715774,32.94379619892129,0.032360376465766394,0.02343400326470549,0.014937847960786468,0.03472166285922734,0.036565996735294565,0.015062152039213544,1.12,1.12,1.12,1.12
3.490186459876626,5.333651722859265,32.94419957072962,0.03236020379553001,0.023435588259254597,0.014937848358971245,0.03472183552946373,0.036564411740745456,0.015062151641028768,1.12,1.12,1.12,1.12
3.4914646629735735,5.334723459270659,32.944601663076256,0.03236003104300056,0.023437174298470115,0.014937848757426764,0.03472200828199318,0.03656282570152994,0.015062151242573249,1.12,1.12,1.12,1.12
3.492743079053237,5.3357951858198875,32.94500247545066,0.03235985820812254,0.02343876138335374,0.014937849156153427,0.0347221811168712,0.03656123861664631,0.015062150843846586,1.12,1.12,1.12,1.12
3.494021708071295,5.336866902376764,32.94540200734198,0.03235968529084077,0.02344034951490903,0.014937849555151483,0.03472235403415297,0.03655965048509102,0.01506215044484853,1.12,1.12,1.12,1.12
3.4953005499833645,5.337938608810978,32.9458002582391,0.03235951229109979,0.023441938694140435,0.01493784995442135,0.034722527033893946,0.03655806130585962,0.015062150045578662,1.12,1.12,1.12,1.12
3.4965796047449995,5.339010304992108,32.94619722763064,0.03235933920884437,0.023443528922054396,0.01493785035396343,0.03472270011614936,0.03655647107794566,0.015062149646036582,1.12,1.12,1.12,1.12
3.4978588723116872,5.340081990789604,32.946592915004864,0.032359166044019394,0.023445120199658637,0.014937850753777862,0.03472287328097434,0.03655487980034142,0.01506214924622215,1.12,1.12,1.12,1.12
3.499138352638856,5.3411536660728025,32.946987319849804,0.03235899279656923,0.02344671252796185,0.0149378511538652,0.034723046528424506,0.036553287472038204,0.015062148846134812,1.12,1.12,1.12,1.12
3.5004180456818674,5.342225330710917,32.947380441653195,0.03235881946643876,0.023448305907974837,0.014937851554225584,0.03472321985855498,0.036551694092025216,0.015062148445774429,1.12,1.12,1.12,1.12
3.5016979513960202,5.343296984573041,32.94777227990245,0.03235864605357297,0.023449900340709345,0.014937851954859416,0.034723393271420766,0.03655009965929071,0.015062148045140597,1.12,1.12,1.12,1.12
3.502978069736552,5.34436862752815,32.948162834084755,0.03235847255791657,0.023451495827178842,0.01493785235576714,0.03472356676707716,0.03654850417282121,0.015062147644232873,1.12,1.12,1.12,1.12
3.5042584006586304,5.345440259445094,32.94855210368695,0.032358298979414224,0.023453092368398265,0.014937852756948991,0.03472374034557951,0.03654690763160179,0.015062147243051022,1.12,1.12,1.12,1.12
3.5055389441173617,5.34651188019261,32.94894008819561,0.032358125318010855,0.02345468996538355,0.014937853158411465,0.03472391400698288,0.0365453100346165,0.015062146841588547,1.12,1.12,1.12,1.12
3.5068197000677905,5.347583489639306,32.949326787097014,0.032357951573651345,0.023456288619152832,0.01493785356016121,0.03472408775134239,0.03654371138084722,0.015062146439838803,1.12,1.12,1.12,1.12
3.5081006684648948,5.348655087653675,32.949712199877155,0.03235777774628068,0.02345788833072532,0.01493785396219835,0.034724261578713056,0.036542111669274735,0.015062146037801663,1.12,1.12,1.12,1.12
3.5093818492635855,5.349726674104087,32.95009632602172,0.03235760383584346,0.023459489101121972,0.014937854364522801,0.034724435489150274,0.03654051089887808,0.015062145635477212,1.12,1.12,1.12,1.12
3.510663242418714,5.350798248858788,32.950479165016134,0.03235742984228446,0.02346109093136442,0.014937854767134884,0.03472460948270928,0.03653890906863563,0.015062145232865129,1.12,1.12,1.12,1.12
3.511944847885065,5.351869811785906,32.9508607163455,0.03235725576554854,0.023462693822476732,0.014937855170034695,0.034724783559445194,0.03653730617752332,0.015062144829965318,1.12,1.12,1.12,1.12
3.513226665617357,5.352941362753446,32.95124097949464,0.03235708160558087,0.02346429777548381,0.0149378555732224,0.03472495771941286,0.03653570222451624,0.015062144426777613,1.12,1.12,1.12,1.12
3.514508695570247,5.354012901629295,32.9516199539481,0.032356907362326104,0.02346590279141242,0.014937855976698097,0.03472513196266763,0.036534097208587635,0.015062144023301915,1.12,1.12,1.12,1.12
3.515790937698325,5.355084428281212,32.95199763919011,0.03235673303572911,0.023467508871290454,0.014937856380461842,0.034725306289264624,0.0365324911287096,0.01506214361953817,1.12,1.12,1.12,1.12
3.517073391956116,5.35615594257684,32.952374034704626,0.03235655862573489,0.023469116016147346,0.014937856784513884,0.03472548069925885,0.03653088398385271,0.015062143215486129,1.12,1.12,1.12,1.12
3.5183560584952156,5.357227444506428,32.95274913972514,0.03235638409891167,0.02347072417686702,0.014937857208063135,0.034725655226082064,0.036529275823133034,0.015062142791936878,1.12,1.12,1.12,1.12
3.5196389370714716,5.358298933813584,32.95312295398572,0.03235620948876572,0.023472333404949974,0.014937857631595927,0.03472582983622802,0.03652766659505008,0.015062142368404086,1.12,1.12,1.12,1.12
3.5209220276392417,5.359370410365613,32.95349547696947,0.032356034795240796,0.023473943701425137,0.014937858055118755,0.03472600452975294,0.036526056298574916,0.015062141944881258,1.12,1.12,1.12,1.12
3.5222053301528167,5.360441874029691,32.953866708159225,0.03235586001828061,0.023475555067323572,0.01493785847863785,0.03472617930671312,0.03652444493267648,0.015062141521362163,1.12,1.12,1.12,1.12
3.5234888445664225,5.361513324672877,32.95423664703751,0.03235568515782883,0.023477167503677204,0.014937858902159415,0.03472635416716491,0.03652283249632285,0.015062141097840598,1.12,1.12,1.12,1.12
3.5247725708342226,5.362584762162101,32.95460529308655,0.03235551021382921,0.023478781011519845,0.014937859325689515,0.03472652911116453,0.03652121898848021,0.015062140674310498,1.12,1.12,1.12,1.12
3.526056508910308,5.3636561863641745,32.9549726457883,0.032355335186225354,0.023480395591887304,0.014937859749234117,0.03472670413876838,0.03651960440811275,0.015062140250765896,1.12,1.12,1.12,1.12
3.5273406587487077,5.364727597145784,32.95533870462439,0.0323551600749612,0.023482011245816475,0.01493786017279912,0.03472687925003254,0.03651798875418358,0.015062139827200893,1.12,1.12,1.12,1.12
3.5286250203033855,5.365798994373493,32.955703469076155,0.03235498487998023,0.023483627974345833,0.014937860596390184,0.034727054445013505,0.03651637202565422,0.015062139403609828,1.12,1.12,1.12,1.12
3.5299095935282376,5.366870377913736,32.95606693862467,0.03235480960122655,0.023485245778515407,0.014937861020012974,0.03472722972376718,0.03651475422148465,0.015062138979987039,1.12,1.12,1.12,1.12
3.5311943783770916,5.367941747632831,32.95642911275067,0.03235463423864371,0.02348686465936739,0.014937861443672956,0.03472740508635003,0.03651313534063266,0.015062138556327057,1.12,1.12,1.12,1.12
3.5324793748037133,5.369013103396971,32.95678999093461,0.03235445879217552,0.02348848461794495,0.014937861867375613,0.034727580532818214,0.036511515382055104,0.0150621381326244,1.12,1.12,1.12,1.12
3.5337645827618,5.370084445072218,32.95714957265664,0.032354283261765815,0.02349010565529297,0.014937862291126189,0.03472775606322792,0.03650989434470708,0.015062137708873824,1.12,1.12,1.12,1.12
3.5350500022049802,5.371155772524517,32.957507857396635,0.032354107647358354,0.02349172777245792,0.014937862714930028,0.03472793167763538,0.03650827222754213,0.015062137285069985,1.12,1.12,1.12,1.12
3.536335633086821,5.372227085619684,32.95786484463416,0.03235393194889674,0.02349335097048788,0.014937863138792126,0.034728107376096995,0.03650664902951217,0.015062136861207887,1.12,1.12,1.12,1.12
3.5376214753608184,5.373298384223412,32.958220533848454,0.03235375616632491,0.023494975250432454,0.014937863562717549,0.03472828315866883,0.0365050247495676,0.015062136437282464,1.12,1.12,1.12,1.12
3.5389075289804013,5.374369668201272,32.958574924518494,0.03235358029958679,0.02349660061334269,0.01493786398671118,0.034728459025406944,0.036503399386657365,0.015062136013288832,1.12,1.12,1.12,1.12
3.540193793898937,5.3754409374187055,32.95892801612294,0.032353404348626214,0.023498227060271576,0.014937864410777976,0.03472863497636752,0.03650177293972848,0.015062135589222037,1.12,1.12,1.12,1.12
3.541480270069721,5.376512191741032,32.95927980814016,0.03235322831338683,0.023499854592273578,0.014937864834922598,0.03472881101160691,0.036500145407726475,0.015062135165077414,1.12,1.12,1.12,1.12
3.5427669574459824,5.3775834310334405,32.95963030004822,0.032353052193812404,0.023501483210404295,0.014937865259149696,0.03472898713118133,0.03649851678959576,0.015062134740850316,1.12,1.12,1.12,1.12
3.544053855980884,5.378654655161005,32.95997949132489,0.03235287598984676,0.023503112915721158,0.014937865683463974,0.03472916333514697,0.036496887084278895,0.015062134316536038,1.12,1.12,1.12,1.12
3.5453409656275228,5.379725863988663,32.96032738144763,0.03235269970143395,0.023504743709283377,0.01493786610786979,0.034729339623559785,0.03649525629071668,0.015062133892130222,1.12,1.12,1.12,1.12
3.546628286338926,5.380797057381233,32.96067396989361,0.032352523328517624,0.02350637559215163,0.014937866532371585,0.03472951599647611,0.036493624407848424,0.015062133467628427,1.12,1.12,1.12,1.12
3.5479158180680543,5.381868235203406,32.961019256139686,0.03235234687104177,0.023508008565388067,0.014937866956973564,0.034729692453951966,0.03649199143461199,0.015062133043026449,1.12,1.12,1.12,1.12
3.5492035607678023,5.382939397319745,32.96136323966242,0.03235217032894988,0.023509642630056227,0.014937867381680153,0.034729868996043856,0.03649035736994383,0.01506213261831986,1.12,1.12,1.12,1.12
3.5504915143909943,5.384010543594691,32.96170591993808,0.032351993702186055,0.023511277787221285,0.014937867806495433,0.03473004562280768,0.03648872221277877,0.01506213219350458,1.12,1.12,1.12,1.12
3.5517796788903895,5.385081673892556,32.96204729644262,0.03235181699069417,0.023512914037950416,0.014937868231423401,0.034730222334299565,0.03648708596204964,0.015062131768576612,1.12,1.12,1.12,1.12
3.553068054218677,5.386152788077527,32.962387368651704,0.03235164019441783,0.023514551383311794,0.014937868656468262,0.034730399130575906,0.03648544861668826,0.015062131343531751,1.12,1.12,1.12,1.12
3.554356640328482,5.387223886013661,32.96272613604067,0.03235146331330113,0.023516189824375533,0.014937869081633914,0.034730576011692604,0.03648381017562452,0.015062130918366098,1.12,1.12,1.12,1.12
3.5556454371723585,5.388294967564893,32.963063598084595,0.03235128634728779,0.02351782936221322,0.014937869506924079,0.03473075297770595,0.03648217063778683,0.015062130493075934,1.12,1.12,1.12,1.12
3.556934444702791,5.3893660325950306,32.963399754258205,0.032351109296321734,0.023519469997897863,0.014937869932342696,0.034730930028672,0.03648053000210219,0.015062130067657317,1.12,1.12,1.12,1.12
3.558223662872201,5.39043708096775,32.96373460403595,0.03235093216034668,0.02352111173250418,0.01493787035789347,0.03473110716464706,0.036478888267495874,0.015062129642106542,1.12,1.12,1.12,1.12
3.5595130916329376,5.391508112546603,32.96406814689198,0.03235075493930656,0.023522754567108478,0.01493787078357997,0.03473128438568718,0.036477245432891575,0.015062129216420042,1.12,1.12,1.12,1.12
3.5608027309372816,5.392579127195019,32.96440038230012,0.03235057763314525,0.023524398502788285,0.014937871209405859,0.034731461691848486,0.03647560149721177,0.015062128790594154,1.12,1.12,1.12,1.12
3.562092580737451,5.393650124776291,32.964731309733914,0.032350400241806354,0.023526043540623154,0.014937871635374633,0.03473163908318738,0.0364739564593769,0.01506212836462538,1.12,1.12,1.12,1.12
3.5633826409855858,5.394721105153592,32.96506092866659,0.03235022276523397,0.023527689681693914,0.01493787206148986,0.034731816559759765,0.03647231031830614,0.015062127938510153,1.12,1.12,1.12,1.12
3.5646729116337674,5.395792068189961,32.96538923857106,0.03235004520337187,0.023529336927083144,0.014937872487754841,0.03473199412162187,0.03647066307291691,0.015062127512245171,1.12,1.12,1.12,1.12
3.565963392634,5.396863013748316,32.965716238919946,0.032349867556163814,0.02353098527787484,0.014937872914172937,0.03473217176882992,0.036469014722125215,0.015062127085827076,1.12,1.12,1.12,1.12
3.5672540839382267,5.397933941691439,32.96604192918557,0.032349689823553684,0.023532634735154545,0.014937873340747393,0.03473234950144005,0.03646736526484551,0.01506212665925262,1.12,1.12,1.12,1.12
3.568544985498315,5.399004851881991,32.96636630883993,0.03234951200548514,0.02353428530000956,0.014937873767481555,0.0347325273195086,0.03646571469999049,0.015062126232518458,1.12,1.12,1.12,1.12
3.569836097266068,5.400075744182502,32.966689377354726,0.032349334101902494,0.02353593697352868,0.014937874194378531,0.03473270522309124,0.03646406302647137,0.015062125805621482,1.12,1.12,1.12,1.12
3.5711274191932185,5.401146618455371,32.96701113420136,0.03234915611274891,0.023537589756801897,0.014937874621441291,0.034732883212244825,0.03646241024319816,0.015062125378558722,1.12,1.12,1.12,1.12
3.5724189512314286,5.402217474562874,32.967331578850896,0.032348978037968656,0.02353924365092125,0.014937875048673055,0.03473306128702508,0.036460756349078804,0.015062124951326958,1.12,1.12,1.12,1.12
3.573710693332292,5.403288312367152,32.96765071077414,0.032348799877505496,0.023540898656980447,0.014937875476076723,0.03473323944748824,0.036459101343019606,0.01506212452392329,1.12,1.12,1.12,1.12
3.5750026454473374,5.40435913173022,32.96796852944154,0.03234862163130309,0.023542554776074226,0.014937875903655404,0.03473341769369065,0.03645744522392583,0.015062124096344609,1.12,1.12,1.12,1.12
3.576294807528016,5.405429932513966,32.96828503432328,0.03234844329930542,0.02354421200929932,0.014937876331411831,0.03473359602568832,0.03645578799070073,0.015062123668588182,1.12,1.12,1.12,1.12
3.5775871795257146,5.4065007145801465,32.96860022488921,0.032348264881456035,0.023545870357754073,0.014937876759348823,0.0347337744435377,0.03645412964224598,0.01506212324065119,1.12,1.12,1.12,1.12
3.5788797613917525,5.407571477790387,32.96891410060886,0.032348086377698926,0.02354752982253791,0.014937877187469278,0.03473395294729481,0.03645247017746214,0.015062122812530734,1.12,1.12,1.12,1.12
3.5801725530773716,5.408642222006186,32.9692266609515,0.03234790778797775,0.023549190404751952,0.014937877615775905,0.03473413153701599,0.0364508095952481,0.015062122384224108,1.12,1.12,1.12,1.12
3.5814655545337546,5.409712947088913,32.969537905386034,0.03234772911223649,0.023550852105499398,0.014937878044271463,0.03473431021275725,0.036449147894500655,0.01506212195572855,1.12,1.12,1.12,1.12
3.5827587657120024,5.410783652899806,32.96984783338108,0.03234755035041875,0.023552514925884754,0.014937878472958438,0.034734488974574984,0.0364474850741153,0.015062121527041575,1.12,1.12,1.12,1.12
3.5840521865631567,5.411854339299971,32.97015644440496,0.0323473715024683,0.023554178867013942,0.014937878901839577,0.034734667822525434,0.03644582113298611,0.015062121098160436,1.12,1.12,1.12,1.12
3.5853458170381822,5.412925006150387,32.97046373792566,0.03234719256832913,0.023555843929994574,0.014937879330917406,0.034734846756664606,0.03644415607000548,0.015062120669082607,1.12,1.12,1.12,1.12
3.586639657087975,5.413995653311903,32.97076971341089,0.032347013547944725,0.023557510115935792,0.014937879760194395,0.03473502577704901,0.03644248988406426,0.015062120239805618,1.12,1.12,1.12,1.12
3.587933706663364,5.415066280645233,32.971074370328004,0.03234683444125902,0.023559177425948374,0.014937880189673,0.034735204883734716,0.03644082257405168,0.015062119810327013,1.12,1.12,1.12,1.12
3.589227965715103,5.416136888010968,32.97137770814408,0.032346655248215506,0.02356084586114468,0.014937880619355665,0.03473538407677823,0.03643915413885537,0.015062119380644348,1.12,1.12,1.12,1.12
3.5905224341938773,5.417207475269561,32.97167972632588,0.03234647596875828,0.023562515422638597,0.014937881049244678,0.034735563356235455,0.036437484577361456,0.015062118950755335,1.12,1.12,1.12,1.12
3.591817112050305,5.4182780422813375,32.97198042433984,0.03234629660283084,0.023564186111545732,0.014937881479342566,0.0347357427221629,0.03643581388845432,0.015062118520657447,1.12,1.12,1.12,1.12
3.5931119992349276,5.419348588906492,32.9722798016521,0.03234611715037694,0.02356585792898319,0.01493788190965152,0.034735922174616796,0.03643414207101686,0.015062118090348492,1.12,1.12,1.12,1.12
3.5944070956982195,5.420419115005086,32.97257785772846,0.03234593761134036,0.023567530876069442,0.014937882340173889,0.03473610171365338,0.03643246912393061,0.015062117659826124,1.12,1.12,1.12,1.12
3.595702401390584,5.421489620437052,32.972874592034444,0.0323457579856648,0.023569204953924977,0.014937882770911862,0.034736281339328934,0.036430795046075076,0.015062117229088151,1.12,1.12,1.12,1.12
3.5969979162623495,5.422560105062188,32.97317000403523,0.03234557827329404,0.02357088016367137,0.014937883201867466,0.034736461051699696,0.03642911983632868,0.015062116798132547,1.12,1.12,1.12,1.12
3.598293640263783,5.423630568740162,32.973464093195716,0.032345398474171505,0.023572556506432196,0.014937883633043103,0.03473664085082223,0.03642744349356786,0.01506211636695691,1.12,1.12,1.12,1.12
3.599589573345069,5.42470101133051,32.973756858980444,0.032345218588241076,0.023574233678238576,0.014937884064440757,0.03473682073675266,0.03642576632176148,0.015062115935559256,1.12,1.12,1.12,1.12
3.6008857154511036,5.4257714326951785,32.97404830090267,0.03234503861578375,0.023575911615075967,0.014937884496060996,0.034737000709209986,0.036424088384924086,0.015062115503939016,1.12,1.12,1.12,1.12
3.6021820665256024,5.426841832696538,32.9743384184859,0.03234485855714858,0.023577590382048125,0.014937884927903877,0.034737180767845155,0.03642240961795193,0.015062115072096136,1.12,1.12,1.12,1.12
3.6034786265133074,5.42791221119632,32.97462721124313,0.03234467841260863,0.02357927003602453,0.014937885359969857,0.03473736091238511,0.03642072996397552,0.015062114640030155,1.12,1.12,1.12,1.12
3.6047753953598463,5.428982568055674,32.9749146786782,0.03234449818237206,0.02358095062676563,0.014937885792259645,0.034737541142621675,0.036419049373234424,0.015062114207740368,1.12,1.12,1.12,1.12
3.606072373011612,5.430052903135226,32.97520082028694,0.03234431786658937,0.023582632187909874,0.01493788622477446,0.03473772145840437,0.03641736781209018,0.015062113775225552,1.12,1.12,1.12,1.12
3.607369559415483,5.431123216295211,32.975485635559664,0.0323441374653724,0.023584314747055996,0.014937886657515331,0.034737901859621334,0.03641568525294406,0.015062113342484681,1.12,1.12,1.12,1.12
3.6086669545187244,5.432193507395517,32.97576912398219,0.03234395697880199,0.023585998332438962,0.014937887090483548,0.034738082346191745,0.03641400166756109,0.015062112909516465,1.12,1.12,1.12,1.12
3.609964558268991,5.433263776295683,32.97605128503571,0.03234377640692726,0.023587682972983998,0.01493788752368061,0.034738262918066476,0.036412317027016056,0.015062112476319403,1.12,1.12,1.12,1.12
3.611262370614343,5.434334022854889,32.97633211819667,0.032343595749765586,0.02358936869858913,0.014937887957107931,0.03473844357522815,0.03641063130141092,0.015062112042892081,1.12,1.12,1.12,1.12
3.612560391503263,5.435404246931945,32.9766116229366,0.03234341500730192,0.023591055529238153,0.014937888390767193,0.03473862431769181,0.0364089444707619,0.01506211160923282,1.12,1.12,1.12,1.12
3.613858620884483,5.436474448385373,32.97688979872373,0.03234323417949969,0.023592743483576456,0.014937888824660087,0.034738805145494045,0.0364072565164236,0.015062111175339926,1.12,1.12,1.12,1.12
3.615157058706963,5.437544627073418,32.97716664502313,0.03234305326630266,0.023594432578533997,0.014937889258788667,0.03473898605869108,0.036405567421466056,0.015062110741211346,1.12,1.12,1.12,1.12
3.6164557049198596,5.438614782854062,32.97744216129706,0.03234287226763721,0.023596122829143196,0.014937889693154613,0.034739167057356524,0.03640387717085686,0.0150621103068454,1.12,1.12,1.12,1.12
3.6177545594724942,5.439684915585031,32.977716347005206,0.03234269118341382,0.02359781424850174,0.014937890127759729,0.03473934814157992,0.03640218575149831,0.015062109872240284,1.12,1.12,1.12,1.12
3.61905362231432,5.440755025123821,32.97798920160503,0.03234251001353117,0.023599506847840374,0.014937890562605999,0.03473952931146257,0.03640049315215968,0.015062109437394014,1.12,1.12,1.12,1.12
3.6203528933948905,5.441825111327706,32.978260724552015,0.032342328757876626,0.023601200636657743,0.014937890997695505,0.03473971056711711,0.03639879936334231,0.015062109002304508,1.12,1.12,1.12,1.12
3.6216523726638297,5.442895174053754,32.97853091530003,0.0323421474163294,0.023602895622894388,0.014937891433030093,0.03473989190866433,0.036397104377105666,0.01506210856696992,1.12,1.12,1.12,1.12
3.622952060070798,5.443965213158839,32.97879977330147,0.03234196598876199,0.02360459181312277,0.014937891868611775,0.03474007333623175,0.03639540818687728,0.015062108131388238,1.12,1.12,1.12,1.12
3.624251955565481,5.445035228499652,32.97906729800754,0.032341784475041546,0.023606289212737497,0.01493789230444248,0.03474025484995219,0.036393710787262556,0.015062107695557533,1.12,1.12,1.12,1.12
3.625552059097558,5.4461052199327105,32.979333488868434,0.03234160287503213,0.02360798782613635,0.01493789274052408,0.03474043644996161,0.0363920121738637,0.015062107259475932,1.12,1.12,1.12,1.12
3.6268523706166946,5.447175187314364,32.979598345333486,0.032341421188594344,0.02360968765691504,0.014937893176858646,0.03474061813639939,0.03639031234308501,0.015062106823141366,1.12,1.12,1.12,1.12
3.6281528900725215,5.448245130500804,32.97986186685129,0.03234123941558792,0.023611388707926978,0.014937893613448022,0.03474079990940582,0.036388611292073075,0.01506210638655199,1.12,1.12,1.12,1.12
3.6294536174146224,5.449315049348073,32.98012405286982,0.032341057555871466,0.023613090981470908,0.014937894050294206,0.03474098176912227,0.036386909018529145,0.015062105949705806,1.12,1.12,1.12,1.12
3.630754552592525,5.450384943712056,32.98038490283653,0.032340875609303155,0.0236147944793976,0.014937894487398934,0.03474116371569058,0.036385205520602454,0.015062105512601079,1.12,1.12,1.12,1.12
3.6320556955557013,5.4514548134485,32.980644416198466,0.032340693575741986,0.023616499203191754,0.014937894924764106,0.03474134574925175,0.0363835007968083,0.015062105075235907,1.12,1.12,1.12,1.12
3.633357046253545,5.452524658413006,32.980902592402195,0.03234051145504685,0.02361820515403998,0.01493789536239154,0.03474152786994689,0.036381794845960075,0.015062104637608473,1.12,1.12,1.12,1.12
3.634658604635383,5.453594478461035,32.981159430893996,0.032340329247078414,0.02361991233288685,0.014937895800282971,0.03474171007791532,0.0363800876671132,0.015062104199717041,1.12,1.12,1.12,1.12
3.6359603706504546,5.454664273447913,32.98141493111985,0.03234014695169812,0.023621620740479576,0.014937896238440274,0.03474189237329561,0.03637837925952048,0.01506210376155974,1.12,1.12,1.12,1.12
3.637262344247928,5.455734043228822,32.9816690925254,0.032339964568768864,0.02362333037692327,0.014937896676865056,0.03474207475622487,0.036376669623076785,0.015062103323134957,1.12,1.12,1.12,1.12
3.63856452537687,5.456803787658822,32.98192191455619,0.032339782098158854,0.023625041242182176,0.014937897115559123,0.03474225722683488,0.03637495875781788,0.01506210288444089,1.12,1.12,1.12,1.12
3.639866913986255,5.457873506592833,32.98217339665754,0.03233959953973753,0.023626753336208006,0.014937897554524016,0.03474243978525621,0.03637324666379205,0.015062102445475997,1.12,1.12,1.12,1.12
3.641169510024961,5.458943199885652,32.98242353827467,0.03233941689337683,0.023628466658941,0.014937897993761357,0.03474262243161691,0.036371533341059054,0.015062102006238656,1.12,1.12,1.12,1.12
3.642472313441769,5.460012867391942,32.98267233885265,0.0323392341589504,0.023630181210313822,0.014937898433272867,0.03474280516604333,0.03636981878968623,0.015062101566727146,1.12,1.12,1.12,1.12
3.6437753241853637,5.461082508966236,32.9829197978364,0.03233905133633408,0.023631896990255224,0.014937898873060074,0.03474298798865966,0.03636810300974483,0.015062101126939939,1.12,1.12,1.12,1.12
3.645078542204332,5.462152124462938,32.983165914670685,0.032338868425405565,0.02363361399869185,0.01493789931312449,0.03474317089958817,0.036366386001308204,0.015062100686875524,1.12,1.12,1.12,1.12
3.6463819674471623,5.463221713736322,32.983410688800156,0.03233868542604418,0.023635332235553447,0.014937899753467487,0.03474335389894956,0.03636466776444661,0.015062100246532525,1.12,1.12,1.12,1.12
3.647685599862253,5.464291276640529,32.98365411966928,0.03233850233813179,0.02363705170077357,0.014937900194090747,0.034743536986861945,0.03636294829922648,0.015062099805909265,1.12,1.12,1.12,1.12
3.6489894393978943,5.465360813029572,32.98389620672246,0.032338319161551554,0.02363877239429124,0.014937900634995643,0.03474372016344218,0.03636122760570881,0.01506209936500437,1.12,1.12,1.12,1.12
3.650293486002287,5.466430322757331,32.98413694940386,0.032338135896188946,0.023640494316053057,0.014937901076183563,0.03474390342880479,0.036359505683947,0.01506209892381645,1.12,1.12,1.12,1.12
3.6515977396235324,5.467499805677555,32.98437634715757,0.03233795254193084,0.023642217466014248,0.014937901517655686,0.0347440867830629,0.036357782533985805,0.015062098482344327,1.12,1.12,1.12,1.12
3.652902200209633,5.468569261643861,32.9846143994275,0.032337769098666536,0.02364394184414026,0.014937901959413288,0.0347442702263272,0.036356058155859794,0.015062098040586724,1.12,1.12,1.12,1.12
3.6542068677084973,5.469638690509739,32.98485110565741,0.0323375855662868,0.023645667450407665,0.014937902401457856,0.03474445375870694,0.03635433254959239,0.015062097598542157,1.12,1.12,1.12,1.12
3.655511742067933,5.470708092128546,32.98508646529097,0.032337401944684485,0.02364739428480564,0.014937902843790526,0.03474463738030925,0.036352605715194414,0.015062097156209486,1.12,1.12,1.12,1.12
3.6568168232356557,5.471777466353505,32.98532047777163,0.032337218233753906,0.02364912234733671,0.014937903286412701,0.03474482109123983,0.036350877652663344,0.015062096713587311,1.12,1.12,1.12,1.12
3.6581221111592805,5.472846813037711,32.98555314254273,0.03233703443339181,0.02365085163801764,0.014937903729325741,0.03474500489160193,0.036349148361982414,0.015062096270674272,1.12,1.12,1.12,1.12
3.6594276057863255,5.473916132034126,32.98578445904744,0.03233685054349583,0.023652582156880708,0.014937904172530714,0.034745188781497904,0.036347417843119345,0.015062095827469299,1.12,1.12,1.12,1.12
3.660733307064217,5.474985423195577,32.98601442672878,0.032336666563966,0.0236543139039741,0.01493790461602891,0.03474537276102774,0.03634568609602595,0.015062095383971102,1.12,1.12,1.12,1.12
3.662039214940279,5.476054686374761,32.98624304502963,0.032336482494703334,0.02365604687936268,0.014937905059821524,0.0347455568302904,0.03634395312063737,0.015062094940178489,1.12,1.12,1.12,1.12
3.66334532936174,5.477123921424243,32.98647031339267,0.0323362983356113,0.023657781083128576,0.014937905503909582,0.034745740989382434,0.03634221891687148,0.01506209449609043,1.12,1.12,1.12,1.12
3.6646516502757374,5.478193128196453,32.98669623126047,0.032336114086594536,0.023659516515363438,0.01493790594829443,0.0347459252383992,0.036340483484636615,0.015062094051705582,1.12,1.12,1.12,1.12
3.6659581776293084,5.47926230654369,32.9869207980754,0.03233592974755911,0.02366125317618739,0.014937906392977138,0.034746109577434625,0.03633874682381266,0.015062093607022875,1.12,1.12,1.12,1.12
3.6672649113693936,5.48033145631812,32.987144013279654,0.03233574531841299,0.023662991065740324,0.014937906837958773,0.03474629400658075,0.03633700893425973,0.01506209316204124,1.12,1.12,1.12,1.12
3.66857185144284,5.481400577371772,32.9873658763153,0.03233556079906541,0.023664730184181693,0.014937907283240334,0.034746478525928326,0.03633526981581836,0.015062092716759679,1.12,1.12,1.12,1.12
3.669878997796401,5.482469669556544,32.98758638662419,0.032335376189427445,0.02366647053169152,0.014937907728823058,0.03474666313556629,0.036333529468308534,0.015062092271176955,1.12,1.12,1.12,1.12
3.67118635037673,5.483538732724199,32.987805543648,0.03233519148941122,0.023668212108470393,0.014937908174707873,0.03474684783558252,0.03633178789152966,0.01506209182529214,1.12,1.12,1.12,1.12
3.67249390913039,5.484607766726366,32.988023346828264,0.03233500669893041,0.023669954914740277,0.014937908620895904,0.03474703262606332,0.03633004508525978,0.015062091379104109,1.12,1.12,1.12,1.12
3.6738016740038475,5.485676771414539,32.988239795606304,0.03233482181790004,0.02367169895074475,0.014937909067388094,0.0347472175070937,0.0363283010492553,0.015062090932611918,1.12,1.12,1.12,1.12
3.6751096449434786,5.486745746640075,32.988454889423245,0.03233463684623672,0.023673444216749412,0.014937909514185485,0.03474740247875702,0.03632655578325064,0.015062090485814528,1.12,1.12,1.12,1.12
3.6764178218955568,5.4878146922542,32.98866862772007,0.03233445178385791,0.023675190713020433,0.014937909961288978,0.03474758754113583,0.03632480928697962,0.015062090038711035,1.12,1.12,1.12,1.12
3.677726204806269,5.488883608107997,32.98888100993751,0.03233426663068273,0.02367693843985283,0.01493791040869949,0.03474777269431101,0.036323061560147224,0.015062089591300523,1.12,1.12,1.12,1.12
3.679034793621705,5.489952494052428,32.989092035516144,0.032334081386631575,0.023678687397591047,0.014937910856418171,0.03474795793836216,0.036321312602409006,0.015062089143581842,1.12,1.12,1.12,1.12
3.6803435882878617,5.4910213499383,32.98930170389633,0.03233389605162573,0.023680437586602765,0.014937911304445745,0.034748143273368004,0.03631956241339729,0.015062088695554268,1.12,1.12,1.12,1.12
3.6816525887506444,5.492090175616297,32.98951001451825,0.032333710625587875,0.023682189007280363,0.01493791175278325,0.03474832869940586,0.03631781099271969,0.015062088247216762,1.12,1.12,1.12,1.12
3.682961794955864,5.493158970936959,32.98971696682185,0.03233352510844173,0.02368394166004073,0.01493791220143141,0.03474851421655201,0.03631605833995932,0.015062087798568602,1.12,1.12,1.12,1.12
3.6842712068492376,5.494227735750693,32.98992256024687,0.032333339500112135,0.02368569554532668,0.014937912650391197,0.0347486998248816,0.036314304454673374,0.015062087349608816,1.12,1.12,1.12,1.12
3.685580824376398,5.495296469907765,32.99012679423282,0.032333153800524816,0.02368745066360778,0.0149379130996634,0.03474888552446892,0.036312549336392275,0.015062086900336613,1.12,1.12,1.12,1.12
3.686890647482876,5.496365173258306,32.990329668219005,0.032332968009606666,0.02368920701538174,0.014937913549249004,0.03474907131538707,0.03631079298461831,0.015062086450751008,1.12,1.12,1.12,1.12
3.6882006761141186,5.497433845652309,32.99053118164452,0.03233278212728541,0.0236909646011762,0.014937913999148789,0.03474925719770833,0.03630903539882385,0.015062086000851224,1.12,1.12,1.12,1.12
3.6895109102154784,5.498502486939623,32.9907313339482,0.03233259615348988,0.0236927234215501,0.014937914449363585,0.03474944317150386,0.036307276578449954,0.015062085550636428,1.12,1.12,1.12,1.12
3.69082134973222,5.499571096969964,32.99093012456865,0.03233241008814952,0.023694483477096795,0.014937914899894225,0.034749629236844215,0.03630551652290326,0.015062085100105788,1.12,1.12,1.12,1.12
3.6921319946095132,5.500639675592907,32.991127552944256,0.03233222393119484,0.02369624476844845,0.014937915350741432,0.0347498153937989,0.036303755231551604,0.01506208464925858,1.12,1.12,1.12,1.12
3.693442844792443,5.501708222657886,32.991323618513135,0.03233203768255705,0.02369800729627941,0.014937915801906093,0.03475000164243669,0.03630199270372064,0.01506208419809392,1.12,1.12,1.12,1.12
3.694753900226003,5.502776738014193,32.99151832071317,0.03233185134216782,0.023699771060466668,0.01493791625338893,0.03475018798282592,0.036300228939533385,0.015062083746611082,1.12,1.12,1.12,1.12
3.6960651608550847,5.50384522151099,32.9917116589821,0.03233166490996092,0.02370153605963396,0.014937916705190776,0.034750374415032814,0.036298463940366094,0.015062083294809236,1.12,1.12,1.12,1.12
3.6973766266244548,5.504913672997314,32.99190363275774,0.032331478385873524,0.023703302294398126,0.014937917157312242,0.03475056093912021,0.03629669770560193,0.015062082842687771,1.12,1.12,1.12,1.12
3.6986882974787925,5.505982092322061,32.992094241477695,0.032331291769843395,0.0237050697653981,0.014937917609754034,0.03475074755515034,0.03629493023460195,0.015062082390245979,1.12,1.12,1.12,1.12
3.700000173362684,5.507050479333988,32.99228348457929,0.03233110506180864,0.0237068384732943,0.014937918062516944,0.034750934263185096,0.03629316152670575,0.015062081937483068,1.12,1.12,1.12,1.12
3.7013122542206256,5.508118833881713,32.99247136149961,0.03233091826170881,0.023708608418768207,0.014937918515601764,0.03475112106328493,0.03629139158123185,0.015062081484398249,1.12,1.12,1.12,1.12
3.702624539997027,5.5091871558137075,32.99265787167549,0.03233073136948339,0.023710379602522202,0.01493791896900909,0.03475130795551035,0.03628962039747785,0.015062081030990923,1.12,1.12,1.12,1.12
3.7039370306362063,5.510255444978306,32.992843014543524,0.0323305443850731,0.023712152025279154,0.014937919422739684,0.034751494939920635,0.0362878479747209,0.015062080577260328,1.12,1.12,1.12,1.12
3.70524972608239,5.511323701223702,32.99302678954001,0.03233035730841877,0.023713925687781412,0.014937919876794284,0.03475168201657497,0.03628607431221864,0.015062080123205729,1.12,1.12,1.12,1.12
3.706562626279719,5.512391924397944,32.99320919610102,0.032330170139462044,0.023715700590791533,0.014937920331173415,0.03475186918553169,0.03628429940920852,0.015062079668826597,1.12,1.12,1.12,1.12
3.707875731172244,5.5134601143489395,32.99339023366233,0.03232998287814487,0.02371747673509056,0.014937920785877912,0.03475205644684887,0.036282523264909494,0.015062079214122101,1.12,1.12,1.12,1.12
3.709189040703928,5.514528270924453,32.993569901659484,0.032329795524409954,0.023719254121478517,0.0149379212409083,0.03475224380058378,0.036280745878521536,0.015062078759091713,1.12,1.12,1.12,1.12
3.7105025548186448,5.515596393972105,32.993748199527715,0.03232960807820029,0.023721032750773308,0.014937921696265205,0.03475243124679345,0.036278967249226746,0.015062078303734808,1.12,1.12,1.12,1.12
3.7118162734601805,5.516664483339375,32.993925126702,0.032329420539459475,0.023722812622094025,0.014937922151949473,0.03475261878553426,0.03627718737790603,0.01506207784805054,1.12,1.12,1.12,1.12
3.7131301965722026,5.517732538873614,32.994100682617336,0.03232923290813372,0.023724593732585703,0.014937922607961562,0.034752806416860016,0.03627540626741435,0.01506207739203845,1.12,1.12,1.12,1.12
3.7144443240982277,5.518800560422058,32.994274866709006,0.03232904518417368,0.023726376083647083,0.014937923064301958,0.03475299414082006,0.03627362391635297,0.015062076935698054,1.12,1.12,1.12,1.12
3.7157586559816966,5.519868547831799,32.99444767841193,0.03232885736752972,0.023728159676611044,0.01493792352097148,0.03475318195746402,0.03627184032338901,0.015062076479028533,1.12,1.12,1.12,1.12
3.7170731921659668,5.520936500949779,32.9946191171607,0.032328669458152715,0.023729944512770468,0.014937923977970599,0.03475336986684102,0.036270055487229586,0.015062076022029414,1.12,1.12,1.12,1.12
3.7183879325943168,5.522004419622791,32.994789182389525,0.03232848145599254,0.02373173059339287,0.01493792443529987,0.034753557869001195,0.036268269406607184,0.015062075564700142,1.12,1.12,1.12,1.12
3.719702877209943,5.523072303697482,32.9949578735323,0.03232829336099913,0.023733517919728886,0.014937924892959947,0.03475374596399461,0.03626648208027117,0.015062075107040065,1.12,1.12,1.12,1.12
3.7210180259559595,5.524140153020353,32.99512519002256,0.032328105173122734,0.023735306493018304,0.014937925350951398,0.034753934151871,0.03626469350698175,0.015062074649048615,1.12,1.12,1.12,1.12
3.722333378775398,5.52520796743775,32.995291131293484,0.03232791689231318,0.02373709631449314,0.014937925809274735,0.034754122432680556,0.036262903685506914,0.015062074190725278,1.12,1.12,1.12,1.12
3.723648935611207,5.526275746795881,32.99545569677795,0.032327728518520116,0.02373888738538088,0.01493792626793057,0.03475431080647362,0.03626111261461917,0.015062073732069442,1.12,1.12,1.12,1.12
3.7249646964062544,5.527343490940797,32.99561888590847,0.032327540051693526,0.023740679706905077,0.014937926726919501,0.03475449927330021,0.036259320293094977,0.015062073273080512,1.12,1.12,1.12,1.12
3.726280661103323,5.528411199718407,32.9957806981172,0.032327351491782896,0.023742473280287724,0.014937927186242206,0.03475468783321084,0.03625752671971233,0.015062072813757807,1.12,1.12,1.12,1.12
3.7275968296451127,5.529478872974467,32.99594113283601,0.03232716283873821,0.0237442681067494,0.01493792764589906,0.034754876486255526,0.03625573189325065,0.015062072354100953,1.12,1.12,1.12,1.12
3.728913201974242,5.5305465105545855,32.996100189496374,0.03232697409250879,0.023746064187510713,0.014937928105890688,0.03475506523248495,0.03625393581248934,0.015062071894109325,1.12,1.12,1.12,1.12
3.7302297780332396,5.531614112304223,32.99625786752947,0.03232678525304422,0.02374786152379213,0.014937928566217631,0.034755254071949515,0.036252138476207924,0.015062071433782381,1.12,1.12,1.12,1.12
3.7315465577645592,5.532681678068695,32.99641416636613,0.03232659632029422,0.023749660116814814,0.014937929026880403,0.034755443004699516,0.03625033988318524,0.01506207097311961,1.12,1.12,1.12,1.12
3.7328635411105644,5.53374920769316,32.99656908543682,0.032326407294208326,0.02375145996780098,0.014937929487879614,0.03475563203078541,0.03624854003219907,0.015062070512120398,1.12,1.12,1.12,1.12
3.7341807280135364,5.534816701022634,32.99672262417169,0.032326218174735855,0.023753261077973986,0.014937929949215764,0.03475582115025788,0.03624673892202607,0.015062070050784249,1.12,1.12,1.12,1.12
3.7354981184156757,5.535884157901977,32.99687478200056,0.03232602896182635,0.023755063448558905,0.01493793041088945,0.03475601036316739,0.03624493655144115,0.015062069589110563,1.12,1.12,1.12,1.12
3.7368157122590926,5.536951578175906,32.997025558352874,0.03232583965542918,0.02375686708078245,0.014937930872901073,0.03475619966956456,0.0362431329192176,0.01506206912709894,1.12,1.12,1.12,1.12
3.738133509485816,5.538018961688987,32.99717495265779,0.03232565025549383,0.023758671975873086,0.014937931335251287,0.034756389069499904,0.03624132802412697,0.015062068664748726,1.12,1.12,1.12,1.12
3.739451510037792,5.539086308285633,32.99732296434407,0.032325460761969405,0.023760478135061713,0.014937931797940576,0.03475657856302433,0.03623952186493834,0.015062068202059437,1.12,1.12,1.12,1.12
3.7407697138568765,5.540153617810105,32.99746959284018,0.0323252711748056,0.023762285559581348,0.014937932260969483,0.03475676815018813,0.036237714440418706,0.01506206773903053,1.12,1.12,1.12,1.12
3.7420881208848495,5.541220890106522,32.99761483757421,0.032325081493951524,0.023764094250667,0.014937932724338479,0.03475695783104221,0.03623590574933305,0.015062067275661534,1.12,1.12,1.12,1.12
3.743406731063398,5.542288125018842,32.99775869797392,0.032324891719356375,0.02376590420955671,0.014937933188048105,0.03475714760563736,0.036234095790443344,0.015062066811951907,1.12,1.12,1.12,1.12
3.744725544334128,5.54335532239088,32.99790117346676,0.03232470185096942,0.023767715437490677,0.014937933652098792,0.03475733747402432,0.036232284562509376,0.01506206634790122,1.12,1.12,1.12,1.12
3.746044560638559,5.544422482066297,32.998042263479775,0.032324511888739915,0.023769527935711937,0.01493793411649122,0.03475752743625382,0.036230472064288116,0.015062065883508793,1.12,1.12,1.12,1.12
3.747363779918128,5.545489603888604,32.998181967439734,0.032324321832616854,0.023771341705466242,0.014937934581225748,0.03475771749237688,0.03622865829453381,0.015062065418774265,1.12,1.12,1.12,1.12
3.7486832021141816,5.546556687701159,32.998320284772994,0.03232413168255288,0.023773156748001928,0.014937935046303044,0.034757907642440855,0.036226843251998125,0.015062064953696969,1.12,1.12,1.12,1.12
3.7500028271679855,5.54762373334717,32.998457214905635,0.032323941438497095,0.023774973064570493,0.014937935511723552,0.03475809788649664,0.03622502693542956,0.015062064488276461,1.12,1.12,1.12,1.12
3.7513226550207173,5.548690740669695,32.998592757263346,0.03232375110039848,0.02377679065642624,0.014937935977487701,0.03475828822459526,0.036223209343573815,0.015062064022512311,1.12,1.12,1.12,1.12
3.752642685613473,5.549757709511631,32.99872691127149,0.03232356066820585,0.02377860952482619,0.014937936443595964,0.03475847865678788,0.036221390475173865,0.015062063556404048,1.12,1.12,1.12,1.12
3.7539629188872556,5.550824639715737,32.998859676355075,0.03232337014186831,0.023780429671030945,0.01493793691004898,0.034758669183125424,0.03621957032896911,0.015062063089951033,1.12,1.12,1.12,1.12
3.755283354782991,5.551891531124605,32.99899105193877,0.03232317952133468,0.02378225109630344,0.014937937376847163,0.03475885980365906,0.03621774890369661,0.01506206262315285,1.12,1.12,1.12,1.12
3.756603993241512,5.552958383580687,32.99912103744691,0.032322988806554154,0.023784073801910416,0.014937937843990973,0.03475905051843958,0.03621592619808964,0.01506206215600904,1.12,1.12,1.12,1.12
3.7579248342035663,5.5540251969262755,32.999249632303446,0.03232279799747517,0.023785897789121296,0.014937938311480978,0.034759241327518564,0.03621410221087876,0.015062061688519035,1.12,1.12,1.12,1.12
3.759245877609822,5.55509197100351,32.999376835932004,0.032322607094046996,0.023787723059208676,0.014937938779317622,0.03475943223094674,0.03621227694079138,0.01506206122068239,1.12,1.12,1.12,1.12
3.7605671234008535,5.5561587056543775,32.999502647755875,0.032322416096218,0.023789549613448424,0.014937939247501336,0.03475962322877574,0.03621045038655163,0.015062060752498677,1.12,1.12,1.12,1.12
3.761888571517154,5.557225400720714,32.99962706719798,0.03232222500393722,0.023791377453119572,0.014937939716032786,0.034759814321056515,0.03620862254688048,0.015062060283967227,1.12,1.12,1.12,1.12
3.763210221899124,5.558292056044201,32.99975009368089,0.03232203381715304,0.023793206579504317,0.01493794018491229,0.0347600055078407,0.036206793420495736,0.015062059815087722,1.12,1.12,1.12,1.12
3.7645320744870823,5.559358671466364,32.999871726626836,0.03232184253581444,0.023795036993888047,0.014937940654140391,0.0347601967891793,0.036204963006112006,0.015062059345859621,1.12,1.12,1.12,1.12
3.765854129221262,5.560425246828575,32.99999196545769,0.032321651159869624,0.023796868697559564,0.014937941123717463,0.03476038816512411,0.03620313130244049,0.01506205887628255,1.12,1.12,1.12,1.12
3.767176386041805,5.5614917819720535,33.00011080959497,0.032321459689267584,0.023798701691810586,0.014937941593644102,0.03476057963572615,0.03620129830818947,0.01506205840635591,1.12,1.12,1.12,1.12
3.76849884488877,5.562558276737867,33.00022825845988,0.032321268123956526,0.02380053597793627,0.014937942063920837,0.03476077120103721,0.03619946402206378,0.015062057936079176,1.12,1.12,1.12,1.12
3.769821505702128,5.563624730966919,33.00034431147321,0.03232107646388499,0.023802371557235052,0.014937942534547999,0.034760962861108746,0.036197628442765,0.015062057465452014,1.12,1.12,1.12,1.12
3.7711443684217607,5.564691144499969,33.00045896805541,0.03232088470900135,0.02380420843100861,0.014937943005526227,0.034761154615992385,0.03619579156899144,0.015062056994473785,1.12,1.12,1.12,1.12
3.772467432987464,5.565757517177616,33.000572227626634,0.032320692859254097,0.023806046600561626,0.014937943476855842,0.03476134646573964,0.03619395339943843,0.015062056523144171,1.12,1.12,1.12,1.12
3.773790699338949,5.566823848840304,33.00068408960661,0.03232050091459154,0.023807886067202383,0.014937943948537341,0.03476153841040219,0.03619211393279767,0.015062056051462672,1.12,1.12,1.12,1.12
3.7751141674158335,5.567890139328322,33.000794553414735,0.03232030887496157,0.02380972683224214,0.014937944420571198,0.03476173045003217,0.036190273167757914,0.015062055579428815,1.12,1.12,1.12,1.12
3.7764378371576544,5.568956388481805,33.00090361847009,0.03232011674031299,0.023811568896995455,0.01493794489295805,0.03476192258468075,0.0361884311030046,0.015062055107041963,1.12,1.12,1.12,1.12
3.777761708503856,5.570022596140727,33.00101128419132,0.032319924510593345,0.023813412262780193,0.014937945365698063,0.03476211481440039,0.03618658773721986,0.01506205463430195,1.12,1.12,1.12,1.12
3.779085781393798,5.571088762144913,33.0011175499968,0.03231973218575118,0.023815256930917378,0.01493794583879196,0.034762307139242554,0.036184743069082675,0.015062054161208052,1.12,1.12,1.12,1.12
3.7804100557667506,5.572154886334026,33.00122241530447,0.032319539765734207,0.02381710290273134,0.014937946312240089,0.03476249955925953,0.03618289709726871,0.015062053687759924,1.12,1.12,1.12,1.12
3.781734531561895,5.573220968547577,33.00132587953196,0.03231934725049068,0.02381895017954938,0.014937946786042905,0.034762692074503054,0.03618104982045067,0.015062053213957108,1.12,1.12,1.12,1.12
3.7830592087183272,5.5742870086249185,33.00142794209653,0.03231915463996843,0.0238207987627021,0.014937947260200882,0.03476288468502531,0.03617920123729795,0.015062052739799131,1.12,1.12,1.12,1.12
3.7843840871750545,5.575353006405242,33.001528602415064,0.03231896193411521,0.023822648653523487,0.014937947734714588,0.03476307739087853,0.036177351346476566,0.015062052265285425,1.12,1.12,1.12,1.12
3.7857091668709923,5.57641896172759,33.00162785990412,0.032318769132879066,0.02382449985335036,0.014937948209584384,0.03476327019211467,0.03617550014664969,0.015062051790415629,1.12,1.12,1.12,1.12
3.787034447744973,5.57748487443084,33.001725713979866,0.03231857623620743,0.02382635236352293,0.014937948684810798,0.034763463088786306,0.036173647636477124,0.015062051315189215,1.12,1.12,1.12,1.12
3.7883599297357335,5.578550744353716,33.00182216405811,0.03231838324404818,0.023828206185384393,0.014937949160394232,0.03476365608094556,0.03617179381461566,0.015062050839605781,1.12,1.12,1.12,1.12
3.7896856127819323,5.579616571334784,33.00191720955432,0.03231819015634896,0.02383006132028123,0.014937949636335032,0.03476384916864478,0.03616993867971882,0.01506205036366498,1.12,1.12,1.12,1.12
3.7910114968221276,5.58068235521245,33.002010849883575,0.032317996973057095,0.023831917769562977,0.01493795011263381,0.03476404235193664,0.036168082230437076,0.015062049887366202,1.12,1.12,1.12,1.12
3.7923375817947957,5.581748095824965,33.002103084460614,0.03231780369412035,0.023833775534582213,0.014937950589290913,0.034764235630873386,0.03616622446541784,0.0150620494107091,1.12,1.12,1.12,1.12
3.7936638676383256,5.582813793010417,33.00219391269978,0.032317610319486156,0.023835634616694606,0.014937951066306923,0.03476442900550758,0.03616436538330545,0.01506204893369309,1.12,1.12,1.12,1.12
3.794990354291011,5.583879446606741,33.002283334015104,0.032317416849101555,0.02383749501725896,0.014937951543682201,0.03476462247589218,0.036162504982741095,0.015062048456317811,1.12,1.12,1.12,1.12
3.7963170416910597,5.584945056451712,33.0023713478202,0.03231722328291442,0.02383935673763704,0.014937952021417261,0.034764816042079316,0.03616064326236301,0.015062047978582752,1.12,1.12,1.12,1.12
3.7976439297765907,5.58601062238294,33.00245795352835,0.03231702962087135,0.023841219779193817,0.014937952499512519,0.034765009704122385,0.036158780220806236,0.015062047500487494,1.12,1.12,1.12,1.12
3.7989710184856342,5.58707614423788,33.00254315055244,0.032316835862919835,0.023843084143297,0.014937952977968558,0.0347652034620739,0.036156915856703054,0.015062047022031455,1.12,1.12,1.12,1.12
3.800298307756127,5.588141621853832,33.00262693830503,0.03231664200900708,0.023844949831317602,0.014937953456785724,0.03476539731598666,0.03615505016868245,0.015062046543214289,1.12,1.12,1.12,1.12
3.8016257975259196,5.589207055067928,33.00270931619828,0.03231644805907996,0.023846816844629443,0.014937953935964365,0.034765591265913776,0.03615318315537061,0.015062046064035647,1.12,1.12,1.12,1.12
3.802953487732773,5.590272443717144,33.00279028364398,0.032316254013081414,0.02384868518460939,0.014937954415505064,0.03476578531191232,0.03615131481539066,0.015062045584494949,1.12,1.12,1.12,1.12
3.8042813783143554,5.591337787638299,33.002869840053584,0.032316059870957925,0.023850554852637207,0.014937954895408195,0.03476597945403581,0.036149445147362846,0.015062045104591817,1.12,1.12,1.12,1.12
3.805609469208248,5.592403086668046,33.00294798483814,0.03231586563265637,0.023852425850095588,0.014937955375674342,0.034766173692337365,0.036147574149904466,0.015062044624325671,1.12,1.12,1.12,1.12
3.806937760351941,5.593468340642881,33.00302471740835,0.03231567129812363,0.023854298178370092,0.014937955856303836,0.03476636802687011,0.03614570182162996,0.015062044143696177,1.12,1.12,1.12,1.12
3.8082662516828294,5.594533549399138,33.003100037174555,0.03231547686730629,0.023856171838849527,0.014937956337297192,0.034766562457687444,0.036143828161150526,0.01506204366270282,1.12,1.12,1.12,1.12
3.8095949431382294,5.595598712772989,33.003173943546685,0.03231528234015102,0.02385804683292514,0.014937956818654938,0.03476675698484272,0.036141953167074914,0.015062043181345075,1.12,1.12,1.12,1.12
3.8109238346553553,5.5966638306004475,33.00324643593433,0.03231508771660402,0.02385992316199137,0.014937957300377253,0.03476695160838972,0.03614007683800868,0.01506204269962276,1.12,1.12,1.12,1.12
3.8122529261713347,5.597728902717364,33.00331751374671,0.03231489299661228,0.023861800827445268,0.014937957782464872,0.03476714632838146,0.036138199172554786,0.01506204221753514,1.12,1.12,1.12,1.12
3.8135822176232064,5.598793928959427,33.00338717639265,0.03231469818012178,0.02386367983068699,0.014937958264918033,0.034767341144871955,0.03613632016931306,0.01506204173508198,1.12,1.12,1.12,1.12
3.8149117089479163,5.5998589091621644,33.00345542328062,0.03231450326707902,0.02386556017311936,0.014937958747737332,0.034767536057914716,0.03613443982688069,0.015062041252262681,1.12,1.12,1.12,1.12
3.81624140008232,5.600923843160939,33.00352225381873,0.03231430825743015,0.023867441856147892,0.014937959230923073,0.03476773106756359,0.03613255814385216,0.01506204076907694,1.12,1.12,1.12,1.12
3.8175712909631816,5.601988730790957,33.00358766741468,0.032314113151121315,0.023869324881181098,0.014937959714475854,0.03476792617387242,0.036130675118818956,0.015062040285524159,1.12,1.12,1.12,1.12
3.818901381527173,5.603053571887258,33.00365166347583,0.0323139179480989,0.023871209249630237,0.014937960198396147,0.034768121376894834,0.036128790750369816,0.015062039801603866,1.12,1.12,1.12,1.12
3.820231671710876,5.604118366284718,33.00371424140913,0.03231372264830862,0.02387309496290918,0.014937960682684298,0.03476831667668512,0.03612690503709087,0.015062039317315715,1.12,1.12,1.12,1.12
3.8215621614507818,5.60518311381805,33.00377540062118,0.032313527251696506,0.023874982022434738,0.014937961167340696,0.03476851207329723,0.036125017977565316,0.015062038832659316,1.12,1.12,1.12,1.12
3.8228928506832887,5.6062478143218115,33.003835140518206,0.03231333175820844,0.023876870429626385,0.014937961652366064,0.034768707566785295,0.03612312957037367,0.01506203834763395,1.12,1.12,1.12,1.12
3.824223739344701,5.607312467630386,33.00389346050604,0.032313136167790246,0.023878760185906345,0.014937962137760594,0.03476890315720349,0.03612123981409371,0.015062037862239419,1.12,1.12,1.12,1.12
3.825554827371237,5.608377073578,33.00395035999014,0.03231294048038752,0.02388065129269934,0.014937962623524842,0.03476909884460622,0.036119348707300714,0.01506203737647517,1.12,1.12,1.12,1.12
3.8268861146990165,5.609441631998712,33.00400583837561,0.03231274469594614,0.02388254375143306,0.014937963109659225,0.0347692946290476,0.03611745624856699,0.015062036890340788,1.12,1.12,1.12,1.12
3.8282176012640714,5.610506142726421,33.004059895067144,0.03231254881441159,0.023884437563537697,0.014937963596164255,0.034769490510582146,0.036115562436462356,0.015062036403835757,1.12,1.12,1.12,1.12
3.829549287002339,5.611570605594857,33.00411252946907,0.0323123528357292,0.02388633273044627,0.01493796408304024,0.03476968648926454,0.036113667269553784,0.015062035916959773,1.12,1.12,1.12,1.12
3.8308811718496685,5.61263502043759,33.004163740985334,0.03231215675984456,0.023888229253594323,0.014937964570287732,0.03476988256514918,0.03611177074640573,0.015062035429712281,1.12,1.12,1.12,1.12
3.832213255741808,5.613699387088025,33.00421352901951,0.03231196058670294,0.023890127134420014,0.014937965057907177,0.0347700787382908,0.03610987286558004,0.015062034942092836,1.12,1.12,1.12,1.12
3.833545538614422,5.614763705379396,33.004261892974775,0.03231176431624966,0.023892026374364245,0.014937965545898976,0.03477027500874408,0.03610797362563581,0.015062034454101036,1.12,1.12,1.12,1.12
3.8348780204030763,5.6158279751447795,33.004308832253955,0.032311567948429765,0.023893926974870305,0.014937966034263644,0.03477047137656397,0.03610607302512975,0.015062033965736368,1.12,1.12,1.12,1.12
3.836210701043247,5.6168921962170835,33.00435434625946,0.03231137148318869,0.023895828937384317,0.01493796652300157,0.03477066784180505,0.036104171062615736,0.015062033476998443,1.12,1.12,1.12,1.12
3.837543580470316,5.617956368429048,33.00439843439334,0.03231117492047125,0.023897732263354815,0.014937967012113265,0.034770864404522484,0.03610226773664524,0.015062032987886748,1.12,1.12,1.12,1.12
3.8388766586195704,5.6190204916132505,33.00444109605725,0.032310978260222334,0.023899636954233167,0.014937967501599148,0.0347710610647714,0.03610036304576689,0.015062032498400865,1.12,1.12,1.12,1.12
3.8402099354262074,5.620084565602103,33.00448233065248,0.03231078150238709,0.02390154301147296,0.014937967991459758,0.03477125782260665,0.036098456988527095,0.015062032008540255,1.12,1.12,1.12,1.12
3.8415434108253272,5.6211485902278495,33.00452213757991,0.03231058464691017,0.02390345043653072,0.014937968481695457,0.03477145467808357,0.03609654956346933,0.015062031518304556,1.12,1.12,1.12,1.12
3.8428770847519402,5.622212565322566,33.00456051624006,0.03231038769373629,0.023905359230865064,0.014937968972306787,0.03477165163125745,0.03609464076913499,0.015062031027693226,1.12,1.12,1.12,1.12
3.8442109571409584,5.623276490718166,33.00459746603304,0.032310190642810155,0.02390726939593757,0.014937969463294065,0.03477184868218358,0.036092730604062484,0.015062030536705948,1.12,1.12,1.12,1.12
3.8455450279272023,5.624340366246392,33.0046329863586,0.03230999349407626,0.023909180933212093,0.01493796995465771,0.034772045830917475,0.03609081906678796,0.015062030045342303,1.12,1.12,1.12,1.12
3.846879297045402,5.625404191738823,33.0046670766161,0.03230979624747932,0.023911093844154963,0.01493797044639833,0.03477224307751442,0.03608890615584509,0.015062029553601683,1.12,1.12,1.12,1.12
3.8482137644301853,5.6264679670268665,33.00469973620449,0.03230959890296353,0.023913008130235197,0.014937970938516343,0.034772440422030204,0.036086991869764856,0.01506202906148367,1.12,1.12,1.12,1.12
3.8495484300160934,5.627531691941766,33.004730964522366,0.03230940146047362,0.02391492379292423,0.014937971431012123,0.03477263786452012,0.03608507620707582,0.01506202856898789,1.12,1.12,1.12,1.12
3.850883293737568,5.628595366314598,33.00476076096792,0.03230920391995351,0.023916840833695774,0.014937971923886254,0.034772835405040226,0.03608315916630428,0.01506202807611376,1.12,1.12,1.12,1.12
3.85221835552896,5.629658989976266,33.00478912493896,0.03230900628134753,0.023918759254026395,0.014937972417139192,0.034773033043646207,0.03608124074597366,0.01506202758286082,1.12,1.12,1.12,1.12
3.8535536153245213,5.63072256275751,33.00481605583289,0.03230880854459989,0.023920679055394772,0.014937972910771244,0.03477323078039385,0.03607932094460528,0.015062027089228769,1.12,1.12,1.12,1.12
3.854889073058415,5.631786084488898,33.004841553046745,0.03230861070965457,0.02392260023928225,0.014937973404782978,0.034773428615339164,0.036077399760717804,0.015062026595217035,1.12,1.12,1.12,1.12
3.8562247286647025,5.632849555000833,33.004865615977174,0.032308412776455686,0.023924522807172666,0.01493797389917488,0.03477362654853805,0.03607547719282739,0.015062026100825132,1.12,1.12,1.12,1.12
3.857560582077353,5.633912974123547,33.004888244020414,0.03230821474494694,0.02392644676055211,0.014937974393947326,0.0347738245800468,0.03607355323944794,0.015062025606052687,1.12,1.12,1.12,1.12
3.8588966332302412,5.6349763416871,33.00490943657233,0.03230801661507221,0.023928372100908646,0.0149379748891008,0.034774022709921526,0.03607162789909141,0.015062025110899213,1.12,1.12,1.12,1.12
3.860232882057147,5.636039657521389,33.00492919302839,0.03230781838677543,0.023930298829733188,0.014937975384635802,0.0347742209382183,0.036069701170266866,0.015062024615364211,1.12,1.12,1.12,1.12
3.861569328491755,5.637102921456137,33.00494751278368,0.0323076200600001,0.023932226948519375,0.014937975880552679,0.03477441926499364,0.03606777305148068,0.015062024119447334,1.12,1.12,1.12,1.12
3.8629059724676473,5.638166133320898,33.004964395232875,0.032307421634690026,0.023934156458762845,0.014937976376851986,0.03477461769030371,0.03606584354123721,0.015062023623148027,1.12,1.12,1.12,1.12
3.86424281391832,5.639229292945058,33.00497983977026,0.03230722311078865,0.023936087361962094,0.014937976873534264,0.034774816214205084,0.03606391263803796,0.015062023126465748,1.12,1.12,1.12,1.12
3.865579852777166,5.640292400157828,33.004993845789755,0.03230702448823941,0.023938019659617615,0.014937977370599903,0.034775014836754325,0.03606198034038244,0.01506202262940011,1.12,1.12,1.12,1.12
3.866917088977486,5.641355454788254,33.00500641268485,0.03230682576698579,0.023939953353232624,0.01493797786804929,0.034775213558007945,0.03606004664676743,0.015062022131950722,1.12,1.12,1.12,1.12
3.8682545224524834,5.642418456665206,33.00501753984867,0.03230662694697106,0.023941888444312498,0.014937978365882967,0.034775412378022674,0.036058111555687555,0.015062021634117045,1.12,1.12,1.12,1.12
3.869592153135265,5.643481405617388,33.005027226673924,0.03230642802813849,0.023943824934365115,0.014937978864101337,0.03477561129685525,0.03605617506563494,0.015062021135898676,1.12,1.12,1.12,1.12
3.870929980958838,5.6445443014733305,33.00503547255295,0.03230622901043129,0.023945762824900685,0.01493797936270487,0.03477581031456245,0.03605423717509937,0.015062020637295143,1.12,1.12,1.12,1.12
3.8722680058561196,5.645607144061392,33.00504227687766,0.032306029893792554,0.02394770211743172,0.01493797986169415,0.03477600943120118,0.036052297882568335,0.015062020138305862,1.12,1.12,1.12,1.12
3.873606227759925,5.646669933209762,33.0050476390396,0.03230583067816534,0.02394964281347317,0.014937980361069608,0.0347762086468284,0.03605035718652688,0.015062019638930405,1.12,1.12,1.12,1.12
3.874944646602974,5.6477326687464515,33.005051558429905,0.03230563136349246,0.02395158491454233,0.014937980860831646,0.03477640796150128,0.036048415085457725,0.015062019139168367,1.12,1.12,1.12,1.12
3.876283262317886,5.648795350499309,33.00505403443931,0.03230543194971719,0.02395352842215892,0.01493798136098079,0.03477660737527655,0.03604647157784113,0.015062018639019223,1.12,1.12,1.12,1.12
3.877622074837191,5.649857978296004,33.00505506645817,0.032305232436781905,0.02395547333784484,0.014937981861517458,0.03477680688821183,0.03604452666215521,0.015062018138482555,1.12,1.12,1.12,1.12
3.878961084093313,5.650920551964035,33.0050546538764,0.032305032824629654,0.02395741966312448,0.014937982362442051,0.03477700650036408,0.036042580336875574,0.015062017637557962,1.12,1.12,1.12,1.12
3.880300290018584,5.651983071330726,33.005052796083575,0.032304833113203035,0.023959367399524423,0.014937982863755181,0.0347772062117907,0.03604063260047563,0.015062017136244832,1.12,1.12,1.12,1.12
3.881639692545234,5.653045536223232,33.00504949246884,0.032304633302444596,0.02396131654857367,0.014937983365457208,0.03477740602254914,0.036038683451426384,0.015062016634542805,1.12,1.12,1.12,1.12
3.8829792916054,5.654107946468534,33.005044742420935,0.032304433392297105,0.023963267111803604,0.014937983867548757,0.03477760593269663,0.03603673288819645,0.015062016132451256,1.12,1.12,1.12,1.12
3.884319087131116,5.655170301893438,33.00503854532821,0.03230423338270266,0.02396521909074789,0.014937984370030133,0.034777805942291073,0.03603478090925216,0.01506201562996988,1.12,1.12,1.12,1.12
3.8856590790543226,5.656232602324572,33.005030900578625,0.03230403327360404,0.023967172486942523,0.014937984872901891,0.0347780060513897,0.03603282751305753,0.015062015127098122,1.12,1.12,1.12,1.12
3.886999267306855,5.6572948475884,33.005021807559714,0.032303833064943444,0.023969127301925713,0.014937985376164503,0.03477820626005029,0.03603087269807434,0.01506201462383551,1.12,1.12,1.12,1.12
3.888339651820461,5.658357037511204,33.005011265658624,0.032303632756663314,0.023971083537238203,0.014937985879818413,0.03477840656833042,0.03602891646276185,0.0150620141201816,1.12,1.12,1.12,1.12
3.889680232526778,5.659419171919094,33.004999274262104,0.032303432348705474,0.023973041194422867,0.014937986383864219,0.03477860697628826,0.036026958805577186,0.015062013616135794,1.12,1.12,1.12,1.12
3.891021009357351,5.660481250638006,33.0049858327565,0.03230323184101247,0.023975000275024916,0.014937986888302252,0.03477880748398127,0.03602499972497514,0.015062013111697761,1.12,1.12,1.12,1.12
3.8923619822436275,5.661543273493699,33.00497094052777,0.032303031233526125,0.02397696078059197,0.014937987393133068,0.03477900809146761,0.03602303921940808,0.015062012606866945,1.12,1.12,1.12,1.12
3.8937031511169486,5.662605240311762,33.00495459696141,0.0323028305261886,0.023978922712674045,0.014937987898357069,0.03477920879880514,0.03602107728732601,0.015062012101642944,1.12,1.12,1.12,1.12
3.8950445159085647,5.6636671509176,33.00493680144259,0.032302629718941656,0.023980886072823115,0.01493798840397488,0.03477940960605208,0.03601911392717694,0.015062011596025132,1.12,1.12,1.12,1.12
3.89638607654962,5.664729005136451,33.00491755335602,0.03230242881172729,0.023982850862593663,0.014937988909986932,0.034779610513266446,0.03601714913740639,0.01506201109001308,1.12,1.12,1.12,1.12
3.8977278329711633,5.665790802793371,33.004896852086034,0.03230222780448727,0.02398481708354258,0.014937989416393627,0.034779811520506465,0.03601518291645747,0.015062010583606386,1.12,1.12,1.12,1.12
3.8990697851041443,5.666852543713245,33.00487469701654,0.03230202669716342,0.023986784737228845,0.01493798992319556,0.034780012627830315,0.03601321526277121,0.015062010076804452,1.12,1.12,1.12,1.12
3.9004119328794062,5.667914227720779,33.004851087531065,0.03230182548969723,0.023988753825213815,0.014937990430393122,0.0347802138352965,0.03601124617478624,0.01506200956960689,1.12,1.12,1.12,1.12
3.9017542762277007,5.668975854640504,33.00482602301272,0.032301624182030586,0.023990724349061326,0.014937990937986825,0.03478041514296315,0.03600927565093873,0.015062009062013187,1.12,1.12,1.12,1.12
3.903096815079672,5.670037424296771,33.00479950284419,0.03230142277410497,0.02399269631033729,0.014937991445979293,0.034780616550888765,0.03600730368966276,0.01506200855402072,1.12,1.12,1.12,1.12
3.904439549365872,5.671098936513755,33.00477152640779,0.03230122126586216,0.023994669710610456,0.014937991954397503,0.03478081805913158,0.0360053302893896,0.01506200804560251,1.12,1.12,1.12,1.12
3.9057824790167417,5.672160391115456,33.00474209308538,0.032301019657244134,0.023996644551451757,0.01493799246324172,0.0347810196677496,0.036003355448548297,0.015062007536758293,1.12,1.12,1.12,1.12
3.907125603962627,5.673221787925692,33.00471120225845,0.03230081794819223,0.023998620834434492,0.014937992972511763,0.03478122137680151,0.03600137916556556,0.01506200702748825,1.12,1.12,1.12,1.12
3.9084689241337713,5.674283126768101,33.00467885330806,0.032300616138647986,0.024000598561134262,0.014937993482207632,0.03478142318634575,0.03599940143886579,0.015062006517792381,1.12,1.12,1.12,1.12
3.909812439460316,5.675344407466151,33.00464504561484,0.03230041422855273,0.024002577733128777,0.01493799399232959,0.034781625096441005,0.035997422266871276,0.015062006007670423,1.12,1.12,1.12,1.12
3.9111561498723044,5.676405629843124,33.00460977855908,0.03230021221784807,0.0240045583519983,0.014937994502877569,0.03478182710714567,0.03599544164800175,0.015062005497122444,1.12,1.12,1.12,1.12
3.9125000552996747,5.677466793722128,33.00457305152057,0.03230001010647515,0.02400654041932518,0.014937995013851638,0.034782029218518584,0.035993459580674875,0.015062004986148375,1.12,1.12,1.12,1.12
3.9138441556722663,5.678527898926093,33.004534863878774,0.03229980789437531,0.02400852393669406,0.014937995525252032,0.03478223143061843,0.035991476063305994,0.015062004474747981,1.12,1.12,1.12,1.12
3.915188450919817,5.679588945277766,33.00449521501269,0.03229960558148959,0.024010508905691896,0.014937996037078669,0.03478243374350415,0.03598949109430816,0.015062003962921344,1.12,1.12,1.12,1.12
3.9165329409719614,5.68064993259972,33.004454104300905,0.03229940316775931,0.02401249532790789,0.014937996549331672,0.034782636157234426,0.03598750467209216,0.01506200345066834,1.12,1.12,1.12,1.12
3.9178776257582335,5.681710860714343,33.00441153112164,0.032299200653125526,0.02401448320493374,0.014937997062011127,0.03478283867186821,0.035985516795066314,0.015062002937988886,1.12,1.12,1.12,1.12
3.919222505208065,5.68277172944385,33.00436749485265,0.03229899803752917,0.024016472538363087,0.014937997575117198,0.03478304128746457,0.035983527461636966,0.015062002424882814,1.12,1.12,1.12,1.12
3.9205675792507857,5.68383253861027,33.00432199487132,0.032298795320910956,0.024018463329792017,0.0149379980886499,0.03478324400408278,0.035981536670208036,0.015062001911350112,1.12,1.12,1.12,1.12
3.921912847815623,5.684893288035455,33.004275030554595,0.032298592503212264,0.024020455580818945,0.014937998602609595,0.03478344682178147,0.03597954441918111,0.015062001397390418,1.12,1.12,1.12,1.12
3.9232583108316983,5.685953977541079,33.004226601279015,0.03229838958437342,0.02402244929304459,0.014937999116996212,0.034783649740620315,0.03597755070695546,0.015062000883003801,1.12,1.12,1.12,1.12
3.924603968228035,5.68701460694863,33.004176706420694,0.03229818656433536,0.024024444468071865,0.014937999631809917,0.034783852760658374,0.03597555553192819,0.015062000368190095,1.12,1.12,1.12,1.12
3.925949819933553,5.688075176079419,33.00412534535536,0.03229798344303891,0.02402644110750657,0.01493800014705092,0.03478405588195482,0.035973558892493485,0.015061999852949093,1.12,1.12,1.12,1.12
3.9272958658770687,5.689135684754575,33.0040725174583,0.032297780220424566,0.024028439212956387,0.014938000662719317,0.03478425910456917,0.035971560787043666,0.015061999337280696,1.12,1.12,1.12,1.12
3.928642105987292,5.690196132795047,33.004018222104385,0.03229757689643298,0.024030438786030922,0.014938001178815427,0.03478446242856076,0.03596956121396913,0.015061998821184586,1.12,1.12,1.12,1.12
3.929988540192833,5.6912565200216,33.00396245866809,0.03229737347100475,0.024032439828342272,0.014938001695339237,0.03478466585398898,0.03596756017165778,0.015061998304660776,1.12,1.12,1.12,1.12
3.9313351684221995,5.692316846254819,33.00390522652346,0.03229716994408027,0.02403444234150487,0.014938002212290982,0.034784869380913463,0.035965557658495184,0.01506199778770903,1.12,1.12,1.12,1.12
3.9326819906037915,5.693377111315107,33.003846525044125,0.03229696631559981,0.024036446327135252,0.01493800272967083,0.03478507300939393,0.0359635536728648,0.015061997270329183,1.12,1.12,1.12,1.12
3.9340290066659076,5.694437315022684,33.00378635360329,0.032296762585503846,0.02403845178685249,0.014938003247478973,0.03478527673948989,0.035961548213147565,0.01506199675252104,1.12,1.12,1.12,1.12
3.935376216536744,5.695497457197586,33.003724711573746,0.032296558753732885,0.02404045872227778,0.014938003765715677,0.03478548057126085,0.03595954127772227,0.015061996234284336,1.12,1.12,1.12,1.12
3.936723620144389,5.696557537659672,33.00366159832789,0.03229635482022686,0.02404246713503483,0.01493800428438101,0.03478568450476688,0.035957532864965225,0.015061995715619003,1.12,1.12,1.12,1.12
3.9380712174168275,5.697617556228612,33.00359701323765,0.0322961507849262,0.024044477026749278,0.014938004803475277,0.03478588854006753,0.035955522973250775,0.015061995196524736,1.12,1.12,1.12,1.12
3.9394190082819422,5.698677512723894,33.00353095567458,0.03229594664777086,0.024046488399049437,0.014938005322998646,0.03478609267722288,0.035953511600950616,0.015061994677001367,1.12,1.12,1.12,1.12
3.94076699266751,5.699737406964826,33.003463425009784,0.032295742408701034,0.024048501253565724,0.014938005842951366,0.0347862969162927,0.03595149874643433,0.015061994157048647,1.12,1.12,1.12,1.12
3.9421151705012036,5.700797238770527,33.003394420613965,0.03229553806765667,0.024050515591930943,0.014938006363333686,0.034786501257337066,0.03594948440806911,0.015061993636666327,1.12,1.12,1.12,1.12
3.9434635417105874,5.701857007959937,33.0033239418574,0.03229533362457793,0.024052531415780204,0.014938006884145913,0.03478670570041581,0.03594746858421985,0.0150619931158541,1.12,1.12,1.12,1.12
3.944812106223124,5.70291671435181,33.003251988109945,0.03229512907940463,0.02405454872675089,0.014938007405388073,0.03478691024558911,0.03594545127324916,0.01506199259461194,1.12,1.12,1.12,1.12
3.9461608639661705,5.703976357764713,33.00317855874101,0.0322949244320766,0.024056567526482775,0.014938007927060681,0.03478711489291714,0.03594343247351728,0.015061992072939331,1.12,1.12,1.12,1.12
3.947509814866976,5.705035938017033,33.003103653119624,0.03229471968253367,0.024058587816617877,0.014938008449163737,0.03478731964246007,0.035941412183382176,0.015061991550836276,1.12,1.12,1.12,1.12
3.9488589588526875,5.706095454926967,33.00302727061437,0.03229451483071577,0.024060609598800548,0.014938008971697614,0.034787524494277966,0.035939390401199506,0.015061991028302399,1.12,1.12,1.12,1.12
3.9502082958503437,5.70715490831253,33.002949410593395,0.0322943098765624,0.02406263287467761,0.014938009494662577,0.03478772944843134,0.035937367125322445,0.015061990505337436,1.12,1.12,1.12,1.12
3.951557825786878,5.708214297991552,33.00287007242444,0.03229410482001338,0.024064657645897908,0.014938010018058723,0.034787934504980356,0.035935342354102146,0.01506198998194129,1.12,1.12,1.12,1.12
3.9529075485891165,5.709273623781674,33.002789255474845,0.032293899661008374,0.024066683914112957,0.014938010541886398,0.03478813966398536,0.035933316085887096,0.015061989458113614,1.12,1.12,1.12,1.12
3.9542574641837804,5.710332885500357,33.002706959111464,0.03229369439948687,0.024068711680976407,0.014938011066145979,0.034788344925506864,0.035931288319023647,0.015061988933854034,1.12,1.12,1.12,1.12
3.9556075724974846,5.71139208296487,33.00262318270077,0.03229348903538831,0.024070740948144265,0.014938011590837713,0.034788550289605424,0.03592925905185579,0.0150619884091623,1.12,1.12,1.12,1.12
3.956957873456736,5.712451215992296,33.00253792560881,0.03229328356865241,0.024072771717274843,0.014938012115961824,0.03478875575634133,0.03592722828272521,0.015061987884038189,1.12,1.12,1.12,1.12
3.958308366987938,5.713510284399536,33.00245118720118,0.032293077999218434,0.024074803990028953,0.014938012641518714,0.0347889613257753,0.0359251960099711,0.015061987358481299,1.12,1.12,1.12,1.12
3.9596590530173814,5.7145692880032986,33.00236296684308,0.03229287232702588,0.024076837768069542,0.014938013167508646,0.03478916699796786,0.03592316223193051,0.015061986832491367,1.12,1.12,1.12,1.12
3.9610099314712537,5.715628226620108,33.00227326389924,0.032292666552026006,0.02407887305306211,0.014938013693931829,0.03478937277296773,0.03592112694693794,0.015061986306068184,1.12,1.12,1.12,1.12
3.962361002275634,5.716687100066301,33.00218207773402,0.03229246067416697,0.024080909846674298,0.014938014220788678,0.03478957865082677,0.035919090153325756,0.015061985779211334,1.12,1.12,1.12,1.12
3.9637122653564947,5.717745908158026,33.00208940771128,0.032292254693387756,0.024082948150576267,0.014938014748079403,0.03478978463160598,0.03591705184942379,0.01506198525192061,1.12,1.12,1.12,1.12
3.965063720639698,5.718804650711244,33.00199525319452,0.0322920486096277,0.02408498796644054,0.014938015275804378,0.03478999071536604,0.03591501203355951,0.015061984724195634,1.12,1.12,1.12,1.12
3.966415368051002,5.719863327541725,33.00189961354678,0.03229184242282579,0.024087029295941836,0.014938015803963797,0.03479019690216795,0.03591297070405822,0.015061984196036216,1.12,1.12,1.12,1.12
3.967767207516053,5.720921938465057,33.00180248813065,0.03229163613292135,0.024089072140757395,0.014938016332558063,0.03479040319207238,0.03591092785924266,0.01506198366744195,1.12,1.12,1.12,1.12
3.969119238960393,5.721980483296632,33.001703876308326,0.03229142973985344,0.024091116502566706,0.014938016861587591,0.0347906095851403,0.03590888349743335,0.015061983138412421,1.12,1.12,1.12,1.12
3.970471462309452,5.723038961851657,33.00160377744155,0.032291223243560874,0.02409316238305176,0.014938017391052605,0.03479081608143286,0.035906837616948295,0.015061982608947408,1.12,1.12,1.12,1.12
3.971823877488552,5.724097373945151,33.00150219089165,0.03229101664398287,0.024095209783896843,0.014938017920953409,0.034791022681010864,0.03590479021610321,0.015061982079046604,1.12,1.12,1.12,1.12
3.97317648442291,5.725155719391937,33.00139911601949,0.032290809941058096,0.024097258706788693,0.014938018451290419,0.03479122938393564,0.03590274129321136,0.015061981548709594,1.12,1.12,1.12,1.12
3.974529283037628,5.726213998006656,33.00129455218554,0.032290603134725815,0.024099309153416154,0.01493801898206397,0.03479143619026792,0.0359006908465839,0.015061981017936044,1.12,1.12,1.12,1.12
3.975882273257703,5.727272209603758,33.001188498749826,0.03229039622492463,0.024101361125470844,0.014938019513274281,0.0347916431000691,0.03589863887452921,0.015061980486725732,1.12,1.12,1.12,1.12
3.977235455008024,5.728330353997494,33.00108095507191,0.032290189211593656,0.024103414624646574,0.014938020044921854,0.03479185011340008,0.03589658537535348,0.015061979955078159,1.12,1.12,1.12,1.12
3.978588828213365,5.7293884310019365,33.00097192051096,0.03228998209467121,0.0241054696526396,0.014938020577006897,0.034792057230322526,0.035894530347360454,0.015061979422993116,1.12,1.12,1.12,1.12
3.9799423927983977,5.730446440430958,33.000861394425705,0.0322897748740964,0.024107526211148422,0.014938021109529923,0.03479226445089734,0.03589247378885163,0.01506197889047009,1.12,1.12,1.12,1.12
3.981296148687677,5.731504382098247,33.0007493761744,0.03228956754980783,0.0241095843018741,0.014938021642491278,0.03479247177518591,0.035890415698125955,0.015061978357508735,1.12,1.12,1.12,1.12
3.9826500958056528,5.732562255817296,33.000635865114916,0.03228936012174416,0.024111643926520127,0.014938022175891297,0.03479267920324958,0.03588835607347993,0.015061977824108716,1.12,1.12,1.12,1.12
3.9840042340766626,5.733620061401405,33.000520860604645,0.03228915258984405,0.024113705086792253,0.014938022709730187,0.034792886735149686,0.0358862949132078,0.015061977290269826,1.12,1.12,1.12,1.12
3.9853585634249336,5.734677798663687,33.00040436200058,0.03228894495404594,0.024115767784398806,0.014938023244008475,0.0347930943709478,0.03588423221560125,0.015061976755991538,1.12,1.12,1.12,1.12
3.9867130837745828,5.735735467417061,33.000286368659246,0.032288737214288654,0.024117832021050334,0.01493802377872655,0.03479330211070508,0.03588216797894972,0.015061976221273463,1.12,1.12,1.12,1.12
3.9880677950496173,5.736793067474249,33.00016687993674,0.03228852937051052,0.024119897798460077,0.014938024313884732,0.034793509954483215,0.035880102201539976,0.015061975686115281,1.12,1.12,1.12,1.12
3.9894226971739317,5.737850598647789,33.000045895188734,0.03228832142264998,0.024121965118332922,0.014938024849483436,0.03479371790234376,0.03587803488166713,0.015061975150516577,1.12,1.12,1.12,1.12
3.9907777900713115,5.738908060750019,32.999923413770446,0.03228811337064563,0.02412403398238011,0.014938025385522913,0.034793925954348104,0.03587596601761994,0.0150619746144771,1.12,1.12,1.12,1.12
3.9921330736654292,5.739965453593086,32.99979943503667,0.03228790521443592,0.02412610439232271,0.014938025922003717,0.03479413411055782,0.03587389560767734,0.015061974077996296,1.12,1.12,1.12,1.12
3.9934885478798456,5.741022776988948,32.999673958341745,0.032287696953958944,0.024128176349884012,0.014938026458926126,0.03479434237103479,0.03587182365011604,0.015061973541073886,1.12,1.12,1.12,1.12
3.9948442126380144,5.742080030749362,32.99954698303959,0.03228748858915348,0.02413024985679013,0.014938026996290626,0.03479455073584026,0.03586975014320992,0.015061973003709386,1.12,1.12,1.12,1.12
3.9962000678632705,5.7431372146858966,32.99941850848365,0.03228728011995735,0.02413232491476927,0.014938027534097606,0.034794759205036385,0.03586767508523078,0.015061972465902407,1.12,1.12,1.12,1.12
3.99755611347884,5.7441943286099235,32.99928853402697,0.032287071546309276,0.024134401525552157,0.0149380280723473,0.03479496777868446,0.035865598474447896,0.015061971927652712,1.12,1.12,1.12,1.12
3.9989123494078402,5.745251372332619,32.99915705902211,0.03228686286814736,0.02413647969087218,0.014938028611040238,0.03479517645684638,0.03586352030912787,0.015061971388959774,1.12,1.12,1.12,1.12
4.0002687755732715,5.7463083456649695,32.999024082821244,0.032286654085409594,0.024138559412464844,0.014938029150176918,0.03479538523958414,0.03586144058753521,0.015061970849823095,1.12,1.12,1.12,1.12
4.001625391898023,5.747365248417762,32.99888960477604,0.032286445198034586,0.0241406406920682,0.014938029689757493,0.03479559412695915,0.035859359307931854,0.01506197031024252,1.12,1.12,1.12,1.12
4.002982198304874,5.748422080401589,32.99875362423776,0.03228623620596022,0.02414272353142277,0.014938030229782712,0.03479580311903352,0.03585727646857728,0.015061969770217301,1.12,1.12,1.12,1.12
4.0043391947164855,5.74947884142685,32.998616140557225,0.03228602710912454,0.024144807932271528,0.0149380307702527,0.0347960122158692,0.035855192067728525,0.015061969229747313,1.12,1.12,1.12,1.12
4.0056963810554125,5.750535531303743,32.99847715308479,0.0322858179074656,0.024146893896359822,0.01493803131116804,0.03479622141752814,0.03585310610364023,0.015061968688831973,1.12,1.12,1.12,1.12
4.00705375724409,5.751592149842279,32.99833666117038,0.03228560860092172,0.0241489814254357,0.014938031852529038,0.034796430724072014,0.03585101857456435,0.015061968147470975,1.12,1.12,1.12,1.12
4.008411323204843,5.752648696852264,32.99819466416347,0.032285399189430686,0.024151070521251372,0.01493803239433611,0.03479664013556305,0.03584892947874868,0.015061967605663903,1.12,1.12,1.12,1.12
4.009769078859886,5.75370517214331,32.99805116141309,0.03228518967293048,0.024153161185566208,0.014938032936589712,0.034796849652063255,0.035846838814433846,0.0150619670634103,1.12,1.12,1.12,1.12
4.011127024131312,5.754761575524837,32.99790615226783,0.03228498005135927,0.02415525342013522,0.014938033479290277,0.03479705927363447,0.035844746579864833,0.015061966520709735,1.12,1.12,1.12,1.12
4.012485158941106,5.755817906806062,32.997759636075806,0.03228477032465449,0.024157347226715642,0.01493803402243829,0.03479726900033925,0.03584265277328441,0.015061965977561723,1.12,1.12,1.12,1.12
4.013843483211142,5.756874165796003,32.99761161218472,0.03228456049275452,0.024159442607067427,0.014938034566034208,0.034797478832239215,0.035840557392932626,0.015061965433965804,1.12,1.12,1.12,1.12
4.015201996863168,5.7579303523034895,32.99746207994181,0.03228435055559692,0.024161539562953,0.014938035110078254,0.03479768876939682,0.035838460437047054,0.015061964889921758,1.12,1.12,1.12,1.12
4.016560699818829,5.758986466137144,32.99731103869387,0.032284140513119564,0.024163638096137252,0.014938035654571025,0.03479789881187417,0.0358363619038628,0.015061964345428988,1.12,1.12,1.12,1.12
4.017919591999649,5.760042507105396,32.99715848778723,0.03228393036526034,0.024165738208387383,0.014938036199513033,0.0347981089597334,0.03583426179161267,0.01506196380048698,1.12,1.12,1.12,1.12
4.019278673327042,5.7610984750164755,32.997004426567806,0.03228372011195674,0.024167839901473642,0.014938036744904473,0.034798319213037,0.03583216009852641,0.01506196325509554,1.12,1.12,1.12,1.12
4.020637943722302,5.762154369678409,32.99684885438102,0.032283509753146866,0.024169943177168196,0.014938037290746026,0.03479852957184687,0.03583005682283186,0.015061962709253987,1.12,1.12,1.12,1.12
4.021997403106612,5.763210190899033,32.996691770571864,0.032283299288768164,0.024172048037246124,0.014938037837037996,0.03479874003622557,0.03582795196275393,0.015061962162962017,1.12,1.12,1.12,1.12
4.023357051401034,5.764265938485977,32.99653317448488,0.032283088718758346,0.02417415448348506,0.014938038383780841,0.03479895060623539,0.03582584551651499,0.015061961616219172,1.12,1.12,1.12,1.12
4.024716888526521,5.765321612246676,32.996373065464184,0.03228287804305513,0.024176262517664887,0.014938038930975103,0.034799161281938606,0.035823737482335166,0.01506196106902491,1.12,1.12,1.12,1.12
4.026076914403907,5.76637721198836,32.99621144285337,0.032282667261595954,0.02417837214156829,0.014938039478621115,0.03479937206339778,0.035821627858431765,0.015061960521378898,1.12,1.12,1.12,1.12
4.02743712895391,5.767432737518064,32.99604830599566,0.03228245637431865,0.024180483356980254,0.014938040026719529,0.03479958295067509,0.0358195166430198,0.015061959973280484,1.12,1.12,1.12,1.12
4.0287975320971325,5.768488188642618,32.995883654233765,0.032282245381160646,0.024182596165688686,0.014938040575270609,0.03479979394383309,0.03581740383431137,0.015061959424729404,1.12,1.12,1.12,1.12
4.030158123754058,5.769543565168657,32.99571748690995,0.0322820342820595,0.02418471056948368,0.014938041124274853,0.034800005042934234,0.03581528943051637,0.01506195887572516,1.12,1.12,1.12,1.12
4.0315189038450585,5.770598866902613,32.995549803366075,0.032281823076952654,0.024186826570158,0.014938041673732763,0.03480021624804108,0.035813173429842055,0.01506195832626725,1.12,1.12,1.12,1.12
4.032879872290384,5.771654093650713,32.99538060294348,0.03228161176577771,0.024188944169507093,0.01493804222364481,0.03480042755921603,0.03581105583049296,0.015061957776355203,1.12,1.12,1.12,1.12
4.034241029010173,5.7727092452189845,32.995209884983076,0.0322814003484721,0.02419106336932894,0.014938042774011326,0.034800638976521636,0.03580893663067111,0.015061957225988687,1.12,1.12,1.12,1.12
4.0356023739244415,5.773764321413257,32.99503764882534,0.03228118882497322,0.024193184171423937,0.014938043324832978,0.03480085050002052,0.035806815828576116,0.015061956675167035,1.12,1.12,1.12,1.12
4.036963906953093,5.774819322039153,32.99486389381026,0.03228097719521855,0.02419530657759536,0.014938043876110169,0.034801062129775184,0.03580469342240469,0.015061956123889844,1.12,1.12,1.12,1.12
4.038325628015911,5.775874246902095,32.99468861927738,0.03228076545914538,0.02419743058964874,0.014938044427843244,0.03480127386584836,0.035802569410351315,0.015061955572156768,1.12,1.12,1.12,1.12
4.039687537032558,5.776929095807304,32.994511824565784,0.03228055361669124,0.02419955620939232,0.014938044980032872,0.03480148570830249,0.03580044379060773,0.015061955019967141,1.12,1.12,1.12,1.12
4.041049633922586,5.7779838685597955,32.99433350901411,0.0322803416677932,0.024201683438637184,0.014938045532679342,0.03480169765720054,0.03579831656136287,0.01506195446732067,1.12,1.12,1.12,1.12
4.042411918605423,5.779038564964385,32.99415367196051,0.032280129612388686,0.0242038122791966,0.014938046085783196,0.03480190971260505,0.03579618772080345,0.015061953914216816,1.12,1.12,1.12,1.12
4.043774391000385,5.780093184825681,32.99397231274271,0.03227991745041503,0.02420594273288673,0.014938046639344948,0.034802121874578706,0.03579405726711332,0.015061953360655064,1.12,1.12,1.12,1.12
4.045137051026661,5.781147727948093,32.99378943069795,0.032279705181809615,0.024208074801526314,0.01493804719336507,0.03480233414318412,0.03579192519847374,0.015061952806634943,1.12,1.12,1.12,1.12
4.046499898603327,5.78220219413582,32.99360502516303,0.03227949280650949,0.024210208486936502,0.014938047747844047,0.034802546518484245,0.03578979151306355,0.015061952252155966,1.12,1.12,1.12,1.12
4.0478629336493395,5.7832565831928635,32.993419095474266,0.03227928032445204,0.02421234379094142,0.014938048302782378,0.034802759000541694,0.03578765620905863,0.015061951697217635,1.12,1.12,1.12,1.12
4.049226156083536,5.784310894923014,32.99323164096754,0.03227906773557432,0.02421448071536736,0.01493804885818048,0.03480297158941942,0.035785519284632694,0.015061951141819532,1.12,1.12,1.12,1.12
4.050589565824636,5.785365129129865,32.99304266097824,0.03227885503981354,0.02421661926204366,0.01493804941403902,0.0348031842851802,0.035783380737956394,0.015061950585960993,1.12,1.12,1.12,1.12
4.051953162791233,5.786419285616798,32.99285215484132,0.032278642237106914,0.024218759432802134,0.01493804997035833,0.03480339708788682,0.03578124056719792,0.015061950029641683,1.12,1.12,1.12,1.12
4.053316946901812,5.787473364186991,32.99266012189127,0.032278429327391556,0.024220901229477287,0.014938050527138938,0.03480360999760218,0.035779098770522766,0.015061949472861075,1.12,1.12,1.12,1.12
4.054680918074727,5.788527364643419,32.992466561462095,0.032278216310604624,0.02422304465390604,0.014938051084381301,0.03480382301438911,0.035776955346094014,0.015061948915618711,1.12,1.12,1.12,1.12
4.056045076228221,5.789581286788847,32.992271472887346,0.03227800318668311,0.02422518970792842,0.014938051642086017,0.03480403613831062,0.035774810292071635,0.015061948357913996,1.12,1.12,1.12,1.12
4.0574094212804095,5.790635130425837,32.99207485550012,0.03227778995556402,0.024227336393386645,0.014938052200253446,0.03480424936942972,0.03577266360661341,0.015061947799746567,1.12,1.12,1.12,1.12
4.058773953149293,5.791688895356743,32.991876708633036,0.03227757661718472,0.0242294847121258,0.014938052758884157,0.034804462707809014,0.035770515287874255,0.015061947241115856,1.12,1.12,1.12,1.12
4.060138671752751,5.792742581383713,32.99167703161825,0.032277363171482,0.02423163466599368,0.014938053317978775,0.03480467615351174,0.035768365334006375,0.015061946682021238,1.12,1.12,1.12,1.12
4.061503577008537,5.79379618830869,32.991475823787454,0.0322771496183929,0.024233786256840695,0.014938053877537535,0.03480488970660084,0.03576621374315936,0.015061946122462477,1.12,1.12,1.12,1.12
4.06286866883429,5.794849715933402,32.99127308447187,0.0322769359578543,0.024235939486519947,0.014938054437561146,0.034805103367139434,0.035764060513480106,0.015061945562438867,1.12,1.12,1.12,1.12
4.064233947147526,5.795903164059377,32.99106881300226,0.03227672218980343,0.024238094356887174,0.014938054998050149,0.034805317135190306,0.03576190564311288,0.015061945001949864,1.12,1.12,1.12,1.12
4.0655994118656364,5.796956532487931,32.9908630087089,0.03227650831417711,0.02424025086980089,0.014938055559004904,0.034805531010816626,0.035759749130199164,0.01506194444099511,1.12,1.12,1.12,1.12
4.0669650629058935,5.798009821020175,32.990655670921626,0.032276294330912225,0.024242409027122297,0.01493805612042591,0.03480574499408151,0.035757590972877756,0.015061943879574102,1.12,1.12,1.12,1.12
4.06833090018545,5.79906302945701,32.99044679896977,0.03227608023994588,0.024244568830715157,0.014938056682313794,0.034805959085047855,0.035755431169284896,0.015061943317686219,1.12,1.12,1.12,1.12
4.069696923621332,5.800116157599128,32.99023639218224,0.032275866041214796,0.02424673028244606,0.014938057244669026,0.03480617328377894,0.03575326971755399,0.015061942755330987,1.12,1.12,1.12,1.12
4.071063133130447,5.80116920524701,32.99002444988743,0.03227565173465591,0.024248893384184345,0.014938057807492022,0.03480638759033783,0.03575110661581571,0.01506194219250799,1.12,1.12,1.12,1.12
4.07242952862958,5.802222172200931,32.98981097141328,0.03227543732020621,0.02425105813780179,0.014938058370783533,0.034806602004787524,0.035748941862198264,0.01506194162921648,1.12,1.12,1.12,1.12
4.073796110035391,5.8032750582609545,32.989595956087264,0.032275222797802205,0.02425322454517337,0.014938058934543919,0.03480681652719153,0.035746775454826685,0.015061941065456094,1.12,1.12,1.12,1.12
4.075162877264419,5.804327863226935,32.98937940323638,0.03227500816738127,0.0242553926081763,0.014938059498774012,0.03480703115761247,0.03574460739182375,0.015061940501226001,1.12,1.12,1.12,1.12
4.07652983023308,5.805380586898515,32.98916131218714,0.03227479342887962,0.024257562328690863,0.014938060063474215,0.034807245896114114,0.03574243767130919,0.015061939936525798,1.12,1.12,1.12,1.12
4.077896968857669,5.806433229075129,32.98894168226562,0.03227457858223454,0.024259733708600045,0.014938060628645042,0.0348074607427592,0.03574026629140001,0.015061939371354971,1.12,1.12,1.12,1.12
4.079264293054353,5.807485789555997,32.98872051279738,0.03227436362738256,0.024261906749789314,0.014938061194287061,0.03480767569761117,0.03573809325021074,0.015061938805712952,1.12,1.12,1.12,1.12
4.080631802739175,5.808538268140133,32.98849780310752,0.03227414856426053,0.02426408145414699,0.014938061760400675,0.03480789076073321,0.03573591854585306,0.015061938239599337,1.12,1.12,1.12,1.12
4.081999497828061,5.8095906646263344,32.98827355252068,0.0322739333928051,0.024266257823564397,0.014938062326986565,0.03480810593218864,0.03573374217643566,0.015061937673013448,1.12,1.12,1.12,1.12
4.083367378236808,5.81064297881319,32.98804776036101,0.032273718112953154,0.024268435859935378,0.01493806289404509,0.03480832121204058,0.035731564140064676,0.015061937105954923,1.12,1.12,1.12,1.12
4.084735443881092,5.8116952104990744,32.987820425952194,0.03227350272464141,0.0242706155651565,0.01493806346157689,0.034808536600352324,0.03572938443484355,0.015061936538423124,1.12,1.12,1.12,1.12
4.086103694676459,5.812747359482154,32.98759154861743,0.032273287227806424,0.0242727969411273,0.014938064029582504,0.03480875209718731,0.03572720305887275,0.015061935970417509,1.12,1.12,1.12,1.12
4.087472130538335,5.813799425560378,32.987361127679435,0.03227307162238496,0.02427497998975009,0.014938064598062392,0.03480896770260877,0.035725020010249964,0.01506193540193762,1.12,1.12,1.12,1.12
4.08884075138202,5.814851408531485,32.98712916246046,0.03227285590831391,0.024277164712929594,0.01493806516701715,0.03480918341667982,0.03572283528707046,0.015061934832982862,1.12,1.12,1.12,1.12
4.090209557122691,5.8159033081930005,32.986895652282286,0.03227264008552949,0.02427935111257376,0.014938065736447306,0.034809399239464245,0.03572064888742629,0.015061934263552706,1.12,1.12,1.12,1.12
4.091578547675396,5.816955124342236,32.98666059646618,0.032272424153968804,0.02428153919059306,0.014938066306353928,0.03480961517102493,0.03571846080940699,0.015061933693646085,1.12,1.12,1.12,1.12
4.092947722955062,5.818006856776288,32.986423994332974,0.03227220811356818,0.02428372894890088,0.014938066876737821,0.03480983121142556,0.035716271051099174,0.015061933123262192,1.12,1.12,1.12,1.12
4.094317082876485,5.81905850529204,32.986185845202996,0.032271991964264446,0.024285920389413296,0.01493806744759972,0.03481004736072929,0.03571407961058676,0.015061932552400292,1.12,1.12,1.12,1.12
4.0956866273543415,5.820110069686163,32.98594614839608,0.03227177570599998,0.02428811351404947,0.01493806801894007,0.03481026361899375,0.035711886485950584,0.015061931981059942,1.12,1.12,1.12,1.12
4.097056356303175,5.821161549755111,32.98570490323161,0.03227155933871234,0.024290308324731086,0.014938068590759399,0.034810479986281395,0.03570969167526897,0.015061931409240614,1.12,1.12,1.12,1.12
4.09842626963741,5.822212945295123,32.98546210902847,0.032271342862337904,0.024292504823382688,0.014938069163058246,0.03481069646265583,0.035707495176617365,0.015061930836941767,1.12,1.12,1.12,1.12
4.09979636727134,5.823264256102222,32.985217765105055,0.03227112627681317,0.024294703011931734,0.014938069735837112,0.03481091304818057,0.03570529698806832,0.015061930264162901,1.12,1.12,1.12,1.12
4.101166649119134,5.824315481972218,32.984971870779304,0.03227090958207479,0.024296902892308514,0.014938070309096538,0.034811129742918945,0.03570309710769154,0.015061929690903475,1.12,1.12,1.12,1.12
4.102537115094829,5.825366622700705,32.984724425368654,0.03227069277805911,0.02429910446644601,0.014938070882837107,0.03481134654693463,0.035700895533554045,0.015061929117162906,1.12,1.12,1.12,1.12
4.103907765112345,5.826417678083057,32.984475428190045,0.03227047586470272,0.024301307736280198,0.01493807145705929,0.03481156346029102,0.035698692263719856,0.015061928542940722,1.12,1.12,1.12,1.12
4.105278599085463,5.827468647914438,32.98422487855997,0.03227025884194196,0.024303512703749836,0.014938072031763783,0.03481178048305178,0.03569648729625022,0.01506192796823623,1.12,1.12,1.12,1.12
4.106649616927848,5.828519531989787,32.983972775794385,0.03227004170971359,0.024305719370796536,0.014938072606950889,0.034811997615280144,0.03569428062920352,0.015061927393049124,1.12,1.12,1.12,1.12
4.10802081855303,5.829570330103833,32.98371911920883,0.032269824467953734,0.024307927739364937,0.014938073182621234,0.03481221485704,0.035692072260635116,0.015061926817378779,1.12,1.12,1.12,1.12
4.1093922038744095,5.830621042051085,32.98346390811828,0.0322696071165991,0.02431013781140212,0.014938073758775386,0.03481243220839464,0.03568986218859793,0.015061926241224627,1.12,1.12,1.12,1.12
4.110763772805268,5.831671667625834,32.98320714183729,0.032269389655585956,0.024312349588858417,0.014938074335414026,0.03481264966940778,0.035687650411141636,0.015061925664585987,1.12,1.12,1.12,1.12
4.112135525258749,5.832722206622153,32.98294881967989,0.03226917208485075,0.0243145630736869,0.014938074912537527,0.034812867240142986,0.03568543692631315,0.015061925087462485,1.12,1.12,1.12,1.12
4.113507461147872,5.833772658833896,32.982688940959626,0.032268954404329975,0.024316778267843703,0.014938075490146377,0.03481308492066376,0.03568322173215635,0.015061924509853636,1.12,1.12,1.12,1.12
4.11487958038553,5.8348230240547,32.98242750498955,0.03226873661395996,0.02431899517328745,0.01493807606824131,0.03481330271103378,0.0356810048267126,0.015061923931758703,1.12,1.12,1.12,1.12
4.116251882884482,5.835873302077985,32.98216451108227,0.0322685187136772,0.024321213791979962,0.014938076646822812,0.03481352061131654,0.03567878620802009,0.0150619233531772,1.12,1.12,1.12,1.12
4.117624368557361,5.836923492696945,32.981899958549846,0.032268300703418074,0.024323434125885918,0.01493807722589141,0.03481373862157566,0.035676565874114136,0.015061922774108602,1.12,1.12,1.12,1.12
4.118997037316671,5.837973595704561,32.981633846703865,0.03226808258311897,0.02432565617697277,0.014938077805447689,0.03481395674187476,0.03567434382302728,0.015061922194552324,1.12,1.12,1.12,1.12
4.120369889074784,5.839023610893593,32.98136617485543,0.032267864352716114,0.02432787994721114,0.014938078385492187,0.03481417497227762,0.035672120052788914,0.015061921614507826,1.12,1.12,1.12,1.12
4.121742923743942,5.840073538056578,32.981096942315176,0.032267646012146156,0.024330105438574223,0.014938078966025475,0.03481439331284758,0.03566989456142583,0.015061921033974537,1.12,1.12,1.12,1.12
4.123116141236262,5.841123376985834,32.9808261483932,0.0322674275613451,0.024332332653038413,0.014938079547047942,0.03481461176364864,0.03566766734696164,0.015061920452952071,1.12,1.12,1.12,1.12
4.124489541463727,5.84217312747346,32.980553792399135,0.0322672090002496,0.024334561592582765,0.014938080128560474,0.03481483032474414,0.03566543840741729,0.015061919871439539,1.12,1.12,1.12,1.12
4.125863124338188,5.843222789311333,32.98027987364212,0.03226699032879582,0.02433679225918961,0.014938080710563448,0.03481504899619792,0.03566320774081044,0.015061919289436565,1.12,1.12,1.12,1.12
4.127236889771368,5.844272362291105,32.98000439143077,0.03226677154692026,0.02433902465484411,0.014938081293057362,0.03481526777807348,0.03566097534515594,0.01506191870694265,1.12,1.12,1.12,1.12
4.1286108376748585,5.845321846204212,32.979727345073236,0.03226655265455908,0.024341258781534092,0.014938081876042869,0.03481548667043466,0.03565874121846596,0.015061918123957144,1.12,1.12,1.12,1.12
4.129984967960122,5.846371240841865,32.979448733877184,0.032266333651648604,0.0243434946412506,0.014938082459520427,0.03481570567334513,0.03565650535874945,0.015061917540479586,1.12,1.12,1.12,1.12
4.131359280538485,5.847420545995053,32.979168557149755,0.032266114538125334,0.0243457322359876,0.014938083043490757,0.0348159247868684,0.035654267764012454,0.015061916956509255,1.12,1.12,1.12,1.12
4.132733775321146,5.848469761454543,32.9788868141976,0.03226589531392532,0.02434797156774199,0.014938083627954332,0.03481614401106842,0.035652028432258065,0.01506191637204568,1.12,1.12,1.12,1.12
4.134108452219172,5.849518887010877,32.978603504326884,0.032265675978985164,0.024350212638513724,0.01493808421291172,0.03481636334600857,0.03564978736148633,0.015061915787088292,1.12,1.12,1.12,1.12
4.135483311143496,5.850567922454378,32.978318626843276,0.032265456533240866,0.024352455450305344,0.014938084798363546,0.03481658279175287,0.03564754454969471,0.015061915201636467,1.12,1.12,1.12,1.12
4.1368583520049205,5.851616867575139,32.978032181051915,0.03226523697662881,0.024354700005122937,0.014938085384310393,0.03481680234836493,0.03564529999487712,0.01506191461568962,1.12,1.12,1.12,1.12
4.138233574714113,5.852665722163038,32.977744166257494,0.032265017309085375,0.02435694630497523,0.014938085970752787,0.03481702201590836,0.03564305369502482,0.015061914029247225,1.12,1.12,1.12,1.12
4.139608979181616,5.853714486007718,32.977454581764164,0.03226479753054695,0.024359194351812496,0.014938086557691355,0.034817241794446785,0.03564080564818756,0.015061913442308658,1.12,1.12,1.12,1.12
4.140984565317825,5.85476315889861,32.9771634268756,0.03226457764094959,0.024361444147648792,0.01493808714512658,0.03481746168404415,0.03563855585235126,0.015061912854873433,1.12,1.12,1.12,1.12
4.142360333033016,5.855811740624908,32.97687070089497,0.032264357640229835,0.024363695694504695,0.014938087733059144,0.0348176816847639,0.03563630430549536,0.015061912266940869,1.12,1.12,1.12,1.12
4.143736282237323,5.856860230975593,32.976576403124966,0.03226413752832402,0.02436594899440392,0.014938088321489476,0.034817901796669715,0.035634051005596135,0.015061911678510537,1.12,1.12,1.12,1.12
4.145112412840752,5.857908629739407,32.97628053286774,0.03226391730516831,0.024368204049373038,0.014938088910418187,0.034818122019825426,0.035631795950627015,0.015061911089581825,1.12,1.12,1.12,1.12
4.146488724753168,5.858956936704882,32.975983089424965,0.032263696970698974,0.024370460861441373,0.014938089499846041,0.03481834235429476,0.03562953913855868,0.015061910500153972,1.12,1.12,1.12,1.12
4.1478652178843145,5.860005151660309,32.975684072097806,0.032263476524852674,0.024372719432641438,0.014938090089773537,0.03481856280014106,0.035627280567358616,0.015061909910226476,1.12,1.12,1.12,1.12
4.149241892143786,5.861053274393763,32.97538348018692,0.03226325596756546,0.02437497976500852,0.01493809068020116,0.03481878335742827,0.035625020234991533,0.015061909319798852,1.12,1.12,1.12,1.12
4.150618747441055,5.862101304693086,32.975081312992465,0.03226303529877361,0.02437724186058088,0.014938091271129605,0.034819004026220124,0.035622758139419175,0.015061908728870407,1.12,1.12,1.12,1.12
4.151995783685454,5.863149242345894,32.974777569814094,0.032262814518413674,0.024379505721399825,0.014938091862559372,0.03481922480658006,0.03562049427860023,0.015061908137440641,1.12,1.12,1.12,1.12
4.153373000786178,5.864197087139582,32.97447224995094,0.03226259362642181,0.024381771349509612,0.01493809245449107,0.03481944569857193,0.03561822865049044,0.015061907545508943,1.12,1.12,1.12,1.12
4.154750398652295,5.865244838861306,32.974165352701654,0.032262372622733904,0.024384038746957493,0.014938093046925352,0.03481966670225983,0.03561596125304256,0.01506190695307466,1.12,1.12,1.12,1.12
4.156127977192731,5.866292497298004,32.97385687736435,0.03226215150728662,0.02438630791579366,0.014938093639862635,0.03481988781770712,0.035613692084206394,0.015061906360137378,1.12,1.12,1.12,1.12
4.157505736316277,5.86734006223638,32.97354682323666,0.03226193028001628,0.024388578858071303,0.014938094233303764,0.034820109044977454,0.03561142114192875,0.015061905766696249,1.12,1.12,1.12,1.12
4.15888367593159,5.868387533462913,32.97323518961569,0.03226170894085889,0.024390851575846584,0.014938094827249143,0.034820330384134845,0.03560914842415347,0.01506190517275087,1.12,1.12,1.12,1.12
4.1602617959471955,5.869434910763849,32.972921975798066,0.03226148748975077,0.024393126071178772,0.014938095421699465,0.03482055183524296,0.03560687392882128,0.015061904578300547,1.12,1.12,1.12,1.12
4.161640096271475,5.870482193925209,32.97260718107985,0.032261265926628424,0.024395402346130163,0.014938096016655245,0.03482077339836531,0.03560459765386989,0.015061903983344768,1.12,1.12,1.12,1.12
4.163018576812678,5.8715293827327795,32.97229080475665,0.032261044251427895,0.024397680402766103,0.014938096612117105,0.03482099507356584,0.03560231959723395,0.015061903387882908,1.12,1.12,1.12,1.12
4.164397237478917,5.872576476972121,32.971972846123535,0.03226082246408535,0.024399960243154856,0.014938097208085727,0.03482121686090839,0.0356000397568452,0.015061902791914286,1.12,1.12,1.12,1.12
4.165776078178166,5.87362347642856,32.97165330447507,0.03226060056453739,0.024402241869367763,0.01493809780456165,0.03482143876045635,0.03559775813063229,0.015061902195438362,1.12,1.12,1.12,1.12
4.167155098818266,5.874670380887199,32.97133217910528,0.03226037855271985,0.024404525283479278,0.014938098401545447,0.03482166077227389,0.035595474716520775,0.015061901598454566,1.12,1.12,1.12,1.12
4.168534299306914,5.875717190132903,32.971009469307745,0.032260156428569164,0.024406810487566988,0.014938098999037724,0.03482188289642457,0.035593189512433066,0.015061901000962288,1.12,1.12,1.12,1.12
4.1699136795516765,5.876763903950308,32.97068517437546,0.0322599341920215,0.024409097483711423,0.014938099597039123,0.034822105132972236,0.03559090251628863,0.01506190040296089,1.12,1.12,1.12,1.12
4.17129323945998,5.8778105221238155,32.970359293600936,0.03225971184301313,0.02441138627399614,0.014938100195550183,0.03482232748198061,0.035588613726003915,0.01506189980444983,1.12,1.12,1.12,1.12
4.172672978939111,5.878857044437602,32.970031826276184,0.03225948938148021,0.02441367686050805,0.01493810079457146,0.034822549943513526,0.035586323139492004,0.015061899205428553,1.12,1.12,1.12,1.12
4.1740528978962175,5.879903470675607,32.969702771692674,0.03225926680735908,0.02441596924533687,0.0149381013941038,0.03482277251763466,0.03558403075466318,0.015061898605896212,1.12,1.12,1.12,1.12
4.175432996238314,5.880949800621538,32.96937212914137,0.032259044120585945,0.024418263430575488,0.014938101994147662,0.03482299520440779,0.035581736569424566,0.01506189800585235,1.12,1.12,1.12,1.12
4.176813273872272,5.881996034058867,32.969039897912715,0.03225882132109714,0.024420559418320054,0.014938102594703573,0.034823218003896594,0.03557944058168,0.01506189740529644,1.12,1.12,1.12,1.12
4.178193730704826,5.883042170770837,32.968706077296645,0.03225859840882861,0.024422857210669613,0.014938103195772198,0.03482344091616513,0.03557714278933044,0.015061896804227815,1.12,1.12,1.12,1.12
4.179574366642568,5.884088210540458,32.96837066658259,0.03225837538371684,0.0244251568097264,0.014938103797354232,0.034823663941276894,0.03557484319027365,0.01506189620264578,1.12,1.12,1.12,1.12
4.18095518159196,5.8851341531505,32.968033665059416,0.032258152245697946,0.024427458217595954,0.014938104399450272,0.03482388707929579,0.0355725417824041,0.01506189560054974,1.12,1.12,1.12,1.12
4.182336175459311,5.886179998383506,32.9676950720155,0.032257928994708196,0.024429761436386754,0.014938105002060872,0.03482411033028554,0.0355702385636133,0.01506189499793914,1.12,1.12,1.12,1.12
4.183717348150799,5.887225746021779,32.967354886738725,0.032257705630683864,0.024432066468210445,0.0149381056051867,0.03482433369430987,0.03556793353178961,0.015061894394813313,1.12,1.12,1.12,1.12
4.185098699572461,5.888271395847389,32.967013108516404,0.032257482153561,0.024434373315182167,0.014938106208828211,0.034824557171432735,0.035565626684817886,0.015061893791171801,1.12,1.12,1.12,1.12
4.186480229630193,5.889316947642172,32.96666973663535,0.0322572585632761,0.02443668197941956,0.014938106812986227,0.03482478076171763,0.03556331802058049,0.015061893187013786,1.12,1.12,1.12,1.12
4.187861938229748,5.890362401187727,32.96632477038188,0.032257034859765166,0.02443899246304404,0.014938107417661287,0.03482500446522857,0.03556100753695601,0.015061892582338726,1.12,1.12,1.12,1.12
4.189243825276744,5.891407756265416,32.96597820904174,0.03225681104296457,0.024441304768180017,0.014938108022854002,0.034825228282029164,0.03555869523182004,0.01506189197714601,1.12,1.12,1.12,1.12
4.190625890676652,5.892453012656368,32.96563005190018,0.032256587112810486,0.024443618896954844,0.014938108628564942,0.03482545221218325,0.03555638110304521,0.015061891371435071,1.12,1.12,1.12,1.12
4.192008134334805,5.8934981701414735,32.965280298241936,0.03225636306923907,0.02444593485149943,0.014938109234794772,0.03482567625575467,0.035554065148500624,0.01506189076520524,1.12,1.12,1.12,1.12
4.1933905561563956,5.894543228501383,32.9649289473512,0.03225613891218676,0.024448252633947537,0.014938109841544173,0.034825900412806976,0.035551747366052516,0.01506189015845584,1.12,1.12,1.12,1.12
4.19477315604647,5.895588187516516,32.96457599851165,0.03225591464158961,0.024450572246436403,0.014938110448813754,0.034826124683404125,0.03554942775356365,0.015061889551186258,1.12,1.12,1.12,1.12
4.196155933909938,5.89663304696705,32.96422145100643,0.03225569025738406,0.02445289369110648,0.014938111056604114,0.034826349067609674,0.03554710630889357,0.015061888943395899,1.12,1.12,1.12,1.12
4.197538889651562,5.8976778066329265,32.96386530411818,0.03225546575950616,0.024455216970101307,0.014938111664915849,0.03482657356548757,0.03554478302989875,0.015061888335084164,1.12,1.12,1.12,1.12
4.198922023175968,5.8987224662938464,32.96350755712898,0.032255241147892355,0.024457542085567635,0.014938112273749596,0.03482679817710138,0.03554245791443242,0.015061887726250417,1.12,1.12,1.12,1.12
4.200305334387637,5.899767025729275,32.96314820932041,0.0322550164224788,0.02445986903965547,0.01493811288310612,0.03482702290251494,0.035540130960344585,0.015061887116893893,1.12,1.12,1.12,1.12
4.201688823190902,5.900811484718436,32.962787259973496,0.03225479158320177,0.024462197834518223,0.014938113492985905,0.03482724774179197,0.03553780216548183,0.015061886507014108,1.12,1.12,1.12,1.12
4.20307248948996,5.901855843040318,32.96242470836877,0.032254566629997594,0.024464528472312314,0.014938114103389591,0.03482747269499614,0.03553547152768774,0.015061885896610422,1.12,1.12,1.12,1.12
4.204456333188861,5.902900100473662,32.9620605537862,0.032254341562802435,0.024466860955197733,0.014938114714317871,0.0348276977621913,0.03553313904480232,0.015061885285682142,1.12,1.12,1.12,1.12
4.205840354191513,5.903944256796976,32.96169479550526,0.03225411638155268,0.02446919528533728,0.014938115325771342,0.03482792294344106,0.03553080471466277,0.01506188467422867,1.12,1.12,1.12,1.12
4.207224552401679,5.904988311788528,32.96132743280484,0.03225389108618443,0.0244715314648975,0.01493811593775067,0.03482814823880931,0.03552846853510255,0.015061884062249342,1.12,1.12,1.12,1.12
4.2086089277229775,5.906032265226338,32.96095846496336,0.03225366567663407,0.024473869496047934,0.014938116550256383,0.03482837364835967,0.03552613050395212,0.01506188344974363,1.12,1.12,1.12,1.12
4.209993480058885,5.907076116888193,32.960587891258676,0.03225344015283782,0.024476209380961456,0.014938117163289133,0.034828599172155916,0.0355237906190386,0.01506188283671088,1.12,1.12,1.12,1.12
4.2113782093127305,5.908119866551636,32.96021571096811,0.032253214514732176,0.02447855112181424,0.014938117776849683,0.03482882481026156,0.03552144887818581,0.01506188222315033,1.12,1.12,1.12,1.12
4.212763115387703,5.909163513993964,32.959841923368444,0.032252988762253354,0.02448089472078599,0.01493811839093867,0.03482905056274038,0.035519105279214064,0.015061881609061342,1.12,1.12,1.12,1.12
4.214148198186839,5.910207058992242,32.95946652773595,0.03225276289533752,0.024483240180059235,0.014938119005556708,0.03482927642965622,0.03551675981994082,0.015061880994443305,1.12,1.12,1.12,1.12
4.215533457613034,5.911250501323281,32.95908952334634,0.032252536913921215,0.024485587501820227,0.014938119620704363,0.03482950241107252,0.035514412498179826,0.01506188037929565,1.12,1.12,1.12,1.12
4.216918893569041,5.912293840763656,32.95871090947483,0.03225231081794061,0.024487936688258466,0.01493812023638233,0.034829728507053126,0.03551206331174159,0.015061879763617683,1.12,1.12,1.12,1.12
4.2183045059574615,5.913337077089697,32.95833068539605,0.03225208460733209,0.024490287741566696,0.014938120852591136,0.03482995471766165,0.03550971225843336,0.015061879147408877,1.12,1.12,1.12,1.12
4.219690294680757,5.91438021007749,32.95794885038411,0.03225185828203192,0.0244926406639408,0.0149381214693316,0.034830181042961816,0.03550735933605925,0.015061878530668413,1.12,1.12,1.12,1.12
4.221076259641234,5.915423239502882,32.95756540371262,0.0322516318419766,0.024494995457580604,0.01493812208660436,0.034830407483017134,0.03550500454241945,0.015061877913395652,1.12,1.12,1.12,1.12
4.222462400741061,5.916466165141469,32.957180344654596,0.0322514052871023,0.02449735212468862,0.014938122704409959,0.03483063403789144,0.03550264787531143,0.015061877295590054,1.12,1.12,1.12,1.12
4.223848717882256,5.917508986768605,32.95679367248254,0.0322511786173455,0.024499710667471225,0.01493812332274913,0.03483086070764824,0.03550028933252883,0.015061876677250882,1.12,1.12,1.12,1.12
4.225235210966691,5.9185517041594,32.95640538646843,0.03225095183264243,0.024502071088137817,0.01493812394162243,0.03483108749235131,0.03549792891186224,0.015061876058377582,1.12,1.12,1.12,1.12
4.226621879896089,5.91959431708872,32.95601548588368,0.03225072493292963,0.024504433388901348,0.01493812456103065,0.034831314392064106,0.035495566611098706,0.015061875438969363,1.12,1.12,1.12,1.12
4.228008724572028,5.920636825331181,32.95562396999917,0.032250497918143384,0.02450679757197813,0.014938125180974302,0.03483154140685035,0.035493202428021925,0.015061874819025711,1.12,1.12,1.12,1.12
4.229395744895938,5.921679228661157,32.95523083808526,0.03225027078822018,0.024509163639587717,0.014938125801454205,0.034831768536773555,0.03549083636041234,0.015061874198545808,1.12,1.12,1.12,1.12
4.230782940769096,5.922721526852776,32.95483608941172,0.03225004354309624,0.024511531593953306,0.014938126422470832,0.034831995781897496,0.03548846840604675,0.01506187357752918,1.12,1.12,1.12,1.12
4.23217031209264,5.923763719679916,32.95443972324783,0.03224981618270817,0.024513901437301422,0.014938127044024946,0.03483222314228557,0.03548609856269863,0.015061872955975067,1.12,1.12,1.12,1.12
4.233557858767549,5.924805806916213,32.95404173886229,0.032249588706992405,0.02451627317186167,0.014938127666117226,0.03483245061800133,0.035483726828138384,0.015061872333882786,1.12,1.12,1.12,1.12
4.234945580694662,5.925847788335048,32.953642135523275,0.032249361115885056,0.02451864679986765,0.014938128288748187,0.03483267820910868,0.035481353200132404,0.015061871711251826,1.12,1.12,1.12,1.12
4.2363334777746635,5.926889663709562,32.9532409124984,0.03224913340932295,0.024521022323555963,0.014938128911918605,0.03483290591567079,0.03547897767644409,0.015061871088081408,1.12,1.12,1.12,1.12
4.237721549908094,5.927931432812644,32.95283806905475,0.032248905587242305,0.02452339974516668,0.01493812953562916,0.03483313373775143,0.035476600254833374,0.015061870464370852,1.12,1.12,1.12,1.12
4.239109796995337,5.928973095416936,32.952433604458854,0.03224867764957967,0.02452577906694342,0.014938130159880394,0.034833361675414065,0.03547422093305663,0.015061869840119618,1.12,1.12,1.12,1.12
4.240498218936634,5.93001465129483,32.95202751797671,0.0322484495962716,0.024528160291133194,0.014938130784673154,0.034833589728722136,0.03547183970886686,0.015061869215326859,1.12,1.12,1.12,1.12
4.2418868156320695,5.931056100218472,32.95161980887374,0.03224822142725431,0.02453054341998645,0.014938131410007868,0.03483381789773943,0.0354694565800136,0.015061868589992145,1.12,1.12,1.12,1.12
4.243275586981586,5.932097441959749,32.95121047641483,0.032247993142464515,0.02453292845575733,0.014938132035885343,0.03483404618252922,0.03546707154424272,0.01506186796411467,1.12,1.12,1.12,1.12
4.244664532884967,5.933138676290314,32.95079951986435,0.03224776474183877,0.02453531540070303,0.014938132662306272,0.03483427458315497,0.035464684599297025,0.01506186733769374,1.12,1.12,1.12,1.12
4.246053653241849,5.934179802981557,32.950386938486055,0.03224753622531329,0.024537704257084486,0.014938133289271363,0.03483450309968045,0.03546229574291557,0.01506186671072865,1.12,1.12,1.12,1.12
4.247442947951718,5.935220821804622,32.949972731543205,0.032247307592825014,0.02454009502716606,0.014938133916781254,0.03483473173216872,0.035459904972833994,0.015061866083218758,1.12,1.12,1.12,1.12
4.248832416913912,5.936261732530398,32.94955689829849,0.03224707884431027,0.024542487713215683,0.014938134544836487,0.03483496048068346,0.03545751228678437,0.015061865455163526,1.12,1.12,1.12,1.12
4.250222060027606,5.9373025349295325,32.94913943801404,0.032246849979705394,0.02454488231750457,0.014938135173437825,0.03483518934528834,0.035455117682495485,0.015061864826562188,1.12,1.12,1.12,1.12
4.251611877191838,5.9383432287724105,32.94872034995146,0.03224662099894743,0.024547278842307563,0.014938135802585961,0.03483541832604631,0.03545272115769249,0.015061864197414052,1.12,1.12,1.12,1.12
4.253001868305483,5.939383813829171,32.948299633371754,0.03224639190197259,0.02454967728990315,0.014938136432281604,0.03483564742302114,0.035450322710096904,0.015061863567718409,1.12,1.12,1.12,1.12
4.254392033267269,5.940424289869696,32.94787728753542,0.032246162688717606,0.02455207766257303,0.014938137062525364,0.03483587663627613,0.035447922337427024,0.015061862937474649,1.12,1.12,1.12,1.12
4.255782371975768,5.941464656663624,32.947453311702375,0.03224593335911907,0.024554479962602793,0.014938137693317893,0.034836105965874664,0.03544552003739726,0.01506186230668212,1.12,1.12,1.12,1.12
4.257172884329402,5.942504913980328,32.947027705131994,0.0322457039131136,0.024556884192281137,0.014938138324659941,0.03483633541188014,0.03544311580771892,0.015061861675340071,1.12,1.12,1.12,1.12
4.258563570226442,5.943545061588937,32.94660046708308,0.03224547435063779,0.02455929035390078,0.014938138956552188,0.034836564974355944,0.03544070964609927,0.015061861043447825,1.12,1.12,1.12,1.12
4.259954429564998,5.9445850992583225,32.9461715968139,0.03224524467162826,0.02456169844975753,0.014938139588995203,0.03483679465336548,0.035438301550242524,0.01506186041100481,1.12,1.12,1.12,1.12
4.2613454622430345,5.9456250267571,32.94574109358214,0.032245014876021716,0.024564108482150987,0.014938140221989735,0.03483702444897202,0.035435891517849066,0.015061859778010278,1.12,1.12,1.12,1.12
4.262736668158356,5.946664843853636,32.945308956644965,0.03224478496375505,0.02456652045338434,0.014938140855536505,0.03483725436123869,0.035433479546615715,0.015061859144463507,1.12,1.12,1.12,1.12
4.264128047208615,5.947704550316036,32.94487518525892,0.032244554934764524,0.024568934365764156,0.01493814148963614,0.03483748439022921,0.0354310656342359,0.015061858510363874,1.12,1.12,1.12,1.12
4.2655195992913155,5.948744145912153,32.94443977868007,0.0322443247889872,0.024571350221600785,0.014938142124289469,0.03483771453600654,0.03542864977839927,0.015061857875710544,1.12,1.12,1.12,1.12
4.266911324303796,5.949783630409584,32.94400273616386,0.032244094526359734,0.02457376802320807,0.014938142759497022,0.034837944798634,0.03542623197679198,0.01506185724050299,1.12,1.12,1.12,1.12
4.268303222143249,5.95082300357567,32.94356405696518,0.032243864146818624,0.024576187772903435,0.014938143395259534,0.03483817517817511,0.03542381222709662,0.015061856604740478,1.12,1.12,1.12,1.12
4.2696952927067064,5.951862265177496,32.943123740338386,0.03224363365030086,0.02457860947300794,0.014938144031577658,0.034838405674692874,0.035421390526992114,0.015061855968422355,1.12,1.12,1.12,1.12
4.271087535891048,5.952901414981888,32.94268178553725,0.03224340303674306,0.02458103312584617,0.0149381446684521,0.03483863628825068,0.035418966874153884,0.015061855331547913,1.12,1.12,1.12,1.12
4.272479951592997,5.953940452755418,32.942238191814994,0.03224317230608226,0.024583458733746344,0.01493814530588368,0.03483886701891148,0.03541654126625371,0.015061854694116333,1.12,1.12,1.12,1.12
4.273872539709119,5.954979378264397,32.94179295842425,0.032242941458255014,0.02458588629904035,0.014938145943872896,0.03483909786673872,0.035414113700959704,0.015061854056127116,1.12,1.12,1.12,1.12
4.275265300135826,5.95601819127488,32.94134608461712,0.03224271049319816,0.024588315824063817,0.014938146582420417,0.03483932883179558,0.03541168417593624,0.015061853417579596,1.12,1.12,1.12,1.12
4.27665823276937,5.957056891552665,32.94089756964513,0.03224247941084851,0.024590747311155625,0.014938147221527157,0.034839559914145224,0.03540925268884443,0.015061852778472856,1.12,1.12,1.12,1.12
4.2780513375058495,5.95809547886329,32.940447412759234,0.03224224821114302,0.02459318076265865,0.014938147861193643,0.034839791113850715,0.0354068192373414,0.01506185213880637,1.12,1.12,1.12,1.12
4.279444614241207,5.959133952972031,32.93999561320982,0.032242016894018566,0.02459561618091935,0.014938148501420584,0.03484002243097517,0.035404383819080704,0.015061851498579429,1.12,1.12,1.12,1.12
4.280838062871223,5.960172313643909,32.939542170246696,0.03224178545941192,0.02459805356828776,0.014938149142208798,0.034840253865581816,0.035401946431712294,0.015061850857791215,1.12,1.12,1.12,1.12
4.282231683291523,5.961210560643682,32.939087083119134,0.032241553907260134,0.024600492927117606,0.014938149783558952,0.0348404854177336,0.03539950707288245,0.015061850216441061,1.12,1.12,1.12,1.12
4.283625475397575,5.962248693735853,32.93863035107581,0.032241322237500036,0.024602934259766146,0.014938150425471683,0.0348407170874937,0.03539706574023391,0.01506184957452833,1.12,1.12,1.12,1.12
4.2850194390846905,5.963286712684656,32.93817197336484,0.03224109045006851,0.024605377568594683,0.014938151067947728,0.034840948874925226,0.03539462243140537,0.015061848932052285,1.12,1.12,1.12,1.12
4.2864135742480185,5.964324617254069,32.93771194923377,0.032240858544902606,0.024607822855967715,0.014938151710987807,0.03484118078009113,0.03539217714403234,0.015061848289012206,1.12,1.12,1.12,1.12
4.287807880782553,5.965362407207811,32.93725027792958,0.032240626521939375,0.024610270124253902,0.014938152354592574,0.03484141280305436,0.03538972987574615,0.015061847645407439,1.12,1.12,1.12,1.12
4.289202358583125,5.966400082309335,32.93678695869866,0.03224039438111559,0.024612719375825265,0.014938152998762722,0.03484164494387815,0.03538728062417479,0.015061847001237291,1.12,1.12,1.12,1.12
4.290597007544413,5.967437642321831,32.936321990786865,0.03224016212236841,0.024615170613057735,0.014938153643499,0.034841877202625327,0.03538482938694232,0.015061846356501013,1.12,1.12,1.12,1.12
4.29199182756093,5.968475087008231,32.93585537343944,0.032239929745635,0.024617623838330854,0.014938154288802144,0.03484210957935874,0.0353823761616692,0.015061845711197869,1.12,1.12,1.12,1.12
4.293386818527032,5.969512416131201,32.93538710590104,0.03223969725085207,0.024620079054027966,0.014938154934672751,0.03484234207414166,0.03537992094597209,0.015061845065327262,1.12,1.12,1.12,1.12
4.294781980336911,5.970549629453146,32.93491718741581,0.032239464637956905,0.02462253626253591,0.014938155581111667,0.03484257468703683,0.03537746373746414,0.015061844418888345,1.12,1.12,1.12,1.12
4.296177312884605,5.971586726736206,32.934445617227276,0.032239231906886545,0.024624995466245664,0.014938156228119531,0.03484280741810719,0.03537500453375439,0.015061843771880482,1.12,1.12,1.12,1.12
4.297572816063989,5.972623707742255,32.93397239457838,0.032238999057578155,0.02462745666755159,0.014938156875697162,0.03484304026741558,0.035372543332448464,0.015061843124302851,1.12,1.12,1.12,1.12
4.298968489768778,5.9736605722329035,32.933497518711526,0.032238766089968784,0.024629919868852018,0.0149381575238451,0.03484327323502495,0.035370080131148035,0.015061842476154913,1.12,1.12,1.12,1.12
4.30036433389252,5.9746973199695015,32.93302098886849,0.03223853300399587,0.02463238507254889,0.014938158172564206,0.034843506320997863,0.03536761492745116,0.015061841827435807,1.12,1.12,1.12,1.12
4.301760348328609,5.975733950713128,32.93254280429052,0.03223829979959625,0.024634852281048003,0.014938158821855133,0.03484373952539749,0.03536514771895205,0.01506184117814488,1.12,1.12,1.12,1.12
4.303156532970275,5.976770464224598,32.93206296421825,0.03223806647670713,0.024637321496759013,0.014938159471718643,0.03484397284828661,0.03536267850324104,0.01506184052828137,1.12,1.12,1.12,1.12
4.3045528877105825,5.977806860264464,32.93158146789173,0.03223783303526595,0.024639792722095072,0.014938160122155417,0.034844206289727786,0.03536020727790498,0.015061839877844596,1.12,1.12,1.12,1.12
4.305949412442442,5.978843138593006,32.931098314550475,0.032237599475209766,0.02464226595947336,0.014938160773166231,0.03484443984978397,0.035357734040526695,0.015061839226833781,1.12,1.12,1.12,1.12
4.307346107058591,5.979879298970243,32.93061350343338,0.03223736579647596,0.024644741211314852,0.014938161424751698,0.03484467352851778,0.0353552587886852,0.015061838575248315,1.12,1.12,1.12,1.12
4.308742971451616,5.980915341155923,32.93012703377875,0.032237131999001745,0.02464721848004428,0.014938162076912745,0.03484490732599199,0.03535278151995577,0.015061837923087268,1.12,1.12,1.12,1.12
4.3101400055139285,5.9819512649095286,32.929638904824344,0.03223689808272445,0.024649697768090034,0.014938162729649887,0.034845141242269284,0.03535030223191002,0.015061837270350126,1.12,1.12,1.12,1.12
4.311537209137785,5.982987069990273,32.929149115807306,0.03223666404758152,0.02465217907788464,0.014938163382963984,0.034845375277412216,0.035347820922115414,0.015061836617036028,1.12,1.12,1.12,1.12
4.3129345822152745,5.984022756157101,32.9286576659642,0.03223642989351,0.02465466241186423,0.014938164036855606,0.03484560943148374,0.03534533758813582,0.015061835963144407,1.12,1.12,1.12,1.12
4.314332124638324,5.9850583231686905,32.92816455453103,0.03223619562044755,0.024657147772468857,0.01493816469132564,0.03484584370454619,0.035342852227531196,0.015061835308674373,1.12,1.12,1.12,1.12
4.315729836298697,5.986093770783448,32.92766978074319,0.032235961228331556,0.024659635162142174,0.014938165346374807,0.03484607809666218,0.03534036483785788,0.015061834653625206,1.12,1.12,1.12,1.12
4.317127717087989,5.987129098759513,32.92717334383548,0.0322357267170994,0.024662124583332196,0.014938166002003761,0.034846312607894336,0.03533787541666786,0.015061833997996252,1.12,1.12,1.12,1.12
4.318525766897635,5.9881643068547525,32.92667524304215,0.03223549208668841,0.02466461603849024,0.014938166658213362,0.034846547238305325,0.035335383961509814,0.015061833341786651,1.12,1.12,1.12,1.12
4.319923985618903,5.989199394826763,32.92617547759681,0.03223525733703614,0.024667109530071923,0.014938167315004178,0.0348467819879576,0.03533289046992813,0.015061832684995835,1.12,1.12,1.12,1.12
4.321322373142896,5.990234362432871,32.925674046732524,0.03223502246808019,0.02466960506053642,0.014938167972376987,0.03484701685691355,0.03533039493946363,0.015061832027623026,1.12,1.12,1.12,1.12
4.322720929360549,5.991269209430136,32.925170949681764,0.03223478747975794,0.024672102632346954,0.014938168630332704,0.034847251845235794,0.0353278973676531,0.015061831369667308,1.12,1.12,1.12,1.12
4.324119654162633,5.992303935575341,32.92466618567637,0.0322345523720069,0.02467460224797066,0.014938169288871858,0.03484748695298684,0.03532539775202939,0.015061830711128155,1.12,1.12,1.12,1.12
4.325518547439758,5.993338540624996,32.92415975394764,0.03223431714476477,0.024677103909878345,0.014938169947995239,0.03484772218022897,0.03532289609012171,0.015061830052004774,1.12,1.12,1.12,1.12
4.326917609082358,5.994373024335342,32.92365165372627,0.03223408179796916,0.02467960762054522,0.014938170607703638,0.034847957527024576,0.035320392379454835,0.015061829392296375,1.12,1.12,1.12,1.12
4.328316838980707,5.995407386462347,32.92314188424231,0.032233846331557514,0.024682113382449827,0.014938171267997763,0.03484819299343622,0.035317886617550226,0.01506182873200225,1.12,1.12,1.12,1.12
4.32971623702491,5.996441626761704,32.92263044472531,0.03223361074546771,0.024684621198074908,0.01493817192887846,0.034848428579526025,0.035315378801925146,0.015061828071121552,1.12,1.12,1.12,1.12
4.331115803104906,5.997475744988836,32.922117334404156,0.03223337503963719,0.024687131069907053,0.014938172590346424,0.034848664285356545,0.035312868930093,0.015061827409653589,1.12,1.12,1.12,1.12
4.332515537110463,5.998509740898885,32.92160255250715,0.03223313921400389,0.024689643000436967,0.014938173252402279,0.034848900110989844,0.035310356999563086,0.015061826747597734,1.12,1.12,1.12,1.12
4.333915438931184,5.999543614246728,32.92108609826201,0.032232903268505364,0.024692156992159098,0.01493817391504694,0.03484913605648837,0.035307843007840956,0.015061826084953073,1.12,1.12,1.12,1.12
4.335315508456503,6.000577364786959,32.92056797089586,0.032232667203079435,0.02469467304757189,0.014938174578281005,0.0348493721219143,0.03530532695242816,0.015061825421719008,1.12,1.12,1.12,1.12
4.336715745575687,6.0016109922739,32.92004816963522,0.03223243101766399,0.024697191169177735,0.014938175242105292,0.03484960830732975,0.03530280883082232,0.01506182475789472,1.12,1.12,1.12,1.12
4.338116150177833,6.002644496461601,32.91952669370602,0.03223219471219674,0.024699711359483123,0.014938175906520676,0.034849844612797,0.03530028864051693,0.015061824093479337,1.12,1.12,1.12,1.12
4.339516722151868,6.003677877103829,32.91900354233356,0.032231958286615514,0.024702233620998326,0.014938176571527809,0.03485008103837822,0.03529776637900173,0.015061823428472204,1.12,1.12,1.12,1.12
4.340917461386553,6.00471113395408,32.91847871474259,0.03223172174085809,0.02470475795623786,0.014938177237127495,0.03485031758413565,0.03529524204376219,0.015061822762872518,1.12,1.12,1.12,1.12
4.342318367770472,6.005744266765573,32.91795221015723,0.03223148507486251,0.02470728436771996,0.014938177903320457,0.03485055425013123,0.03529271563228009,0.015061822096679556,1.12,1.12,1.12,1.12
4.34371944119205,6.0067772752912445,32.91742402780099,0.03223124828856655,0.02470981285796703,0.01493817857010736,0.03485079103642719,0.035290187142033025,0.015061821429892652,1.12,1.12,1.12,1.12
4.345120681539533,6.007810159283759,32.916894166896796,0.03223101138190826,0.024712343429505318,0.01493817923748908,0.03485102794308548,0.035287656570494735,0.015061820762510933,1.12,1.12,1.12,1.12
4.346522088701,6.0088429184955015,32.91636262666698,0.0322307743548258,0.024714876084865195,0.014938179905466378,0.03485126497016794,0.03528512391513486,0.015061820094533634,1.12,1.12,1.12,1.12
4.347923662564356,6.0098755526785785,32.91582940633324,0.03223053720725677,0.024717410826581077,0.014938180574040005,0.034851502117736965,0.03528258917341898,0.015061819425960007,1.12,1.12,1.12,1.12
4.3493254030173425,6.010908061584814,32.91529450511668,0.032230299939139506,0.024719947657191488,0.01493818124321078,0.03485173938585423,0.035280052342808566,0.015061818756789233,1.12,1.12,1.12,1.12
4.350727309947523,6.0119404449657585,32.914757922237825,0.03223006255041211,0.02472248657923873,0.01493818191297945,0.03485197677458163,0.035277513420761325,0.015061818087020562,1.12,1.12,1.12,1.12
4.352129383242291,6.012972702572679,32.914219656916565,0.03222982504101257,0.024725027595269317,0.014938182583346754,0.034852214283981164,0.03527497240473074,0.015061817416653259,1.12,1.12,1.12,1.12
4.353531622788866,6.014004834156566,32.913679708372186,0.032229587410878946,0.024727570707833907,0.014938183254313384,0.03485245191411479,0.035272429292166146,0.01506181674568663,1.12,1.12,1.12,1.12
4.3549340284742994,6.015036839468124,32.91313807582338,0.03222934965994939,0.024730115919486956,0.0149381839258802,0.034852689665044345,0.0352698840805131,0.015061816074119813,1.12,1.12,1.12,1.12
4.35633660018547,6.016068718257779,32.91259475848823,0.032229111788162235,0.024732663232787472,0.014938184598047938,0.0348529275368315,0.03526733676721258,0.015061815401952075,1.12,1.12,1.12,1.12
4.357739337809076,6.017100470275679,32.91204975558419,0.032228873795455804,0.024735212650298016,0.014938185270817445,0.03485316552953793,0.03526478734970204,0.015061814729182568,1.12,1.12,1.12,1.12
4.3591422412316545,6.018132095271686,32.91150306632812,0.03222863568176809,0.02473776417458537,0.014938185944189483,0.034853403643225644,0.035262235825414684,0.01506181405581053,1.12,1.12,1.12,1.12
4.36054531033956,6.01916359299538,32.910954689936275,0.03222839744703743,0.024740317808220613,0.014938186618164831,0.03485364187795631,0.03525968219177944,0.015061813381835182,1.12,1.12,1.12,1.12
4.361948545018976,6.0201949631960625,32.91040462562429,0.032228159091202135,0.024742873553778827,0.014938187292744154,0.0348538802337916,0.035257126446221226,0.015061812707255859,1.12,1.12,1.12,1.12
4.3633519451559115,6.021226205622746,32.909852872607175,0.032227920614200656,0.024745431413838975,0.014938187967928382,0.03485411871079308,0.03525456858616108,0.015061812032071631,1.12,1.12,1.12,1.12
4.364755510636202,6.022257320024163,32.90929943009935,0.03222768201597154,0.024747991390984603,0.014938188643718278,0.0348543573090222,0.03525200860901545,0.015061811356281735,1.12,1.12,1.12,1.12
4.3661592413455095,6.023288306148763,32.90874429731461,0.032227443296452774,0.024750553487802973,0.014938189320114675,0.03485459602854096,0.03524944651219708,0.015061810679885337,1.12,1.12,1.12,1.12
4.367563137169317,6.024319163744708,32.90818747346615,0.032227204455583136,0.02475311770688568,0.014938189997118156,0.0348548348694106,0.03524688229311437,0.015061810002881856,1.12,1.12,1.12,1.12
4.368967197992937,6.025349892559878,32.90762895776651,0.03222696549330084,0.02475568405082837,0.014938190674729679,0.034855073831692895,0.035244315949171684,0.015061809325270334,1.12,1.12,1.12,1.12
4.3703714237015046,6.026380492341865,32.907068749427644,0.03222672640954477,0.024758252522231017,0.014938191352949992,0.034855312915448966,0.035241747477769036,0.01506180864705002,1.12,1.12,1.12,1.12
4.3717758141799745,6.0274109628379815,32.9065068476609,0.03222648720425314,0.024760823123697567,0.014938192031779901,0.034855552120740596,0.035239176876302486,0.015061807968220112,1.12,1.12,1.12,1.12
4.373180369313134,6.028441303795243,32.90594325167699,0.03222624787736467,0.024763395857836268,0.014938192711220155,0.03485579144762907,0.035236604142163785,0.015061807288779858,1.12,1.12,1.12,1.12
4.374585088985585,6.029471514960393,32.905377960685996,0.03222600842881801,0.02476597072725928,0.014938193391271642,0.03485603089617573,0.035234029272740774,0.01506180660872837,1.12,1.12,1.12,1.12
4.375989973081761,6.030501596079873,32.9048109738974,0.03222576885855177,0.02476854773458345,0.014938194071935113,0.03485627046644196,0.0352314522654166,0.0150618059280649,1.12,1.12,1.12,1.12
4.37739502148591,6.031531546899849,32.90424229052007,0.03222552916650462,0.0247711268824293,0.014938194753211273,0.03485651015848912,0.03522887311757075,0.01506180524678874,1.12,1.12,1.12,1.12
4.378800234082109,6.032561367166192,32.903671909762224,0.032225289352615205,0.02477370817342195,0.014938195435101068,0.03485674997237853,0.035226291826578104,0.015061804564898945,1.12,1.12,1.12,1.12
4.380205610754255,6.033591056624491,32.90309983083148,0.03222504941682247,0.024776291610190293,0.014938196117605315,0.034856989908171265,0.03522370838980976,0.015061803882394698,1.12,1.12,1.12,1.12
4.381611151386067,6.034620615020039,32.90252605293483,0.032224809359064965,0.024778877195367977,0.014938196800724612,0.03485722996592877,0.03522112280463208,0.0150618031992754,1.12,1.12,1.12,1.12
4.383016855861086,6.035650042097844,32.90195057527864,0.03222456917928179,0.024781464931592445,0.014938197484459986,0.034857470145711944,0.03521853506840761,0.015061802515540026,1.12,1.12,1.12,1.12
4.384422724062672,6.036679337602628,32.901373397068646,0.03222432887741161,0.02478405482150564,0.014938198168812061,0.034857710447582124,0.03521594517849441,0.015061801831187951,1.12,1.12,1.12,1.12
4.385828755874009,6.037708501278818,32.90079451750998,0.03222408845339336,0.024786646867753448,0.01493819885378185,0.034857950871600374,0.035213353132246605,0.015061801146218162,1.12,1.12,1.12,1.12
4.387234951178102,6.038737532870549,32.90021393580711,0.03222384790716604,0.024789241072986412,0.014938199539370006,0.0348581914178277,0.03521075892701364,0.015061800460630007,1.12,1.12,1.12,1.12
4.388641309857773,6.039766432121673,32.89963165116391,0.03222360723866863,0.024791837439859132,0.014938200225577417,0.03485843208632511,0.03520816256014092,0.015061799774422596,1.12,1.12,1.12,1.12
4.390047831795666,6.040795198775744,32.89904766278362,0.03222336644783996,0.024794435971030343,0.014938200912404817,0.034858672877153773,0.03520556402896971,0.015061799087595196,1.12,1.12,1.12,1.12
4.391454516874248,6.041823832576025,32.89846196986885,0.03222312553461931,0.02479703666916333,0.014938201599853138,0.034858913790374424,0.03520296333083672,0.015061798400146875,1.12,1.12,1.12,1.12
4.392861364975801,6.04285233326549,32.897874571621564,0.03222288449894578,0.02479963953692549,0.014938202287923114,0.034859154826047956,0.035200360463074565,0.0150617977120769,1.12,1.12,1.12,1.12
4.394268375982426,6.043880700586818,32.897285467243115,0.03222264334075825,0.02480224457698857,0.014938202976615592,0.034859395984235486,0.035197755423011484,0.015061797023384421,1.12,1.12,1.12,1.12
4.395675549776047,6.044908934282397,32.89669465593422,0.03222240205999605,0.024804851792028598,0.01493820366593139,0.03485963726499769,0.035195148207971455,0.015061796334068622,1.12,1.12,1.12,1.12
4.3970828862384,6.045937034094321,32.89610213689495,0.0322221606565985,0.02480746118472582,0.014938204355871468,0.03485987866839524,0.03519253881527423,0.015061795644128545,1.12,1.12,1.12,1.12
4.398490385251049,6.046964999764385,32.8955079093248,0.032221919130504595,0.02481007275776506,0.01493820504643649,0.03486012019448914,0.03518992724223499,0.015061794953563523,1.12,1.12,1.12,1.12
4.3998980466953626,6.047992831034101,32.894911972422534,0.03222167748165372,0.024812686513835197,0.014938205737627275,0.034860361843340015,0.035187313486164856,0.015061794262372738,1.12,1.12,1.12,1.12
4.401305870452542,6.0490205276446725,32.89431432538636,0.032221435709985036,0.024815302455629795,0.014938206429444656,0.0348606036150087,0.03518469754437026,0.015061793570555357,1.12,1.12,1.12,1.12
4.402713856403594,6.050048089337022,32.893714967413835,0.032221193815438254,0.024817920585846365,0.01493820712188966,0.03486084550955548,0.03518207941415369,0.015061792878110353,1.12,1.12,1.12,1.12
4.404122004429344,6.051075515851763,32.89311389770185,0.03222095179795248,0.024820540907186966,0.014938207814962898,0.03486108752704126,0.03517945909281309,0.015061792185037115,1.12,1.12,1.12,1.12
4.405530314410442,6.052102806929221,32.8925111154467,0.03222070965746732,0.02482316342235802,0.014938208508665354,0.03486132966752642,0.035176836577642034,0.015061791491334658,1.12,1.12,1.12,1.12
4.406938786227344,6.053129962309426,32.891906619844015,0.0322204673939222,0.024825788134070437,0.014938209202997751,0.03486157193107153,0.03517421186592962,0.015061790797002261,1.12,1.12,1.12,1.12
4.408347419760328,6.0541569817321035,32.89130041008878,0.032220225007256686,0.024828415045039298,0.014938209897960922,0.03486181431773705,0.035171584954960755,0.015061790102039091,1.12,1.12,1.12,1.12
4.409756214889487,6.055183864936689,32.89069248537537,0.032219982497410204,0.024831044157984178,0.014938210593555795,0.03486205682758353,0.035168955842015875,0.015061789406444218,1.12,1.12,1.12,1.12
4.411165171494728,6.056210611662316,32.890082844897506,0.03221973986432236,0.024833675475628925,0.014938211289783107,0.034862299460671375,0.03516632452437113,0.015061788710216906,1.12,1.12,1.12,1.12
4.412574289455773,6.057237221647821,32.88947148784825,0.032219497107932926,0.02483630900070205,0.01493821198664387,0.03486254221706081,0.035163690999298,0.015061788013356142,1.12,1.12,1.12,1.12
4.41398356865216,6.058263694631742,32.88885841342004,0.032219254228181504,0.024838944735936314,0.014938212684138849,0.03486278509681223,0.03516105526406374,0.015061787315861164,1.12,1.12,1.12,1.12
4.41539300896324,6.059290030352318,32.888243620804694,0.03221901122500803,0.02484158268406897,0.014938213382268889,0.034863028099985705,0.035158417315931084,0.015061786617731124,1.12,1.12,1.12,1.12
4.416802610268177,6.060316228547486,32.88762710919333,0.03221876809835206,0.0248442228478416,0.014938214081034892,0.03486327122664168,0.03515577715215845,0.01506178591896512,1.12,1.12,1.12,1.12
4.418212372445953,6.061342288954888,32.887008877776466,0.03221852484815341,0.024846865230000403,0.014938214780437623,0.03486351447684033,0.03515313476999965,0.01506178521956239,1.12,1.12,1.12,1.12
4.4196222953753574,6.06236821131186,32.88638892574396,0.03221828147435213,0.024849509833295785,0.01493821548047794,0.03486375785064161,0.03515049016670427,0.015061784519522073,1.12,1.12,1.12,1.12
4.421032378934999,6.063393995355435,32.885767252285014,0.03221803797688788,0.02485215666048285,0.014938216181156691,0.034864001348105855,0.035147843339517204,0.015061783818843322,1.12,1.12,1.12,1.12
4.4224426230032945,6.064419640822354,32.885143856588215,0.0322177943557006,0.02485480571432111,0.014938216882474778,0.034864244969293134,0.03514519428567894,0.015061783117525235,1.12,1.12,1.12,1.12
4.423853027458474,6.06544514744905,32.88451873784146,0.032217550610730505,0.024857456997574523,0.0149382175844332,0.03486448871426323,0.03514254300242553,0.015061782415566813,1.12,1.12,1.12,1.12
4.425263592178581,6.066470514971651,32.883891895232026,0.03221730674191753,0.02486011051301157,0.014938218287032595,0.03486473258307621,0.035139889486988485,0.015061781712967418,1.12,1.12,1.12,1.12
4.426674317041469,6.067495743125988,32.88326332794653,0.03221706274920172,0.02486276626340514,0.014938218990274046,0.03486497657579202,0.035137233736594914,0.015061781009725966,1.12,1.12,1.12,1.12
4.428085201924804,6.068520831647584,32.88263303517093,0.03221681863252329,0.024865424251532597,0.014938219694158275,0.034865220692470444,0.035134575748467456,0.015061780305841738,1.12,1.12,1.12,1.12
4.429496246706065,6.069545780271661,32.88200101609056,0.03221657439182224,0.024868084480176078,0.014938220398686239,0.0348654649331715,0.035131915519823975,0.015061779601313774,1.12,1.12,1.12,1.12
4.430907451262536,6.070570588733135,32.881367269890085,0.03221633002703905,0.024870746952122158,0.014938221103858673,0.03486570929795468,0.035129253047877895,0.01506177889614134,1.12,1.12,1.12,1.12
4.432318815471317,6.07159525676662,32.88073179575348,0.032216085538113726,0.024873411670161744,0.014938221809676536,0.03486595378688001,0.03512658832983831,0.015061778190323477,1.12,1.12,1.12,1.12
4.433730339209315,6.072619784106421,32.88009459286415,0.032215840924986694,0.024876078637090432,0.014938222516140812,0.03486619840000704,0.03512392136290962,0.015061777483859201,1.12,1.12,1.12,1.12
4.435142022353247,6.0736441704865385,32.87945566040476,0.03221559618759834,0.024878747855708344,0.014938223223252278,0.0348664431373954,0.03512125214429171,0.015061776776747735,1.12,1.12,1.12,1.12
4.4365538647796425,6.074668415640672,32.878814997557384,0.0322153513258891,0.024881419328820348,0.01493822393101174,0.03486668799910464,0.035118580671179705,0.015061776068988272,1.12,1.12,1.12,1.12
4.437965866364834,6.075692519302205,32.87817260350338,0.03221510633979918,0.024884093059235418,0.014938224639420128,0.034866932985194554,0.035115906940764635,0.015061775360579885,1.12,1.12,1.12,1.12
4.43937802698497,6.076716481204221,32.87752847742351,0.032214861229269254,0.024886769049767637,0.014938225348478468,0.03486717809572448,0.035113230950232416,0.015061774651521545,1.12,1.12,1.12,1.12
4.440790346516001,6.077740301079494,32.87688261849782,0.03221461599423997,0.02488944730323539,0.014938226058187426,0.034867423330753766,0.03511055269676466,0.015061773941812587,1.12,1.12,1.12,1.12
4.4422028248336884,6.07876397866049,32.87623502590573,0.03221437063465171,0.024892127822461724,0.014938226768548002,0.034867668690342024,0.03510787217753833,0.01506177323145201,1.12,1.12,1.12,1.12
4.443615461813602,6.079787513679367,32.87558569882601,0.032214125150445305,0.024894810610274237,0.014938227479561111,0.03486791417454843,0.035105189389725816,0.015061772520438901,1.12,1.12,1.12,1.12
4.445028257331116,6.080810905867974,32.87493463643673,0.03221387954155519,0.02489749566949917,0.014938228191346797,0.034868159783438546,0.03510250433050088,0.015061771808653215,1.12,1.12,1.12,1.12
4.446441211261405,6.081834154957834,32.87428183791529,0.03221363380791065,0.024900183002964177,0.014938228903970313,0.03486840551708309,0.035099816997035876,0.0150617710960297,1.12,1.12,1.12,1.12
4.447854323479437,6.082857260680157,32.87362730243842,0.032213387949441896,0.02490287261350249,0.014938229617424803,0.03486865137555184,0.03509712738649756,0.01506177038257521,1.12,1.12,1.12,1.12
4.449267593859995,6.083880222765842,32.87297102918217,0.032213141966079384,0.02490556450395251,0.014938230331703342,0.03486889735891435,0.035094435496047544,0.01506176966829667,1.12,1.12,1.12,1.12
4.450681022277661,6.084903040945476,32.872313017321915,0.03221289585775483,0.02490825867715804,0.0149382310467992,0.034869143467238906,0.03509174132284201,0.015061768953200813,1.12,1.12,1.12,1.12
4.452094608606828,6.0859257149493375,32.871653266032396,0.032212649624400624,0.024910955135968416,0.014938231762705798,0.03486938970059311,0.03508904486403164,0.015061768237294215,1.12,1.12,1.12,1.12
4.453508352721694,6.086948244507395,32.8709917744877,0.032212403265950595,0.02491365388323813,0.014938232479416766,0.03486963605904314,0.035086346116761924,0.015061767520583247,1.12,1.12,1.12,1.12
4.454922254496261,6.087970629349307,32.87032854186121,0.032212156782339074,0.024916354921827255,0.014938233196925707,0.03486988254265466,0.0350836450781728,0.015061766803074306,1.12,1.12,1.12,1.12
4.45633631380434,6.088992869204417,32.869663567325674,0.03221191017350117,0.024919058254600973,0.014938233915226515,0.03487012915149257,0.03508094174539908,0.015061766084773498,1.12,1.12,1.12,1.12
4.457750530519545,6.090014963801757,32.868996850053165,0.03221166343937337,0.024921763884430154,0.014938234634313055,0.034870375885620364,0.0350782361155699,0.015061765365686958,1.12,1.12,1.12,1.12
4.45916490451529,6.091036912870049,32.868328389215094,0.032211416579892516,0.024924471814190913,0.014938235354179472,0.03487062274510122,0.03507552818580914,0.015061764645820541,1.12,1.12,1.12,1.12
4.460579435664804,6.092058716137697,32.867658183982186,0.032211169594996925,0.024927182046764612,0.014938236074819922,0.03487086972999681,0.03507281795323544,0.015061763925180091,1.12,1.12,1.12,1.12
4.461994123841108,6.093080373332798,32.86698623352451,0.03221092248462537,0.02492989458503822,0.014938236796228743,0.034871116840368366,0.03507010541496183,0.01506176320377127,1.12,1.12,1.12,1.12
4.463408968917033,6.09410188418313,32.86631253701148,0.03221067524871757,0.02493260943190398,0.014938237518400274,0.03487136407627617,0.035067390568096074,0.015061762481599739,1.12,1.12,1.12,1.12
4.464823970765216,6.095123248416154,32.86563709361181,0.03221042788721418,0.024935326590259627,0.014938238241329171,0.03487161143777956,0.03506467340974043,0.015061761758670841,1.12,1.12,1.12,1.12
4.46623912925809,6.096144465759025,32.86495990249357,0.032210180400056965,0.024938046063008285,0.014938238965010037,0.03487185892493677,0.03506195393699177,0.015061761034989976,1.12,1.12,1.12,1.12
4.467654444267896,6.097165535938571,32.86428096282412,0.03220993278718809,0.02494076785305832,0.014938239689437624,0.03487210653780565,0.03505923214694173,0.015061760310562389,1.12,1.12,1.12,1.12
4.469069915666673,6.098186458681312,32.86360027377017,0.03220968504781618,0.024943491963323794,0.014938240414606868,0.03487235427717755,0.03505650803667626,0.015061759585393145,1.12,1.12,1.12,1.12
4.470485543326264,6.09920723371345,32.86291783449777,0.03220943718188535,0.024946218396723785,0.014938241140512634,0.03487260214310839,0.03505378160327627,0.015061758859487379,1.12,1.12,1.12,1.12
4.4719013271183155,6.100227860760865,32.86223364417226,0.03220918918935972,0.024948947156183288,0.01493824186715012,0.034872850135634015,0.035051052843816766,0.015061758132849892,1.12,1.12,1.12,1.12
4.473317266914271,6.101248339549125,32.86154770195832,0.03220894107020511,0.024951678244632403,0.01493824259451454,0.034873098254788626,0.03504832175536765,0.015061757405485474,1.12,1.12,1.12,1.12
4.4747333625853765,6.102268669803479,32.86086000701995,0.032208692824388485,0.024954411665006643,0.01493824332260113,0.03487334650060525,0.03504558833499341,0.015061756677398883,1.12,1.12,1.12,1.12
4.476149614002679,6.103288851248854,32.86017055852047,0.03220844445187904,0.024957147420247183,0.014938244051405203,0.0348735948731147,0.03504285257975287,0.01506175594859481,1.12,1.12,1.12,1.12
4.477566021037028,6.104308883609859,32.85947935562254,0.032208195952646956,0.024959885513300445,0.0149382447809224,0.03487384337234678,0.03504011448669961,0.015061755219077613,1.12,1.12,1.12,1.12
4.478982583559066,6.105328766610786,32.858786397488075,0.0322079473266646,0.024962625947118317,0.01493824551114821,0.03487409199832914,0.03503737405288174,0.015061754488851803,1.12,1.12,1.12,1.12
4.480399301439241,6.106348499975603,32.858091683278374,0.03220769857390576,0.024965368724658266,0.01493824624207829,0.03487434075108797,0.03503463127534179,0.015061753757921723,1.12,1.12,1.12,1.12
4.4818161745478,6.107368083427961,32.85739521215403,0.03220744969418232,0.02496811384888306,0.014938246973708505,0.034874589630811414,0.03503188615111699,0.015061753026291508,1.12,1.12,1.12,1.12
4.483233202754782,6.108387516691188,32.85669698327496,0.03220720068737115,0.02497086132276108,0.014938247706034594,0.034874838637622585,0.035029138677238975,0.01506175229396542,1.12,1.12,1.12,1.12
4.484650385930033,6.109406799488289,32.85599699580035,0.032206951553501506,0.02497361114926594,0.014938248439052698,0.03487508777149223,0.035026388850734114,0.015061751560947315,1.12,1.12,1.12,1.12
4.486067723943189,6.1104259315419505,32.855295248888766,0.03220670229260553,0.02497636333137701,0.014938249172758655,0.03487533703238821,0.03502363666862304,0.015061750827241357,1.12,1.12,1.12,1.12
4.487485216663693,6.111444912574531,32.85459174169805,0.0322064529047183,0.0249791178720791,0.014938249907148635,0.03487558642027544,0.035020882127920955,0.015061750092851378,1.12,1.12,1.12,1.12
4.4889028639607735,6.11246374230807,32.85388647338536,0.03220620338987851,0.024981874774362284,0.014938250642218806,0.03487583593511523,0.03501812522563777,0.015061749357781207,1.12,1.12,1.12,1.12
4.490320665703467,6.113482420464283,32.853179443107145,0.032205953748127236,0.024984634041222392,0.01493825137796545,0.0348760855768665,0.03501536595877766,0.015061748622034563,1.12,1.12,1.12,1.12
4.491738621760599,6.114500946764558,32.85247065001921,0.032205703979509004,0.02498739567566055,0.014938252114385028,0.03487633534548473,0.0350126043243395,0.015061747885614984,1.12,1.12,1.12,1.12
4.493156732000794,6.1155193209299625,32.85176009327661,0.032205454084071106,0.02499015968068352,0.01493825285147378,0.03487658524092263,0.03500984031931653,0.015061747148526233,1.12,1.12,1.12,1.12
4.4945749962924735,6.116537542681234,32.851047772033766,0.03220520406186422,0.02499292605930367,0.014938253589228331,0.03487683526312951,0.03500707394069638,0.015061746410771681,1.12,1.12,1.12,1.12
4.495993414503851,6.117555611738791,32.85033368544437,0.03220495391294148,0.02499569481453856,0.014938254327645381,0.034877085412052256,0.03500430518546149,0.015061745672354632,1.12,1.12,1.12,1.12
4.497411986502939,6.1185735278227185,32.84961783266142,0.032204703637359444,0.024998465949411686,0.0149382550667215,0.03487733568763429,0.03500153405058837,0.015061744933278512,1.12,1.12,1.12,1.12
4.498830712157543,6.119591290652778,32.84890021283722,0.03220445323517751,0.02500123946695168,0.014938255806453415,0.034877586089816226,0.03499876053304837,0.015061744193546597,1.12,1.12,1.12,1.12
4.500249591335261,6.120608899948403,32.84818082512339,0.032204202706457796,0.0250040153701932,0.014938256546837891,0.03487783661853594,0.03499598462980685,0.015061743453162121,1.12,1.12,1.12,1.12
4.501668623903487,6.121626355428699,32.84745966867084,0.032203952051250095,0.02500679366216091,0.014938257288252446,0.03487808727374364,0.034993206337839144,0.015061742711747567,1.12,1.12,1.12,1.12
4.503087809729374,6.122643656812404,32.84673674262967,0.03220370126959765,0.02500957434588036,0.014938258030801649,0.034878338055396085,0.034990425654119695,0.015061741969198364,1.12,1.12,1.12,1.12
4.504507148679855,6.123660803817909,32.84601204614928,0.03220345036154437,0.025012357424382098,0.014938258774474147,0.034878588963449364,0.034987642575617955,0.015061741225525865,1.12,1.12,1.12,1.12
4.505926640621656,6.1246777961632795,32.84528557837834,0.032203199327136445,0.02501514290070167,0.014938259519258812,0.03487883999785729,0.03498485709929838,0.0150617404807412,1.12,1.12,1.12,1.12
4.507346285421296,6.125694633566251,32.844557338464845,0.03220294816642211,0.02501793077787995,0.014938260265145623,0.03487909115857163,0.034982069222120105,0.01506173973485439,1.12,1.12,1.12,1.12
4.508766082945088,6.1267113157442274,32.84382732555608,0.032202696879452375,0.025020721058962803,0.014938261012124601,0.03487934244554136,0.03497927894103725,0.015061738987875412,1.12,1.12,1.12,1.12
4.510186033059134,6.127727842414284,32.843095538798636,0.03220244546628004,0.025023513747001208,0.014938261760185687,0.0348795938587137,0.034976486252998845,0.015061738239814326,1.12,1.12,1.12,1.12
4.511606135629328,6.128744213293167,32.842361977338385,0.032202193926960054,0.02502630884505133,0.01493826250931947,0.03487984539803368,0.03497369115494872,0.015061737490680543,1.12,1.12,1.12,1.12
4.5130263905213575,6.129760428097286,32.841626640320534,0.032201942261549765,0.02502910635617442,0.014938263259516346,0.03488009706344397,0.034970893643825635,0.015061736740483667,1.12,1.12,1.12,1.12
4.514446797600696,6.1307764865427234,32.84088952688954,0.0322016904701084,0.025031906283436933,0.014938264010767463,0.034880348854885335,0.03496809371656312,0.01506173598923255,1.12,1.12,1.12,1.12
4.515867356732609,6.131792388345227,32.84015063618919,0.03220143855269736,0.02503470862991053,0.014938264763063952,0.03488060077229638,0.034965291370089524,0.01506173523693606,1.12,1.12,1.12,1.12
4.517288067782154,6.132808133220209,32.83940996736257,0.032201186509379864,0.02503751339867205,0.014938265516397112,0.03488085281561387,0.034962486601328,0.015061734483602901,1.12,1.12,1.12,1.12
4.518708930614175,6.13382372088275,32.83866751955201,0.032200934340221254,0.025040320592803422,0.014938266270758574,0.03488110498477248,0.03495967940719663,0.015061733729241439,1.12,1.12,1.12,1.12
4.520129945093305,6.134839151047601,32.8379232918992,0.03220068204450377,0.02504313021539184,0.014938267026140345,0.034881357280489966,0.03495686978460821,0.015061732973859668,1.12,1.12,1.12,1.12
4.521551111083968,6.135854423429168,32.83717728354507,0.032200429621155546,0.025045942269529747,0.014938267782534556,0.03488160970383819,0.034954057730470306,0.015061732217465457,1.12,1.12,1.12,1.12
4.522972428450372,6.136869537741532,32.836429493629865,0.03220017707011508,0.025048756758314805,0.014938268539933547,0.03488186225487866,0.03495124324168525,0.015061731460066466,1.12,1.12,1.12,1.12
4.524393897056516,6.137884493698433,32.8356799212931,0.032199924391320744,0.02505156727703753,0.014938269298329657,0.03488211493367299,0.034948432722962525,0.015061730701670356,1.12,1.12,1.12,1.12
4.525815516674967,6.1388992910932645,32.834928566748204,0.0321996715913378,0.025054380489664713,0.014938270057680073,0.03488236773365594,0.03494561951033534,0.01506172994231994,1.12,1.12,1.12,1.12
4.527237287173076,6.139913929636368,32.83417542909267,0.03219941866977488,0.0250571963924395,0.014938270817979576,0.034882620655218854,0.03494280360756055,0.015061729182020436,1.12,1.12,1.12,1.12
4.528659208417879,6.14092840903781,32.83342050742432,0.03219916562625191,0.025060014981784035,0.014938271579223505,0.03488287369874182,0.03493998501821602,0.015061728420776507,1.12,1.12,1.12,1.12
4.530081280276092,6.141942729007383,32.83266380084133,0.0321989124603988,0.025062836254295368,0.014938272341407044,0.03488312686459494,0.034937163745704686,0.015061727658592969,1.12,1.12,1.12,1.12
4.531503502614118,6.142956889254607,32.8319053084422,0.03219865917185516,0.02506566020674103,0.014938273104525363,0.03488338015313858,0.03493433979325902,0.01506172689547465,1.12,1.12,1.12,1.12
4.532925875298051,6.143970889488726,32.83114502932569,0.032198405760271,0.0250684868360547,0.014938273868574103,0.03488363356472274,0.034931513163945355,0.01506172613142591,1.12,1.12,1.12,1.12
4.534348398193665,6.144984729418704,32.83038296259082,0.03219815222530531,0.025071316139332667,0.014938274633548729,0.034883887099688426,0.03492868386066739,0.015061725366451284,1.12,1.12,1.12,1.12
4.535771071166434,6.145998408753226,32.829619107336846,0.032197898566626526,0.025074148113829353,0.014938275399444922,0.03488414075836721,0.0349258518861707,0.01506172460055509,1.12,1.12,1.12,1.12
4.537193894081522,6.1470119272006905,32.82885346266323,0.032197644783911794,0.02507698275695394,0.014938276166258313,0.03488439454108194,0.03492301724304611,0.0150617238337417,1.12,1.12,1.12,1.12
4.538616866803789,6.148025284469215,32.8280860276696,0.0321973908768472,0.02507982006626608,0.014938276933984834,0.03488464844814654,0.034920179933733975,0.015061723066015179,1.12,1.12,1.12,1.12
4.540039989197791,6.149038480266628,32.82731680145575,0.03219713684512704,0.02508266003947282,0.01493827770262017,0.0348849024798667,0.03491733996052723,0.015061722297379843,1.12,1.12,1.12,1.12
4.541463261127786,6.150051514300471,32.82654578312163,0.03219688268845372,0.025085502674424692,0.014938278472160407,0.034885156636540016,0.03491449732557536,0.015061721527839605,1.12,1.12,1.12,1.12
4.542886682457728,6.151064386277995,32.825772971767265,0.0321966284065377,0.025088347969112246,0.014938279242601632,0.03488541091845604,0.03491165203088781,0.01506172075739838,1.12,1.12,1.12,1.12
4.54431025305128,6.152077095906158,32.82499836649278,0.03219637399909725,0.025091195921662784,0.014938280013939917,0.03488566532589649,0.03490880407833727,0.015061719986060096,1.12,1.12,1.12,1.12
4.545733972771804,6.153089642891621,32.8242219663984,0.03219611946585804,0.025094046530337005,0.014938280786171307,0.034885919859135694,0.03490595346966305,0.015061719213828706,1.12,1.12,1.12,1.12
4.5471578414823695,6.154102026940758,32.82344377058433,0.03219586480655312,0.025096899793525806,0.014938281559292332,0.034886174518440616,0.03490310020647425,0.01506171844070768,1.12,1.12,1.12,1.12
4.548581859045753,6.155114247759638,32.822663778150876,0.03219561002092208,0.025099755709747096,0.01493828233329915,0.03488642930407165,0.03490024429025296,0.015061717666700863,1.12,1.12,1.12,1.12
4.550006025324442,6.15612630505403,32.82188198819829,0.03219535510871213,0.025102614277642737,0.014938283108188163,0.034886684216281605,0.034897385722357316,0.01506171689181185,1.12,1.12,1.12,1.12
4.551430340180628,6.157138198529409,32.821098399826866,0.03219510006967663,0.025105475495975554,0.014938283883955863,0.034886939255317106,0.0348945245040245,0.01506171611604415,1.12,1.12,1.12,1.12
4.552854803476225,6.15814992789094,32.820313012136815,0.03219484490357544,0.025108339363626747,0.014938284660598919,0.0348871944214183,0.034891660636373306,0.015061715339401094,1.12,1.12,1.12,1.12
4.554279415072848,6.15916149284349,32.81952582422833,0.03219458961017457,0.02511120587959234,0.014938285438113735,0.03488744971481916,0.03488879412040771,0.015061714561886277,1.12,1.12,1.12,1.12
4.555704174831835,6.160172893091617,32.81873683520152,0.032194334189246554,0.025114075042980993,0.014938286216497093,0.03488770513574718,0.03488592495701906,0.01506171378350292,1.12,1.12,1.12,1.12
4.557129082614235,6.161184128339573,32.81794604415643,0.03219407864056928,0.0251169468530113,0.014938286995745773,0.03488796068442446,0.03488305314698875,0.01506171300425424,1.12,1.12,1.12,1.12
4.558554138280818,6.1621951982913,32.81715345019295,0.032193822963923535,0.02511982130900317,0.014938287776408793,0.0348882163610702,0.03488017869099688,0.01506171222359122,1.12,1.12,1.12,1.12
4.559979341692018,6.163206102650376,32.816359052410775,0.032193567159090886,0.02512269841037848,0.014938288558701912,0.03488847216590285,0.03487730158962157,0.0150617114412981,1.12,1.12,1.12,1.12
4.56140469270798,6.164216841120041,32.815562849909384,0.03219331122588348,0.025125578156661055,0.014938289342561376,0.034888728099110256,0.034874421843339,0.015061710657438637,1.12,1.12,1.12,1.12
4.562830191188567,6.165227413403237,32.81476484178813,0.03219305516408888,0.025128460547474057,0.014938290127927148,0.03488898416090486,0.034871539452525996,0.015061709872072865,1.12,1.12,1.12,1.12
4.564255836993369,6.166237819202587,32.813965027146175,0.03219279897350019,0.025131345582538156,0.014938290914742608,0.034889240351493545,0.0348686544174619,0.015061709085257405,1.12,1.12,1.12,1.12
4.565681629981702,6.167248058220409,32.81316340508256,0.032192542653915246,0.02513423326166872,0.014938291702958878,0.03488949667107849,0.03486576673833133,0.015061708297041135,1.12,1.12,1.12,1.12
4.5671075700126105,6.168258130158704,32.812359974696115,0.0321922862051377,0.025137123584773713,0.014938292492575181,0.03488975311985604,0.03486287641522634,0.015061707507424832,1.12,1.12,1.12,1.12
4.568533656944861,6.169268034719153,32.81155473508545,0.032192029626975205,0.0251400165518518,0.01493829328354851,0.03489000969801853,0.03485998344814825,0.015061706716451503,1.12,1.12,1.12,1.12
4.569959890636947,6.170277771603124,32.81074768534897,0.03219177291923969,0.02514291216298975,0.014938294075838465,0.034890266405754045,0.0348570878370103,0.015061705924161548,1.12,1.12,1.12,1.12
4.571386270947094,6.1712873405116655,32.80993882458484,0.03219151608174814,0.02514581041836028,0.014938294869407134,0.0348905232432456,0.03485418958163977,0.015061705130592878,1.12,1.12,1.12,1.12
4.572812797733253,6.172296741145505,32.809128151890974,0.032191259114321136,0.025148711318220413,0.014938295664218865,0.0348907802106726,0.03485128868177964,0.015061704335781148,1.12,1.12,1.12,1.12
4.574239470853107,6.173305973205051,32.80831566636504,0.03219100201678338,0.0251516148629089,0.01493829646024003,0.03489103730821036,0.034848385137091153,0.015061703539759982,1.12,1.12,1.12,1.12
4.57566629016407,6.174315036390387,32.807501367104436,0.032190744788963666,0.02515452105284488,0.014938297257439129,0.03489129453603007,0.03484547894715517,0.015061702742560884,1.12,1.12,1.12,1.12
4.577093255523284,6.175323930401272,32.80668525320623,0.03219048743069447,0.025157429888525568,0.01493829805578635,0.034891551894299266,0.034842570111474486,0.015061701944213662,1.12,1.12,1.12,1.12
4.57852036678763,6.176332654937139,32.80586732376724,0.03219022994181148,0.02516034137052467,0.014938298855253634,0.03489180938318226,0.034839658629475384,0.015061701144746378,1.12,1.12,1.12,1.12
4.57994762381371,6.177341209697097,32.80504757788395,0.03218997232215387,0.025163255499490084,0.01493829965581489,0.034892067002839866,0.03483674450050997,0.015061700344185122,1.12,1.12,1.12,1.12
4.581375026457871,6.178349594379922,32.804226014652514,0.032189714571564054,0.02516617227614279,0.014938300457445208,0.03489232475342968,0.034833827723857264,0.015061699542554804,1.12,1.12,1.12,1.12
4.582802574576183,6.179357808684066,32.80340263316877,0.032189456689888096,0.02516909170127471,0.014938301260121259,0.03489258263510564,0.034830908298725344,0.015061698739878754,1.12,1.12,1.12,1.12
4.584230268024452,6.1803658523076415,32.80257743252818,0.03218919867697484,0.025172013775747265,0.01493830206382099,0.0348928406480189,0.03482798622425279,0.015061697936179022,1.12,1.12,1.12,1.12
4.585658106658226,6.181373724948434,32.801750411825864,0.03218894053267618,0.02517493850048938,0.014938302868523948,0.034893098792317556,0.03482506149951067,0.015061697131476065,1.12,1.12,1.12,1.12
4.587086090332778,6.182381426303896,32.80092157015656,0.0321886822568469,0.025177865876496286,0.014938303674210562,0.034893357068146835,0.03482213412350377,0.01506169632578945,1.12,1.12,1.12,1.12
4.588514218903117,6.183388956071143,32.800090906614656,0.03218842384934412,0.025180795904827746,0.014938304480862377,0.03489361547564962,0.03481920409517231,0.015061695519137636,1.12,1.12,1.12,1.12
4.589942492223994,6.1843963139469516,32.799258420294095,0.032188165310028105,0.02518372858660678,0.014938305288462253,0.03489387401496563,0.034816271413393274,0.01506169471153776,1.12,1.12,1.12,1.12
4.591370910149891,6.185403499627765,32.79842411028845,0.03218790663876103,0.0251866639230178,0.014938306096993842,0.034894132686232704,0.034813336076982254,0.01506169390300617,1.12,1.12,1.12,1.12
4.5927994725350265,6.186410512809684,32.7975879756909,0.032187647835407784,0.025189601915305476,0.014938306906441767,0.03489439148958595,0.03481039808469458,0.015061693093558245,1.12,1.12,1.12,1.12
4.594228179233357,6.187417353188472,32.796750015594164,0.03218738889983541,0.025192542564773462,0.014938307716791444,0.034894650425158324,0.03480745743522659,0.01506169228320857,1.12,1.12,1.12,1.12
4.595657030098571,6.188424020459552,32.79591022909054,0.0321871298319133,0.025195485872782586,0.014938308528029284,0.03489490949308044,0.03480451412721747,0.015061691471970728,1.12,1.12,1.12,1.12
4.597086024984101,6.189430514318,32.7950686152719,0.0321868706315126,0.02519843184074988,0.014938309340142258,0.03489516869348114,0.034801568159250174,0.015061690659857754,1.12,1.12,1.12,1.12
4.598515163743111,6.190436834458554,32.79422517322964,0.032186611298506806,0.02520138047014714,0.014938310153118112,0.03489542802648693,0.034798619529852914,0.015061689846881901,1.12,1.12,1.12,1.12
4.599944446228511,6.1914429805756015,32.79337990205474,0.032186351832771076,0.025204331762499754,0.014938310966945298,0.03489568749222266,0.0347956682375003,0.015061689033054715,1.12,1.12,1.12,1.12
4.601373872292935,6.192448952363191,32.79253280083765,0.032186092234182284,0.025207285719385464,0.014938311781612729,0.03489594709081145,0.03479271428061459,0.015061688218387284,1.12,1.12,1.12,1.12
4.602803441788771,6.19345474951502,32.791683868668414,0.03218583250261953,0.02521024234243302,0.014938312597110232,0.03489620682237421,0.03478975765756703,0.015061687402889781,1.12,1.12,1.12,1.12
4.604233154568134,6.194460371724436,32.79083310463653,0.0321855726379634,0.02521320163332122,0.014938313413427703,0.034896466687030336,0.034786798366678834,0.01506168658657231,1.12,1.12,1.12,1.12
4.605663010482882,6.195465818684443,32.78998050783103,0.03218531264009561,0.025216163593777735,0.014938314230555791,0.03489672668489813,0.03478383640622232,0.015061685769444222,1.12,1.12,1.12,1.12
4.607093009384612,6.196471090087693,32.78912607734047,0.03218505250890008,0.025219128225577953,0.014938315048485681,0.034896986816093656,0.0347808717744221,0.015061684951514331,1.12,1.12,1.12,1.12
4.608523151124658,6.197476185626481,32.788269812252835,0.03218479224426163,0.02522209553054397,0.014938315867208438,0.03489724708073211,0.034777904469456083,0.015061684132791575,1.12,1.12,1.12,1.12
4.609953435554096,6.198481104992762,32.78741171165566,0.03218453184606712,0.025225065510543265,0.014938316686716246,0.034897507478926615,0.03477493448945679,0.015061683313283766,1.12,1.12,1.12,1.12
4.611383862523737,6.199485847878127,32.78655177463591,0.03218427131420404,0.025228038167488365,0.014938317507001128,0.0348977680107897,0.03477196183251169,0.015061682492998885,1.12,1.12,1.12,1.12
4.612814431884138,6.200490413973819,32.785690000280056,0.03218401064856191,0.025231013503335065,0.014938318328055797,0.034898028676431825,0.03476898649666499,0.015061681671944216,1.12,1.12,1.12,1.12
4.614245143485592,6.201494802970725,32.78482638767399,0.032183749849030885,0.025233991520081905,0.014938319149873008,0.03489828947596285,0.03476600847991815,0.015061680850127004,1.12,1.12,1.12,1.12
4.615675997178125,6.202499014559371,32.783960935903096,0.03218348891550238,0.02523697221976945,0.014938319972445449,0.03489855040949136,0.034763027780230604,0.015061680027554564,1.12,1.12,1.12,1.12
4.617106992811516,6.203503048429933,32.783093644052194,0.0321832278478692,0.025239955604478836,0.014938320795766735,0.034898811477124536,0.03476004439552122,0.015061679204233278,1.12,1.12,1.12,1.12
4.618538130235275,6.204506904272226,32.782224511205534,0.032182966646025046,0.02524294167633115,0.014938321619830316,0.03489907267896869,0.034757058323668905,0.015061678380169696,1.12,1.12,1.12,1.12
4.619969409298653,6.205510581775707,32.78135353644683,0.032182705309865056,0.025245930437486852,0.014938322444629781,0.03489933401512868,0.0347540695625132,0.015061677555370231,1.12,1.12,1.12,1.12
4.621400829850642,6.206514080629472,32.78048071885921,0.03218244383928448,0.02524892189014452,0.014938323270158996,0.034899595485709256,0.03475107810985553,0.015061676729841017,1.12,1.12,1.12,1.12
4.622832391739975,6.2075174005222555,32.77960605752521,0.03218218223418057,0.025251916036540506,0.014938324096411909,0.03489985709081317,0.03474808396345955,0.015061675903588104,1.12,1.12,1.12,1.12
4.624264094815124,6.208520541142433,32.778729551526794,0.03218192049445068,0.025254912878947544,0.014938324923382526,0.03490011883054306,0.03474508712105251,0.015061675076617487,1.12,1.12,1.12,1.12
4.6256959389242995,6.209523502178013,32.77785119994534,0.03218165861999356,0.0252579124196749,0.014938325751065004,0.03490038070500018,0.034742087580325154,0.015061674248935009,1.12,1.12,1.12,1.12
4.627127923915453,6.210526283316646,32.77697100186165,0.03218139661070851,0.025260914661066808,0.0149383265794535,0.034900642714285224,0.034739085338933245,0.015061673420546512,1.12,1.12,1.12,1.12
4.6285600496362775,6.211528884245616,32.77608895635587,0.03218113446649584,0.025263919605502255,0.014938327408542354,0.034900904858497894,0.0347360803944978,0.015061672591457659,1.12,1.12,1.12,1.12
4.6299923159342065,6.212531304651837,32.775205062507624,0.032180872187256904,0.025266927255394228,0.014938328238326012,0.03490116713773683,0.034733072744605825,0.015061671761674,1.12,1.12,1.12,1.12
4.631424722656411,6.213533544221867,32.77431931939586,0.03218060977289322,0.02526993761318913,0.014938329068798564,0.034901429552100516,0.03473006238681092,0.015061670931201449,1.12,1.12,1.12,1.12
4.632857269649805,6.214535602641888,32.77343172609892,0.032180347223307704,0.025272950681366285,0.014938329899954667,0.03490169210168603,0.03472704931863377,0.015061670100045346,1.12,1.12,1.12,1.12
4.634289956761037,6.21553747959772,32.77254228169451,0.0321800845384036,0.025275966462436877,0.014938330731788449,0.03490195478659014,0.034724033537563176,0.015061669268211564,1.12,1.12,1.12,1.12
4.635722783836504,6.216539174774809,32.7716509852598,0.03217982171808509,0.02527898495894429,0.014938331564294471,0.03490221760690865,0.034721015041055764,0.015061668435705541,1.12,1.12,1.12,1.12
4.637155750722335,6.217540687858234,32.77075783587117,0.03217955876225681,0.025282006173462768,0.014938332397466683,0.034902480562736926,0.034717993826537286,0.01506166760253333,1.12,1.12,1.12,1.12
4.638588857264404,6.218542018532706,32.76986283260452,0.03217929567082434,0.02528503010859756,0.014938333231299644,0.0349027436541694,0.03471496989140249,0.015061666768700369,1.12,1.12,1.12,1.12
4.640022103308319,6.219543166482561,32.76896597453498,0.03217903244369391,0.025288056766984313,0.014938334065787179,0.034903006881299825,0.03471194323301574,0.015061665934212834,1.12,1.12,1.12,1.12
4.641455488699435,6.2205441313917635,32.768067260737126,0.03217876908076389,0.02529108615127973,0.014938334901243244,0.034903270244229845,0.034708913848720324,0.015061665098756769,1.12,1.12,1.12,1.12
4.642889013282814,6.221544912943871,32.76716669028475,0.03217850558191199,0.025294118264151594,0.014938335738321512,0.03490353374308175,0.03470588173584846,0.0150616642616785,1.12,1.12,1.12,1.12
4.644322676903195,6.222545510821999,32.76626426225087,0.032178241947009134,0.02529715310829761,0.014938336576970801,0.0349037973779846,0.034702846891702444,0.015061663423029212,1.12,1.12,1.12,1.12
4.645756479405061,6.2235459247088905,32.76535997570778,0.03217797817592771,0.02530019068644543,0.01493833741714086,0.034904061149066024,0.034699809313554625,0.015061662582859153,1.12,1.12,1.12,1.12
4.647190420632638,6.224546154286914,32.764453829727195,0.03217771426854177,0.025303231001352594,0.014938338258781728,0.03490432505645197,0.03469676899864746,0.015061661741218285,1.12,1.12,1.12,1.12
4.648624500429896,6.225546199238074,32.76354582338014,0.03217745022472701,0.025306274055806433,0.014938339101843973,0.034904589100266725,0.03469372594419362,0.01506166089815604,1.12,1.12,1.12,1.12
4.650058718640543,6.226546059243993,32.76263595573697,0.032177186044360595,0.025309319852624468,0.014938339946278495,0.03490485328063314,0.034690680147375585,0.015061660053721518,1.12,1.12,1.12,1.12
4.651493075108033,6.227545733985929,32.76172422586741,0.03217692172732156,0.025312368394654533,0.0149383407920365,0.034905117597672175,0.03468763160534552,0.015061659207963513,1.12,1.12,1.12,1.12
4.652927569675561,6.228545223144761,32.76081063284046,0.032176657273490394,0.025315419684775103,0.014938341639069513,0.03490538205150334,0.03468458031522495,0.0150616583609305,1.12,1.12,1.12,1.12
4.654362202186062,6.229544526400992,32.759895175724495,0.03217639268274919,0.025318473725895962,0.014938342487329684,0.03490564664224455,0.03468152627410409,0.015061657512670329,1.12,1.12,1.12,1.12
4.655796972482216,6.23054364343475,32.75897785358717,0.03217612795495245,0.02532153052095895,0.014938343336769175,0.03490591137004129,0.0346784694790411,0.015061656663230838,1.12,1.12,1.12,1.12
4.657231880406443,6.231542573925788,32.75805866549547,0.032175863078746536,0.025324590072938663,0.01493834418734069,0.0349061762462472,0.03467540992706139,0.015061655812659322,1.12,1.12,1.12,1.12
4.6586669258009055,6.232541317553475,32.757137610515684,0.03217559804199982,0.025327652384844412,0.014938345038997228,0.034906441282993916,0.03467234761515564,0.015061654961002785,1.12,1.12,1.12,1.12
4.660102108507508,6.233539873996809,32.75621468771341,0.03217533284392943,0.025330717459721513,0.014938345891691948,0.03490670648106431,0.03466928254027854,0.015061654108308065,1.12,1.12,1.12,1.12
4.661537428367893,6.2345382429344,32.75528989615351,0.03217506748385457,0.025333785300653416,0.014938346745378583,0.03490697184113917,0.03466621469934664,0.01506165325462143,1.12,1.12,1.12,1.12
4.6629728852234535,6.235536424044486,32.75436323490021,0.03217480196120548,0.02533685591076487,0.014938347600011212,0.03490723736378826,0.03466314408923518,0.0150616523999888,1.12,1.12,1.12,1.12
4.664408478915314,6.236534417004916,32.75343470301691,0.03217453627397954,0.025339929293225733,0.014938348455543954,0.0349075030510142,0.03466007070677432,0.015061651544456059,1.12,1.12,1.12,1.12
4.665844209284349,6.2375322214931606,32.75250429956638,0.03217427041974752,0.025343005451255785,0.014938349311931526,0.03490776890524622,0.03465699454874427,0.015061650688068487,1.12,1.12,1.12,1.12
4.667280076171169,6.238529837186299,32.75157202361061,0.03217400439701806,0.025346084388131657,0.014938350169128839,0.03490803492797567,0.0346539156118684,0.015061649830871174,1.12,1.12,1.12,1.12
4.668716079416128,6.239527263761033,32.750637874210845,0.032173738204252456,0.025349166107195287,0.014938351027091012,0.03490830112074128,0.03465083389280477,0.015061648972909,1.12,1.12,1.12,1.12
4.670152218859328,6.2405245008936765,32.74970185042761,0.032173471839858914,0.02535225061186608,0.01493835188577386,0.03490856748513482,0.034647749388133975,0.015061648114226153,1.12,1.12,1.12,1.12
4.671588494340606,6.24152154826015,32.748763951320626,0.032173205302188534,0.025355337905658387,0.014938352745133263,0.0349088340228052,0.034644662094341666,0.01506164725486675,1.12,1.12,1.12,1.12
4.673024905699548,6.242518405535989,32.747824175948836,0.03217293858953729,0.02535842799220478,0.014938353605125812,0.034909100735456444,0.034641572007795274,0.0150616463948742,1.12,1.12,1.12,1.12
4.674461452775485,6.243515072396335,32.7468825233704,0.03217267170012644,0.02536152087529156,0.014938354465708029,0.034909367624867294,0.03463847912470849,0.015061645534291984,1.12,1.12,1.12,1.12
4.675898135407489,6.244511548515932,32.745938992642664,0.032172404632099194,0.025364616558911424,0.014938355326836947,0.03490963469289454,0.03463538344108863,0.015061644673163066,1.12,1.12,1.12,1.12
4.677334953434387,6.245507833569128,32.74499358282205,0.03217213738351277,0.025367715038186245,0.014938356188470184,0.03490990194148097,0.03463228496181381,0.015061643811529829,1.12,1.12,1.12,1.12
4.678771906694631,6.246503927229995,32.744046292965635,0.03217186995233812,0.02537081629994478,0.014938357050565565,0.03491016937265562,0.03462918370005527,0.015061642949434448,1.12,1.12,1.12,1.12
4.680208995026187,6.247499829172425,32.74309712213257,0.032171602336456884,0.02537392034831004,0.014938357913081235,0.03491043698853685,0.03462607965169001,0.015061642086918778,1.12,1.12,1.12,1.12
4.681646218266772,6.24849553906992,32.74214606938108,0.032171334533630414,0.025377027187398538,0.014938358775975602,0.03491070479136332,0.034622972812601516,0.01506164122402441,1.12,1.12,1.12,1.12
4.683083576253855,6.249491056595575,32.74119313376852,0.03217106654148483,0.025380136821320814,0.014938359639207935,0.03491097278350891,0.03461986317867924,0.015061640360792078,1.12,1.12,1.12,1.12
4.684521068824647,6.250486381422089,32.74023831435138,0.03217079833793646,0.02538324925418184,0.01493836050273753,0.03491124098705728,0.034616750745818214,0.015061639497262483,1.12,1.12,1.12,1.12
4.685958695816112,6.251481513221757,32.73928161018526,0.03217052988389263,0.025386364490080915,0.014938361366524378,0.03491150944110111,0.03461363550991914,0.015061638633475635,1.12,1.12,1.12,1.12
4.687396457064957,6.252476451666474,32.7383230203249,0.032170261152222934,0.025389482523168888,0.014938362230528898,0.0349117781727708,0.034610517476831165,0.015061637769471115,1.12,1.12,1.12,1.12
4.688834352407504,6.253471196427862,32.737362543825824,0.032169992108293965,0.02539260332875104,0.01493836309471179,0.03491204721669977,0.03460739667124901,0.015061636905288223,1.12,1.12,1.12,1.12
4.69027238167943,6.254465747177533,32.736400179747534,0.03216972271071561,0.025395726913189948,0.014938363959034195,0.03491231661427813,0.034604273086810106,0.015061636040965817,1.12,1.12,1.12,1.12
4.69171054471619,6.255460103586663,32.735435927148316,0.03216945290864959,0.02539885328279831,0.014938364823457825,0.03491258641634415,0.03460114671720174,0.015061635176542187,1.12,1.12,1.12,1.12
4.6931488413530165,6.256454265325999,32.73446978508518,0.03216918264008578,0.025401982441551785,0.014938365687944877,0.034912856684907956,0.03459801755844827,0.015061634312055136,1.12,1.12,1.12,1.12
4.694587271424883,6.2574482320658875,32.73350175261433,0.03216891182985426,0.02540511436533824,0.014938366552458088,0.03491312749513947,0.034594885634661815,0.015061633447541925,1.12,1.12,1.12,1.12
4.696025834766128,6.2584420034766515,32.73253182879581,0.03216864038733208,0.02540824905735642,0.014938367416960543,0.034913398937661655,0.034591750942643634,0.01506163258303947,1.12,1.12,1.12,1.12
4.697464531210825,6.259435579228222,32.73156001268899,0.03216836820329305,0.025411386521327378,0.014938368281415815,0.034913671121700685,0.034588613478672675,0.015061631718584198,1.12,1.12,1.12,1.12
4.698903360592784,6.2604289589901345,32.730586303352425,0.032168095145868936,0.025414526764457962,0.01493836914578818,0.0349139441791248,0.03458547323554209,0.015061630854211833,1.12,1.12,1.12,1.12
4.700342322745603,6.261422142431482,32.729610699843306,0.03216782105822802,0.025417669793555836,0.014938370010042307,0.03491421826676572,0.03458233020644422,0.015061629989957706,1.12,1.12,1.12,1.12
4.701781417502658,6.2624151292209165,32.72863320121746,0.03216754575135128,0.02542081561515888,0.014938370874143528,0.03491449357364246,0.03457918438484117,0.015061629125856485,1.12,1.12,1.12,1.12
4.703220644697103,6.263407919026654,32.727653806529524,0.03216726899507072,0.025423964235614327,0.014938371738057996,0.03491477032992302,0.034576035764385726,0.015061628261942017,1.12,1.12,1.12,1.12
4.704660004161862,6.2644005115164765,32.726672514832806,0.03216699050420513,0.025427115661129568,0.01493837260175257,0.03491504882078861,0.034572884338870485,0.015061627398247443,1.12,1.12,1.12,1.12
4.706099495729628,6.26539290635773,32.725689325179445,0.032166709916394975,0.025430269897806834,0.014938373465194207,0.03491532940859876,0.03456973010219322,0.015061626534805805,1.12,1.12,1.12,1.12
4.7075391192328615,6.266385103217329,32.72470423662035,0.032166426756212674,0.025433426951666643,0.014938374328351017,0.03491561256878106,0.03456657304833341,0.015061625671648995,1.12,1.12,1.12,1.12
4.708978874503791,6.267377101761754,32.723717248205276,0.03216614037748344,0.025436586828664787,0.014938375191191622,0.03491589894751029,0.03456341317133527,0.015061624808808391,1.12,1.12,1.12,1.12
4.710418761374404,6.268368901657053,32.72272835898278,0.03216584987307192,0.025439749534704625,0.014938376053685296,0.03491618945192182,0.03456025046529543,0.015061623946314717,1.12,1.12,1.12,1.12
4.7118587796764535,6.269360502568839,32.72173756800022,0.03216555390225845,0.025442915075646277,0.014938376915802076,0.03491648542273529,0.034557084924353776,0.015061623084197936,1.12,1.12,1.12,1.12
4.713298929241453,6.270351904162297,32.72074487430385,0.03216525032124257,0.02544608345731389,0.01493837777751253,0.03491678900375117,0.034553916542686164,0.015061622222487484,1.12,1.12,1.12,1.12
4.714739209900674,6.271343106102174,32.71975027693874,0.03216493586304092,0.025449254685500577,0.014938378638788136,0.034917103461952814,0.034550745314499476,0.015061621361211877,1.12,1.12,1.12,1.12
4.71617962148515,6.272334108052781,32.71875377494876,0.032164605474657215,0.02545242876515208,0.014938379502439633,0.03491743385033652,0.034547571234847974,0.01506162049756038,1.12,1.12,1.12,1.12
4.717620163825074,6.273324909677327,32.71775536737525,0.032164250813099204,0.025455605701173334,0.014938380368708842,0.03491778851189453,0.03454439429882672,0.01506161963129117,1.12,1.12,1.12,1.12
4.719060836750354,6.274315510638546,32.71675505325837,0.03216398288105771,0.025458785498571113,0.014938381237403028,0.03491805644393603,0.03454121450142894,0.015061618762596984,1.12,1.12,1.12,1.12
4.720501640090697,6.275305910598816,32.71575283163742,0.03216371412953073,0.02546196816245916,0.014938382108317813,0.03491832519546301,0.034538031837540895,0.0150616178916822,1.12,1.12,1.12,1.12
4.721942573675624,6.2762961092201595,32.7147487015508,0.032163444163068655,0.0254651536980722,0.01493838298123655,0.03491859516192508,0.03453484630192785,0.015061617018763462,1.12,1.12,1.12,1.12
4.723383637334472,6.277286106164251,32.71374266203607,0.03216317229441629,0.025468342110776365,0.014938383855932047,0.03491886703057745,0.03453165788922369,0.015061616144067966,1.12,1.12,1.12,1.12
4.724824830896406,6.278275901092418,32.71273471212987,0.03216289710600245,0.02547153340607869,0.014938384732166118,0.034919142218991284,0.034528466593921364,0.015061615267833894,1.12,1.12,1.12,1.12
4.7262661541904185,6.279265493665651,32.71172485086797,0.032162614850931526,0.025474727589636703,0.01493838560969056,0.03491942447406221,0.03452527241036335,0.015061614390309452,1.12,1.12,1.12,1.12
4.727707607045339,6.280254883544604,32.7107130772852,0.032162312749082156,0.025477924667266533,0.014938386488247024,0.03491972657591158,0.03452207533273352,0.015061613511752989,1.12,1.12,1.12,1.12
4.72914918928985,6.281244070389599,32.70969939041555,0.032161949257059064,0.025481124644950615,0.014938387367568334,0.03492009006793467,0.03451887535504944,0.015061612632431678,1.12,1.12,1.12,1.12
4.730590900752477,6.2822330538606295,32.708683789292024,0.032161333261940594,0.02548432752884061,0.014938388247378961,0.03492070606305314,0.03451567247115944,0.015061611752621051,1.12,1.12,1.12,1.12
4.732032741261611,6.28322183361737,32.707666272946774,0.03216101134537219,0.02548753332528539,0.01493838912739727,0.034921027979621544,0.034512466674714665,0.015061610872602743,1.12,1.12,1.12,1.12
4.73347471064551,6.2842104093191695,32.706646840410926,0.032159747648473624,0.025490742039958658,0.014938390012865663,0.03492229167652011,0.034509257960041395,0.01506160998713435,1.12,1.12,1.12,1.12
4.7349168087314695,6.285198780624123,32.70562549071272,0.03215533869493331,0.02549395367784396,0.014938390908013285,0.034926700630060425,0.03450604632215609,0.015061609091986727,1.12,1.12,1.12,1.12
4.736359035345891,6.2861869471891785,32.70460222287784,0.03214671559938703,0.025497168252563984,0.014938391712487856,0.034935323725606704,0.03450283174743607,0.015061608287512157,1.12,1.12,1.12,1.12
4.737801390326851,6.287174908684607,32.70357703596152,0.03213447970416372,0.02550038576940833,0.014938392519255744,0.034947559620830015,0.034499614230591724,0.015061607480744268,1.12,1.12,1.12,1.12
4.739243873501112,6.288162664767295,32.70254992898819,0.032118524190480335,0.025503606233658882,0.014938393328286878,0.0349635151345134,0.03449639376634117,0.015061606671713135,1.12,1.12,1.12,1.12
4.74068648469518,6.289150215093696,32.701520900981194,0.032098886030912044,0.025506829650599278,0.01493839413955221,0.03498315329408169,0.034493170349400776,0.015061605860447802,1.12,1.12,1.12,1.12
4.742129223735296,6.290137559319817,32.70048995096278,0.032075629006714235,0.025510056025514816,0.01493839495302289,0.0350064103182795,0.03448994397448524,0.015061605046977122,1.12,1.12,1.12,1.12
4.743572090447443,6.291124697101228,32.69945707795414,0.032048823751328726,0.025513285363692684,0.014938395768670315,0.03503321557366501,0.03448671463630737,0.015061604231329698,1.12,1.12,1.12,1.12
4.745015084657335,6.29211162809305,32.69842228097534,0.032018541908988285,0.025516517670421734,0.014938396586466354,0.03506349741600545,0.03448348232957832,0.015061603413533659,1.12,1.12,1.12,1.12
4.7464582061904315,6.293098351949965,32.697385559045394,0.03198485449708954,0.025519752950992403,0.014938397406383225,0.03509718482790419,0.03448024704900765,0.015061602593616788,1.12,1.12,1.12,1.12
4.747901454871921,6.294084868326208,32.69634691118222,0.03194783151809277,0.025522991210696427,0.01493839822839306,0.03513420780690096,0.034477008789303626,0.015061601771606953,1.12,1.12,1.12,1.12
4.7493448305267325,6.29507117687557,32.695306336402666,0.03190745349467772,0.025526232454824688,0.014938399052468673,0.03517458583031602,0.034473767545175366,0.01506160094753134,1.12,1.12,1.12,1.12
4.750788332979523,6.296057277251396,32.694263833722445,0.03186390357371699,0.02552947668867253,0.01493839987858249,0.03521813575127675,0.03447052331132752,0.015061600121417523,1.12,1.12,1.12,1.12
4.752231962054687,6.297043169106579,32.69321940215625,0.03181723885549076,0.025532723917535055,0.014938400706707114,0.03526480046950298,0.034467276082465,0.015061599293292899,1.12,1.12,1.12,1.12
4.753675717576356,6.298028852093573,32.692173040717634,0.03176751871832151,0.025535974146707663,0.014938401536818718,0.03531452060667223,0.03446402585329239,0.015061598463181294,1.12,1.12,1.12,1.12
4.755119599368385,6.299014325864377,32.691124748419085,0.0317148039642377,0.02553922738148598,0.014938402368890685,0.03536723536075603,0.034460772618514074,0.015061597631109327,1.12,1.12,1.12,1.12
4.75656360725437,6.299999590070545,32.69007452427197,0.031659155329930244,0.02554248362498726,0.01493840320289598,0.03542288399506349,0.03445751637501279,0.015061596797104032,1.12,1.12,1.12,1.12
4.758007741057603,6.300984644363208,32.689022367286995,0.03160063312909911,0.025545742865045545,0.014938404038807432,0.03548140619589463,0.03445425713495451,0.015061595961192581,1.12,1.12,1.12,1.12
4.759452000600879,6.301969488393286,32.68796827647665,0.03153929701659247,0.025549005106910244,0.014938404876597602,0.035542742308401265,0.03445099489308981,0.01506159512340241,1.12,1.12,1.12,1.12
4.760896385706725,6.302954121811253,32.68691225085237,0.03147520583643687,0.025552270355843898,0.014938405716238987,0.035606833488556866,0.034447729644156155,0.015061594283761026,1.12,1.12,1.12,1.12
4.762340896197397,6.30393854426713,32.685854289424526,0.03140841754010548,0.025555538617123785,0.01493840655770387,0.035673621784888254,0.03444446138287627,0.015061593442296142,1.12,1.12,1.12,1.12
4.763785531894876,6.304922755410485,32.68479439120236,0.031338989147636054,0.02555880989604234,0.014938407400964748,0.03574305017735768,0.034441190103957714,0.015061592599035264,1.12,1.12,1.12,1.12
4.765230292620873,6.305906754890437,32.683732555194084,0.03126697670867973,0.025562084197908536,0.01493840824599349,0.03581506261631401,0.03443791580209152,0.015061591754006523,1.12,1.12,1.12,1.12
4.766675178196828,6.3068905423556565,32.682668780406786,0.031192435298219856,0.025565361528048475,0.014938409092761867,0.03588960402677388,0.03443463847195158,0.015061590907238145,1.12,1.12,1.12,1.12
4.7681201884439055,6.30787411745435,32.681603065846474,0.031115419019470958,0.025568641891806437,0.014938409941241057,0.03596662030552278,0.034431358108193616,0.015061590058758956,1.12,1.12,1.12,1.12
4.769565323182999,6.308857479834275,32.680535410518075,0.031035981011530878,0.025571925294567838,0.014938410791401943,0.03604605831346286,0.034428074705432216,0.01506158920859807,1.12,1.12,1.12,1.12
4.771010582234728,6.309840629142737,32.67946581342538,0.030954173460157997,0.025575211742129317,0.014938411643215507,0.03612786586483574,0.034424788257870736,0.015061588356784505,1.12,1.12,1.12,1.12
4.772455965419442,6.310823565026571,32.67839427357106,0.030870047610672746,0.025578501239832685,0.01493841249665201,0.03621199171432099,0.03442149876016737,0.015061587503348003,1.12,1.12,1.12,1.12
4.773901472557216,6.311806287132161,32.67732078995664,0.03078365378237824,0.025581793793042845,0.014938413351681668,0.0362983855426155,0.03441820620695721,0.015061586648318345,1.12,1.12,1.12,1.12
4.775347103467851,6.312788795105433,32.67624536158257,0.030695041370966847,0.025585089407147987,0.014938414208274367,0.03638699795402689,0.034414910592852066,0.015061585791725646,1.12,1.12,1.12,1.12
4.776792857970869,6.313771088591851,32.675167987448205,0.030604258880218838,0.025588388087560476,0.014938415066399577,0.0364777804447749,0.03441161191243958,0.015061584933600436,1.12,1.12,1.12,1.12
4.778238735885516,6.314753167236422,32.67408866655177,0.03051135396079868,0.025591689839716603,0.01493841592602689,0.036570685364195055,0.03440831016028345,0.015061584073973122,1.12,1.12,1.12,1.12
4.779684737030763,6.315735030683688,32.6730073978904,0.030416373416951692,0.02559499466907761,0.014938416787124917,0.036665665908042044,0.034405005330922445,0.015061583212875096,1.12,1.12,1.12,1.12
4.781130861225301,6.316716678577731,32.67192418046008,0.03031936324460316,0.025598302581133214,0.014938417649662514,0.03676267608039058,0.03440169741886684,0.015061582350337499,1.12,1.12,1.12,1.12
4.782577108287545,6.3176981105621755,32.6708390132557,0.030220368697879918,0.02560161358139626,0.014938418513608137,0.03686167062711382,0.034398386418603794,0.015061581486391876,1.12,1.12,1.12,1.12
4.784023478035632,6.31867932628017,32.669751895271034,0.030119434442214543,0.025604927675344474,0.014938419379016493,0.03696260488277919,0.03439507232465558,0.01506158062098352,1.12,1.12,1.12,1.12
4.785469970287387,6.319660325374372,32.66866282549859,0.030016604937812497,0.025608244868346536,0.014938420246044748,0.03706543438718124,0.03439175513165352,0.015061579753955265,1.12,1.12,1.12,1.12
4.786916584860278,6.320641107486876,32.667571802929636,0.02991192547534338,0.025611565165778588,0.014938421114680647,0.037170113849650355,0.034388434834221465,0.015061578885319366,1.12,1.12,1.12,1.12
4.788363321571477,6.321621672259304,32.666478826554254,0.029805444994342123,0.025614888573013667,0.014938421984920958,0.03727659433065161,0.03438511142698639,0.015061578015079055,1.12,1.12,1.12,1.12
4.789810180237859,6.322602019332788,32.665383895361366,0.029697223419430152,0.025618215095431413,0.014938422856754618,0.037384815905563584,0.03438178490456864,0.015061577143245394,1.12,1.12,1.12,1.12
4.791257160675997,6.323582148347973,32.664287008338746,0.02958734926107809,0.025621544738429536,0.014938423730168862,0.03749469006391565,0.03437845526157052,0.01506157626983115,1.12,1.12,1.12,1.12
4.792704262702165,6.324562058945017,32.66318816447299,0.0294759718703011,0.02562487750811271,0.014938424605149228,0.03760606745469264,0.034375122491887344,0.015061575394850785,1.12,1.12,1.12,1.12
4.794151486132352,6.325541750763584,32.6620873627494,0.029363338654553373,0.025628213411974382,0.0149384254816783,0.037718700670440364,0.03437178658802567,0.015061574518321713,1.12,1.12,1.12,1.12
4.795598830782269,6.326521223442808,32.66098460215174,0.029249790044493962,0.02563155245571741,0.014938426359732915,0.037832249280499775,0.03436844754428264,0.015061573640267098,1.12,1.12,1.12,1.12
4.797046296467333,6.327500476621328,32.65987988166246,0.029135669998772873,0.025634894645149814,0.014938427239282431,0.03794636932622086,0.03436510535485024,0.015061572760717581,1.12,1.12,1.12,1.12
4.798493882999366,6.328479509939034,32.658773200293155,0.029021218193983234,0.025638239988105938,0.014938428120193678,0.0380608211310105,0.034361760011894116,0.015061571879806335,1.12,1.12,1.12,1.12
4.799941590190499,6.329458323034927,32.65766455704801,0.028906550602973424,0.025641588491601308,0.014938429002394449,0.03817548872202031,0.034358411508398745,0.015061570997605564,1.12,1.12,1.12,1.12
4.801389417855443,6.33043691554564,32.65655395090122,0.028791709975832913,0.025644940160275964,0.014938429885870172,0.03829032934916082,0.03435505983972409,0.01506157011412984,1.12,1.12,1.12,1.12
4.8028373658084424,6.331415287107042,32.65544138082471,0.028676712166602558,0.02564829499800425,0.01493843077059713,0.03840532715839118,0.0343517050019958,0.015061569229402882,1.12,1.12,1.12,1.12
4.804285433863163,6.332393437354103,32.654326845787956,0.028561565949828338,0.025651653007549485,0.014938431656538617,0.0385204733751654,0.03434834699245057,0.015061568343461396,1.12,1.12,1.12,1.12
4.805733621832522,6.333371365920719,32.65321034475764,0.028446278503085565,0.025655014190098024,0.01493843254363883,0.03863576082190817,0.03434498580990203,0.015061567456361183,1.12,1.12,1.12,1.12
4.807181929528447,6.334349072439477,32.65209187669731,0.028330856531339543,0.025658378544626048,0.014938433431814974,0.03875118279365419,0.034341621455374005,0.01506156656818504,1.12,1.12,1.12,1.12
4.808630356761558,6.33532655654133,32.65097144056689,0.028215306485417535,0.025661746067009966,0.014938434320946409,0.0388667328395762,0.03433825393299009,0.015061565679053604,1.12,1.12,1.12,1.12
4.810078903340718,6.336303817855144,32.64984903532205,0.028099634630920578,0.025665116748646216,0.014938435210851655,0.03898240469407316,0.03433488325135384,0.015061564789148357,1.12,1.12,1.12,1.12
4.811527569072325,6.337280856006998,32.64872465991304,0.02798384708706564,0.02566849057395479,0.014938436101239586,0.0390981922379281,0.034331509426045265,0.015061563898760427,1.12,1.12,1.12,1.12
4.812976353759082,6.338257670618927,32.64759831328277,0.027867949850541696,0.025671867515294433,0.014938436991594556,0.03921408947445204,0.03432813248470562,0.015061563008405457,1.12,1.12,1.12,1.12
4.814425257197495,6.339234261306328,32.64646999436244,0.02775194880591425,0.025675247521449923,0.014938437880904529,0.039330090519079486,0.03432475247855013,0.015061562119095484,1.12,1.12,1.12,1.12
4.8158742791723155,6.340210627672123,32.64533970206125,0.0276358497297009,0.025678630480877013,0.0149384387667066,0.039446189595292835,0.03432136951912304,0.015061561233293413,1.12,1.12,1.12,1.12
4.817323419439056,6.341186769288065,32.6442074352317,0.02751965827367564,0.02568201613731466,0.014938439643191165,0.039562381051318096,0.03431798386268539,0.015061560356808848,1.12,1.12,1.12,1.12
4.818772677683701,6.342162685651811,32.64307319259106,0.027403380009686784,0.02568540388690624,0.014938440496615996,0.03967865931530695,0.034314596113093815,0.015061559503384017,1.12,1.12,1.12,1.12
4.820222053425791,6.343138376083672,32.641936972531994,0.02728702039199432,0.025688794926821745,0.014938441398499563,0.039795018932999415,0.03431120507317831,0.01506155860150045,1.12,1.12,1.12,1.12
4.821671547005453,6.344113840822562,32.640798775359904,0.02717057329962247,0.025692189206019594,0.014938442299515492,0.03991146602537127,0.03430781079398046,0.01506155770048452,1.12,1.12,1.12,1.12
4.823121158209547,6.345089079468467,32.6396585999549,0.02705405720200066,0.025695586379855723,0.014938443187297493,0.04002798212299308,0.03430441362014433,0.01506155681270252,1.12,1.12,1.12,1.12
4.824570886687632,6.346064091471198,32.638516444902436,0.026937477268768772,0.02569898341821364,0.014938443948593214,0.040144562056224964,0.034301016581786414,0.0150615560514068,1.12,1.12,1.12,1.12
4.826020730837275,6.347038874910226,32.63737230608905,0.026820838259309976,0.025702367629195588,0.014938444166547687,0.04026120106568376,0.034297632370804465,0.015061555833452325,1.12,1.12,1.12,1.12
4.827470684513034,6.348013422937541,32.636226169920405,0.026704144354523895,0.025705713433106847,0.014938443289959025,0.04037789497046984,0.034294286566893206,0.015061556710040988,1.12,1.12,1.12,1.12
4.82892073532483,6.348987722141766,32.63507801123368,0.026587397690846226,0.025708989403292193,0.014938441095002863,0.04049464163414751,0.03429101059670786,0.01506155890499715,1.12,1.12,1.12,1.12
4.830370867617125,6.3499617561629735,32.6339278021906,0.02647060900845183,0.025712163908064384,0.014938437599685023,0.04061143031654191,0.03428783609193567,0.01506156240031499,1.12,1.12,1.12,1.12
4.831821064977972,6.350935508575276,32.63277551863712,0.02635377536895228,0.025715206338083718,0.014938432870801863,0.040728263956041455,0.034284793661916335,0.01506156712919815,1.12,1.12,1.12,1.12
4.8332713108178895,6.35190896351681,32.63162114132466,0.02623690078475327,0.0257180859780885,0.0149384269359817,0.040845138540240467,0.03428191402191155,0.015061573064018313,1.12,1.12,1.12,1.12
4.834721587859569,6.352882105117672,32.63046465471362,0.026119989419882084,0.025720775102467147,0.014938419926994032,0.04096204990511165,0.034279224897532906,0.015061580073005981,1.12,1.12,1.12,1.12
4.836171879576776,6.353854919085098,32.6293060501454,0.026003045735390196,0.025723246761316404,0.014938411896614656,0.04107899358960354,0.03427675323868365,0.015061588103385357,1.12,1.12,1.12,1.12
4.837622169227212,6.354827391566831,32.62814532321105,0.025886074361653855,0.02572547493255775,0.014938402901317274,0.04119596496333988,0.0342745250674423,0.015061597098682739,1.12,1.12,1.12,1.12
4.839072439941511,6.355799509230159,32.6269824738134,0.025769080099930064,0.025727434579926434,0.014938392997839334,0.04131295922506367,0.03427256542007362,0.015061607002160679,1.12,1.12,1.12,1.12
4.840522674771587,6.356771259292518,32.62581750611404,0.02565206791829261,0.025729101664898252,0.014938382241688086,0.04142997140670113,0.0342708983351018,0.015061617758311927,1.12,1.12,1.12,1.12
4.841972856718771,6.357742629528452,32.624650428426364,0.025535042944978714,0.025730453142514098,0.014938370686381028,0.04154699638001502,0.034269546857485955,0.015061629313618985,1.12,1.12,1.12,1.12
4.8434229687547266,6.358713608268362,32.6234812530908,0.025418010460927842,0.025731466945893705,0.014938358383267819,0.041664028864065894,0.03426853305410635,0.015061641616732194,1.12,1.12,1.12,1.12
4.844872993837015,6.3596841843914795,32.622309996339126,0.025300975891860755,0.025732121966369148,0.014938345381467141,0.04178106343313298,0.034267878033630905,0.015061654618532871,1.12,1.12,1.12,1.12
4.846322914922295,6.360654347316615,32.62113667815644,0.025183944800319324,0.025732398032671605,0.014938331727902848,0.04189809452467441,0.03426760196732845,0.015061668272097165,1.12,1.12,1.12,1.12
4.847772714978653,6.361624086992453,32.619961322144675,0.02506692287785628,0.02573227588988422,0.014938317467360282,0.04201511644713746,0.03426772411011583,0.01506168253263973,1.12,1.12,1.12,1.12
4.849222376997393,6.36259339388776,32.61878395538852,0.02494991593741791,0.02573173717841501,0.014938302642552095,0.042132123387575826,0.034268262821585044,0.015061697357447917,1.12,1.12,1.12,1.12
4.8506718840043765,6.36356225898162,32.61760460832414,0.02483292990592778,0.02573076441312727,0.01493828729418667,0.042249109419065956,0.03426923558687278,0.015061712705813343,1.12,1.12,1.12,1.12
4.85212121907097,6.3645306737537455,32.6164233146106,0.024715970817075827,0.02572934096270199,0.014938271461036767,0.04236606850791791,0.03427065903729806,0.015061728538963245,1.12,1.12,1.12,1.12
4.853570365324638,6.365498630174925,32.61524011100413,0.02459904480431252,0.025727451029269738,0.014938255180009241,0.042482994520681217,0.034272548970730315,0.015061744819990772,1.12,1.12,1.12,1.12
4.855019305959198,6.3664661206975985,32.61405503723539,0.024482158094045692,0.02572507962833412,0.014938238486211772,0.042599881230948045,0.034274920371665935,0.015061761513788241,1.12,1.12,1.12,1.12
4.856468024244751,6.36743313824656,32.61286813588933,0.024365316999035824,0.02572221256899787,0.01493822141301994,0.04271672232595791,0.03427778743100218,0.015061778586980074,1.12,1.12,1.12,1.12
4.857916503537282,6.368399676209823,32.611679452288,0.024248527911985396,0.02571883643449907,0.014938203992141352,0.04283351141300834,0.03428116356550098,0.01506179600785866,1.12,1.12,1.12,1.12
4.859364727287958,6.3693657284295915,32.61048903437595,0.024131797299318636,0.025714938563060535,0.014938186253679028,0.0429502420256751,0.03428506143693952,0.015061813746320984,1.12,1.12,1.12,1.12
4.860812679052106,6.37033128919338,32.60929693260839,0.024015131695147407,0.02571050702905353,0.014938168226193066,0.04306690762984633,0.03428949297094652,0.015061831773806947,1.12,1.12,1.12,1.12
4.862260342497887,6.3712963532252616,32.60810319984191,0.023898537695417055,0.02570553062447506,0.014938149936760459,0.04318350162957668,0.034294469375524994,0.015061850063239554,1.12,1.12,1.12,1.12
4.863707701414665,6.372260915677237,32.606907891227834,0.023782021952228782,0.02569999884073823,0.014938131411033478,0.043300017372764954,0.03430000115926182,0.015061868588966534,1.12,1.12,1.12,1.12
4.8651547397210795,6.37322497212071,32.60571106410798,0.023665591168334776,0.025693901850780743,0.014938112673294951,0.04341644815665896,0.03430609814921931,0.015061887326705062,1.12,1.12,1.12,1.12
4.866601441472589,6.374188518537735,32.60451277791179,0.02354925209173192,0.02568723049144364,0.014938093746477935,0.043532787233261816,0.03431276950855641,0.015061906253522078,1.12,1.12,1.12,1.12
4.868047790869313,6.375151551313282,32.60331309405889,0.023433011510591073,0.025679976246240688,0.014938074652274605,0.04364902781440266,0.034320023753759366,0.015061925347725408,1.12,1.12,1.12,1.12
4.869493772263212,6.376114067227023,32.60211207586207,0.02331687624824058,0.025672131228381495,0.01493805541118512,0.043765163076753155,0.03432786877161856,0.015061944588814893,1.12,1.12,1.12,1.12
4.8709393701648755,6.377076063445087,32.60090978843211,0.023200853158270973,0.025663688164074994,0.01493803604255102,0.04388118616672276,0.03433631183592506,0.015061963957448993,1.12,1.12,1.12,1.12
4.8723845692501495,6.378037537512049,32.599706298585346,0.023084949119824727,0.025654640376147397,0.014938016564602946,0.04399709020516901,0.034345359623852656,0.015061983435397067,1.12,1.12,1.12,1.12
4.873829354366472,6.378998487343027,32.59850167475353,0.022969171033031033,0.02564498176795016,0.014937996994507347,0.044112868291962704,0.034355018232049894,0.015062003005492666,1.12,1.12,1.12,1.12
4.875273710538723,6.379958911216082,32.59729598689834,0.022853525814751086,0.02563470680772542,0.014937977348408571,0.04422851351024265,0.03436529319227463,0.015062022651591442,1.12,1.12,1.12,1.12
4.876717622973396,6.380918807765986,32.59608930644492,0.022738020395522363,0.02562381051432877,0.014937957641446842,0.044344018929471374,0.03437618948567128,0.015062042358553171,1.12,1.12,1.12,1.12
4.878161077067915,6.381878175973201,32.59488170615382,0.02262266171260735,0.025612288250620507,0.01493793792152713,0.044459377612386386,0.034387711749379546,0.015062062078472882,1.12,1.12,1.12,1.12
4.879604058322464,6.382837015057736,32.593673259863614,0.022507456698003026,0.025600136108701183,0.01493791816662747,0.04457458262699071,0.03439986389129887,0.015062081833372543,1.12,1.12,1.12,1.12
4.881046552534714,6.3837953246839945,32.592464042852406,0.022392412295885455,0.02558735068285245,0.014937898389312365,0.04468962702910828,0.0344126493171476,0.015062101610687648,1.12,1.12,1.12,1.12
4.8824885457057805,6.384753104840029,32.59125413151098,0.022277535446591334,0.02557392905534195,0.014937878601335011,0.0448045038784024,0.034426070944658105,0.015062121398665002,1.12,1.12,1.12,1.12
4.8839300240447905,6.3857103558302954,32.590043603267205,0.022162833083000266,0.025559868782470463,0.01493785881367414,0.04491920624199347,0.03444013121752959,0.015062141186325873,1.12,1.12,1.12,1.12
4.885370973973178,6.386667078268449,32.58883253651213,0.022048312127030845,0.025545167858662704,0.014937839036567424,0.04503372719796289,0.03445483214133735,0.015062160963432589,1.12,1.12,1.12,1.12
4.886811382128474,6.387623273070516,32.58762101053164,0.02193397948647674,0.02552982471735399,0.014937819279546238,0.045148059838516996,0.034470175282646065,0.015062180720453774,1.12,1.12,1.12,1.12
4.888251235368021,6.3885789414478955,32.5864091054374,0.021819842051559346,0.025513838261296523,0.014937799551466402,0.04526219727343439,0.03448616173870353,0.01506220044853361,1.12,1.12,1.12,1.12
4.889690520772916,6.3895340848998075,32.58519690209245,0.02170590669186795,0.025497207813823863,0.014937779860540082,0.04537613263312579,0.03450279218617619,0.015062220139459931,1.12,1.12,1.12,1.12
4.891129225651316,6.390488705206282,32.5839844820444,0.021592180253166282,0.025479933106059366,0.014937760214364229,0.045489859071827454,0.03452006689394069,0.015062239785635784,1.12,1.12,1.12,1.12
4.8925673375415055,6.3914428044212075,32.58277192746028,0.021478669554332586,0.02546201421185021,0.014937740619948958,0.04560336977066115,0.034537985788149844,0.015062259380051055,1.12,1.12,1.12,1.12
4.894004844214125,6.392396384866213,32.58155932107171,0.0213653813850489,0.025443451626422586,0.01493772108374411,0.04571665793994484,0.03455654837357747,0.015062278916255903,1.12,1.12,1.12,1.12
4.895441733575048,6.393349449238899,32.58034674745707,0.021252322587472172,0.02542424631527193,0.014937701610924711,0.045829716737521564,0.03457575368472812,0.015062298389075301,1.12,1.12,1.12,1.12
4.896877993653969,6.394302000618571,32.57913429314314,0.021139500063629524,0.025404399697559144,0.014937682204976835,0.04594253926136421,0.03459560030244091,0.015062317795023178,1.12,1.12,1.12,1.12
4.898313613062255,6.395254041929985,32.57792204037956,0.02102692038566395,0.025383913247652795,0.014937662871006105,0.04605511893932979,0.03461608675234726,0.015062337128993908,1.12,1.12,1.12,1.12
4.899748580708951,6.396205576263526,32.57671007091501,0.02091459003446272,0.025362788724794694,0.014937643613748053,0.046167449290531015,0.03463721127520536,0.01506235638625196,1.12,1.12,1.12,1.12
4.901182885798749,6.397156606871542,32.57549846598323,0.02080251540000294,0.025341028164716534,0.014937624437581523,0.046279523924990795,0.03465897183528352,0.01506237556241849,1.12,1.12,1.12,1.12
4.902616517286929,6.398107137825946,32.57428731384553,0.02069070325498551,0.02531863434361184,0.014937605343508548,0.04639133607000823,0.03468136565638821,0.015062394656491465,1.12,1.12,1.12,1.12
4.904049464462197,6.399057173343812,32.57307670192381,0.02057916026205442,0.02529561027647409,0.014937586333923045,0.04650287906293932,0.034704389723525964,0.015062413666076968,1.12,1.12,1.12,1.12
4.905481717023967,6.400006717668207,32.571866715551806,0.020467892897118256,0.025271959133081445,0.014937567412165773,0.04661414642787548,0.03472804086691861,0.01506243258783424,1.12,1.12,1.12,1.12
4.906913264921359,6.400955775253242,32.57065744013934,0.02035690758617964,0.025247684364080425,0.01493754858142965,0.046725131738814096,0.03475231563591963,0.015062451418570363,1.12,1.12,1.12,1.12
4.908344098353256,6.401904350758326,32.56944896113241,0.020246210703915024,0.025222789681834,0.014937529844752481,0.04683582862107871,0.03477721031816605,0.015062470155247532,1.12,1.12,1.12,1.12
4.9097742077691295,6.402852449038403,32.56824136394084,0.02013580857027175,0.025197279076591667,0.014937511204861253,0.046946230754721985,0.03480272092340839,0.01506248879513876,1.12,1.12,1.12,1.12
4.911203583871305,6.403800075132309,32.56703473384543,0.020025707445764485,0.02517115678869436,0.014937492664037225,0.04705633187922925,0.03482884321130569,0.015062507335962788,1.12,1.12,1.12,1.12
4.912632217621898,6.404747234263367,32.56582915596441,0.01991591353025185,0.025144427298809835,0.014937474224953007,0.04716612579474189,0.03485557270119022,0.015062525775047006,1.12,1.12,1.12,1.12
4.914060100239546,6.405693931827702,32.56462471519027,0.019806432960176312,0.025117095318048455,0.0149374558901601,0.047275606364817424,0.0348829046819516,0.015062544109839912,1.12,1.12,1.12,1.12
4.915487220837527,6.406640176563241,32.56342153106773,0.019697273983183605,0.02508916794193275,0.014937437657116331,0.04738476534181013,0.034910832058067304,0.015062562342883681,1.12,1.12,1.12,1.12
4.916913566884959,6.407585980031282,32.5622197516672,0.019588446572316953,0.025060654258117127,0.014937419520527323,0.04749359275267678,0.03493934574188293,0.01506258047947269,1.12,1.12,1.12,1.12
4.918339123986758,6.408531357095469,32.561019558098764,0.01947996270273955,0.025031565608548995,0.014937401477770437,0.047602076622254186,0.03496843439145106,0.015062598522229576,1.12,1.12,1.12,1.12
4.919763859934596,6.409476348230024,32.559821406272505,0.01937185138913694,0.025001930505271247,0.014937383517900582,0.047710187935856796,0.034998069494728806,0.01506261648209943,1.12,1.12,1.12,1.12
4.9211876950757,6.410421061865996,32.55862648219117,0.019264186960114005,0.02497182267482198,0.014937365608627087,0.04781785236487973,0.03502817732517807,0.015062634391372925,1.12,1.12,1.12,1.12
4.922610900830781,6.411365113105936,32.557430634562024,0.019156711833886453,0.024940986775683016,0.014937347886582866,0.047925327491107284,0.03505901322431704,0.015062652113417146,1.12,1.12,1.12,1.12
4.924033270603964,6.412308787867831,32.55623697329824,0.019049619984603028,0.024909615750560665,0.014937330249977857,0.04803241934039071,0.03509038424943939,0.015062669750022156,1.12,1.12,1.12,1.12
4.925454496925955,6.413252522917763,32.555050203725216,0.018943204084823362,0.02487800066508533,0.014937312557045265,0.048138835240170375,0.03512199933491472,0.015062687442954747,1.12,1.12,1.12,1.12
4.926873034952757,6.414198542396557,32.55389417299293,0.018838944454034723,0.024847610998456116,0.014937294113252925,0.048243094870959013,0.03515238900154394,0.015062705886747088,1.12,1.12,1.12,1.12
4.928286646860807,6.415150120638342,32.55280378255469,0.018739004671780968,0.024820594111497424,0.014937273963414807,0.04834303465321277,0.03517940588850263,0.015062726036585206,1.12,1.12,1.12,1.12
4.9296943978334795,6.416108710124945,32.55179418652591,0.018644319894119687,0.024797878869593948,0.014937251757419862,0.04843771943087405,0.035202121130406105,0.015062748242580151,1.12,1.12,1.12,1.12
4.931096281562802,6.4170744369235555,32.55086627601658,0.0185549395769129,0.024779515835739424,0.014937227573025555,0.04852709974808084,0.03522048416426063,0.015062772426974458,1.12,1.12,1.12,1.12
4.93249245158709,6.41804719219461,32.55001844226322,0.01847075831201428,0.02476540233309027,0.014937201557314164,0.04861128101297946,0.035234597666909784,0.015062798442685849,1.12,1.12,1.12,1.12
4.933882916872388,6.419027074642386,32.54925130430992,0.018391808998498016,0.02475557271823925,0.014937173781399096,0.04869023032649572,0.035244427281760804,0.015062826218600917,1.12,1.12,1.12,1.12
4.935268074622618,6.420013607235415,32.54855937406518,0.018317746442826854,0.02474968707084238,0.014937144496803875,0.04876429288216688,0.03525031292915767,0.015062855503196138,1.12,1.12,1.12,1.12
4.936648043478513,6.4210067149487,32.54794147020593,0.01824849268762474,0.024747670894824658,0.014937113815888262,0.048833546637368996,0.035252329105175395,0.015062886184111751,1.12,1.12,1.12,1.12
4.938022959161706,6.422006293110733,32.547396113483,0.01818395156815844,0.0247494319317888,0.014937081854254047,0.048898087756835296,0.03525056806821125,0.015062918145745965,1.12,1.12,1.12,1.12
4.9393929634123666,6.423012223455913,32.546921698338025,0.01812401935361302,0.02475487069321869,0.01493704872557211,0.04895801997138072,0.035245129306781364,0.015062951274427902,1.12,1.12,1.12,1.12
4.94075819706331,6.424024384417166,32.546516601993375,0.018068591497786113,0.024763887122616707,0.01493701453832598,0.049013447827207623,0.035236112877383347,0.015062985461674033,1.12,1.12,1.12,1.12
4.942118798297534,6.425042653865012,32.546179212909436,0.01801756439107327,0.02477638231774626,0.014936979395344954,0.049064474933920466,0.035223617682253794,0.015063020604655059,1.12,1.12,1.12,1.12
4.943474901907188,6.426066910392904,32.54590794370186,0.017970836148824942,0.024792259270755596,0.01493694339375222,0.049111203176168794,0.03520774072924446,0.015063056606247793,1.12,1.12,1.12,1.12
4.944826639005501,6.427097033937638,32.54570123697984,0.01792830696120784,0.024811423165864405,0.014936906625145019,0.049153732363785896,0.03518857683413565,0.015063093374854994,1.12,1.12,1.12,1.12
4.946174136821167,6.428132906278229,32.54555756989238,0.017889879363030214,0.02483378157810323,0.014936869175512901,0.04919215996196352,0.03516621842189682,0.015063130824487111,1.12,1.12,1.12,1.12
4.947517518890249,6.429174410933377,32.54547545234168,0.01785545811246414,0.024859244253890023,0.014936831125765687,0.049226581212529597,0.03514075574611003,0.015063168874234326,1.12,1.12,1.12,1.12
4.948856905269881,6.430221433014947,32.54545342477479,0.01782495004439738,0.024887722824655845,0.014936792552232014,0.049257089280596356,0.03511227717534421,0.015063207447767998,1.12,1.12,1.12,1.12
4.950192412420847,6.431273859575613,32.545490061204404,0.01779826424715142,0.02491913078807012,0.01493675352658412,0.04928377507784232,0.03508086921192993,0.015063246473415892,1.12,1.12,1.12,1.12
4.951524153324421,6.432331579597525,32.545583968467014,0.017775312007138944,0.024953383197471535,0.014936714116109043,0.04930672731785479,0.03504661680252852,0.01506328588389097,1.12,1.12,1.12,1.12
4.952852237608357,6.433394483959498,32.54573378528369,0.017756006741835195,0.024990395837357904,0.014936674383986062,0.04932603258315854,0.03500960416264215,0.01506332561601395,1.12,1.12,1.12,1.12
4.954176771633325,6.434462465456019,32.54593818189663,0.017740263968726355,0.025030161043247512,0.014936634389423928,0.04934177535626738,0.03496983895675254,0.015063365610576085,1.12,1.12,1.12,1.12
4.955497858586529,6.435535418800895,32.546195859561216,0.017728001265733817,0.025072545688384046,0.014936594187916888,0.04935403805925992,0.03492745431161601,0.015063405812083125,1.12,1.12,1.12,1.12
4.956815598580929,6.436613240615087,32.5465055498992,0.017719138223487196,0.025117475972631087,0.01493655383140452,0.04936290110150654,0.034882524027368966,0.015063446168595493,1.12,1.12,1.12,1.12
4.958130088751825,6.437695829412316,32.546866014251826,0.01771359639797032,0.02516488007425391,0.014936513368472695,0.049368442927023415,0.034835119925746144,0.015063486631527317,1.12,1.12,1.12,1.12
4.959441423350599,6.43878308558303,32.54727604303818,0.01771129926387155,0.025214687983682926,0.01493647284461111,0.04937074006112219,0.03478531201631713,0.015063527155388903,1.12,1.12,1.12,1.12
4.960749693822882,6.439874911395517,32.54773445531801,0.017712172180888497,0.025266831401964535,0.014936432302497665,0.04936986714410524,0.03473316859803552,0.015063567697502347,1.12,1.12,1.12,1.12
4.962054988923871,6.440971210937156,32.54824009773864,0.01771614232240215,0.025321243234375013,0.014936391781687,0.049365897002591586,0.03467875676562504,0.015063608218313013,1.12,1.12,1.12,1.12
4.963357394790858,6.442071890113863,32.54879184411894,0.017723138643747194,0.025377855901744156,0.014936351319070923,0.04935890068124654,0.0346221440982559,0.01506364868092909,1.12,1.12,1.12,1.12
4.964656995022759,6.4431768566340155,32.5493885948883,0.017733091841855453,0.025436597023199087,0.01493631094900405,0.049348947483138283,0.034563402976800967,0.015063689050995963,1.12,1.12,1.12,1.12
4.96595387076033,6.444286019986677,32.55002927648341,0.017745934312581257,0.02549737672454158,0.01493627070344225,0.04933610501241248,0.03450262327545847,0.015063729296557762,1.12,1.12,1.12,1.12
4.967248100763572,6.445399291419548,32.55071284075912,0.01776160010917599,0.02556005436562775,0.014936230612074372,0.049320439215817746,0.034439945634372304,0.01506376938792564,1.12,1.12,1.12,1.12
4.968539761486605,6.446516583916351,32.55143826440994,0.017780024901682567,0.025624347075717646,0.01493619070244713,0.04930201442331117,0.03437565292428241,0.015063809297552883,1.12,1.12,1.12,1.12
4.969828927149994,6.447637812173898,32.55220454840385,0.017801145937344054,0.025690982073765023,0.014936151000082512,0.04928089338764968,0.03430901792623503,0.0150638489999175,1.12,1.12,1.12,1.12
4.971115669810744,6.448762892578694,32.553010717426424,0.01782490200187775,0.02575846279901392,0.014936111528594809,0.049257137323115985,0.03424153720098613,0.015063888471405204,1.12,1.12,1.12,1.12
4.972400059429685,6.449891743183688,32.553855819340626,0.0178512333819571,0.02582527144323421,0.0149360723097888,0.04923080594303664,0.03417472855676584,0.015063927690211212,1.12,1.12,1.12,1.12
4.973682163936828,6.451024283684433,32.554738924654266,0.017880081828372363,0.025890393733638967,0.014936033363761314,0.049201957496621374,0.03410960626636109,0.015063966636238699,1.12,1.12,1.12,1.12
4.974962049294573,6.452160435395029,32.55565912599826,0.017911390520065018,0.025954516645927878,0.014935994708999867,0.04917064880492872,0.034045483354072176,0.015064005291000146,1.12,1.12,1.12,1.12
4.976239779558837,6.453300121223825,32.55661553761506,0.017945104028985748,0.026017473778298217,0.01493595636247795,0.04913693529600799,0.033982526221701836,0.015064043637522062,1.12,1.12,1.12,1.12
4.977515416938002,6.454443265649314,32.557607294860745,0.01798116828597801,0.02607922126941631,0.014935918339738716,0.049100871039015725,0.033920778730583745,0.015064081660261297,1.12,1.12,1.12,1.12
4.978789021849979,6.455589794695815,32.55863355371653,0.018019530547422835,0.026139754381169167,0.014935880654977515,0.0490625087775709,0.033860245618830886,0.015064119345022497,1.12,1.12,1.12,1.12
4.980060652977372,6.456739635909128,32.55969349031082,0.0180601393626994,0.02619908314924732,0.014935843321119177,0.049021899962294335,0.03380091685075273,0.015064156678880836,1.12,1.12,1.12,1.12
4.9813303673208145,6.457892718332182,32.560786300451554,0.018102944542440658,0.026257222998164242,0.014935806349891528,0.04897909478255308,0.03374277700183581,0.015064193650108484,1.12,1.12,1.12,1.12
4.98259822025056,6.45904897248068,32.561911199168634,0.018147897127563706,0.026314191281264332,0.014935769751894715,0.04893414219743003,0.03368580871873572,0.015064230248105298,1.12,1.12,1.12,1.12
4.983864265556367,6.460208330318811,32.56306742026642,0.01819494935905791,0.026370005897353804,0.014935733536667675,0.048887089965935826,0.03362999410264625,0.015064266463332338,1.12,1.12,1.12,1.12
4.985128555495743,6.46137072523501,32.564254215885775,0.018244054648511254,0.026424684896775047,0.01493569771275044,0.04883798467648248,0.033575315103225006,0.015064302287249573,1.12,1.12,1.12,1.12
4.986391140840614,6.4625360920178085,32.56547085607587,0.018295167549358282,0.026478246330223193,0.014935662287743137,0.048786871775635454,0.03352175366977686,0.015064337712256876,1.12,1.12,1.12,1.12
4.987652070922468,6.463704366831806,32.56671662837536,0.01834824372883337,0.026530708188304414,0.014935627268362756,0.04873379559616037,0.03346929181169564,0.015064372731637257,1.12,1.12,1.12,1.12
4.988911393676009,6.464875487193756,32.56799083740282,0.01840323994061105,0.026582088368422768,0.014935592660495642,0.04867879938438269,0.033417911631577285,0.015064407339504371,1.12,1.12,1.12,1.12
4.9901691556814205,6.466049391948808,32.5692928044562,0.018460113998118588,0.02663233542977983,0.014935558469248295,0.04862192532687515,0.033367664570220223,0.015064441530751718,1.12,1.12,1.12,1.12
4.991425402205216,6.46722602124691,32.57062186712132,0.01851882474850325,0.02668155160952354,0.014935524698994757,0.04856321457649049,0.03331844839047651,0.015064475301005256,1.12,1.12,1.12,1.12
4.992680177239803,6.468405316519389,32.57197737888888,0.01857933204723533,0.02672975054881757,0.014935491353422398,0.048502707277758406,0.03327024945118248,0.015064508646577615,1.12,1.12,1.12,1.12
4.993933523541738,6.4695872204557165,32.57335870878026,0.018641596733339483,0.026776946804430046,0.01493545843557395,0.048440442591654254,0.03322305319557001,0.015064541564426062,1.12,1.12,1.12,1.12
4.995185464662357,6.470771703215817,32.574765520486515,0.018705597765194815,0.02682317283501598,0.014935425733185598,0.04837644155979892,0.033176827164984074,0.015064574266814415,1.12,1.12,1.12,1.12
4.996436060260185,6.471958681668427,32.576196912575526,0.018771279430395416,0.026868425709727944,0.01493539346642131,0.04831075989459832,0.03313157429027211,0.015064606533578703,1.12,1.12,1.12,1.12
4.997685349516242,6.473148102270642,32.57765229986728,0.018838605460530622,0.0269127213912653,0.014935361636467345,0.048243433864463114,0.033087278608734755,0.015064638363532667,1.12,1.12,1.12,1.12
4.998933370522957,6.47433991263782,32.579131111200894,0.01890754047161547,0.0269560759247833,0.014935330244014139,0.04817449885337827,0.03304392407521675,0.015064669755985874,1.12,1.12,1.12,1.12
5.000180160316149,6.475534061522243,32.58063278910891,0.018978049942728503,0.02699850535847348,0.014935299289289203,0.04810398938226523,0.033001494641526574,0.01506470071071081,1.12,1.12,1.12,1.12
5.001425754906007,6.476730498791934,32.58215678949815,0.019050100195127928,0.027040025696059344,0.014935268772087007,0.04803193912986581,0.03295997430394071,0.015064731227913006,1.12,1.12,1.12,1.12
5.0026701893071435,6.477929175409682,32.58370258133726,0.019123658371843988,0.027080652863888582,0.014935238691798636,0.04795838095314975,0.03291934713611147,0.015064761308201377,1.12,1.12,1.12,1.12
5.003913497567705,6.479130043412238,32.58526964635094,0.019198692417740693,0.02712040268863522,0.014935209047438544,0.047883346907253044,0.03287959731136483,0.015064790952561469,1.12,1.12,1.12,1.12
5.005155712797603,6.480333055889742,32.58685747872048,0.01927517106003951,0.027159290878001924,0.014935179837670662,0.04780686826495423,0.03284070912199813,0.015064820162329351,1.12,1.12,1.12,1.12
5.0063968671958605,6.481538166965371,32.58846558479104,0.01935306378929952,0.027197333003256025,0.014935151060832319,0.04772897553569422,0.03280266699674403,0.015064848939167694,1.12,1.12,1.12,1.12
5.0076369920771135,6.482745331775239,32.590093482785214,0.019432340840849216,0.02723454449379345,0.014935122714957422,0.04764969848414452,0.0327654555062066,0.015064877285042591,1.12,1.12,1.12,1.12
5.008876117897332,6.4839545064484945,32.591740702522486,0.019512973176630644,0.027270940630136853,0.01493509479779831,0.04756906614836309,0.0327290593698632,0.015064905202201703,1.12,1.12,1.12,1.12
5.010114274278711,6.485165648087715,32.59340678514548,0.0195949324675056,0.027306536527093833,0.014935067306845962,0.04748710685748814,0.03269346347290622,0.015064932693154051,1.12,1.12,1.12,1.12
5.011351490033795,6.486378714749552,32.59509128285195,0.01967819107597113,0.027341347114538228,0.014935040239348787,0.047403848249022607,0.032658652885461825,0.015064959760651225,1.12,1.12,1.12,1.12
5.012587793188889,6.487593665425625,32.59679375863294,0.019762722039287806,0.027375387214335245,0.014935013592330931,0.04731931728570593,0.03262461278566481,0.015064986407669081,1.12,1.12,1.12,1.12
5.013823211006716,6.488810460023699,32.5985137860167,0.01984849905301117,0.02740867148269635,0.014934987362609217,0.047233540271982566,0.0325913285173037,0.015065012637390796,1.12,1.12,1.12,1.12
5.015057770008407,6.490029059349112,32.600250948818385,0.01993549645519549,0.027441214409417075,0.014934961546808664,0.04714654286979825,0.03255878559058298,0.015065038453191348,1.12,1.12,1.12,1.12
5.016291495994805,6.4912494250865,32.60200484089548,0.020023689210091455,0.027473030317319985,0.01493493614137753,0.04705835011490228,0.03252696968268007,0.015065063858622482,1.12,1.12,1.12,1.12
5.017524414067118,6.492471519781768,32.603775065908735,0.020113052893172167,0.027504133361879263,0.014934911142601301,0.04696898643182157,0.03249586663812079,0.015065088857398712,1.12,1.12,1.12,1.12
5.018756548646937,6.493695306824363,32.605561237088565,0.020203563676195413,0.027534537531006598,0.014934886546615164,0.04687847564879832,0.032465462468993456,0.015065113453384849,1.12,1.12,1.12,1.12
5.019987923495655,6.49492075042981,32.60736297700679,0.020295198312625717,0.02756425664498119,0.014934862349416406,0.04678684101236802,0.032435743355018865,0.015065137650583607,1.12,1.12,1.12,1.12
5.0212185617332725,6.496147815622533,32.60917991735354,0.020387934123407225,0.027593304356508697,0.014934838546875287,0.04669410520158651,0.03240669564349136,0.015065161453124726,1.12,1.12,1.12,1.12
5.022448485856664,6.497376468218943,32.611011698719466,0.02048174898308175,0.02762169415089838,0.014934815134745205,0.04660029034191199,0.032378305849101674,0.015065184865254808,1.12,1.12,1.12,1.12
5.023677717757242,6.498606674810806,32.61285797038276,0.020576621306241882,0.0276494393463472,0.014934792108671768,0.046505418018751854,0.032350560653652854,0.015065207891328244,1.12,1.12,1.12,1.12
5.024906278738143,6.49983840274891,32.61471839010121,0.020672530034314185,0.02767655309432307,0.014934769464202108,0.04640950929067955,0.032323446905676984,0.015065230535797905,1.12,1.12,1.12,1.12
5.026134189530831,6.501071620126962,32.616592623908986,0.020769454622660777,0.02770304838003962,0.014934747196791234,0.04631258470233296,0.032296951619960435,0.015065252803208778,1.12,1.12,1.12,1.12
5.027361470311245,6.502306295765803,32.61848034591825,0.020867375027995738,0.02772893802301546,0.014934725301809462,0.046214664296998,0.032271061976984594,0.01506527469819055,1.12,1.12,1.12,1.12
5.028588140715438,6.503542399197864,32.62038123812523,0.020966271696105487,0.02775423467771232,0.01493470377454835,0.04611576762888825,0.032245765322287734,0.015065296225451663,1.12,1.12,1.12,1.12
5.029814219854734,6.504779900651908,32.62229499022094,0.021066125549868753,0.027778950834246086,0.014934682610562786,0.046015913775124984,0.03222104916575397,0.015065317389437227,1.12,1.12,1.12,1.12
5.031039726330408,6.506018771037998,32.62422129940613,0.021166917977567312,0.027803098818850153,0.01493466180538991,0.045915121347426424,0.0321969011811499,0.015065338194610103,1.12,1.12,1.12,1.12
5.0322646782479366,6.507258981932771,32.626159870210756,0.021268630821480616,0.027826690795066195,0.014934641354137551,0.04581340850351312,0.03217330920493386,0.015065358645862462,1.12,1.12,1.12,1.12
5.033489093230868,6.508500505564974,32.628110414317476,0.02137124636675375,0.027849738761651005,0.01493462125184837,0.04571079295823999,0.03215026123834905,0.015065378748151642,1.12,1.12,1.12,1.12
5.0347129884342285,6.509743314801259,32.630072650389295,0.021474747330538835,0.02787225455763187,0.014934601493500399,0.0456072919944549,0.03212774544236818,0.015065398506499614,1.12,1.12,1.12,1.12
5.03593638055753,6.510987383132218,32.63204630390131,0.021579116851400293,0.027894249865199172,0.014934582074006275,0.04550292247359344,0.03210575013480088,0.015065417925993738,1.12,1.12,1.12,1.12
5.037159285857351,6.5122326846586525,32.63403110697635,0.021684338478975496,0.027915736207610092,0.014934562988209193,0.04539770084601824,0.03208426379238996,0.01506543701179082,1.12,1.12,1.12,1.12
5.038381720159566,6.513479194078105,32.63602679822442,0.021790396163860748,0.027936724950298142,0.01493454423087806,0.04529164316113299,0.03206327504970191,0.015065455769121952,1.12,1.12,1.12,1.12
5.039603698871158,6.514726886671617,32.638033122585874,0.02189727424762189,0.0279572273020208,0.01493452579670014,0.04518476507737185,0.032042772697979255,0.015065474203299872,1.12,1.12,1.12,1.12
5.040825236991687,6.51597573829071,32.64004983117837,0.02200495745343528,0.02797725431604267,0.01493450768027113,0.045077081871558455,0.03202274568395738,0.015065492319728882,1.12,1.12,1.12,1.12
5.0420463491243765,6.517225725344606,32.6420766811472,0.022113430876630757,0.02799681689135128,0.014934489876081036,0.04496860844836298,0.032003183108648775,0.015065510123918976,1.12,1.12,1.12,1.12
5.04326704948684,6.518476824787631,32.644113435519216,0.022222679975540394,0.028015925773902356,0.014934472378496655,0.04485935934945334,0.0319840742260977,0.015065527621503358,1.12,1.12,1.12,1.12
5.044487351921447,6.519729014106831,32.646159863060085,0.02233269056256698,0.028034591557893285,0.014934455181738929,0.044749348762426755,0.03196540844210677,0.015065544818261084,1.12,1.12,1.12,1.12
5.0457072699053365,6.520982271309788,32.648215738134766,0.02244344879546384,0.028052824687061134,0.014934438279853995,0.0446385905295299,0.03194717531293892,0.015065561720146017,1.12,1.12,1.12,1.12
5.046926816560054,6.522236574912575,32.65028084057124,0.022554941168819065,0.028070635456004606,0.014934421666676703,0.04452709815617467,0.03192936454399545,0.01506557833332331,1.12,1.12,1.12,1.12
5.048146004660835,6.523491903927881,32.652354955527244,0.022667154505710885,0.028088034011526708,0.014934405335784773,0.04441488481928285,0.031911965988473345,0.01506559466421524,1.12,1.12,1.12,1.12
5.049364846645467,6.524748237853243,32.65443787336012,0.022780075949582923,0.028105030354006466,0.014934389280438304,0.04430196337541081,0.03189496964599359,0.015065610719561709,1.12,1.12,1.12,1.12
5.05058335462283,6.526005556659374,32.65652938949901,0.02289369295635557,0.0281216343387595,0.014934373493509859,0.044188346368638165,0.031878365661240554,0.015065626506490154,1.12,1.12,1.12,1.12
5.051801540380939,6.527263840778537,32.65862930432019,0.023007993286623396,0.028137855677444368,0.01493435796739001,0.04407404603837034,0.031862144322555686,0.015065642032610002,1.12,1.12,1.12,1.12
5.053019415394541,6.528523071092906,32.6607374230248,0.023122964998046724,0.028153703939474112,0.014934342693868008,0.04395907432694701,0.03184629606052594,0.015065657306132005,1.12,1.12,1.12,1.12
5.054236990832181,6.5297832289228515,32.66285355551878,0.02323859643789672,0.02816918855393294,0.014934327663980687,0.04384344288709702,0.031830811446067114,0.015065672336019326,1.12,1.12,1.12,1.12
5.055454277562693,6.531044296015053,32.664977516295,0.023354876235736455,0.028184318810081405,0.01493431286781878,0.04372716308925728,0.03181568118991865,0.015065687132181232,1.12,1.12,1.12,1.12
5.056671286160954,6.532306254530309,32.66710912431703,0.023471793296221233,0.028199103859071484,0.014934298294274687,0.043610246028772504,0.03180089614092857,0.015065701705725326,1.12,1.12,1.12,1.12
5.0578880269128135,6.533569087030876,32.66924820290447,0.023589336791996596,0.028213552715697504,0.01493428393071737,0.04349270253299714,0.03178644728430255,0.015065716069282642,1.12,1.12,1.12,1.12
5.059104509818951,6.5348327764671055,32.671394579619005,0.023707496156663566,0.028227674259760555,0.014934269762564123,0.04337454316833017,0.0317723257402395,0.01506573023743589,1.12,1.12,1.12,1.12
5.060320744597387,6.536097306163062,32.673548086150795,0.023826261077772137,0.02824147723755638,0.014934255775633676,0.0432557782472216,0.031758522762443675,0.015065744224366337,1.12,1.12,1.12,1.12
5.0615367406839695,6.5373626598003645,32.67570855820369,0.023945621489766755,0.028254970263386137,0.014934241951416904,0.04313641783522698,0.03174502973661392,0.015065758048583108,1.12,1.12,1.12,1.12
5.062752507230849,6.5386288214002555,32.67787583537891,0.024065567566859403,0.028268161821068977,0.014934228267258917,0.043016471758134334,0.03173183817893108,0.015065771732741096,1.12,1.12,1.12,1.12
5.063968053101567,6.5398957753024,32.68004976105477,0.024186089715656223,0.028281060265480135,0.014934214695590628,0.042895949609337514,0.03171893973451992,0.015065785304409385,1.12,1.12,1.12,1.12
5.065183386861371,6.541163506138918,32.68223018225896,0.024307178567316234,0.028293673824118376,0.014934201202280395,0.0427748607576775,0.03170632617588168,0.015065798797719618,1.12,1.12,1.12,1.12
5.066398516760432,6.542431998801122,32.6844169495292,0.02442882496937121,0.028306010598715237,0.014934187744261848,0.042653214355622526,0.03169398940128482,0.015065812255738165,1.12,1.12,1.12,1.12
5.0676134507057755,6.5437012383944015,32.686609916752936,0.024551019976013222,0.02831807856690846,0.014934174265975778,0.042531019348980514,0.03168192143309159,0.015065825734024235,1.12,1.12,1.12,1.12
5.068828196213864,6.544971210172526,32.68880894096964,0.024673754836371797,0.02832988558403038,0.01493416069369935,0.04240828448862194,0.031670114415969675,0.015065839306300663,1.12,1.12,1.12,1.12
5.0700427603267695,6.546241899432918,32.69101388210048,0.024797020978644668,0.02834143938511413,0.014934146925767916,0.04228501834634907,0.03165856061488592,0.015065853074232097,1.12,1.12,1.12,1.12
5.071257149452446,6.547513291330084,32.693224602523514,0.024920809985419623,0.02835274758736825,0.014934132813963913,0.04216122933957411,0.031647252412631804,0.0150658671860361,1.12,1.12,1.12,1.12
5.072471369029071,6.548785370499011,32.695440966288004,0.025045113548396503,0.02836381769374935,0.014934118123934567,0.042036925776597234,0.031636182306250704,0.015065881876065446,1.12,1.12,1.12,1.12
5.073685422479564,6.550058119930154,32.69766283700042,0.02516992334790835,0.02837465710852413,0.01493410240956522,0.041912115977085385,0.03162534289147592,0.015065897590434793,1.12,1.12,1.12,1.12
5.074899309486266,6.551331519049377,32.6998900738964,0.025295230826882287,0.02838527313409195,0.014934084803052486,0.04178680849811145,0.031614726865908105,0.015065915196947527,1.12,1.12,1.12,1.12
5.076113019899258,6.552605537132241,32.70212251931193,0.025421026475235087,0.028395673017863,0.01493406326883262,0.04166101284975865,0.031604326982137054,0.015065936731167393,1.12,1.12,1.12,1.12
5.077326515998913,6.553880114093919,32.704359961967086,0.025547297730038998,0.028405864061983616,0.014934032419493398,0.04153474159495474,0.03159413593801644,0.015065967580506615,1.12,1.12,1.12,1.12
5.078539677577158,6.555155101035419,32.70660202345671,0.025674022478539782,0.028415853953435682,0.014933976736631507,0.041408016846453954,0.03158414604656437,0.015066023263368505,1.12,1.12,1.12,1.12
5.079752132901518,6.556430077283537,32.70884780912002,0.025801149053527095,0.028425651757755965,0.014933849685700717,0.04128089027146664,0.03157434824224409,0.015066150314299295,1.12,1.12,1.12,1.12
5.080965427462543,6.557706694272454,32.71110036322431,0.025928850815983673,0.028435253295572865,0.014933843633586755,0.041153188509010064,0.03156474670442719,0.015066156366413258,1.12,1.12,1.12,1.12
5.082177814170435,6.558983047169105,32.713355981410146,0.026056915677327652,0.028444677292099457,0.014933740609830368,0.041025123647666084,0.031555322707900596,0.015066259390169645,1.12,1.12,1.12,1.12
5.083379611952831,6.560248642902777,32.71559456777681,0.026184190724111656,0.028453986657815455,0.014932339779315018,0.04089784860088208,0.0315460133421846,0.015067660220684995,1.12,1.12,1.12,1.12
5.084557112469604,6.561488635908717,32.71778775481765,0.02630904304350734,0.02846326363522972,0.014927955921357566,0.040772996281486396,0.031536736364770335,0.015072044078642446,1.12,1.12,1.12,1.12
5.085712603766888,6.562705485286975,32.71994014957825,0.026431727130830862,0.028472491350081702,0.014920922972186848,0.040650312194162874,0.03152750864991835,0.015079077027813165,1.12,1.12,1.12,1.12
5.086845266310213,6.563898291201959,32.7220499726957,0.02655213157382863,0.028481672486289494,0.014911072105377426,0.040529907751165106,0.03151832751371056,0.015088927894622586,1.12,1.12,1.12,1.12
5.087955416030583,6.565067382806152,32.72411778986291,0.026670279763704063,0.02849080328123582,0.014898536695270165,0.04041175956128967,0.03150919671876423,0.015101463304729848,1.12,1.12,1.12,1.12
5.089043479920413,6.566213209652656,32.7261443973949,0.026786208730524175,0.02849987957772865,0.014883647907144526,0.04029583059446956,0.031500120422271405,0.015116352092855487,1.12,1.12,1.12,1.12
5.090109890382482,6.567336227713423,32.72813060659699,0.02689995676628143,0.028508897556225016,0.014867984545322663,0.040182082558712306,0.03149110244377504,0.01513201545467735,1.12,1.12,1.12,1.12
5.0911550711740325,6.56843688353575,32.73007721037898,0.027011561474711232,0.028517853562541218,0.014852566691291202,0.040070477850282504,0.031482146437458836,0.01514743330870881,1.12,1.12,1.12,1.12
5.0921794406493,6.569515618000643,32.731984991676555,0.02712106024850658,0.028526744175268043,0.014837492192389723,0.03996097907648716,0.03147325582473201,0.01516250780761029,1.12,1.12,1.12,1.12
5.093183445981263,6.570572899795149,32.73385476942981,0.027228492847571895,0.028535564691388404,0.014822695336836667,0.03985354647742184,0.03146443530861165,0.015177304663163346,1.12,1.12,1.12,1.12
5.094167466426747,6.571609131176309,32.73568727125744,0.027333894228271427,0.028544313525701137,0.01480819135497742,0.03974814509672231,0.031455686474298916,0.015191808645022592,1.12,1.12,1.12,1.12
5.095131897962936,6.572624729436751,32.7374832380502,0.027437300370671824,0.02855298796467237,0.014793978005905303,0.03964473895432191,0.03144701203532768,0.01520602199409471,1.12,1.12,1.12,1.12
5.096077128704367,6.573620103576509,32.73924339590533,0.027538746710029982,0.028561585515194332,0.014780050409335749,0.039543292614963754,0.03143841448480572,0.015219949590664264,1.12,1.12,1.12,1.12
5.0970035392114825,6.574595654623678,32.74096845667418,0.02763826815523429,0.028570103888531373,0.014766403168276293,0.039443771169759445,0.03142989611146868,0.01523359683172372,1.12,1.12,1.12,1.12
5.0979115025687864,6.575551775720223,32.74265911813457,0.027735899086318738,0.02857854099209256,0.014753030679422172,0.039346140238675,0.03142145900790749,0.015246969320577841,1.12,1.12,1.12,1.12
5.098801384529973,6.5764888522765474,32.74431606427563,0.027831673358922504,0.028586894922762868,0.014739927474571493,0.03925036596607123,0.031413105077237186,0.01526007252542852,1.12,1.12,1.12,1.12
5.099673543659041,6.577407262120778,32.74593996556759,0.027925624308356434,0.028595163955476233,0.014727088054253087,0.0391564150166373,0.03140483604452382,0.015272911945746925,1.12,1.12,1.12,1.12
5.100528331459969,6.57830737563246,32.74753147918583,0.028017784751415198,0.02860334653298993,0.014714506947940048,0.03906425457357854,0.03139665346701012,0.015285493052059965,1.12,1.12,1.12,1.12
5.101366092517928,6.579189555893726,32.74909124929299,0.02810818699211637,0.028611441257867187,0.014702178904693775,0.03897385233287737,0.031388558742132866,0.015297821095306238,1.12,1.12,1.12,1.12
5.102187164633563,6.580054158831364,32.75061990729573,0.028196862826374625,0.02861944688423415,0.014690098899107523,0.03888517649861911,0.0313805531157659,0.01530990110089249,1.12,1.12,1.12,1.12
5.102991878954908,6.580901533356405,32.75211807209703,0.028283843546812237,0.028627362309918192,0.01467826206530054,0.0387981957781815,0.03137263769008186,0.015321737934699473,1.12,1.12,1.12,1.12
5.103780560106966,6.5817320215012645,32.75358635034419,0.028369159947750522,0.02863518656894737,0.014666663650083817,0.038712879377243214,0.031364813431052685,0.015333336349916196,1.12,1.12,1.12,1.12
5.1045535291496895,6.582545968223008,32.75502538822792,0.028452845449675523,0.028642921314288333,0.014655299892735438,0.03862919387531821,0.03135707868571172,0.015344700107264575,1.12,1.12,1.12,1.12
5.105311095780461,6.583343691293305,32.756435705404826,0.028534926036725528,0.028650562639276178,0.014644166171352752,0.03854711328826821,0.031349437360723875,0.015355833828647261,1.12,1.12,1.12,1.12
5.106053565856342,6.5841255150577345,32.75781788782872,0.028615431928195267,0.028658110739421927,0.014633259067041257,0.03846660739679847,0.031341889260578126,0.015366740932958756,1.12,1.12,1.12,1.12
5.106781240108759,6.584891757114218,32.75917250252846,0.028694392399505997,0.028665565398930698,0.014622566411831073,0.03838764692548774,0.031334434601069355,0.01537743358816894,1.12,1.12,1.12,1.12
5.107494412843564,6.5856427275397,32.76050009931123,0.02877183588379506,0.028672926229952073,0.014612089083320484,0.038310203441198676,0.03132707377004798,0.015387910916679529,1.12,1.12,1.12,1.12
5.1081933623110665,6.58637871080735,32.76180113786968,0.028847785574963425,0.028680189795503658,0.014601821145704783,0.03823425375003031,0.031319810204496396,0.01539817885429523,1.12,1.12,1.12,1.12
5.1088783788465335,6.5871000204853605,32.763076213651146,0.028922273026173617,0.02868735869994632,0.014591759650939756,0.03815976629882012,0.031312641300053734,0.015408240349060257,1.12,1.12,1.12,1.12
5.109549739277651,6.58780694821034,32.764325843579755,0.028995325232534064,0.028694432831310818,0.014581900433024209,0.03808671409245967,0.031305567168689236,0.015418099566975804,1.12,1.12,1.12,1.12
5.110207714968851,6.588499779860427,32.765550534340186,0.029066968738744536,0.02870141215954322,0.014572239411479865,0.0380150705862492,0.03129858784045683,0.015427760588520148,1.12,1.12,1.12,1.12
5.11085257192715,6.589178795666631,32.76675078257526,0.02913722964436566,0.028708296731595778,0.014562772589453127,0.03794480968062808,0.031291703268404275,0.015437227410546886,1.12,1.12,1.12,1.12
5.11148457090608,6.5898442703222475,32.76792707508034,0.029206133609157414,0.028715086666758538,0.014553496051860265,0.03787590571583632,0.031284913333241515,0.015446503948139748,1.12,1.12,1.12,1.12
5.112103967508864,6.59049647309208,32.76907988900072,0.029273705858847587,0.028721782152431735,0.014544405963757709,0.03780833346614615,0.03127821784756832,0.015455594036242304,1.12,1.12,1.12,1.12
5.112711012288227,6.591135667917413,32.77020969201763,0.029339971190463887,0.028728383439850347,0.014535498568482838,0.03774206813452985,0.031271616560149706,0.015464501431517175,1.12,1.12,1.12,1.12
5.113305950844955,6.59176211351998,32.771316942534085,0.02940495397788373,0.02873489084011871,0.014526770185978227,0.037677085347110006,0.031265109159881344,0.015473229814021786,1.12,1.12,1.12,1.12
5.113889023924606,6.592376063504594,32.772402089861416,0.02946867817766008,0.028741304720658223,0.01451821721116435,0.03761336114733366,0.03125869527934183,0.015481782788835663,1.12,1.12,1.12,1.12
5.114460467511614,6.592977766461686,32.77346557441936,0.02953116733588007,0.02874762550285148,0.014509836112365865,0.037550871989113666,0.03125237449714857,0.015490163887634148,1.12,1.12,1.12,1.12
5.115020512922593,6.5935674660578165,32.77450782785708,0.029592444590433475,0.02875385365561009,0.014501623429427138,0.03748959473456026,0.031246146344389963,0.015498376570572875,1.12,1.12,1.12,1.12
5.115569386898113,6.594145401136479,32.775529273253866,0.029652532678315968,0.028759989693617177,0.014493575772401138,0.03742950664667777,0.031240010306382876,0.015506424227598875,1.12,1.12,1.12,1.12
5.1161073116922955,6.594711805812654,32.7765303252881,0.029711453941202948,0.02876603417422638,0.014485689820076308,0.03737058538379079,0.031233965825773674,0.015514310179923704,1.12,1.12,1.12,1.12
5.116634505159945,6.595266909565996,32.77751139041038,0.02976923033145995,0.02877198769499756,0.014477962318465543,0.037312808993533786,0.031228012305002495,0.01552203768153447,1.12,1.12,1.12,1.12
5.117151180843602,6.595810937330615,32.77847286699328,0.02982588341690895,0.02877785089009463,0.014470390079402401,0.03725615590808479,0.031222149109905423,0.015529609920597612,1.12,1.12,1.12,1.12
5.117657548057833,6.596344109584681,32.77941514549485,0.029881434386599737,0.028783624427864474,0.014462969979152446,0.037200604938394,0.03121637557213558,0.015537030020847567,1.12,1.12,1.12,1.12
5.118153811972077,6.596866642437928,32.780338608615565,0.029935904056348883,0.028789309008341646,0.014455698957055382,0.03714613526864485,0.031210690991658407,0.01554430104294463,1.12,1.12,1.12,1.12
5.118640173691895,6.597378747717426,32.781243631451616,0.0299893128742163,0.028794905360844475,0.014448574014198995,0.037092726450777436,0.03120509463915558,0.015551425985801018,1.12,1.12,1.12,1.12
5.1191168303386805,6.597880633051656,32.782130581645085,0.030041680925938563,0.02880041424167734,0.014441592212125029,0.03704035839905517,0.031199585758322712,0.015558407787874984,1.12,1.12,1.12,1.12
5.119583975127838,6.5983725019529835,32.78299981953107,0.030093027940327977,0.028805836431944398,0.014434750671566618,0.03698901138466576,0.031194163568055655,0.015565249328433395,1.12,1.12,1.12,1.12
5.12004179744545,6.598854553898528,32.78385169828212,0.0301433732946364,0.02881117273547265,0.014428046571216366,0.03693866603035734,0.031188827264527402,0.015571953428783647,1.12,1.12,1.12,1.12
5.120490482923481,6.599326984409479,32.784686564049565,0.03019273601988326,0.028816423976839034,0.014421477146523226,0.03688930330511048,0.03118357602316102,0.015578522853476787,1.12,1.12,1.12,1.12
5.120930213510841,6.5997899851275434,32.7855047561077,0.030241134806473335,0.028821591000094487,0.014415039688250392,0.0368409045185204,0.031178408999905566,0.015584960311749621,1.12,1.12,1.12,1.12
5.12136116754856,6.600243743892271,32.78630660698148,0.03028858800893458,0.028826674666208307,0.014408731541597108,0.036793451316059156,0.031173325333791746,0.015591268458402904,1.12,1.12,1.12,1.12
5.121783519842111,6.600688444816784,32.78709244257883,0.03033511365104813,0.028831675851158173,0.01440255010522716,0.03674692567394561,0.03116832414884188,0.015597449894772852,1.12,1.12,1.12,1.12
5.122197441729329,6.6011242683604,32.78786258232519,0.030380729431248588,0.028836595444730162,0.014396492830013735,0.03670130989374515,0.03116340455526989,0.015603507169986278,1.12,1.12,1.12,1.12
5.122603101148622,6.601551391400583,32.78861733929178,0.030425452727738556,0.028841434349001938,0.014390557217968919,0.03665658659725518,0.031158565650998116,0.015609442782031094,1.12,1.12,1.12,1.12
5.123000662705882,6.60196998730348,32.789357020321305,0.030469300603556293,0.028846193476904813,0.014384740821199019,0.03661273872143744,0.03115380652309524,0.015615259178800994,1.12,1.12,1.12,1.12
5.123390287740085,6.602380225993115,32.790081926151174,0.030512289811595095,0.02885087375086262,0.014379041240881879,0.03656974951339864,0.031149126249137432,0.015620958759118134,1.12,1.12,1.12,1.12
5.123772134387635,6.602782274019226,32.79079235153442,0.030554436799574036,0.02885547610150227,0.014373456126269127,0.0365276025254197,0.031144523898497783,0.015626543873730886,1.12,1.12,1.12,1.12
5.12414635764546,6.6031762946238,32.79148858535814,0.03059575771495776,0.02886000146643422,0.014367983173708812,0.036486281610035975,0.031139998533565832,0.0156320168262912,1.12,1.12,1.12,1.12
5.124513109432886,6.603562447806311,32.79217091075965,0.030636268409825584,0.028864450789098578,0.01436262012569077,0.03644577091516815,0.031135549210901475,0.015637379874309243,1.12,1.12,1.12,1.12
5.1248725386523155,6.603940890387694,32.79283960524046,0.030675984445688087,0.028868825017675154,0.014357364769913408,0.03640605487930565,0.0311311749823249,0.015642635230086605,1.12,1.12,1.12,1.12
5.125224791248727,6.604311776073082,32.79349494077783,0.030714921098251913,0.028873125103946268,0.014352214938369606,0.036367118226741824,0.031126874896053786,0.015647785061630407,1.12,1.12,1.12,1.12
5.125570010268014,6.604675255513314,32.794137183934374,0.030753093362128392,0.028877352002194878,0.014347168527164833,0.036328945962865344,0.031122647997805175,0.01565283147283518,1.12,1.12,1.12,1.12
5.125908335914205,6.6050314763652525,32.79476659596531,0.030790515955492592,0.02888150666888961,0.01434222345765368,0.036291523369501144,0.03111849333111044,0.015657776542346333,1.12,1.12,1.12,1.12
5.126239905605562,6.605380583350935,32.79538343292371,0.03082720332468253,0.02888559006145322,0.014337377692629091,0.03625483600031121,0.031114409938546833,0.01566262230737092,1.12,1.12,1.12,1.12
5.126564854029026,6.605722718315024,32.79598794576307,0.03086316964871033,0.0288896031374771,0.014332629235814215,0.036218869676283405,0.031110396862522954,0.015667370764185798,1.12,1.12,1.12,1.12
5.1268833131942335,6.606058020281734,32.796580380438456,0.0308984288437541,0.0288935468539476,0.014327976131044362,0.036183610481239636,0.031106453146052454,0.01567202386895565,1.12,1.12,1.12,1.12
5.12719541248752,6.606386625511651,32.7971609780069,0.03093299456766857,0.02889742216646704,0.014323416461592228,0.036149044757325166,0.031102577833533013,0.015676583538407785,1.12,1.12,1.12,1.12
5.127501278723087,6.606708667555736,32.79772997472393,0.030966880224318927,0.028901230028613334,0.014318948349293356,0.03611515910067481,0.03109876997138672,0.015681051650706657,1.12,1.12,1.12,1.12
5.127801036193838,6.607024277308918,32.79828760213875,0.031000098967903955,0.028904971391303352,0.014314569953769951,0.03608194035708978,0.0310950286086967,0.01568543004623006,1.12,1.12,1.12,1.12
5.128094806721232,6.6073335830626405,32.79883408718773,0.031032663707221908,0.02890864720219627,0.01431027947166949,0.03604937561777183,0.031091352797803784,0.015689720528330522,1.12,1.12,1.12,1.12
5.128382709704155,6.607636710556374,32.79936965228595,0.03106458710988025,0.028912258405134755,0.014306075135920207,0.03601745221511349,0.031087741594865298,0.015693924864079806,1.12,1.12,1.12,1.12
5.128664862166971,6.607933783028212,32.799894515416824,0.03109588160644078,0.02891580593960033,0.014301955215013804,0.03598615771855296,0.031084194060399722,0.01569804478498621,1.12,1.12,1.12,1.12
5.1289413788062665,6.608224921264244,32.80040889022041,0.031126559394533293,0.028919290740265224,0.014297918012265431,0.03595547993046044,0.03108070925973483,0.01570208198773458,1.12,1.12,1.12,1.12
5.1292123720370135,6.608510243647159,32.80091298607948,0.0311566324428863,0.028922713736517225,0.014293961865123148,0.035925406882107436,0.03107728626348283,0.015706038134876865,1.12,1.12,1.12,1.12
5.1294779520377425,6.608789866203853,32.80140700820414,0.031186112495312168,0.028926075852033856,0.014290085144481213,0.03589592682968157,0.031073924147966198,0.0157099148555188,1.12,1.12,1.12,1.12
5.129738226794807,6.609063902652089,32.80189115771468,0.03121501107463387,0.02892937800438669,0.014286286254006936,0.03586702825035987,0.031070621995613362,0.015713713745993077,1.12,1.12,1.12,1.12
5.129993302145795,6.609332464446244,32.80236563172282,0.031243339486556887,0.028932621104673706,0.014282563629480466,0.03583869983843685,0.031067378895326347,0.015717436370519547,1.12,1.12,1.12,1.12
5.130243281822089,6.6095956608221575,32.80283062341144,0.03127110882348588,0.028935806057178326,0.014278915738148809,0.035810930501507854,0.031064193942821727,0.015721084261851204,1.12,1.12,1.12,1.12
5.130488267490584,6.609853598841105,32.8032863221126,0.031298329968284355,0.02893893375905432,0.014275341078092765,0.03578370935670938,0.031061066240945734,0.015724658921907247,1.12,1.12,1.12,1.12
5.130728358794589,6.610106383432899,32.80373291338404,0.03132501359798018,0.02894200510003403,0.014271838177605231,0.03575702572701356,0.031057994899966024,0.01572816182239478,1.12,1.12,1.12,1.12
5.1309636533939305,6.610354117438151,32.80417057908429,0.03135117018741618,0.028945020962160672,0.014268405594583866,0.03573086913757756,0.03105497903783938,0.015731594405416147,1.12,1.12,1.12,1.12
5.131194247004265,6.610596901649695,32.804599497446205,0.03137681001284598,0.028947982219541923,0.014265041915935181,0.03570522931214776,0.03105201778045813,0.015734958084064832,1.12,1.12,1.12,1.12
5.131420233435606,6.610834834853197,32.80501984314894,0.03140194315547423,0.02895088973811985,0.014261745756989797,0.035680096169519504,0.031049110261880203,0.015738254243010216,1.12,1.12,1.12,1.12
5.131641704630121,6.611068013866971,32.805431787388756,0.03142657950494582,0.028953744375470297,0.014258515760930776,0.03565545982004792,0.031046255624529756,0.015741484239069237,1.12,1.12,1.12,1.12
5.131858750699159,6.611296533581009,32.805835497948195,0.03145072876277949,0.028956546980619224,0.01425534199615719,0.03563131056221425,0.03104345301938083,0.015744658003842824,1.12,1.12,1.12,1.12
5.13207145995951,6.611520486995175,32.80623113926388,0.03147440044574201,0.028959298393869154,0.014252231770996715,0.035607638879251724,0.0310407016061309,0.015747768229003298,1.12,1.12,1.12,1.12
5.132279918969106,6.611739965256837,32.8066188724933,0.031497603889189874,0.028961999446646652,0.014249183810261148,0.03558443543580386,0.0310380005533534,0.015750816189738864,1.12,1.12,1.12,1.12
5.132484212561863,6.611955057697571,32.80699885557992,0.03152034825033906,0.028964650961365745,0.014246196864449279,0.03556169107465468,0.031035349038634308,0.015753803135550734,1.12,1.12,1.12,1.12
5.132684423881888,6.612165851869206,32.80737124331711,0.03154264251149125,0.028967253751306876,0.014243269709227346,0.03553939681350249,0.031032746248693177,0.015756730290772666,1.12,1.12,1.12,1.12
5.132880634417014,6.612372433579158,32.80773618741084,0.0315644954832055,0.028969808620510185,0.014240401144919562,0.035517543841788235,0.03103019137948987,0.01575959885508045,1.12,1.12,1.12,1.12
5.133072924031669,6.612574886925062,32.80809383654109,0.03158591580742248,0.02897231636368164,0.014237589996008715,0.035496123517571254,0.031027683636318415,0.015762410003991298,1.12,1.12,1.12,1.12
5.133261370999097,6.612773294328722,32.808444336422085,0.031606911960536443,0.02897477776611332,0.01423483511064827,0.03547512736445729,0.031025222233886735,0.015765164889351743,1.12,1.12,1.12,1.12
5.133446052032959,6.6129677365693995,32.8087878298613,0.031627492256419476,0.028977193603614698,0.014232135360183112,0.03545454706857426,0.031022806396385355,0.0157678646398169,1.12,1.12,1.12,1.12
5.133627042318285,6.613158292816434,32.809124456817344,0.0316476648493938,0.02897956464245613,0.014229489638680287,0.03543437447559994,0.031020435357543924,0.015770510361319726,1.12,1.12,1.12,1.12
5.133804415541834,6.613345040661224,32.80945435445658,0.03166743773715819,0.028981891639322827,0.014226896862469668,0.03541460158783555,0.031018108360677227,0.015773103137530345,1.12,1.12,1.12,1.12
5.133978243921857,6.613528056148579,32.80977765720881,0.03168681876366547,0.0289841753412797,0.014224355969693667,0.03539522056132827,0.031015824658720353,0.015775644030306346,1.12,1.12,1.12,1.12
5.134148598237255,6.613707413807447,32.81009449682169,0.031705815621951405,0.028986416485745292,0.014221865919866003,0.03537622370304233,0.03101358351425476,0.01577813408013401,1.12,1.12,1.12,1.12
5.134315547856178,6.613883186681036,32.81040500241416,0.03172443585691875,0.02898861580047493,0.014219425693439813,0.03535760346807498,0.03101138419952512,0.0157805743065602,1.12,1.12,1.12,1.12
5.134479160764052,6.614055446356351,32.810709300528714,0.031742686868072856,0.028990774003553182,0.014217034291384115,0.03533935245692088,0.03100922599644687,0.015782965708615898,1.12,1.12,1.12,1.12
5.134639503591054,6.614224262993125,32.811007515182816,0.03176057591221265,0.028992891803393428,0.014214690734769247,0.035321463412781084,0.031007108196606625,0.015785309265230765,1.12,1.12,1.12,1.12
5.134796641639042,6.614389705352204,32.811299767919095,0.03177811010607595,0.028994969898745948,0.014212394064360104,0.035303929218917784,0.031005030101254105,0.01578760593563991,1.12,1.12,1.12,1.12
5.134950638907957,6.614551840823343,32.81158617785462,0.03179529642894008,0.028997008978713018,0.014210143340218112,0.03528674289605366,0.031002991021287035,0.0157898566597819,1.12,1.12,1.12,1.12
5.1351015581217005,6.614710735452487,32.811866861729285,0.03181214172517893,0.028999009722769975,0.014207937641311882,0.0352698975998148,0.03100099027723008,0.01579206235868813,1.12,1.12,1.12,1.12
5.135249460753496,6.614866453968469,32.812141933953086,0.03182865270677515,0.029000972800794,0.014205776065133888,0.035253386618218585,0.030999027199206053,0.015794223934866125,1.12,1.12,1.12,1.12
5.135394407050764,6.615019059809228,32.812411506652566,0.03184483595579135,0.029002898873097677,0.014203657727327623,0.035237203369202386,0.030997101126902377,0.01579634227267239,1.12,1.12,1.12,1.12
5.135536456059487,6.61516861514746,32.812675689716265,0.03186069792679663,0.029004788590468678,0.014201581761319346,0.035221341398197104,0.030995211409531376,0.015798418238680667,1.12,1.12,1.12,1.12
5.135675665648101,6.615315180915804,32.81293459083935,0.031876244949253396,0.029006642594214593,0.014199547317960096,0.03520579437574034,0.03099335740578546,0.015800452682039917,1.12,1.12,1.12,1.12
5.135812092530918,6.615458816831498,32.813188315567274,0.03189148322986074,0.029008461516212836,0.014197553565172785,0.035190556095133,0.030991538483787218,0.015802446434827228,1.12,1.12,1.12,1.12
5.135945792291075,6.615599581420563,32.813436967338646,0.03190641885485973,0.02901024597896426,0.01419559968760764,0.035175620470134006,0.030989754021035792,0.015804400312392372,1.12,1.12,1.12,1.12
5.136076819403042,6.615737532041509,32.813680647527164,0.03192105779229609,0.029011996595652095,0.014193684886304403,0.035160981532697644,0.030988003404347958,0.01580631511369561,1.12,1.12,1.12,1.12
5.1362052272546705,6.615872724908559,32.81391945548278,0.03193540589424493,0.029013713970204358,0.0141918083783613,0.03514663343074881,0.030986286029795695,0.015808191621638712,1.12,1.12,1.12,1.12
5.1363310681688175,6.616005215114422,32.81415348857205,0.03194946889899586,0.02901539869735953,0.014189969396610852,0.03513257042599788,0.030984601302640524,0.01581003060338916,1.12,1.12,1.12,1.12
5.136454393424528,6.6161350566526185,32.814382842217654,0.03196325243319981,0.0290170513627363,0.01418816718930177,0.03511878689179393,0.030982948637263752,0.015811832810698243,1.12,1.12,1.12,1.12
5.136575253277819,6.616262302439357,32.814607609937084,0.03197676201397798,0.029018672542906188,0.014186401019788353,0.03510527731101576,0.030981327457093866,0.01581359898021166,1.12,1.12,1.12,1.12
5.136693696982024,6.616387004334974,32.81482788338069,0.03199000305099359,0.029020262805468655,0.014184670166225127,0.03509203627400015,0.030979737194531398,0.015815329833774885,1.12,1.12,1.12,1.12
5.136809772807764,6.61650921316496,32.815043752368865,0.03200298084848696,0.02902182270912962,0.014182973921268383,0.035079058476506775,0.030978177290870434,0.01581702607873163,1.12,1.12,1.12,1.12
5.136923528062493,6.616628978740554,32.81525530492852,0.03201570060727338,0.029023352803781932,0.01418131159178286,0.03506633871772036,0.03097664719621812,0.015818688408217152,1.12,1.12,1.12,1.12
5.137035009109682,6.616746349878951,32.81546262732883,0.03202816742670728,0.029024853630588127,0.014179682498555876,0.03505387189828646,0.030975146369411927,0.015820317501444137,1.12,1.12,1.12,1.12
5.137144261387608,6.616861374423078,32.81566580411629,0.032040386306609325,0.029026325722065316,0.014178085976015747,0.03504165301838441,0.030973674277934737,0.015821914023984265,1.12,1.12,1.12,1.12
5.137251329427773,6.616974099261014,32.815864918149074,0.03205236214916074,0.02902776960217207,0.014176521371956866,0.035029677175832996,0.030972230397827982,0.015823478628043147,1.12,1.12,1.12,1.12
5.137356256872966,6.6170845703449945,32.81606005063066,0.03206409976076152,0.029029185786396405,0.014174988047270104,0.035017939564232214,0.030970814213603648,0.01582501195272991,1.12,1.12,1.12,1.12
5.137459086494949,6.617192832710052,32.81625128114284,0.03207560385385749,0.02903057478184612,0.014173485375678543,0.035006435471136244,0.030969425218153934,0.01582651462432147,1.12,1.12,1.12,1.12
5.137559860211812,6.617298930492291,32.81643868767807,0.03208687904873203,0.029031937087339976,0.014172012743478679,0.034995160276261705,0.030968062912660077,0.015827987256521334,1.12,1.12,1.12,1.12
5.137658619104973,6.617402906946786,32.81662234667115,0.03209792987526727,0.02903327319349988,0.014170569549393233,0.034984109449726464,0.030966726806500172,0.01582943045060678,1.12,1.12,1.12,1.12
5.137755403435843,6.617504804465151,32.816802333030296,0.03210876077467262,0.029034583582844803,0.014169155204370495,0.03497327855032112,0.03096541641715525,0.015830844795629517,1.12,1.12,1.12,1.12
5.137850252662157,6.617604664592712,32.816978720167555,0.03211937610118126,0.029035868729884617,0.014167769130919591,0.034962663223812473,0.030964131270115436,0.01583223086908042,1.12,1.12,1.12,1.12
5.137943205453989,6.617702528045401,32.81715158002871,0.032129780123716645,0.029037129101215947,0.014166410763139764,0.03495225920127709,0.030962870898784106,0.01583358923686025,1.12,1.12,1.12,1.12
5.138034299709439,6.61779843472626,32.81732098312243,0.03213997702752858,0.02903836515561778,0.014165079546485979,0.03494206229746516,0.030961634844382274,0.015834920453514034,1.12,1.12,1.12,1.12
5.138123572570021,6.617892423741657,32.81748699854905,0.03214997091579802,0.02903957734414747,0.014163774937540688,0.034932068409195716,0.030960422655852582,0.015836225062459325,1.12,1.12,1.12,1.12
5.138211060435729,6.617984533417147,32.81764969402856,0.032159765811214325,0.02904076611023848,0.01416249640378868,0.03492227351377941,0.030959233889761573,0.015837503596211333,1.12,1.12,1.12,1.12
5.138296798979821,6.618074801313037,32.8178091359282,0.03216936565752193,0.029041931889796896,0.014161243423398417,0.034912673667471805,0.030958068110203157,0.015838756576601595,1.12,1.12,1.12,1.12
5.138380823163299,6.618163264239654,32.81796538928945,0.032178774321040104,0.029043075111299027,0.01416001548500656,0.03490326500395363,0.030956924888701026,0.015839984514993452,1.12,1.12,1.12,1.12
5.138463167249103,6.618249958272276,32.81811851785442,0.03218799559215296,0.029044196195889244,0.014158812087506772,0.034894043732840774,0.03095580380411081,0.01584118791249324,1.12,1.12,1.12,1.12
5.138543864816028,6.618334918765791,32.81826858409185,0.03219703318677308,0.02904529555747737,0.014157632739843301,0.03488500613822065,0.030954704442522685,0.01584236726015671,1.12,1.12,1.12,1.12
5.138622948772351,6.6184181803690585,32.81841564922245,0.032205890747778076,0.029046373602836545,0.014156476960808448,0.03487614857721566,0.03095362639716351,0.015843523039191565,1.12,1.12,1.12,1.12
5.138700451369215,6.618499777038991,32.818559773243884,0.03221457184642007,0.029047430731700685,0.014155344278845003,0.034867467478573666,0.030952569268299368,0.01584465572115501,1.12,1.12,1.12,1.12
5.138776404213708,6.618579742054338,32.81870101495505,0.03222307998370916,0.0290484673368617,0.014154234231850804,0.03485895934128458,0.030951532663138354,0.01584576576814921,1.12,1.12,1.12,1.12
5.138850838281718,6.6186581080292175,32.818839431980166,0.03223141859177098,0.029049483804267195,0.014153146366989375,0.03485062073322276,0.030950516195732858,0.015846853633010638,1.12,1.12,1.12,1.12
5.138923783930512,6.6187349069263695,32.81897508079203,0.032239591035179205,0.02905048051311676,0.014152080240502782,0.03484244828981453,0.030949519486883292,0.01584791975949723,1.12,1.12,1.12,1.12
5.138995270911071,6.618810170070134,32.81910801673514,0.03224760061226345,0.029051457835958777,0.014151035417529212,0.03483443871273029,0.030948542164041276,0.0158489645824708,1.12,1.12,1.12,1.12
5.139065328380182,6.618883928159201,32.81923829404818,0.03225545055639217,0.029052416138786535,0.014150011471924198,0.03482658876860156,0.030947583861213518,0.015849988528075815,1.12,1.12,1.12,1.12
5.1391339849122835,6.61895621127907,32.81936596588602,0.03226314403723196,0.02905335578113391,0.014149007986084705,0.034818895287761775,0.030946644218866143,0.015850992013915308,1.12,1.12,1.12,1.12
5.139201268511082,6.619027048914295,32.81949108434142,0.032270684161982865,0.029054277116170146,0.014148024550777835,0.03481135516301087,0.030945722883829907,0.015851975449222178,1.12,1.12,1.12,1.12
5.139267206620931,6.61909646996046,32.81961370046625,0.03227807397659099,0.029055180490794946,0.014147060764971936,0.03480396534840274,0.030944819509205107,0.015852939235028077,1.12,1.12,1.12,1.12
5.139331826137993,6.619164502735933,32.81973386429215,0.03228531646693783,0.029056066245732176,0.01414611623567201,0.034796722858055906,0.030943933754267877,0.015853883764328003,1.12,1.12,1.12,1.12
5.139395153421167,6.619231174993384,32.819851624851054,0.03229241456000814,0.029056934715623317,0.014145190577758066,0.034789624764985594,0.030943065284376736,0.015854809422241947,1.12,1.12,1.12,1.12
5.1394572143028086,6.619296513931056,32.819967030195,0.03229937112503367,0.02905778622911981,0.014144283413826245,0.034782668199960065,0.030942213770880245,0.015855716586173768,1.12,1.12,1.12,1.12
5.139518034099236,6.619360546203843,32.8200801274158,0.0323061889746184,0.029058621108975752,0.014143394374034696,0.03477585035037534,0.0309413788910243,0.015856605625965317,1.12,1.12,1.12,1.12
5.139577637621021,6.6194232979341265,32.820190962664135,0.03231287086584034,0.02905943967213831,0.01414252309595078,0.0347691684591534,0.030940560327861744,0.015857476904049234,1.12,1.12,1.12,1.12
5.13963604918308,6.619484794722389,32.82029958116839,0.03231941950133227,0.029060242229838718,0.014141669224402229,0.03476261982366147,0.030939757770161336,0.015858330775597784,1.12,1.12,1.12,1.12
5.139693292614562,6.619545061657643,32.82040602725307,0.03232583753034429,0.029061029087681628,0.014140832411331364,0.034756201794649444,0.030938970912318425,0.01585916758866865,1.12,1.12,1.12,1.12
5.139749391268542,6.619604123327625,32.82051034435679,0.03233212754978321,0.02906180054573418,0.014140012315652137,0.03474991177521053,0.030938199454265874,0.015859987684347876,1.12,1.12,1.12,1.12
5.139804368031524,6.619662003828807,32.82061257505006,0.032338292105234534,0.029062556898614117,0.014139208603110201,0.0347437472197592,0.030937443101385936,0.015860791396889812,1.12,1.12,1.12,1.12
5.139858245332745,6.6197187267762025,32.820712761052505,0.032344333691964766,0.02906329843557645,0.014138420946145328,0.03473770563302897,0.030936701564423602,0.015861579053854685,1.12,1.12,1.12,1.12
5.139911045153298,6.619774315312959,32.82081094324997,0.032350254755902585,0.029064025440600216,0.01413764902375679,0.03473178456909115,0.030935974559399837,0.015862350976243222,1.12,1.12,1.12,1.12
5.139962789035086,6.6198287921197965,32.82090716171106,0.03235605769460409,0.029064738192473766,0.014136892521372207,0.034725981630389646,0.030935261807526288,0.015863107478627805,1.12,1.12,1.12,1.12
5.140013498089579,6.619882179424221,32.821001455703566,0.032361744858198094,0.029065436964878816,0.01413615113071788,0.03472029446679564,0.030934563035121238,0.015863848869282132,1.12,1.12,1.12,1.12
5.1400631930064025,6.619934499009577,32.82109386371035,0.03236731855031344,0.029066122026474656,0.01413542454969259,0.0347147207746803,0.030933877973525398,0.015864575450307422,1.12,1.12,1.12,1.12
5.140111894061766,6.61998577222392,32.82118442344513,0.03237278102898927,0.02906679364098025,0.014134712482243572,0.034709258296004464,0.030933206359019805,0.01586528751775644,1.12,1.12,1.12,1.12
5.140159621126707,6.620036019988692,32.82127317186775,0.03237813450756727,0.029067452067256,0.014134014638245013,0.03470390481742647,0.030932547932744053,0.015865985361755,1.12,1.12,1.12,1.12
5.140206393675183,6.620085262807248,32.8213601451993,0.03238338115556694,0.029068097559384637,0.014133330733379287,0.0346986581694268,0.030931902440615416,0.015866669266620725,1.12,1.12,1.12,1.12
5.140252230791994,6.620133520773196,32.82144537893683,0.03238852309954432,0.02906873036675084,0.014132660489019802,0.03469351622544942,0.030931269633249214,0.01586733951098021,1.12,1.12,1.12,1.12
5.140297151180552,6.6201808135785845,32.821528907867815,0.032393562423933986,0.029069350734119925,0.014132003632117529,0.03468847690105975,0.030930649265880128,0.015867996367882484,1.12,1.12,1.12,1.12
5.140341173170503,6.620227160521913,32.82161076608435,0.032398501171875704,0.029069958901715737,0.014131359895088694,0.03468353815311803,0.030930041098284317,0.01586864010491132,1.12,1.12,1.12,1.12
5.140384314725172,6.620272580515991,32.82169098699705,0.03240334134602324,0.029070555105297546,0.014130729015704599,0.034678697978970496,0.030929444894702507,0.015869270984295414,1.12,1.12,1.12,1.12
5.140426593448897,6.620317092095641,32.82176960334861,0.032408084909340495,0.02907113957623575,0.014130110736985363,0.03467395441565324,0.030928860423764304,0.01586988926301465,1.12,1.12,1.12,1.12
5.140468026594178,6.620360713425247,32.821846647227204,0.03241273378587939,0.02907171254158672,0.014129504807093463,0.03466930553911435,0.030928287458413334,0.01587049519290655,1.12,1.12,1.12,1.12
5.1405086310687125,6.620403462306147,32.821922150079516,0.03241728986154485,0.02907227422416689,0.014128910979230969,0.034664749463448885,0.030927725775833165,0.015871089020769044,1.12,1.12,1.12,1.12
5.140548423442278,6.620445356183879,32.82199614272359,0.032421754984844064,0.029072824842625383,0.014128329011538585,0.03466028434014967,0.03092717515737467,0.015871670988461428,1.12,1.12,1.12,1.12
5.14058741995348,6.620486412155305,32.82206865536136,0.032426130967621924,0.02907336461151594,0.014127758666996657,0.03465590835737181,0.030926635388484114,0.015872241333003356,1.12,1.12,1.12,1.12
5.140625636516365,6.620526646975549,32.82213971759097,0.032430419585781356,0.029073893741368012,0.014127199713327765,0.03465161973921238,0.03092610625863204,0.015872800286672248,1.12,1.12,1.12,1.12
5.140663088726896,6.6205660770648365,32.82220935841886,0.03243462257999058,0.029074412438756497,0.014126651922901676,0.03464741674500316,0.030925587561243556,0.015873348077098337,1.12,1.12,1.12,1.12
5.140699791869316,6.620604718515185,32.82227760627154,0.032438741656376446,0.029074920906370788,0.014126115072642456,0.03464329766861729,0.030925079093629265,0.015873884927357557,1.12,1.12,1.12,1.12
5.140735760922364,6.620642587096945,32.82234448900722,0.032442778487204116,0.029075419343082748,0.01412558894393684,0.03463926083778962,0.030924580656917305,0.015874411056063173,1.12,1.12,1.12,1.12
5.140771010565378,6.620679698265244,32.82241003392713,0.03244673471154408,0.0290759079440136,0.014125073322544798,0.03463530461344966,0.030924092055986452,0.015874926677455214,1.12,1.12,1.12,1.12
5.140805555184282,6.620716067166265,32.82247426778669,0.032450611935925466,0.02907638690060016,0.014124567998512305,0.03463142738906827,0.030923613099399894,0.015875432001487708,1.12,1.12,1.12,1.12
5.140839408877433,6.620751708643425,32.82253721680638,0.03245441173497793,0.029076856400659684,0.014124072766084753,0.03462762759001581,0.03092314359934037,0.01587592723391526,1.12,1.12,1.12,1.12
5.140872585461378,6.620786637243424,32.82259890668242,0.03245813565205924,0.029077316628454086,0.014123587423622894,0.0346239036729345,0.030922683371545967,0.01587641257637712,1.12,1.12,1.12,1.12
5.140905098476473,6.620820867222171,32.82265936259732,0.03246178519987308,0.029077767764752904,0.014123111773520963,0.03462025412512065,0.03092223223524715,0.01587688822647905,1.12,1.12,1.12,1.12
5.140936961192405,6.62085441255059,32.82271860923002,0.03246536186107246,0.029078209986895892,0.014122645622125188,0.034616677463921275,0.03092179001310416,0.015877354377874825,1.12,1.12,1.12,1.12
5.140968186613599,6.620887286920314,32.82277667076609,0.032468867088853104,0.029078643468853888,0.014122188779654932,0.03461317223614063,0.030921356531146166,0.01587781122034508,1.12,1.12,1.12,1.12
5.140998787484514,6.620919503749268,32.82283357090749,0.03247230230753467,0.029079068381289375,0.014121741060124732,0.034609737017459064,0.03092093161871068,0.01587825893987528,1.12,1.12,1.12,1.12
5.141028776294838,6.620951076187135,32.82288933288227,0.032475668913130085,0.02907948489161566,0.014121302281268802,0.03460637041186365,0.030920515108384394,0.01587869771873121,1.12,1.12,1.12,1.12
5.141058165284575,6.620982017120707,32.822943979454045,0.03247896827390523,0.029079893164055626,0.014120872264466025,0.03460307105108851,0.030920106835944428,0.015879127735533988,1.12,1.12,1.12,1.12
5.141086966449037,6.621012339179153,32.82299753293127,0.03248220173092642,0.029080293359699083,0.014120450834666953,0.03459983759406732,0.03091970664030097,0.01587954916533306,1.12,1.12,1.12,1.12
5.141115191543733,6.6210420547391555,32.82305001517632,0.032485370598597796,0.029080685636559522,0.014120037820323922,0.03459666872639594,0.03091931436344053,0.01587996217967609,1.12,1.12,1.12,1.12
5.141142852089151,6.62107117592995,32.823101447614434,0.03248847616518785,0.02908107014962988,0.014119633053318315,0.034593563159805885,0.030918929850370175,0.015880366946681698,1.12,1.12,1.12,1.12
5.141169959375466,6.621099714638287,32.82315185124246,0.032491519693346405,0.029081447050937265,0.014119236368892937,0.03459051963164733,0.03091855294906279,0.015880763631107075,1.12,1.12,1.12,1.12
5.1411965244671345,6.621127682513259,32.82320124663737,0.032494502420610916,0.029081816489597234,0.014118847605584559,0.03458753690438282,0.03091818351040282,0.015881152394415454,1.12,1.12,1.12,1.12
5.141222558207403,6.6211550909710555,32.82324965396468,0.03249742555990254,0.029082178611866683,0.014118466605157837,0.0345846137650912,0.03091782138813337,0.015881533394842176,1.12,1.12,1.12,1.12
5.14124807122273,6.621181951199621,32.823297092986664,0.03250029030001356,0.029082533561196222,0.01411809321254115,0.03458174902498018,0.03091746643880383,0.015881906787458863,1.12,1.12,1.12,1.12
5.141273073927122,6.621208274163212,32.82334358307044,0.03250309780608479,0.029082881478281614,0.014117727275763228,0.034578941518908946,0.03091711852171844,0.015882272724236784,1.12,1.12,1.12,1.12
5.141297576526372,6.621234070606865,32.82338914319584,0.03250584922007266,0.029083222501114336,0.01411736864589036,0.03457619010492108,0.030916777498885717,0.015882631354109653,1.12,1.12,1.12,1.12
5.141321589022223,6.621259351060781,32.82343379196317,0.03250854566120931,0.029083556765031215,0.014117017176966687,0.03457349366378443,0.030916443234968838,0.015882982823033326,1.12,1.12,1.12,1.12
5.141345121216444,6.621284125844614,32.823477547600774,0.03251118822645127,0.029083884402763494,0.014116672725953502,0.034570851098542466,0.03091611559723656,0.01588332727404651,1.12,1.12,1.12,1.12
5.141368182714832,6.621308405071685,32.82352042797247,0.032513777990921866,0.029084205544484792,0.014116335152671897,0.03456826133407187,0.03091579445551526,0.015883664847328116,1.12,1.12,1.12,1.12
5.141390782931117,6.621332198653102,32.82356245058487,0.03251631600834187,0.02908452031785866,0.014116004319744635,0.034565723316651864,0.030915479682141395,0.015883995680255378,1.12,1.12,1.12,1.12
5.141412931090808,6.621355516301796,32.82360363259451,0.03251880331145468,0.02908482884808475,0.014115680092540203,0.034563236013539056,0.030915171151915305,0.01588431990745981,1.12,1.12,1.12,1.12
5.141434636234958,6.621378367536494,32.82364399081479,0.03252124091244185,0.02908513125794482,0.014115362339118434,0.034560798412551885,0.030914868742055235,0.01588463766088158,1.12,1.12,1.12,1.12
5.141455907223839,6.621400761685587,32.823683541722914,0.0325236298033299,0.02908542766784758,0.014115050930176037,0.034558409521663835,0.030914572332152473,0.015884949069823975,1.12,1.12,1.12,1.12
5.141476752740566,6.6214227078909405,32.823722301466574,0.032525970956390315,0.029085718195872856,0.0141147457389941,0.03455606836860342,0.030914281804127197,0.015885254261005913,1.12,1.12,1.12,1.12
5.141497181294628,6.621444215111622,32.82376028587052,0.03252826532453096,0.029086002957815077,0.014114446641386183,0.03455377400046278,0.030913997042184976,0.01588555335861383,1.12,1.12,1.12,1.12
5.141517201225371,6.621465292127559,32.823797510443065,0.032530513841680375,0.029086282067225744,0.01411415351564814,0.03455152548331336,0.03091371793277431,0.015885846484351873,1.12,1.12,1.12,1.12
5.14153682070538,6.621485947543109,32.823833990382354,0.03253271742316316,0.029086555635455924,0.014113866242507711,0.034549321901830576,0.03091344436454413,0.0158861337574923,1.12,1.12,1.12,1.12
5.14155604774383,6.6215061897905745,32.82386974058261,0.03253487696607016,0.029086823771696968,0.014113584705076301,0.03454716235892358,0.030913176228303085,0.01588641529492371,1.12,1.12,1.12,1.12
5.141574890189742,6.621526027133645,32.82390477564016,0.032536993349619514,0.029087086583021032,0.014113308788801293,0.03454504597537422,0.03091291341697902,0.01588669121119872,1.12,1.12,1.12,1.12
5.141593355735186,6.6215454676707655,32.82393910985947,0.03253906743551138,0.029087344174421326,0.014113038381419266,0.034542971889482355,0.030912655825578728,0.015886961618580747,1.12,1.12,1.12,1.12
5.141611451918418,6.621564519338432,32.823972757258886,0.03254110006827543,0.029087596648850855,0.014112773372910031,0.034540939256718306,0.030912403351149198,0.01588722662708998,1.12,1.12,1.12,1.12
5.141629186126959,6.621583189914439,32.824005731576435,0.03254309207561251,0.029087844107260896,0.014112513655451964,0.034538947249381224,0.030912155892739157,0.01588748634454805,1.12,1.12,1.12,1.12
5.1416465656006,6.621601487021048,32.824038046275376,0.03254504426872673,0.029088086648638878,0.014112259123377782,0.034536995056267006,0.030911913351361175,0.01588774087662223,1.12,1.12,1.12,1.12
5.141663597434357,6.621619418128091,32.82406971454971,0.032546957442655344,0.029088324370045354,0.014112009673131726,0.03453508188233839,0.0309116756299547,0.015887990326868287,1.12,1.12,1.12,1.12
5.141680288581373,6.6216369905560315,32.824100749329574,0.03254883237658812,0.029088557366650586,0.014111765203227308,0.034533206948405615,0.030911442633349467,0.015888234796772704,1.12,1.12,1.12,1.12
5.141696645855743,6.6216542114789325,32.82413116328651,0.03255066983418309,0.029088785731770206,0.014111525614205617,0.03453136949081065,0.030911214268229847,0.015888474385794396,1.12,1.12,1.12,1.12
5.1417126759353025,6.6216710879274,32.824160968838626,0.03255247056387428,0.02908900955690033,0.014111290808595398,0.034529568761119456,0.030910990443099723,0.015888709191404615,1.12,1.12,1.12,1.12
5.141728385364341,6.6216876267914335,32.82419017815566,0.03255423529917434,0.029089228931752392,0.014111060690872215,0.0345278040258194,0.03091077106824766,0.015888939309127798,1.12,1.12,1.12,1.12
5.141743780556283,6.621703834823254,32.82421880316399,0.032555964758971545,0.02908944394428664,0.014110835167420635,0.03452607456602219,0.030910556055713412,0.015889164832579378,1.12,1.12,1.12,1.12
5.141758867796295,6.621719718640048,32.82424685555142,0.03255765964781959,0.02908965468074562,0.014110614146495212,0.034524379677174144,0.030910345319254434,0.0158893858535048,1.12,1.12,1.12,1.12
5.141773653243857,6.621735284726667,32.82427434677205,0.03255932065622319,0.029089861225687047,0.014110397538183925,0.03452271866877055,0.030910138774313006,0.015889602461816088,1.12,1.12,1.12,1.12
5.141788142935269,6.6217505394382785,32.82430128805083,0.03256094846091678,0.02909006366201572,0.014110185254370702,0.03452109086407695,0.030909936337984334,0.01588981474562931,1.12,1.12,1.12,1.12
5.141802342786115,6.621765489002958,32.82432769038827,0.032562543725138615,0.029090262071015116,0.014109977208699914,0.03451949559985512,0.030909737928984937,0.0158900227913001,1.12,1.12,1.12,1.12
5.141816258593681,6.621780139524223,32.82435356456484,0.03256410709889912,0.029090456532378323,0.014109773316541382,0.034517932226094616,0.03090954346762173,0.01589022668345863,1.12,1.12,1.12,1.12
5.141829896039311,6.621794496983528,32.82437892114537,0.032565639219243325,0.02909064712423856,0.014109573494955202,0.03451640010575041,0.030909352875761492,0.01589042650504481,1.12,1.12,1.12,1.12
5.141843260690734,6.621808567242707,32.8244037704834,0.032567140710509535,0.02909083392319889,0.014109377662658434,0.0345148986144842,0.030909166076801164,0.01589062233734158,1.12,1.12,1.12,1.12
5.141856358004329,6.621822356046362,32.82442812272545,0.03256861218458168,0.02909101700436162,0.014109185739992189,0.034513427140412056,0.030908982995638434,0.015890814260007824,1.12,1.12,1.12,1.12
5.1418691933273575,6.621835869024207,32.82445198781499,0.032570054241136626,0.029091196441356965,0.014108997648888483,0.03451198508385711,0.03090880355864309,0.01589100235111153,1.12,1.12,1.12,1.12
5.141881771900136,6.621849111693365,32.82447537549672,0.03257146746788803,0.0290913723063716,0.014108813312839086,0.03451057185710571,0.030908627693628454,0.015891186687160927,1.12,1.12,1.12,1.12
5.141894098858188,6.621862089460627,32.824498295320346,0.03257285244082364,0.029091544670175884,0.014108632656864142,0.034509186884170095,0.03090845532982417,0.01589136734313587,1.12,1.12,1.12,1.12
5.141906179234319,6.621874807624637,32.82452075664463,0.0325742097244382,0.02909171360215168,0.014108455607481113,0.03450782960055554,0.030908286397848372,0.0158915443925189,1.12,1.12,1.12,1.12
5.141918017960689,6.62188727137808,32.82454276864114,0.032575539871963044,0.02909187917031844,0.014108282092675659,0.03450649945303069,0.030908120829681612,0.015891717907324354,1.12,1.12,1.12,1.12
5.14192961987082,6.6218994858097835,32.82456434029797,0.03257684342559031,0.029092041441360017,0.014108112041871762,0.03450519589940343,0.030907958558640036,0.01589188795812825,1.12,1.12,1.12,1.12
5.141940989701561,6.621911455906799,32.824585480423465,0.03257812091669193,0.029092200480650116,0.014107945385903264,0.034503918408301804,0.030907799519349938,0.01589205461409675,1.12,1.12,1.12,1.12
5.141952132095026,6.6219231865564385,32.824606197649786,0.03257937286603524,0.029092356352277415,0.014107782056985305,0.0345026664589585,0.030907643647722638,0.015892217943014708,1.12,1.12,1.12,1.12
5.1419630516004915,6.621934682548266,32.82462650043642,0.03258059978399458,0.029092509119070742,0.014107621988687147,0.03450143954099916,0.03090749088092931,0.015892378011312866,1.12,1.12,1.12,1.12
5.141973752676245,6.621945948576057,32.824646397073685,0.03258180217075751,0.02909265884262313,0.014107465115904619,0.034500237154236224,0.030907341157376922,0.015892534884095394,1.12,1.12,1.12,1.12
5.141984239691411,6.621956989239703,32.82466589568603,0.03258298051652869,0.02909280558331573,0.014107311374834217,0.034499058808465044,0.030907194416684325,0.015892688625165796,1.12,1.12,1.12,1.12
5.14199451692773,6.621967809047104,32.824685004235455,0.03258413530172716,0.029092949400341434,0.01410716070294657,0.03449790402326658,0.03090705059965862,0.015892839297053443,1.12,1.12,1.12,1.12
5.142004588581309,6.621978412415996,32.82470373052466,0.032585266997182505,0.029093090351727663,0.014107013038961433,0.03449677232781123,0.03090690964827239,0.01589298696103858,1.12,1.12,1.12,1.12
5.142014458764332,6.62198880367576,32.82472208220031,0.032586376064326183,0.029093228494359052,0.014106868322822388,0.03449566326066755,0.030906771505641,0.015893131677177624,1.12,1.12,1.12,1.12
5.142024131506733,6.621998987069181,32.82474006675611,0.03258746295537651,0.029093363883999745,0.014106726495672142,0.034494576369617225,0.030906636116000308,0.01589327350432787,1.12,1.12,1.12,1.12
5.142033610757853,6.622008966754193,32.82475769153584,0.03258852811352503,0.02909349657531468,0.01410658749982939,0.03449351121146871,0.030906503424685372,0.015893412500170623,1.12,1.12,1.12,1.12
5.142042900388037,6.622018746805563,32.82477496373643,0.03258957197311407,0.02909362662189144,0.014106451278764393,0.03449246735187966,0.030906373378108615,0.01589354872123562,1.12,1.12,1.12,1.12
5.142052004190227,6.622028331216559,32.824791890410864,0.032590594959814756,0.029093754076260858,0.014106317777076854,0.03449144436517898,0.030906245923739195,0.01589368222292316,1.12,1.12,1.12,1.12
5.1420609635363235,6.6220377639974615,32.82480855162534,0.032591601921281854,0.02909387878246067,0.01410619157875738,0.03449043740371188,0.030906121217539384,0.015893808421242633,1.12,1.12,1.12,1.12
5.142069743702592,6.622047008129802,32.824824879624074,0.03259258875266957,0.029094001002834047,0.014106067904679997,0.034489450572324165,0.030905998997166007,0.015893932095320015,1.12,1.12,1.12,1.12
5.142078348272341,6.622056067386264,32.82484088107103,0.03259355585621493,0.02909412078676943,0.014105946704351169,0.03448848346877881,0.030905879213230625,0.015894053295648844,1.12,1.12,1.12,1.12
5.1420867807572215,6.6220649454640865,32.824856562496905,0.03259450362612465,0.02909423818268067,0.014105827928287601,0.03448753569886909,0.030905761817319383,0.015894172071712412,1.12,1.12,1.12,1.12
5.1420950445986655,6.6220736459865766,32.824871930301775,0.03259543244873542,0.02909435323802581,0.014105711527996029,0.03448660687625832,0.030905646761974243,0.015894288472003984,1.12,1.12,1.12,1.12
5.142103143169286,6.622082172504588,32.82488699075776,0.032596342702670256,0.029094465999325664,0.014105597455953384,0.03448569662232348,0.03090553400067439,0.01589440254404663,1.12,1.12,1.12,1.12
5.142111079774253,6.622090528497964,32.82490175001152,0.03259723475899273,0.029094576512182085,0.014105485665587086,0.034484804566001004,0.030905423487817968,0.015894514334412926,1.12,1.12,1.12,1.12
5.142118857652643,6.622098717376961,32.824916214086834,0.03259810898135718,0.02909468482129604,0.014105376111256215,0.03448393034363656,0.030905315178704013,0.015894623888743797,1.12,1.12,1.12,1.12
5.142126479978764,6.622106742483642,32.82493038888696,0.032598965726157,0.02909479097048487,0.014105268748233174,0.03448307359883673,0.030905209029515185,0.01589473125176684,1.12,1.12,1.12,1.12
5.142133949863441,6.622114607093237,32.82494428019717,0.0325998053426691,0.02909489500269996,0.014105163532685053,0.03448223398232464,0.030905104997300092,0.01589483646731496,1.12,1.12,1.12,1.12
5.142141270355297,6.6221223144154795,32.824957893686985,0.032600628173195756,0.029094996960043362,0.01410506042165606,0.03448141115179798,0.03090500303995669,0.015894939578343953,1.12,1.12,1.12,1.12
5.142148444441988,6.622129867595918,32.82497123491258,0.032601434553203246,0.02909509688378442,0.014104959373049245,0.03448060477179049,0.030904903116215632,0.015895040626950768,1.12,1.12,1.12,1.12
5.142155475051424,6.622137269717195,32.82498430931899,0.0326022248114588,0.029095194814376307,0.014104860345609926,0.034479814513534934,0.030904805185623746,0.015895139654390086,1.12,1.12,1.12,1.12
5.142162365052967,6.622144523800313,32.82499712224238,0.03260299927016447,0.029095290791471468,0.014104763298909279,0.03447904005482927,0.030904709208528586,0.015895236701090734,1.12,1.12,1.12,1.12
5.142169117258597,6.622151632805856,32.825009678912195,0.03260375824508688,0.029095384853937922,0.014104668193326494,0.03447828107990686,0.03090461514606213,0.01589533180667352,1.12,1.12,1.12,1.12
5.142175734424064,6.622158599635208,32.8250219844533,0.03260450204568649,0.029095477039874085,0.014104574990033841,0.03447753727930725,0.03090452296012597,0.01589542500996617,1.12,1.12,1.12,1.12
5.142182219250009,6.622165427131733,32.82503404388805,0.032605230975243205,0.029095567386624416,0.014104483650980326,0.03447680834975053,0.030904432613375638,0.015895516349019687,1.12,1.12,1.12,1.12
5.142188574383066,6.622172118081931,32.825045862138424,0.032605945330979436,0.029095655930793413,0.014104394138875806,0.0344760939940143,0.03090434406920664,0.015895605861124207,1.12,1.12,1.12,1.12
5.142194802416941,6.622178675216574,32.8250574440279,0.03260664540418107,0.029095742708260902,0.01410430641717643,0.03447539392081267,0.03090425729173915,0.015895693582823583,1.12,1.12,1.12,1.12
5.142200905893475,6.622185101211835,32.8250687942835,0.03260733148031564,0.02909582775419567,0.01410422045006908,0.0344747078446781,0.030904172245804384,0.015895779549930933,1.12,1.12,1.12,1.12
5.142206887303677,6.622191398690363,32.82507991753777,0.03260800383914886,0.029095911103069833,0.014104136202457498,0.03447403548584488,0.03090408889693022,0.015895863797542514,1.12,1.12,1.12,1.12
5.142212749088738,6.622197570222359,32.82509081833055,0.032608662754858075,0.029095992788672337,0.014104053639947073,0.03447337657013566,0.030904007211327716,0.01589594636005294,1.12,1.12,1.12,1.12
5.142218493641039,6.62220361832663,32.825101501110936,0.03260930849614385,0.029096072844122245,0.014103972728831557,0.034472730828849885,0.03090392715587781,0.015896027271168456,1.12,1.12,1.12,1.12
5.14222412330511,6.6222095454716055,32.82511197023901,0.03260994132633904,0.0290961513018822,0.014103893436078818,0.034472097998654694,0.030903848698117853,0.015896106563921195,1.12,1.12,1.12,1.12
5.142229640378599,6.622215354076359,32.82512222998767,0.032610561503516045,0.02909622819377089,0.01410381572931746,0.03447147782147769,0.030903771806229163,0.015896184270682553,1.12,1.12,1.12,1.12
5.142235047113207,6.622221046511578,32.825132284544395,0.032611169280592045,0.029096303550976255,0.014103739576823746,0.03447087004440169,0.0309036964490238,0.015896260423176267,1.12,1.12,1.12,1.12
5.142240345715602,6.622226625100552,32.82514213801287,0.03261176490543122,0.029096377404067397,0.014103664947508504,0.03447027441956252,0.030903622595932656,0.01589633505249151,1.12,1.12,1.12,1.12
5.142245538348325,6.6222320921200994,32.825151794414744,0.032612348620946086,0.029096449783006934,0.014103591810904523,0.03446969070404765,0.03090355021699312,0.01589640818909549,1.12,1.12,1.12,1.12
5.1422506271306725,6.62223744980151,32.82516125769123,0.032612920665196166,0.029096520717163177,0.014103520137153963,0.03446911865979757,0.030903479282836877,0.01589647986284605,1.12,1.12,1.12,1.12
5.142255614139555,6.622242700331452,32.8251705317047,0.03261348127148478,0.02909659023532149,0.014103449896996287,0.03446855805350896,0.030903409764678563,0.015896550103003726,1.12,1.12,1.12,1.12
5.142260501410352,6.6222478458528675,32.82517962024035,0.03261403066845431,0.02909665836569575,0.014103381061756279,0.03446800865653943,0.030903341634304304,0.015896618938243734,1.12,1.12,1.12,1.12
5.142265290937734,6.622252888465834,32.825188527007576,0.0326145690801784,0.029096725135940055,0.014103313603332307,0.034467470244815335,0.03090327486406,0.015896686396667706,1.12,1.12,1.12,1.12
5.142269984676489,6.622257830228441,32.825197255641676,0.0326150967262544,0.029096790573159087,0.014103247494184845,0.034466942598739336,0.030903209426840966,0.015896752505815168,1.12,1.12,1.12,1.12
5.14227458454231,6.622262673157614,32.82520580970522,0.03261561382189149,0.029096854703919622,0.01410318270732562,0.03446642550310225,0.03090314529608043,0.015896817292674392,1.12,1.12,1.12,1.12
5.142279092412576,6.622267419229947,32.8252141926895,0.032616120577999064,0.029096917554260526,0.014103119216305651,0.03446591874699467,0.030903082445739527,0.01589688078369436,1.12,1.12,1.12,1.12
5.142283510127122,6.622272070382498,32.82522240801603,0.0326166172012719,0.029096979149703772,0.014103056995205254,0.034465422123721834,0.03090302085029628,0.01589694300479476,1.12,1.12,1.12,1.12
5.142287839488994,6.622276628513598,32.8252304590379,0.032617103894275246,0.02909703951526396,0.014102996018623387,0.03446493543071849,0.03090296048473609,0.015897003981376626,1.12,1.12,1.12,1.12
5.142292082265179,6.622281095483604,32.82523834904107,0.03261758085552652,0.029097098675458954,0.014102936261667004,0.03446445846946722,0.0309029013245411,0.01589706373833301,1.12,1.12,1.12,1.12
5.142296240187321,6.6222854731156735,32.825246081245865,0.03261804827957576,0.02909715665431925,0.014102877699940855,0.034463991045417974,0.030902843345680803,0.015897122300059158,1.12,1.12,1.12,1.12
5.142300314952442,6.622289763196505,32.82525365880818,0.032618506357086186,0.0290972134753979,0.014102820309538147,0.03446353296790755,0.030902786524602155,0.015897179690461866,1.12,1.12,1.12,1.12
5.14230430822362,6.622293967477062,32.825261084820795,0.0326189552749106,0.029097269161779682,0.014102764067029608,0.03446308405008314,0.03090273083822037,0.015897235932970405,1.12,1.12,1.12,1.12
5.142308221630677,6.622298087673292,32.82526836231462,0.03261939521616786,0.02909732373609064,0.014102708949455256,0.03446264410882588,0.030902676263909412,0.015897291050544757,1.12,1.12,1.12,1.12
5.142312056770838,6.6223021254668275,32.82527549425996,0.03261982636031718,0.029097377220506843,0.014102654934313757,0.03446221296467655,0.03090262277949321,0.015897345065686255,1.12,1.12,1.12,1.12
5.142315815209391,6.622306082505668,32.82528248356775,0.03262024888323206,0.029097429636763372,0.014102601999554612,0.034461790441761675,0.03090257036323668,0.0158973980004454,1.12,1.12,1.12,1.12
5.142319498480316,6.622309960404859,32.825289333090666,0.032620662957270896,0.029097481006163273,0.014102550123567856,0.03446137636772284,0.03090251899383678,0.015897449876432157,1.12,1.12,1.12,1.12
5.1423231080869165,6.6223137607471445,32.825296045624334,0.03262106875134757,0.029097531349585815,0.014102499285176137,0.034460970573646166,0.03090246865041424,0.015897500714823876,1.12,1.12,1.12,1.12
5.1423266455024335,6.622317485083617,32.8253026239085,0.03262146643100022,0.029097580687494823,0.014102449463625308,0.03446057289399351,0.03090241931250523,0.015897550536374705,1.12,1.12,1.12,1.12
5.142330112170641,6.622321134934345,32.82530907062809,0.03262185615845864,0.029097629039947337,0.014102400638576554,0.0344601831665351,0.030902370960052716,0.01589759936142346,1.12,1.12,1.12,1.12
5.142333509506443,6.622324711789,32.825315388414346,0.032622238092710365,0.02909767642660116,0.014102352790097902,0.03445980123228337,0.030902323573398893,0.01589764720990211,1.12,1.12,1.12,1.12
5.142336838896448,6.6223282171074676,32.82532157984589,0.032622612389565764,0.029097722866722936,0.014102305898656395,0.03445942693542797,0.030902277133277117,0.015897694101343618,1.12,1.12,1.12,1.12
5.142340101699531,6.6223316523204305,32.82532764744977,0.03262297920172075,0.029097768379196143,0.014102259945109344,0.03445906012327299,0.03090223162080391,0.01589774005489067,1.12,1.12,1.12,1.12
5.142343299247393,6.6223350188299595,32.82533359370248,0.03262333867881961,0.02909781298252817,0.014102214910696978,0.03445870064617412,0.030902187017471883,0.015897785089303035,1.12,1.12,1.12,1.12
5.142346432845102,6.6223383180100885,32.825339421031025,0.03262369096751555,0.029097856694858315,0.014102170777035183,0.034458348357478186,0.030902143305141738,0.01589782922296483,1.12,1.12,1.12,1.12
5.1423495037716265,6.622341551207367,32.825345131813826,0.032624036211530705,0.029097899533964633,0.014102127526107067,0.03445800311346303,0.03090210046603542,0.015897872473892946,1.12,1.12,1.12,1.12
5.142352513280355,6.6223447197414265,32.825350728381764,0.032624374551714574,0.029097941517271297,0.014102085140256473,0.03445766477327916,0.030902058482728756,0.01589791485974354,1.12,1.12,1.12,1.12
5.142355462599614,6.622347824905493,32.82535621301911,0.03262470612610152,0.02909798266185576,0.0141020436021803,0.034457333198892215,0.030902017338144294,0.015897956397819712,1.12,1.12,1.12,1.12
5.142358352933159,6.622350867966938,32.82536158796444,0.03262503106996695,0.029098022984455185,0.014102002894921528,0.03445700825502679,0.030901977015544868,0.015897997105078485,1.12,1.12,1.12,1.12
5.142361185460679,6.622353850167785,32.82536685541153,0.03262534951588225,0.029098062501473537,0.014101963001862505,0.034456689809111485,0.030901937498526516,0.015898036998137507,1.12,1.12,1.12,1.12
5.142363961338262,6.622356772725219,32.82537201751034,0.032625661593768784,0.029098101228988316,0.014101923906717564,0.03445637773122495,0.030901898771011738,0.01589807609328245,1.12,1.12,1.12,1.12
5.142366681698881,6.622359636832079,32.82537707636779,0.032625967430951364,0.029098139182756638,0.014101885593527194,0.03445607189404237,0.030901860817243415,0.01589811440647282,1.12,1.12,1.12,1.12
5.142369347652853,6.622362443657353,32.8253820340487,0.03262626715220962,0.029098176378221763,0.014101848046650989,0.034455772172784116,0.03090182362177829,0.015898151953349024,1.12,1.12,1.12,1.12
5.1423719602882825,6.622365194346648,32.825386892576546,0.0326265608798289,0.029098212830519388,0.01410181125076157,0.03445547844516483,0.030901787169480666,0.015898188749238443,1.12,1.12,1.12,1.12
5.142374520671517,6.622367890022659,32.82539165393437,0.03262684873365018,0.029098248554483674,0.01410177519083769,0.034455190591343554,0.03090175144551638,0.015898224809162323,1.12,1.12,1.12,1.12
5.142377029847577,6.622370531785629,32.82539632006555,0.03262713083111857,0.029098283564653327,0.014101739852158707,0.03445490849387517,0.030901716435346727,0.015898260147841306,1.12,1.12,1.12,1.12
5.142379488840584,6.622373120713796,32.82540089287458,0.03262740728733221,0.02909831787527728,0.014101705220298771,0.034454632037661526,0.030901682124722774,0.01589829477970124,1.12,1.12,1.12,1.12
5.142381898654179,6.622375657863838,32.8254053742279,0.032627678215087885,0.02909835150032053,0.014101671281120137,0.03445436110990585,0.030901648499679524,0.015898328718879876,1.12,1.12,1.12,1.12
5.142384260271932,6.622378144271297,32.82540976595459,0.032627943724928,0.02909838445346996,0.014101638020768414,0.03445409560006574,0.030901615546530092,0.0158983619792316,1.12,1.12,1.12,1.12
5.142386574657738,6.622380580951006,32.825414069847156,0.03262820392518467,0.029098416748139566,0.014101605425665811,0.03445383539980906,0.030901583251860487,0.0158983945743342,1.12,1.12,1.12,1.12
5.142388842756217,6.622382968897497,32.82541828766226,0.032628458922024595,0.02909844839747594,0.01410157348250611,0.03445358040296914,0.030901551602524113,0.015898426517493902,1.12,1.12,1.12,1.12
5.142391065493101,6.622385309085425,32.825422421121445,0.03262870881949248,0.02909847941436386,0.014101542178249632,0.034453330505501256,0.030901520585636194,0.01589845782175038,1.12,1.12,1.12,1.12
5.142393243775602,6.6223876024699395,32.82542647191178,0.03262895371955277,0.02909850981143111,0.014101511500117223,0.03445308560544097,0.030901490188568942,0.01589848849988279,1.12,1.12,1.12,1.12
5.142395378492792,6.6223898499870915,32.82543044168666,0.032629193722131467,0.029098539601053686,0.014101481435585428,0.03445284560286227,0.030901460398946368,0.015898518564414585,1.12,1.12,1.12,1.12
5.142397470515963,6.6223920525542175,32.82543433206636,0.032629428925157355,0.029098568795361157,0.01410145197238144,0.03445261039983638,0.030901431204638896,0.015898548027618573,1.12,1.12,1.12,1.12
5.14239952069898,6.6223942110703,32.82543814463875,0.03262965942460089,0.02909859740624099,0.014101423098477547,0.03445237990039285,0.030901402593759064,0.015898576901522465,1.12,1.12,1.12,1.12
5.142401529878633,6.6223963264163475,32.82544188096001,0.03262988531451477,0.029098625445343723,0.014101394802087164,0.034452154010478964,0.03090137455465633,0.01589860519791285,1.12,1.12,1.12,1.12
h0,h1,h2,h3,h4,h5,h6,h7,h8
37.328125,22.078125,53.14627517114849,0.03250920547141606,0.028916008390576703,0.014100000000000001,0.03457283385357768,0.03108399160942335,0.01590000000000001
37.333266268721374,22.082080038741754,53.141302363465975,0.03254806184788411,0.029042902283122535,0.014119722906028809,0.03453397747710962,0.03095709771687752,0.015880277093971204
37.33839900184199,22.08602822737987,53.136053927637576,0.032586049047374055,0.02916839764618423,0.014139052531816867,0.03449599027761968,0.030831602353815823,0.015860947468183145
37.34352326668681,22.089969622389702,53.13053375633316,0.03262318369005318,0.029292510140292827,0.014157996717204413,0.034458855634940555,0.030707489859707227,0.0158420032827956
37.34863913042652,22.0939042800544,53.12474567910203,0.03265948208777386,0.02941525524559535,0.014176563145748791,0.034422557237219875,0.030584744754404702,0.01582343685425122
37.35374666006548,22.097832256456947,53.11869346365526,0.03269496024982177,0.029536648263968734,0.014194759347866584,0.03438707907517197,0.03046335173603132,0.01580524065213343
37.358845922432735,22.101753607474592,53.11238081740499,0.032729633888660514,0.0296567043212817,0.014212592703844881,0.03435240543633322,0.03034329567871835,0.01578740729615513
37.363936984170934,22.105668388771583,53.10581138874755,0.032763518425399984,0.029775438369458784,0.01423007044685641,0.03431852089959375,0.03022456163054127,0.015769929553143602
37.36901991172639,22.109576655792754,53.098988768302824,0.03279662899527597,0.02989286518857237,0.014247199665896576,0.03428541032971777,0.030107134811427683,0.015752800334103437
37.37409477133958,22.11347846375745,53.091916490046664,0.032828980452927536,0.030008999388911772,0.0142639873086607,0.0342530588720662,0.02999100061108828,0.015736012691339313
37.379161629036,22.11737386765371,53.0845980314255,0.032860587378025385,0.030123855413036915,0.014280440184363821,0.03422145194696835,0.029876144586963138,0.01571955981563619
37.384220550617485,22.121262922232727,53.07703681598672,0.03289146408014415,0.0302374475378136,0.014296564966503472,0.034190575244849586,0.029762552462186453,0.01570343503349654
37.38927160165376,22.125145682003538,53.06923621528398,0.03292162460381515,0.030349789876439714,0.014312368195571912,0.03416041472117859,0.02965021012356034,0.0156876318044281
37.39431484747449,22.129022201227976,53.061199546359205,0.032951082733482184,0.030460896380473224,0.014327856281726878,0.03413095659151155,0.02953910361952683,0.015672143718273135
37.39935035316151,22.132892533915864,53.05293007450406,0.0329798519983569,0.030570780841868483,0.014343035507337135,0.034102187326636835,0.02942921915813157,0.015656964492662878
37.404378183541446,22.136756733820413,53.04443101444177,0.033007945677042405,0.030679456894788903,0.01435791202951868,0.03407409364795133,0.02932054310521115,0.015642087970481333
37.409398403178734,22.140614854433814,53.035705531304025,0.03303537680220453,0.03078693801314908,0.014372491881826668,0.034046662522789206,0.029213061986850974,0.015627508118173344
37.41441107636904,22.14446694898337,53.02675674158131,0.03306215816548069,0.030893237515741023,0.014386780977622915,0.034019881159513043,0.02910676248425903,0.015613219022377098
37.419416267132775,22.148313070427406,53.0175877140497,0.033088302321544805,0.03099836857862248,0.014400785112945291,0.03399373700344893,0.02900163142137757,0.015599214887054721
37.42441403920869,22.152153271451407,53.00820147067417,0.03311382159295906,0.031102344220467926,0.014414509932604,0.03396821773203468,0.028897655779532128,0.015585490067396013
37.42940445604319,22.155987604460847,52.99860098749427,0.033138728074706914,0.031205177312784493,0.014427961041561965,0.03394331125028682,0.02879482268721556,0.015572038958438048
37.43438758079499,22.15981612158552,52.988789195462864,0.03316303363768813,0.03130688058021691,0.014441143896127565,0.0339190056873056,0.028693119419783142,0.015558856103872448
37.439363476324516,22.163638874672422,52.9787689812899,0.03318674993322357,0.03140746660207705,0.014454063843773401,0.03389528939177017,0.028592533397923003,0.015545936156226611
37.44433220518882,22.16745591528275,52.96854318825766,0.03320988839713723,0.031506947813892794,0.01446672612538423,0.033872150927856504,0.02849305218610726,0.015533273874615783
37.449293829636794,22.17126729468915,52.95811461721662,0.03323246025376131,0.03160533650830166,0.014479135877383295,0.03384957907123243,0.02839466349169839,0.015520864122616718
37.45424841160464,22.17507306387315,52.94748602673602,0.03325447651986718,0.031702644837838245,0.01449129813381475,0.033827562805126554,0.028297355162161808,0.015508701866185262
37.45919601271157,22.17887327352264,52.93666013452127,0.033275948008517575,0.03179888481776805,0.014503217828384304,0.03380609131647616,0.028201115182232006,0.015496782171615708
37.46413669425557,22.182667974029513,52.925639617921185,0.0332968853328523,0.03189406832648117,0.014514899796458341,0.03378515399214144,0.02810593167351888,0.015485100203541671
37.469070517209474,22.186457215487472,52.91442711465307,0.03331729890979834,0.031988207103663124,0.014526348777023829,0.03376474041519539,0.02801179289633693,0.015473651222976184
37.4739975422176,22.190241047690275,52.903025223561414,0.0333371989638,0.03208131276166054,0.014537569414622808,0.03374484036119374,0.027918687238339512,0.015462430585377204
37.47891782959172,22.194019520129395,52.89143650501762,0.03335659553025505,0.032173396775371954,0.014548566261219656,0.033725443794738685,0.0278266032246281,0.015451433738780357
37.483831439308204,22.197792681992645,52.87966348225812,0.0333754984589974,0.032264470489522745,0.014559343778023467,0.03370654086599634,0.027735529510477308,0.015440656221976545
37.488738431004954,22.201560582162585,52.8677086250548,0.03339391741777392,0.032354545121258516,0.014569906336268479,0.033688121907219815,0.027645454878741538,0.015430093663731534
37.49363886397816,22.205323269214787,52.855574401915376,0.03341186189562051,0.032443631761469194,0.014580258219917805,0.03367017742937323,0.02755636823853086,0.015419741780082208
37.49853279717947,22.209080791416383,52.843263226653896,0.03342934120617341,0.032531741394316305,0.014590403629256718,0.03365269811882032,0.02746825860568375,0.015409596370743295
37.503420289212,22.212833196723686,52.83077747837677,0.03344636449094418,0.032618884843068296,0.014600346680785276,0.033635674834049556,0.027381115156931757,0.015399653319214737
37.508301398331156,22.21658053278361,52.8181195018626,0.033462940722440104,0.03270507282454255,0.01461009140889144,0.03361909860255363,0.027294927175457506,0.015389908591108573
37.513176182440915,22.22032284693151,52.80529160815475,0.03347907870730843,0.0327903159339748,0.014619641767491615,0.03360296061768531,0.027209684066025253,0.015380358232508398
37.51804469909183,22.22406018619025,52.79229607513589,0.033494787089400624,0.032874624646607176,0.014629001631647112,0.03358725223559311,0.027125375353392878,0.0153709983683529
37.52290700547903,22.227792597269428,52.779135148090305,0.03351007433990483,0.032958009304199176,0.014638174799075185,0.03357196498508891,0.027041990695800877,0.015361825200924828
37.527763158441765,22.231520126565663,52.76581104028788,0.0335249487987655,0.03304048016522959,0.014647164991556813,0.03355709052622824,0.026959519834770462,0.0153528350084432
37.532613214458785,22.23524282015964,52.75232593348344,0.033539418639411844,0.03312204735485347,0.014655975856930042,0.03354262068558189,0.026877952645146586,0.01534402414306997
37.53745722964834,22.238960723816795,52.73868197842152,0.03355349188417789,0.03320272087824666,0.014664610970057557,0.03352854744081585,0.026797279121753392,0.015335389029942456
37.542295259767414,22.242673882987305,52.72488129539505,0.0335671764195799,0.03328251062865445,0.01467307383290456,0.033514862905413834,0.026717489371345604,0.015326926167095453
37.54712736021003,22.24638234280549,52.71092597475395,0.03358047996095348,0.033361426390103144,0.014681367879732857,0.033501559364040256,0.02663857360989691,0.015318632120267156
37.55195358600629,22.25008614808958,52.69681807739244,0.033593410094379994,0.033439477858775435,0.014689496476207084,0.03348862923061374,0.02656052214122462,0.015310503523792929
37.55677399181901,22.2537853433397,52.68255963525904,0.03360597426477924,0.03351667454967605,0.014697462920886695,0.0334760650602145,0.026483325450324002,0.015302537079113318
37.56158863195043,22.257479972743802,52.668152651815504,0.0336181797802122,0.033593025941455856,0.014705270446583069,0.03346385954478154,0.026406974058544197,0.015294729553416944
37.56639756033394,22.261170080171635,52.65359910253056,0.03363003381319224,0.03366854131733804,0.01471292222166927,0.0334520055118015,0.026331458682662012,0.015287077778330743
37.57120083054155,22.264855709181287,52.6389009352933,0.03364154340332087,0.03374323005984864,0.014720421351365129,0.033440495921672864,0.026256769940151414,0.015279578648634884
37.57599849576561,22.268536903005263,52.62406007096111,0.03365271546052834,0.03381710123601134,0.014727770879031057,0.0334293238644654,0.026182898763988716,0.015272229120968955
37.58079060883675,22.27221370456524,52.60907840370272,0.033663556766642566,0.033890163882676516,0.014734973787383643,0.03341848255835117,0.026109836117323537,0.01526502621261637
37.58557722221726,22.27588615646731,52.59395780146591,0.033674073978006536,0.03396242693404139,0.014742032999621194,0.0334079653469872,0.026037573065958663,0.01525796700037882
37.5903583880009,22.279554301002428,52.578700106398394,0.0336842736277963,0.03403389922373673,0.014748951380672781,0.033397765697197435,0.025966100776263323,0.015251048619327232
37.59513415791281,22.283218180146793,52.56330713534675,0.03369416212828158,0.034104589485887404,0.014755731738359493,0.03338787719671216,0.02589541051411265,0.01524426826164052
37.59990458330946,22.28687783556234,52.54778068006227,0.033703745773045635,0.03417450635629532,0.014762376824532311,0.0333782935519481,0.025825493643704733,0.015237623175467702
37.60466971517873,22.29053330859727,52.53212250776283,0.03371303073918919,0.0342436583735935,0.014768889336186836,0.03336900858580455,0.025756341626406554,0.015231110663813177
37.60942960413999,22.29418464028661,52.5163343614381,0.033722023089426956,0.03431205398035042,0.014775271916556823,0.03336001623556678,0.025687946019649632,0.01522472808344319
37.61418430044442,22.29783187135292,52.50041795987586,0.033730728774186036,0.03437970152417402,0.014781527156184998,0.0333513105508077,0.02562029847582603,0.015218472843815015
37.6189338539752,22.30147504220693,52.484374999214836,0.033739153633677466,0.03444660925882731,0.014787657593973297,0.03334288569131627,0.025553390741172743,0.015212342406026716
37.623678314247975,22.305114192948317,52.4682071521712,0.03374730339991572,0.034512785345310104,0.014793665718213181,0.03333473592507802,0.02548721465468995,0.015206334281786832
37.62841773041125,22.308749363366463,52.45191606874031,0.03375518369870101,0.03457823785874964,0.01479955396759565,0.03332685562629273,0.025421762141250415,0.015200446032404363
37.633152151246364,22.312380592940887,52.43550337661832,0.033762800051301334,0.03464297476625533,0.014805324731998568,0.0333192392736924,0.025357025233744723,0.015194675268001445
37.63788162516978,22.316007920843457,52.41897068150112,0.033770157876914675,0.0347070039689642,0.014810980353740691,0.03331188144807906,0.025292996031035853,0.015189019646259322
37.642606200231405,22.319631385937463,52.40231956743912,0.033777262494132376,0.034770333243889895,0.014816523128676123,0.03330477683086136,0.02522966675611016,0.01518347687132389
37.647325924118725,22.323251026781318,52.38555159715352,0.03378411912298673,0.03483297033266519,0.014821955306937695,0.033297920202007,0.02516702966733486,0.015178044693062318
37.65204084415284,22.32686688162576,52.36866831239122,0.033790732886678554,0.03489492285110679,0.014827279093873741,0.03329130643831518,0.025105077148893262,0.015172720906126272
37.656751007292755,22.330478988417706,52.351671234228355,0.03379710881323339,0.034956198341632994,0.014832496649897886,0.03328493051176035,0.02504380165836706,0.015167503350102127
37.6614564601352,22.33408738480041,52.33456186339232,0.03380325183741151,0.03501680432913806,0.0148376100921747,0.03327878748758223,0.02498319567086199,0.015162389907825313
37.66615724890846,22.337692108109003,52.3173416806109,0.03380916680135376,0.03507674806708638,0.014842621496908917,0.033272872523639974,0.02492325193291367,0.015157378503091096
37.670853419493135,22.34129319538725,52.30001214681004,0.03381485845893856,0.03513603685568245,0.014847532898917576,0.03326718086605518,0.024863963144317602,0.015152467101082437
37.67554501740912,22.344890683377596,52.28257470349006,0.03382033147491914,0.035194677962799736,0.014852346290776045,0.033261707850074596,0.024805322037200317,0.015147653709223968
37.68023208781322,22.34848460851964,52.26503077303705,0.03382559042868255,0.035252678500784396,0.014857063626675882,0.033256448896311186,0.024747321499215658,0.015142936373324131
37.684914675506455,22.352075006956223,52.247381758978655,0.03383063981332679,0.0353100455233909,0.01486168682061842,0.033251399511666946,0.024689954476609155,0.015138313179381593
37.68959282493336,22.355661914533265,52.22962904627615,0.033835484038242936,0.035366785995812555,0.014866217751613064,0.0332465552867508,0.024633214004187498,0.015133782248386948
37.694266580184795,22.359245366802234,52.211774001596076,0.03384012743080228,0.035422906807822285,0.0148706582560474,0.033241911894191456,0.024577093192177768,0.015129341743952612
37.698935984998215,22.362825399020718,52.193817973585595,0.03384457423786302,0.03547841477314301,0.014875010135709202,0.03323746508713071,0.024521585226857046,0.015124989864290811
37.70360108275915,22.366402046153908,52.17576229314076,0.033848828627236316,0.03553331662983994,0.014879275175104525,0.03323321069775742,0.024466683370160114,0.015120724824895487
37.708261916505236,22.369975342877936,52.15760827366417,0.03385289468900188,0.03558761904095015,0.014883455092914624,0.03322914463599186,0.024412380959049906,0.015116544907085389
37.71291852892313,22.373545323577957,52.139357211332886,0.03385677643714241,0.03564132859524971,0.014887551586658526,0.033225262887851326,0.024358671404750343,0.015112448413341487
37.71757096235186,22.377112022351014,52.121010385348264,0.03386047781077978,0.03569445180807057,0.014891566317793564,0.03322156151421396,0.024305548191929482,0.015108433682206449
37.722219258784,22.380675473007205,52.10256905818603,0.03386400267548079,0.03574699512205687,0.014895500917695426,0.03321803664951295,0.024253004877943185,0.015104499082304587
37.72686345986753,22.38423570907146,52.084034475840305,0.03386735482483272,0.03579896490788631,0.014899356982247536,0.03321468450016102,0.024201035092113743,0.015100643017752477
37.73150360690699,22.387792763784734,52.06540786806521,0.033870537981631865,0.03585036746539216,0.014903136084319618,0.03321150134336187,0.02414963253460789,0.015096863915680395
37.73613974086627,22.391346670106422,52.046690448608906,0.033873555799023625,0.03590120902424232,0.014906839749846496,0.03320848352597011,0.024098790975757733,0.015093160250153517
37.74077190236796,22.394897460714176,52.02788341545033,0.0338764118619338,0.03595149574469003,0.014910469479027855,0.03320562746305994,0.02404850425531002,0.015089530520972158
37.74540013169561,22.398445168005967,52.008987951025915,0.03387910968834118,0.03600123371838876,0.014914026747831419,0.033202929636652556,0.023998766281611295,0.015085973252168594
37.750024468796234,22.40198982410221,51.99000522245279,0.03388165273042282,0.03605042896915428,0.014917513002654245,0.03320038659457092,0.023949571030845773,0.015082486997345768
37.754644953281904,22.405531460847325,51.970936381750064,0.0338840443759264,0.036099087453553,0.014920929695151575,0.03319799494906733,0.02390091254644705,0.015079070304848438
37.759261624436164,22.409070109814817,51.95178256604485,0.03388628794866372,0.036147215061971105,0.014924278183068768,0.03319575137633002,0.023852784938028948,0.015075721816931245
37.763874521206624,22.412605802302025,51.932544897804114,0.03388838671044386,0.036194817619256914,0.014927559826491937,0.03319365261454987,0.02380518238074314,0.015072440173508075
37.76848368221079,22.41613856933484,51.91322448503631,0.033890343862128136,0.036241900885460476,0.014930775956516346,0.0331916954628656,0.023758099114539577,0.015069224043483667
37.77308914573761,22.41966844166911,51.893822421526906,0.03389216254427202,0.0362884705565763,0.014933927878130387,0.03318987678072172,0.02371152944342375,0.015066072121869625
37.77769094974924,22.423195449792278,51.87433978702266,0.0338938458385028,0.03633453226527439,0.01493701687231784,0.033188193486490936,0.023665467734725665,0.015062983127682172
37.7822891318832,22.42671962392525,51.85477764738719,0.0338953967685694,0.03638009158162231,0.014940044194489646,0.03318664255642434,0.023619908418377744,0.015059955805510367
37.78688372945407,22.430240994024,51.835137054825104,0.033896818301399845,0.03642515401379931,0.014943011075198645,0.03318522102359389,0.023574845986200743,0.015056988924801368
37.79147477945538,22.433759589781232,51.81541904807298,0.033898113348129755,0.036469725008800524,0.014945918720310883,0.03318392597686398,0.02353027499119953,0.01505408127968913
37.7960623185614,22.437275440627985,51.79562465259084,0.03389928476511467,0.03651380995313386,0.014948768311559349,0.03318275455987907,0.023486190046866195,0.015051231688440664
37.800646383128964,22.440788575735308,51.77575488074915,0.03390033535492387,0.036557414173505665,0.014951561007060576,0.033181703970069865,0.02344258582649439,0.015048438992939436
37.805227009199335,22.444299024015887,51.75581073201205,0.03390126786731512,0.036600542937504255,0.01495429794180593,0.033180771457678615,0.0233994570624958,0.015045702058194083
37.80980423250004,22.447806814125702,51.73579319311801,0.03390208500019293,0.03664320145427402,0.01495698022813452,0.03317995432480081,0.023356798545726032,0.015043019771865493
37.81437808844672,22.451311974465703,51.715703238257106,0.03390278940054808,0.0366853948751763,0.01495960895618978,0.03317924992444565,0.02331460512482375,0.015040391043810233
37.81894861214508,22.45481453318346,51.69554182924582,0.03390338366538054,0.03672712829444591,0.01496218519435584,0.0331786556596132,0.023272871705554143,0.015037814805644173
37.82351583839274,22.458314518174852,51.67530991569808,0.0339038703426045,0.036768406749839555,0.014964709989564742,0.03317816898238923,0.023231593250160498,0.01503529001043527
37.82807980168109,22.46181195708575,51.65500843519476,0.03390425193193786,0.03680923522327656,0.014967184367840253,0.03317778739305588,0.023190764776723494,0.01503281563215976
37.8326405361973,22.465306877313637,51.63463831344936,0.03390453088577755,0.036849618641472126,0.014969609334754108,0.033177508439216186,0.023150381358527927,0.015030390665245905
37.83719807582614,22.468799306009345,51.614200464471594,0.03390470961005526,0.03688956187656334,0.014971985875833219,0.033177329714938475,0.023110438123436716,0.015028014124166794
37.84175245415194,22.472289270078726,51.59369579072806,0.033904790465080215,0.03692906974672738,0.014974314956959278,0.03317724885991352,0.02307093025327267,0.015025685043040735
37.84630370446056,22.475776796184334,51.573125183300654,0.03390477576636547,0.03696814701679324,0.01497659752476023,0.03317726355862827,0.023031852983206813,0.015023402475239783
37.850851859741326,22.47926191074713,51.55248952204215,0.03390466778544343,0.037006798398844576,0.01497883450699422,0.033177371539550304,0.022993201601155477,0.015021165493005792
37.855396952688906,22.482744639948155,51.53178967572935,0.03390446875065506,0.037045028552818104,0.014981026812925041,0.03317757057433868,0.02295497144718195,0.015018973187074972
37.8599390157054,22.486225009730234,51.51102650221394,0.03390418084793401,0.03708284208709223,0.01498317533369127,0.03317785847705973,0.022917157912907826,0.015016824666308742
37.86447808090214,22.489703045799665,51.490200848571156,0.033903806221576405,0.03712024355907095,0.014985280942667378,0.03317823310341733,0.0228797564409291,0.015014719057332634
37.86901418010177,22.493178773627903,51.46931355124554,0.03390334697499492,0.037157237475756666,0.0149873444958174,0.03317869234999882,0.022842762524243387,0.015012655504182612
37.873547344840134,22.496652218453264,51.44836543619514,0.033902805171458605,0.03719382829432388,0.0149893668320423,0.03317923415353513,0.02280617170567617,0.015010633167957713
37.8780776063683,22.500123405282586,51.427357319045896,0.03390218283482077,0.03723002042268214,0.014991348773519972,0.033179856490172965,0.02276997957731791,0.015008651226480041
37.88260499565446,22.50359235889296,51.406290005688504,0.033901481950231294,0.037265818220030666,0.014993291126038172,0.03318055737476244,0.022734181779969387,0.015006708873961841
37.88712954338597,22.50705910383337,51.38516429098558,0.03390070446483889,0.037301225997408316,0.014995194679321602,0.03318133486015484,0.022698774002591737,0.01500480532067841
37.89165127997125,22.510523664426387,51.36398096034307,0.033899852288489074,0.03733624801823704,0.014997060207370044,0.03318218703650466,0.022663751981763014,0.015002939792629968
37.896170235541796,22.513986064769888,51.342740789366296,0.03389892729438693,0.03737088849885911,0.014998888468925067,0.03318311203060681,0.02262911150114094,0.015001111531074945
37.90068643995416,22.517446328738707,51.32144454399163,0.03389793131975383,0.03740515160906699,0.015000680207636827,0.03318410800523991,0.022594848390933064,0.014999319792363186
37.90519992279194,22.52090447998632,51.300092980654334,0.03389686616648874,0.03743904147262822,0.015002436152353318,0.033185173158505,0.022560958527371833,0.014997563847646694
37.90971071336771,22.52436054194655,51.27868684638747,0.03389573360180703,0.037472562167803425,0.015004157017416059,0.033186305723186704,0.02252743783219663,0.014995842982583954
37.91421884072501,22.52781453783519,51.257226878889554,0.03389453535886816,0.03750571772785971,0.01500584350295349,0.033187503966125576,0.022494282272140342,0.014994156497046524
37.91872433364035,22.531266490651713,51.23571380669454,0.03389327313739149,0.037538512141576386,0.015007496295172146,0.03318876618760225,0.022461487858423668,0.014992503704827867
37.92322722062511,22.534716423180903,51.21414834929353,0.0338919486042632,0.037570949353745275,0.015009116066648148,0.033190090720730536,0.022429050646254778,0.014990883933351865
37.92772752992751,22.538164357994532,51.19253121725407,0.0338905633941301,0.03760303326566511,0.015010703476618106,0.033191475930863634,0.022396966734334944,0.014989296523381906
37.93222528953464,22.541610317453014,51.17086311233798,0.03388911910997844,0.037634767735630015,0.015012259170743919,0.0331929202150153,0.02236523226437004,0.014987740829256094
37.93672052717428,22.545054323706992,51.14914472761756,0.03388761732371531,0.03766615657941935,0.015013783782233683,0.03319442200127842,0.0223338434205807,0.01498621621776633
37.941213270316965,22.548496398699044,51.127376747589736,0.03388605957672752,0.03769720357077788,0.01501527793171438,0.03319597974826621,0.02230279642922217,0.014984722068285633
37.945703546177846,22.55193656416531,51.10555984828865,0.03388444738040908,0.03772791244186069,0.01501674222513083,0.03319759194458466,0.022272087558139364,0.014983257774869183
37.95019138171842,22.555374841636862,51.083694697397355,0.0338827822167313,0.037758286883707914,0.015018177256935591,0.03319925710826244,0.02224171311629214,0.014981822743064421
37.954676803648454,22.55881125244143,51.06178195435446,0.033881065538787836,0.037788330546629334,0.01501958361091027,0.0332009737862059,0.02221166945337072,0.014980416389089743
37.95915983842812,22.56224581770512,51.03982227045989,0.03387929877129964,0.03781804704081909,0.015020961859318963,0.0332027405536941,0.02218195295918096,0.01497903814068105
37.96364051227002,22.565678558354065,51.017816288989735,0.03387748331091567,0.03784743993684553,0.01502231252984082,0.03320455601407807,0.022152560063154525,0.014977687470159193
37.968118851136275,22.56910949511252,50.99576464530409,0.033875620527453576,0.03787651276582049,0.015023636209053837,0.03320641879754016,0.022123487234179562,0.014976363790946176
37.97259488075044,22.572538648511838,50.97366796693278,0.03387371176354531,0.03790526901998281,0.015024933436471877,0.033208327561448425,0.02209473098001724,0.014975066563528136
37.97706862659425,22.57596603888825,50.95152687368579,0.03387175833546191,0.037933712153135735,0.015026204741411475,0.033210280989531826,0.02206628784686432,0.014973795258588538
37.98154011390965,22.579391686384543,50.92934197775313,0.03386976153359644,0.03796184558107718,0.015027450642641452,0.03321227779139729,0.022038154418922873,0.014972549357358561
37.98600936770072,22.58281561095165,50.90711388380328,0.03386772262293136,0.03798967268201431,0.015028671648191771,0.033214316702062374,0.022010327317985745,0.014971328351808241
37.99047641273543,22.586237832350143,50.88484318908073,0.03386564284342891,0.03801719679693949,0.015029868250535927,0.033216396481564825,0.021982803203060564,0.014970131749464086
37.99494127354685,22.58965837015127,50.862530483180606,0.033863523410543106,0.038044421230026604,0.015031040931625841,0.03321851591445063,0.02195557876997345,0.014968959068374171
37.99940397443484,22.593077243738428,50.840176348883276,0.03386136551576113,0.038071349248996356,0.015032190172046836,0.033220673809232604,0.021928650751003698,0.014967809827953177
38.003864539469234,22.596494472309615,50.81778136170911,0.0338591703268033,0.03809798408541576,0.015033316429156562,0.033222868998190436,0.021902015914584294,0.01496668357084345
38.00832299248967,22.599910074877545,50.79534609014806,0.033856938988338026,0.038124328934959206,0.015034420165465745,0.03322510033665571,0.021875671065040847,0.014965579834534268
38.01277935710962,22.603324070272755,50.77287109573342,0.033854672622374904,0.03815038695712142,0.01503550184854388,0.03322736670261883,0.021849613042878635,0.014964498151456132
38.01723365672028,22.606736477146693,50.750356933122646,0.03385237232828908,0.03817616128103357,0.015036561905104176,0.033229666996704654,0.021823838718966482,0.014963438094895837
38.02168591448753,22.61014731396953,50.72780415019514,0.03385003918358592,0.0382016550013784,0.01503760076678562,0.033232000141407814,0.021798344998621655,0.014962399233214393
38.02613615335561,22.613556599033117,50.70521328813553,0.03384767424395391,0.03822687116283574,0.015038618837533088,0.03323436508103983,0.021773128837164313,0.014961381162466925
38.03058439604757,22.616964350451518,50.68258488151616,0.033845278544145596,0.03825181281474005,0.015039616556713098,0.03323676078084814,0.021748187185260004,0.014960383443286915
38.03503066507044,22.620370586164817,50.65991945838595,0.03384285309830709,0.03827648296821945,0.015040594328745369,0.033239186226686646,0.021723517031780604,0.014959405671254644
38.0394749827129,22.623775323937572,50.63721755405392,0.03384039889971585,0.038300884542946556,0.015041552550539128,0.033241640425277885,0.021699115457053497,0.014958447449460885
38.04391737105327,22.627178581365172,50.614479670897495,0.03383791692200422,0.03832502047391534,0.01504249161152954,0.03324412240298952,0.021674979526084714,0.014957508388470472
38.048357851956524,22.630580375871524,50.59170631794517,0.0338354081190122,0.03834889364791899,0.015043411893986142,0.033246631205981536,0.021651106352081062,0.014956588106013871
38.05279644707789,22.63398072471196,50.56889799802469,0.03383287342538327,0.03837250693911043,0.015044313771524764,0.03324916589961047,0.021627493060889624,0.014955686228475248
38.05723317786245,22.637379644972995,50.546055207852326,0.0338303137567037,0.03839586316610216,0.015045197612934824,0.033251725568290036,0.02160413683389789,0.014954802387065189
38.06166806554954,22.640777153575815,50.5231784380981,0.03382773000979561,0.0384189651487028,0.015046063777133065,0.03325430931519813,0.021581034851297254,0.014953936222866948
38.06610113117138,22.644173267275313,50.50026817347695,0.03382512306334823,0.038441815662755396,0.01504691261668914,0.03325691626164551,0.021558184337244657,0.014953087383310873
38.07053239555591,22.647568002662346,50.47732489281933,0.033822493777964424,0.03846441745939827,0.015047744477385244,0.03325954554702931,0.021535582540601783,0.014952255522614769
38.074961879327965,22.6509613761647,50.454349069148634,0.033819842996384464,0.03848677318873478,0.015048559697971683,0.03326219632860927,0.021513226811265274,0.01495144030202833
38.07938960291831,22.654353404054334,50.431341169715324,0.03381717154474967,0.03850888556825355,0.015049358610713895,0.03326486778024407,0.021491114431746505,0.014950641389286118
38.0838155865555,22.65774410244095,50.40830165612208,0.033814480231775745,0.03853075725349375,0.015050141541161868,0.03326755909321799,0.0214692427465063,0.014949858458838144
38.08823985027085,22.661133487275997,50.38523098437743,0.03381176984942286,0.038552390842480855,0.015050908808365598,0.03327026947557088,0.0214476091575192,0.014949091191634414
38.092662413903064,22.664521574356357,50.362129604950965,0.03380904117353428,0.038573788941749065,0.01505166072501786,0.033272998151459454,0.021426211058250988,0.014948339274982153
38.0970832970961,22.667908379322746,50.33899796286258,0.0338062949637139,0.03859495411538211,0.015052397597578163,0.033275744361279835,0.021405045884617946,0.01494760240242185
38.10150251930233,22.67129391766221,50.31583649774358,0.03380353196377711,0.03861588889941764,0.0150531197264,0.033278507361216625,0.021384111100582415,0.014946880273600013
38.10592009978415,22.67467820470948,50.292645643904116,0.03380075290203538,0.038636595802119755,0.015053827405852552,0.033281286422958356,0.021363404197880298,0.014946172594147461
38.11033605761566,22.678061255648302,50.26942583040001,0.033797958491586566,0.03865707730430401,0.015054520924426787,0.03328408083340717,0.021342922695696043,0.014945479075573226
38.11475041168431,22.68144308551284,50.24617748109829,0.03379514943059292,0.03867733585964661,0.015055200564860843,0.03328688989440082,0.021322664140353442,0.01494479943513917
38.11916318069253,22.684823709188958,50.222901014742085,0.03379232640255253,0.03869737389498562,0.015055866604253343,0.033289712922441206,0.021302626105014433,0.01494413339574667
38.12357438315935,22.688203141415563,50.19959684501782,0.033789490076567785,0.03871719381061761,0.01505651931417773,0.03329254924842595,0.02128280618938244,0.014943480685822283
38.127984037422,22.691581396785928,50.1762653806133,0.03378664110760771,0.038736797980590265,0.015057158960794778,0.03329539821738603,0.021263202019409788,0.014942841039205235
38.13239216163757,22.694958489749,50.15290702528029,0.03378378013676625,0.038756188752991305,0.015057785804957147,0.033298259188227486,0.021243811247008748,0.014942214195042866
38.13679877378453,22.698334434610665,50.129522177897464,0.033780907791516324,0.03877536845023294,0.015058400102315267,0.03330113153347741,0.021224631549767115,0.014941599897684746
38.14120389166436,22.701709245535106,50.10611123253131,0.033778024685957975,0.038794339369333464,0.01505900210342112,0.03330401463903576,0.02120566063066659,0.014940997896578892
38.1456075329031,22.705082936546013,50.082674578496,0.033775131421063975,0.03881310378219205,0.015059592053829965,0.03330690790392976,0.021186896217808004,0.014940407946170048
38.15000971495293,22.70845552152789,50.0592126004121,0.03377222858492074,0.038831663935892824,0.015060170194199737,0.033309810740073,0.02116833606410723,0.014939829805800275
38.15441045509307,22.711827014226827,50.0357256782676,0.03376931675294376,0.03885002205274862,0.01506073676040684,0.03331272257204998,0.02114997794725143,0.014939263239593173
38.1588097704321,22.71519742825233,50.01221418747209,0.033766396488135786,0.03886818033364353,0.015061291983620897,0.03331564283685795,0.02113181966635652,0.014938708016379115
38.16320767790958,22.718566777078678,49.98867849891374,0.03376346834128818,0.03888614094863346,0.015061836090385305,0.03331857098370555,0.02111385905136659,0.014938163909614707
38.16760419429783,22.721935074046286,49.96511897901329,0.03376053285128683,0.038903906039071345,0.015062369302724934,0.03332150647370691,0.021096093960928708,0.014937630697275078
38.17199933620364,22.72530233236318,49.94153598977814,0.03375759054512739,0.03892147772979049,0.015062891838236142,0.033324448779866345,0.021078522270209565,0.01493710816176387
38.176393120069434,22.728668565105913,49.9179298888588,0.033754641938435526,0.038938858158459544,0.015063403910175216,0.03332739738655821,0.02106114184154051,0.014936596089824797
38.18078556217138,22.732033785218068,49.89430102962032,0.033751687535559516,0.03895604938323444,0.015063905727544472,0.03333035178943422,0.021043950616765617,0.014936094272455541
38.18517667862585,22.73539800551547,49.870649761168885,0.03374872782962701,0.03897305340612328,0.015064397495177434,0.033333311495366724,0.021026946593876772,0.014935602504822579
38.18956648539388,22.738761238689683,49.84697642838894,0.033745763302677534,0.03898987238239715,0.015064879413821966,0.0333362760223162,0.021010127617602903,0.014935120586178047
38.19395499826718,22.742123497296994,49.82328137207602,0.033742794426456,0.03900650827581037,0.01506535168022112,0.033339244898537734,0.020993491724189683,0.014934648319778893
38.19834223288399,22.745484793770995,49.79956492891479,0.03373982166154893,0.03902296306536207,0.015065814487193269,0.033342217663444806,0.020977036934637983,0.014934185512806744
38.20272820472832,22.74884514042199,49.77582743153999,0.03373684545881561,0.039039238715905866,0.015066268023710694,0.033345193866178124,0.020960761284094187,0.014933731976289319
38.2071129291301,22.752204549437167,49.75206920859785,0.03373386625899322,0.03905533717306803,0.01506671247497618,0.03334817306600052,0.020944662826932026,0.014933287525023833
38.211496421266425,22.755563032881557,49.728290584781234,0.03373088449287809,0.03907126037014336,0.015067148022497867,0.03335115483211565,0.020928739629856696,0.014932851977502146
38.21587869616203,22.758920602698485,49.704491880892185,0.03372790058138936,0.039087010141419964,0.015067574844162782,0.03335413874360438,0.02091298985858009,0.014932425155837231
38.22025976869763,22.762277270716197,49.68067341385261,0.033724914935654327,0.039102588519989157,0.015067993114309647,0.03335712438933941,0.020897411480010897,0.014932006885690366
38.22463965359199,22.76563304863366,49.65683549685358,0.033721927957808207,0.039117997295086304,0.015068403003798636,0.03336011136718553,0.02088200270491375,0.014931596996201377
38.229018365423,22.768987948037296,49.6329784392984,0.03371894004055448,0.03913323830794474,0.015068804680081357,0.03336309928443926,0.020866761692055313,0.014931195319918655
38.23339591862265,22.772341980397016,49.60910254688187,0.03371595156754065,0.039148313380865496,0.015069198307268938,0.03336608775745309,0.020851686619134557,0.014930801692731074
38.237772327478325,22.77569515706724,49.585208121636676,0.03371296291352993,0.03916322431856745,0.01506958404619825,0.033369076411463805,0.020836775681432607,0.014930415953801762
38.24214760613386,22.779047489287827,49.56129546197907,0.03370997444456936,0.03917797290622188,0.015069962054497482,0.03337206488042438,0.020822027093778173,0.01493003794550253
38.246521768590966,22.78239898818513,49.537364862753556,0.033706986518149074,0.039192560909886154,0.015070332486649754,0.03337505280684466,0.0208074390901139,0.014929667513350259
38.2508948287104,22.785749664773046,49.51341661527651,0.03370399948336772,0.039206990097113315,0.015070695494056083,0.03337803984162602,0.02079300990288674,0.01492930450594393
38.25526680021155,22.789099529952615,49.48945100738901,0.03370101368116418,0.039221262175528016,0.015071051225096596,0.033381025643829554,0.020778737824472038,0.014928948774903417
38.25963769667734,22.79244859451597,49.46546832348052,0.03369802944432304,0.03923537885311229,0.01507139982519104,0.033384009880670695,0.020764621146887763,0.014928600174808973
38.26400753155375,22.795796869146002,49.4414688445398,0.033695047097694,0.03924934181923423,0.015071741436857744,0.03338699222729974,0.020750658180765824,0.014928258563142269
38.26837631815124,22.79914436441742,49.417452848196305,0.033692066958340594,0.03926315274485215,0.015072076199771064,0.03338997236665314,0.020736847255147905,0.014927923800228948
38.27274406964588,22.802491090797773,49.39342060876182,0.03368908933568587,0.03927681328271704,0.015072404250818766,0.03339294998930786,0.020723186717283015,0.014927595749181247
38.2771107990807,22.80583705864845,49.36937239727245,0.03368611453165504,0.03929032506757302,0.015072725724156952,0.033395924793338694,0.020709674932427036,0.014927274275843061
38.28147651936692,22.809182278225727,49.34530848152361,0.0336831428407971,0.03930368971635506,0.015073040751264907,0.03339889648419664,0.020696310283644992,0.014926959248735105
38.28584124328519,22.812526759681724,49.32122912611221,0.033680174550419495,0.03931690882838218,0.015073349460998225,0.03340186477457424,0.020683091171617873,0.014926650539001787
38.29020498348683,22.815870513065438,49.297134592475444,0.0336772099407846,0.039329983963441284,0.01507365197964837,0.033404829384209134,0.02067001603655877,0.014926348020351643
38.29456775249693,22.81921354832519,49.27302513891962,0.03367424928506485,0.03934291670852541,0.01507394843098775,0.033407790039928886,0.020657083291474643,0.014926051569012264
38.2989295627118,22.82255587530664,49.24890102067751,0.03367129284976483,0.039355708633805664,0.015074238936310574,0.0334107464752289,0.02064429136619439,0.014925761063689438
38.30329042640011,22.825897503753716,49.224762489946016,0.03366834089482462,0.03936836124731291,0.01507452361449016,0.033413698430169114,0.020631638752687143,0.014925476385509853
38.307650355708006,22.82923844331263,49.20060979662502,0.03366539367348581,0.03938087606316332,0.015074802582027716,0.033416645651507926,0.020619123936836736,0.014925197417972297
38.312009362658294,22.83257870353131,49.17644318616474,0.03366245143254748,0.03939325457899101,0.015075075953099426,0.033419587892446256,0.020606745421009043,0.014924924046900587
38.316367459151664,22.83591829386033,49.15226290116452,0.03365951441248882,0.039405498276127326,0.01507534383960292,0.033422524912504914,0.020594501723872727,0.014924656160397093
38.32072465696782,22.83925722365386,49.1280691826959,0.03365658284759038,0.039417608597631215,0.015075606351202406,0.03342545647740336,0.020582391402368838,0.014924393648797607
38.32508096776863,22.842595502172156,49.10386226825012,0.03365365696601197,0.039429587016190315,0.015075863595373759,0.03342838235898177,0.020570412983809738,0.014924136404626254
38.32943640309523,22.84593313857927,49.079642392498286,0.03365073698999771,0.03944143496549146,0.015076115677447224,0.03343130233499603,0.02055856503450859,0.014923884322552788
38.33379097437116,22.849270141945574,49.05540978731429,0.033647823135936894,0.03945315386350157,0.015076362700650436,0.03343421618905684,0.020546846136498487,0.014923637299349576
38.338144692903576,22.852606521248717,49.03116468180872,0.033644915614473914,0.03946474511284348,0.015076604766151053,0.03343712371051982,0.020535254887156573,0.01492339523384896
38.342497569884316,22.855942285374482,49.00690730236219,0.03364201463062061,0.039476210100769904,0.015076841973097388,0.03344002469437313,0.02052378989923015,0.014923158026902625
38.34684961639103,22.859277443117705,48.98263787265823,0.03363912038386302,0.03948755019934219,0.015077074418658881,0.03344291894113072,0.02051244980065786,0.014922925581341132
38.35120084338832,22.86261200318315,48.95835661370197,0.03363623306826824,0.03949876676561065,0.015077302198065273,0.0334458062567255,0.020501233234389404,0.01492269780193474
38.35555126172875,22.865945974186392,48.93406374384959,0.03363335287258851,0.0395098611417915,0.015077525404645617,0.03344868645240523,0.02049013885820855,0.014922474595354396
38.35990088215405,22.86927936465471,48.90975947888522,0.03363047998036228,0.03952083465543871,0.015077744129866344,0.033451559344631454,0.020479165344561345,0.014922255870133669
38.36424971529611,22.87261218302794,48.885444032023315,0.03362761457001556,0.039531688619611316,0.015077958463367916,0.033454424754978174,0.020468311380388737,0.014922041536632097
38.36859777167807,22.875944437659307,48.861117613939875,0.03362475681495908,0.039542424333043225,0.015078168493001073,0.03345728251003466,0.02045757566695683,0.01492183150699894
38.372945061715384,22.879276136816312,48.83678043280265,0.03362190688368555,0.03955304308031943,0.01507837430486289,0.03346013244130819,0.020446956919680626,0.014921625695137122
38.37729159571687,22.882607288681555,48.8124326943015,0.033619064939863386,0.03956354613207985,0.015078575983331552,0.03346297438513035,0.0204364538679202,0.01492142401666846
38.3816373838857,22.885937901353547,48.788074601678204,0.03361623114243112,0.03957393474558174,0.015078773611100854,0.03346580818256262,0.020426065254418313,0.014921226388899159
38.38598243632049,22.889267982847535,48.7637063660723,0.03361340564569115,0.039584210164444245,0.015078967269213692,0.033468633679302584,0.02041578983555581,0.014921032730786321
38.39032676301615,22.892597541096283,48.73932817553859,0.033610588599398195,0.03959437361855794,0.015079157037094837,0.03347145072559554,0.02040562638144211,0.014920842962905176
38.394670373865104,22.895926583950924,48.71494022613905,0.033607780148846356,0.03960442632440497,0.01507934299258365,0.03347425917614738,0.02039557367559508,0.014920657007416363
38.399013278658146,22.89925511918174,48.690542711603904,0.03360498043495619,0.03961436948524233,0.01507952521196508,0.03347705889003755,0.020385630514757724,0.014920474788034932
38.40335548708547,22.90258315447897,48.666135823391215,0.03360218959436018,0.03962420429125613,0.01507970377000234,0.03347984973063356,0.020375795708743927,0.014920296229997673
38.4076970087377,22.905910697453606,48.64171975075659,0.033599407759486055,0.03963393191970904,0.015079878739964553,0.03348263156550768,0.02036606808029101,0.01492012126003546
38.412037853106824,22.909237755638138,48.617294680606456,0.0335966350586393,0.039643553535084974,0.015080050193658101,0.033485404266354435,0.02035644646491508,0.014919949806341912
38.416378029587115,22.91256433648735,48.59286079760372,0.03359387161608407,0.03965307028922743,0.01508021820145547,0.033488167708909666,0.02034692971077262,0.014919781798544543
38.42071754747619,22.91589044737911,48.56841828419075,0.03359111755212224,0.03966248332147787,0.015080382832324032,0.033490921772871496,0.020337516678522183,0.01491961716767598
38.42505641597586,22.919216095615063,48.54396732059479,0.033588372983171244,0.03967179375881191,0.01508054415385382,0.03349366634182249,0.02032820624118814,0.014919455846146193
38.42939464419308,22.922541288421428,48.5195080849649,0.03358563802183745,0.03968100271599134,0.01508070223228529,0.03349640130315629,0.02031899728400871,0.014919297767714723
38.43373224114096,22.925866032949735,48.49504075335525,0.033582912776997265,0.03969011129567945,0.015080857132535985,0.03349912654799647,0.0203098887043206,0.014919142867464028
38.4380692157396,22.929190336277575,48.47056549972885,0.03358019735386919,0.03969912058857217,0.015081008918227112,0.033501841971124546,0.020300879411427886,0.0149189910817729
38.442405576817066,22.932514205409312,48.44608249598392,0.03357749185408537,0.039708031673529265,0.015081157651708157,0.033504547470908363,0.02029196832647079,0.014918842348291855
38.44674133311025,22.935837647276834,48.421591911970246,0.03357479637576288,0.03971684561770228,0.015081303394084367,0.03350724294923085,0.020283154382297774,0.014918696605915646
38.4510764932658,22.93916066874023,48.39709391552267,0.0335721110135736,0.03972556347665984,0.0150814462052411,0.033509928311420134,0.02027443652334021,0.014918553794758913
38.45541106584099,22.94248327658854,48.37258867248316,0.03356943585881328,0.039734186294511864,0.015081586143867273,0.03351260346618046,0.02026581370548819,0.01491841385613274
38.459745059304595,22.945805477540432,48.348076346724696,0.03356677099946859,0.03974271510403188,0.015081723267479918,0.03351526832552515,0.020257284895968175,0.014918276732520094
38.46407848203779,22.949127278244937,48.32355710017474,0.03356411652028435,0.039751150926779555,0.015081857632447168,0.03351792280470939,0.0202488490732205,0.014918142367552845
38.468411342335,22.952448685282093,48.299031092838575,0.03356147250282754,0.039759494773218995,0.015081989294011194,0.0335205668221662,0.020240505226781058,0.014918010705988818
38.47274364840478,22.95576970516367,48.2744984828219,0.03355883902555262,0.03976774764283941,0.015082118306310802,0.033523200299441114,0.02023225235716064,0.014917881693689211
38.47707540837064,22.95909034433386,48.249959426354,0.033556216163863506,0.03977591052427204,0.015082244722403382,0.03352582316113023,0.020224089475728013,0.014917755277596631
38.481406630271884,22.962410609169893,48.225414077810306,0.03355360399017543,0.03978398439540831,0.015082368594286397,0.03352843533481831,0.02021601560459174,0.014917631405713616
38.485737322064494,22.96573050598278,48.20086258973412,0.03355100257397664,0.03979197022351594,0.015082489972917765,0.033531036751017096,0.020208029776484115,0.014917510027082248
38.49006749162191,22.969050041017915,48.176305112858806,0.033548411981886905,0.03979986896535398,0.015082608908229517,0.03353362734310683,0.020200131034646074,0.014917391091770496
38.494397146735885,22.972369220455775,48.15174179612928,0.0335458322777164,0.039807681567288755,0.015082725449165169,0.03353620704727733,0.020192318432711298,0.014917274550834844
38.498726295117265,22.975688050412543,48.12717278672339,0.033543263522524125,0.03981540896540736,0.015082839643690518,0.03353877580246961,0.02018459103459269,0.014917160356309495
38.50305494439683,22.97900653694075,48.10259823007306,0.03354070577467311,0.039823052085630806,0.01508295153881302,0.03354133355032063,0.020176947914369248,0.014917048461186994
38.50738310212607,22.982324686029948,48.07801826988525,0.03353815908988683,0.039830611843827135,0.015083061180600904,0.033543880235106904,0.020169388156172918,0.014916938819399109
38.511710775777985,22.985642503607306,48.05343304816236,0.03353562352130318,0.03983808914592357,0.0150831686142021,0.033546415803690555,0.02016191085407648,0.014916831385797913
38.51603797274788,22.988959995538234,48.02884270522284,0.03353309911952812,0.03984548488801576,0.015083273883862297,0.033548940205465616,0.020154515111984295,0.014916726116137716
38.52036470035412,22.992277167627048,48.004247379721015,0.033530585932686374,0.039852799956479446,0.015083377032918385,0.03355145339230736,0.020147200043520608,0.014916622967081627
38.5246909658389,22.99559402561752,47.97964720866733,0.03352808400647628,0.03986003523097087,0.01508347810376906,0.03355395531851746,0.020139964769029184,0.014916521896230953
38.52901677636858,22.998910575193186,47.955042327446044,0.0335255933840361,0.039867191586172857,0.015083577138061216,0.033556445940957635,0.020132808413827197,0.014916422861938797
38.533342139034104,23.002226821977658,47.93043286982733,0.033523114106111196,0.03987426986849307,0.015083674176609801,0.03355892521888254,0.02012573013150698,0.014916325823390211
38.5376670608544,23.005542771537353,47.905818968001995,0.03352064621201423,0.03988127092609356,0.015083769259368093,0.03356139311297951,0.020118729073906494,0.01491623074063192
38.54199154877469,23.008858429380133,47.8812007525966,0.03351818973822568,0.03988819559817536,0.015083862425530684,0.03356384958676806,0.020111804401824696,0.01491613757446933
38.5463156096678,23.012173800956326,47.85657835268958,0.033515744719124,0.039895044714861716,0.01508395371351312,0.03356629460586974,0.020104955285138337,0.014916046286486892
38.55063925033485,23.015488891659345,47.83195189582987,0.03351331118729273,0.03990181909724139,0.015084043160963206,0.03356872813770101,0.020098180902758667,0.014915956839036806
38.554962477505995,23.01880370682622,47.807321508054756,0.03351088917281475,0.03990851955749469,0.01508413080477633,0.033571150152178986,0.02009148044250536,0.014915869195223683
38.559285297841164,23.0221182517382,47.78268731390832,0.033508478703719924,0.039915146898991005,0.015084216681110332,0.03357356062127381,0.020084853101009048,0.01491578331888968
38.56360771793075,23.0254325316213,47.75804943645913,0.033506079806144284,0.039921701916383556,0.015084300825400382,0.03357595951884945,0.020078298083616497,0.014915699174599631
38.56792974429626,23.02874655164686,47.73340799731812,0.03350369250421048,0.03992818539570381,0.015084383272373256,0.033578346820783256,0.020071814604296245,0.014915616727626757
38.572251383391105,23.032060316932117,47.70876311665579,0.033501316809581294,0.03993459811447281,0.015084464056061717,0.03358072251541244,0.020065401885527245,0.014915535943938296
38.57657264160122,23.03537383254073,47.68411491321961,0.03349895275221443,0.03994094084175975,0.015084543209817905,0.03358308657277931,0.0200590591582403,0.014915456790182108
38.58089352524574,23.038687103483326,47.65946350435108,0.0334966003505302,0.03994721433828935,0.01508462076632737,0.03358543897446353,0.020052785661710704,0.014915379233672643
38.58521404057774,23.042000134718045,47.63480900600249,0.03349425962115221,0.039953419356532405,0.015084696757622154,0.033587779703841525,0.02004658064346765,0.014915303242377859
38.58953419378482,23.04531293115108,47.61015153275377,0.033491930578946894,0.03995955664079581,0.015084771215093842,0.03359010874604684,0.02004044335920424,0.01491522878490617
38.59385399098983,23.048625497637197,47.58549119782853,0.033489613237061844,0.03996562692730998,0.015084844169506492,0.03359242608793189,0.02003437307269007,0.01491515583049352
38.598173438251486,23.051937838980237,47.56082811311075,0.03348730760696422,0.03997163094431777,0.015084915651008779,0.033594731718029514,0.020028369055682282,0.014915084348991234
38.602492541565056,23.055249959933676,47.5361623891602,0.033485013698477395,0.03997756941216013,0.015084985689146707,0.03359702562651634,0.020022430587839923,0.014915014310853306
38.60681130686298,23.05856186520109,47.511494135227835,0.03348273151981823,0.039983443043362876,0.01508505431287914,0.033599307805175505,0.020016556956637177,0.014914945687120873
38.61112974001548,23.061873559436705,47.48682345923856,0.03348046107763225,0.03998925254272051,0.015085121550582961,0.033601578247361485,0.020010747457279543,0.014914878449417052
38.615447846831266,23.06518504724589,47.462150467869634,0.0334782023770297,0.03999499860738104,0.015085187430067606,0.03360383694796404,0.020005001392619015,0.014914812569932406
38.619765633058094,23.06849633318562,47.43747526652709,0.033475955421620074,0.04000068192692846,0.015085251978586331,0.03360608390337366,0.019999318073071592,0.014914748021413682
38.62408310438341,23.071807421765016,47.412797959368966,0.033473720213544444,0.04000630318346515,0.015085315222847437,0.03360831911144929,0.0199936968165349,0.014914684777152576
38.62840026643496,23.075118317445803,47.38811864932049,0.03347149675351008,0.04001186305170368,0.015085377189025112,0.03361054257148366,0.019988136948296376,0.0149146228109749
38.6327171247814,23.07842902464281,47.363437438088226,0.03346928504082247,0.04001736219902924,0.01508543790276988,0.033612754284171265,0.019982637800970815,0.014914562097230133
38.637033684932895,23.081739547724432,47.33875442617451,0.033467085073418223,0.04002280128557961,0.015085497389219424,0.03361495425157551,0.01997719871442044,0.014914502610780589
38.641349952341734,23.085049891013135,47.314069712892014,0.033464896847896,0.040028180964331306,0.015085555673008663,0.03361714247709774,0.019971819035668747,0.01491444432699135
38.64566593240286,23.08836005878588,47.28938339637773,0.033462720359548004,0.04003350188117716,0.015085612778279592,0.03361931896544573,0.019966498118822895,0.014914387221720421
38.64998163045455,23.091670055274648,47.26469557360694,0.033460555602390085,0.040038764675002725,0.015085668728691395,0.03362148372260365,0.01996123532499733,0.014914331271308617
38.65429705177888,23.094979884666827,47.24000634040736,0.03345840256919197,0.04004396997776327,0.015085723547430013,0.03362363675580177,0.01995603002223678,0.01491427645257
38.65861220160242,23.098289551105744,47.21531579147237,0.033456261251506414,0.040049118414558715,0.015085777257217506,0.03362577807348732,0.019950881585441338,0.014914222742782507
38.662927085096705,23.101599058691054,47.19062402037451,0.03345413163969768,0.04005421060370712,0.015085829880321436,0.033627907685296055,0.019945789396292934,0.014914170119678577
38.66724170737882,23.10490841147923,47.16593111957913,0.03345201372296225,0.040059247156819966,0.015085881438563709,0.03363002560203149,0.019940752843180087,0.014914118561436304
38.67155607351201,23.108217613483983,47.14123718045729,0.03344990748937188,0.040064228678873826,0.015085931953329704,0.03363213183562186,0.019935771321126228,0.014914068046670309
38.67587018850615,23.111526668676714,47.116542293298636,0.033447812925953446,0.04006915576828285,0.01508598144557688,0.03363422639904029,0.019930844231717204,0.014914018554423134
38.68018405731835,23.114835580986934,47.091846547324565,0.033445730018589914,0.04007402901697005,0.015086029935843431,0.03363630930640382,0.019925970983030006,0.014913970064156581
38.68449768485347,23.11814435430271,47.0671500307007,0.033443658752111416,0.04007884901045167,0.015086077444256399,0.03363838057288232,0.019921150989548386,0.014913922555743614
38.688811075964665,23.12145299247107,47.042452830549536,0.03344159911032185,0.040083616327881266,0.015086123990540226,0.033640440214671885,0.019916383672118787,0.014913876009459787
38.693124235453894,23.124761499298458,47.01775503296262,0.033439551076023755,0.04008833154212943,0.015086169594024437,0.03364248824896998,0.019911668457870624,0.014913830405975576
38.69743716807249,23.128069878551102,46.99305672301313,0.033437514631043164,0.0400929952198521,0.015086214273651824,0.03364452469395057,0.019907004780147952,0.014913785726348189
38.70174987852164,23.131378133955486,46.968357984767614,0.0334354897562541,0.04009760792155931,0.015086258047985898,0.03364654956873964,0.019902392078440745,0.014913741952014115
38.70606237145291,23.13468626919871,46.943658901298214,0.033433476431602716,0.04010217020168089,0.015086300935218663,0.03364856289339102,0.019897829798319167,0.01491369906478135
38.71037465146874,23.13799428792892,46.9189595546943,0.03343147463613039,0.04010668260863315,0.015086342953178053,0.03365056468886335,0.019893317391366905,0.01491365704682196
38.71468672312298,23.14130219375571,46.89426002607418,0.033429484347996696,0.04011114568488389,0.015086384119334814,0.03365255497699704,0.019888854315116167,0.014913615880665199
38.718998590921395,23.14460999025051,46.869560395596864,0.03342750554450247,0.040115559967016656,0.015086424450810251,0.03365453378049127,0.019884440032983397,0.014913575549189761
38.72331025932209,23.14791768094697,46.84486074247473,0.033425538202111194,0.04011992598579489,0.015086463964382624,0.03365650112288254,0.019880074014205162,0.014913536035617389
38.727621732736104,23.15122526934139,46.82016114498164,0.033423582296471854,0.04012424426622513,0.015086502676494223,0.03365845702852188,0.019875755733774925,0.01491349732350579
38.731933015527794,23.154532758893065,46.795461680465465,0.033421637802439175,0.04012851532761935,0.015086540603258133,0.03366040152255456,0.0198714846723807,0.01491345939674188
38.736244112015385,23.15784015302467,46.77076242535956,0.03341970469409539,0.040132739683656715,0.01508657776046489,0.03366233463089835,0.019867260316343338,0.014913422239535123
38.740555026471434,23.16114745512266,46.74606345519313,0.03341778294477027,0.04013691784244494,0.015086614163588502,0.03366425638022347,0.019863082157555112,0.01491338583641151
38.744865763123244,23.164454668537637,46.72136484460237,0.03341587252706163,0.04014105030658016,0.015086649827793147,0.03366616679793211,0.01985894969341989,0.014913350172206866
38.74917632615344,23.167761796584706,46.696666667340715,0.0334139734128549,0.040145137573207534,0.015086684767939243,0.033668065912138834,0.01985486242679252,0.01491331523206077
38.7534867197003,23.17106884254386,46.67196899628956,0.033412085573342964,0.04014918013407992,0.01508671899858953,0.03366995375165077,0.019850819865920133,0.014913281001410483
38.757796947858324,23.174375809660333,46.64727190346856,0.033410208979044564,0.04015317847561617,0.015086752534014827,0.03367183034594917,0.019846821524383884,0.014913247465985185
38.76210701467863,23.17768270114496,46.62257546004574,0.03340834359982353,0.04015713307895924,0.015086785388200116,0.033673695725170205,0.019842866921040814,0.014913214611799896
38.76641692416939,23.180989520174542,46.59787973634764,0.033406489404906925,0.04016104442003354,0.015086817574850045,0.03367554992008681,0.01983895557996651,0.014913182425149968
38.77072668029635,23.18429626989218,46.57318480186942,0.033404646362903134,0.04016491296960145,0.015086849107394676,0.0336773929620906,0.0198350870303986,0.014913150892605337
38.77503628698316,23.18760295340765,46.54849072528468,0.03340281444181953,0.04016873919331898,0.015086879998994898,0.03367922488317421,0.019831260806681072,0.014913120001005115
38.779345748111865,23.190909573797732,46.523797574455,0.033400993609079666,0.04017252355179163,0.01508691026254766,0.03368104571591407,0.019827476448208425,0.014913089737452354
38.783655067523405,23.194216134106554,46.49910541643996,0.03339918383154028,0.04017626650062872,0.015086939910691405,0.033682855493453456,0.019823733499371332,0.014913060089308608
38.78796424901788,23.19752263734592,46.4744143175062,0.03339738507550838,0.040179968490497986,0.015086968955811339,0.03368465424948536,0.019820031509502067,0.014913031044188674
38.792273296355134,23.200829086495673,46.44972434313722,0.033395597306757285,0.040183629967179,0.015086997410044045,0.03368644201823645,0.01981637003282105,0.014913002589955968
38.796582213255064,23.20413548450401,46.425035558042424,0.03339382049054257,0.04018725137161594,0.01508702528528301,0.03368821883445117,0.019812748628384114,0.014912974714717003
38.80089100339808,23.2074418342878,46.400348026166355,0.03339205459161776,0.04019083313997013,0.015087052593183048,0.03368998473337598,0.019809166860029925,0.014912947406816965
38.805199670425516,23.210748138732928,46.375661810697885,0.03339029957425016,0.0401943757036724,0.015087079345165233,0.03369173975074358,0.01980562429632765,0.01491292065483478
38.80950821794002,23.214054400694614,46.35097697407906,0.03338855540223623,0.04019787948947351,0.015087105552421778,0.033693483922757506,0.019802120510526544,0.014912894447578234
38.81381664950595,23.217360622997717,46.32629357801399,0.033386822038915354,0.04020134491949606,0.015087131225920133,0.03369521728607838,0.01979865508050399,0.01491286877407988
38.81812496864983,23.220666808437073,46.30161168347756,0.033385099447185596,0.04020477241128334,0.015087156376408034,0.03369693987780814,0.019795227588716713,0.014912843623591979
38.82243317886063,23.223972959777793,46.27693135072419,0.03338338758951753,0.0402081623778498,0.015087181014417556,0.033698651735476204,0.019791837622150255,0.014912818985582457
38.82674128359026,23.22727907975556,46.25225263929631,0.03338168642796785,0.04021151522773048,0.015087205150269511,0.03370035289702589,0.019788484772269577,0.014912794849730501
38.83104928625392,23.230585171076985,46.22757560803276,0.033379995924193995,0.04021483136502829,0.015087228794077992,0.03370204340079974,0.01978516863497176,0.01491277120592202
38.83535719023046,23.23389123641983,46.202900315077216,0.03337831603946728,0.0402181111894635,0.015087251955754236,0.033703723285526455,0.019781888810536552,0.014912748044245777
38.8396649988628,23.2371972784334,46.17822681788642,0.0333766467346856,0.040221355096420774,0.015087274645010695,0.033705392590308136,0.01977864490357928,0.014912725354989317
38.84397271545826,23.240503299738755,46.15355517323822,0.03337498797038713,0.04022456347699527,0.015087296871365341,0.03370705135460661,0.019775436523004786,0.014912703128634672
38.84828034328896,23.243809302929066,46.12888543723998,0.03337333970676298,0.040227736718040974,0.015087318644145739,0.03370869961823075,0.01977226328195908,0.014912681355854274
38.852587885592186,23.247115290569884,46.104217665336144,0.03337170190366895,0.0402308752022148,0.015087339972492259,0.03371033742132479,0.019769124797785254,0.014912660027507754
38.85689534557075,23.250421265199414,46.07955191231614,0.03337007452063895,0.040233979308023526,0.015087360865362803,0.03371196480435479,0.019766020691976527,0.01491263913463721
38.861202726393316,23.253727229328817,46.05488823232213,0.03336845751689593,0.04023704940986805,0.015087381331536018,0.0337135818080978,0.019762950590132,0.014912618668463995
38.8655100311948,23.257033185442488,46.0302266788569,0.03336685085136404,0.04024008587808803,0.015087401379615326,0.0337151884736297,0.019759914121912026,0.014912598620384687
38.869817263076726,23.260339135998358,46.00556730479137,0.033365254482680184,0.0402430890790062,0.015087421018032315,0.03371678484231355,0.019756910920993853,0.014912578981967697
38.87412442510754,23.263645083428116,45.98091016237197,0.03336366836920546,0.04024605937497178,0.015087440255050835,0.03371837095578828,0.019753940625028277,0.014912559744949178
38.87843152032295,23.266951030137534,45.956255303228104,0.03336209246903549,0.040248997124403774,0.015087459098769976,0.03371994685595825,0.01975100287559628,0.014912540901230037
38.88273855172634,23.270256978506723,45.9316027783797,0.03336052674001205,0.04025190268183232,0.015087477557127957,0.03372151258498168,0.019748097318167734,0.014912522442872056
38.88704552228899,23.273562930890396,45.90695263824398,0.03335897113973341,0.040254776397942116,0.015087495637905679,0.03372306818526033,0.019745223602057937,0.014912504362094334
38.891352434950534,23.27686888961813,45.88230493264311,0.033357425625563875,0.0402576186196128,0.01508751334873,0.03372461369942986,0.019742381380387253,0.014912486651270013
38.8956592926192,23.28017485699463,45.85765971081079,0.03335589015464541,0.040260429689961186,0.015087530697077398,0.03372614917034833,0.019739570310038868,0.014912469302922615
38.89996609817219,23.283480835300026,45.833017021399606,0.03335436468390557,0.04026320994838101,0.015087547690277231,0.03372767464108817,0.019736790051619046,0.014912452309722782
38.904272854455996,23.28678682679007,45.808376912487674,0.03335284916993897,0.04026595973016295,0.015087564362624484,0.03372919015505477,0.019734040269837105,0.014912435637375529
38.908579564290356,23.290092833699173,45.78373943157955,0.03335134356903352,0.040268679367366056,0.0150875806938945,0.033730695755960216,0.019731320632633997,0.014912419306105512
38.91288623046127,23.29339885823517,45.75910462562488,0.03334984783752454,0.04027136918844515,0.015087596690978478,0.0337321914874692,0.019728630811554904,0.014912403309021535
38.917192855725006,23.29670490258232,45.73447254101916,0.0333483619315717,0.040274029518290844,0.01508761236062961,0.033733677393422035,0.01972597048170921,0.014912387639370403
38.921499442808226,23.300010968901418,45.709843223610754,0.03334688580715539,0.04027666067825558,0.015087627709465298,0.033735153517838345,0.01972333932174447,0.014912372290534714
38.92580599440858,23.30331705933026,45.685216718706585,0.033345419420108824,0.04027926298621437,0.015087642743970425,0.03373661990488491,0.019720737013785683,0.014912357256029588
38.93011251319486,23.306623175983788,45.660593071079354,0.03334396272611673,0.04028183675659425,0.015087657470499755,0.03373807659887701,0.019718163243405806,0.014912342529500258
38.934419001807356,23.309929320954325,45.63597232497319,0.03334251568072316,0.04028438230040915,0.015087671895280375,0.033739523644270575,0.019715617699590904,0.014912328104719638
38.938725462858095,23.313235496311826,45.61135452410947,0.03334107823933874,0.040286899925298436,0.015087686024337271,0.033740961085655,0.019713100074701617,0.014912313975662742
38.94303189893117,23.31654170410408,45.58673970723579,0.03333965035725078,0.040289389935562414,0.015087699863606072,0.03374238896774295,0.01971061006443764,0.014912300136393941
38.947338312583,23.319847946356976,45.562127921889456,0.03333823198962976,0.040291852632198644,0.01508771341892548,0.03374380733536397,0.01970814736780141,0.014912286581074533
38.95164470634266,23.323154225074703,45.53751921022798,0.033336823091537904,0.04029428831293813,0.015087726696014811,0.03374521623345583,0.019705711687061922,0.014912273303985202
38.95595108271216,23.32646054224,45.51291361391401,0.0333354236179369,0.0402966972722793,0.015087739700611849,0.03374661570705684,0.01970330272772075,0.014912260299388164
38.960257444166714,23.329766899814388,45.48831117412307,0.03333403352369407,0.040299079801524085,0.015087752438237997,0.03374800580129966,0.01970092019847597,0.014912247561762015
38.96456379315504,23.33307329973839,45.46371193154794,0.033332652763590265,0.0403014361888126,0.015087764914300195,0.03374938656140347,0.019698563811187453,0.014912235085699818
38.96887013209965,23.33637974393175,45.43911592640065,0.03333128129232715,0.04030376671915736,0.015087777134096939,0.033750758032666583,0.01969623328084269,0.014912222865903074
38.973176463397074,23.33968623429363,45.41452319842086,0.033329919064534475,0.040306071674476585,0.01508778910282034,0.03375212026045926,0.01969392832552347,0.014912210897179673
38.977482789418204,23.342992772702857,45.38993378688143,0.03332856603477624,0.04030835133362892,0.015087800825558231,0.033753473290217495,0.01969164866637113,0.014912199174441781
38.981789112508494,23.34629936101811,45.365347730593854,0.03332722215755829,0.040310605972445734,0.01508781230729607,0.03375481716743545,0.01968939402755432,0.014912187692703943
38.98609543498826,23.349606001078172,45.340765067913544,0.03332588738733422,0.040312835863764274,0.015087823552919322,0.03375615193765952,0.01968716413623578,0.014912176447080691
38.99040175915297,23.352912694702084,45.316185836745106,0.033324561678511944,0.04031504127745972,0.015087834567215228,0.03375747764648179,0.019684958722540336,0.014912165432784785
38.99470808727344,23.356219443689398,45.291610074547826,0.033323244985460354,0.04031722248047859,0.015087845354874702,0.03375879433953338,0.019682777519521466,0.014912154645125311
38.999014421596165,23.35952624982037,45.26703781834046,0.03332193726251481,0.04031937973686889,0.015087855920494317,0.033760102062478925,0.019680620263131166,0.014912144079505696
39.00332076434351,23.362833114856148,45.24246910470674,0.03332063846398342,0.04032151330781303,0.015087866268578248,0.033761400861010316,0.019678486692187025,0.014912133731421764
39.00762711771405,23.366140040538994,45.217903969800226,0.03331934854415325,0.04032362345165863,0.015087876403540132,0.03376269078084049,0.019676376548341423,0.01491212359645988
39.0119334838827,23.369447028592464,45.1933424493495,0.03331806745729571,0.040325710423948835,0.015087886329704814,0.03376397186769803,0.019674289576051218,0.014912113670295199
39.016239865001076,23.372754080721634,45.16878457866296,0.033316795157671886,0.040327774477454004,0.015087896051309835,0.03376524416732185,0.01967222552254605,0.014912103948690178
39.02054626319767,23.37606119861327,45.14423039263052,0.03331553159953887,0.040329815862201635,0.01508790557250779,0.033766507725454864,0.01967018413779842,0.014912094427492223
39.02485268057814,23.379368383936004,45.119679925706194,0.03331427673715448,0.04033183482550606,0.01508791489736759,0.033767762587839256,0.01966816517449399,0.014912085102632422
39.02915911922552,23.382675638340586,45.095133211970534,0.03331303052478235,0.04033383161199888,0.01508792402987609,0.033769008800211386,0.01966616838800117,0.014912075970123922
39.03346558120047,23.38598296346001,45.07059028510249,0.03331179291669717,0.04033580646365925,0.015087932973939844,0.03377024640829657,0.0196641935363408,0.014912067026060169
39.0377720685415,23.38929036090974,45.046051178384545,0.03331056386719067,0.04033775961984232,0.015087941733386998,0.03377147545780307,0.019662240380157736,0.014912058266613015
39.04207858326523,23.39259783228787,45.0215159247071,0.03330934333057489,0.040339691317309745,0.015087950311968315,0.033772695994418844,0.01966030868269031,0.014912049688031698
39.0463851273666,23.395905379175332,44.99698455657343,0.03330813126118792,0.04034160179025892,0.015087958713359093,0.03377390806380581,0.019658398209741135,0.01491204128664092
39.05069170281908,23.399213003136047,44.972457106104,0.033306927613398485,0.04034349126943659,0.01508796694116056,0.03377511171159525,0.01965650873056346,0.014912033058839452
39.05499831157443,23.402520705716725,44.94793360504394,0.033305732340987215,0.04034535997923533,0.015087974998901077,0.03377630698400652,0.019654640020764724,0.014912025001098936
39.0593049555646,23.405828488448385,44.92341408475852,0.03330454539859351,0.040347208151677694,0.015087982890038168,0.033777493926400226,0.01965279184832236,0.014912017109961845
39.063611636700294,23.4091363528452,44.89889857624639,0.033303366740873475,0.0403490360178958,0.015087990617959818,0.03377867258412026,0.019650963982104253,0.014912009382040195
39.067918356870955,23.412444300404516,44.87438711014464,0.03330219632250475,0.0403508437998506,0.015087998185985468,0.033779843002488985,0.019649156200149454,0.014912001814014544
39.072225117945635,23.415752332607507,44.84987971673378,0.03330103409814744,0.04035263170744041,0.01508800559736774,0.033781005226846295,0.01964736829255964,0.014911994402632273
39.076531921774055,23.419060450920046,44.82537642592288,0.03329988002246548,0.04035439995846929,0.015088012855293709,0.03378215930252826,0.019645600041530764,0.014911987144706304
39.08083877018596,23.422368656792166,44.80087726728103,0.033298734050176304,0.04035614876913324,0.015088019962885765,0.03378330527481743,0.019643851230866816,0.014911980037114247
39.08514566499124,23.425676951658158,44.7763822700268,0.03329759613605038,0.04035787835171295,0.015088026923203643,0.03378444318894336,0.019642121648287103,0.01491197307679637
39.08945260798028,23.428985336936886,44.751891463035186,0.03329646623492527,0.040359588916175804,0.015088033739245402,0.033785573090068466,0.01964041108382425,0.014911966260754611
39.09375960092417,23.43229381403192,44.72740487484143,0.03329534430170994,0.040361280670202226,0.0150880404139455,0.0337866950232838,0.019638719329797827,0.014911959586054513
39.09806664557496,23.43560238433171,44.702922533645264,0.033294230291388116,0.04036295381921934,0.015088046950181164,0.03378780903360562,0.019637046180780715,0.014911953049818849
39.10237374366579,23.438911049209757,44.67844446731493,0.033293124159022525,0.04036460856641161,0.015088053350773761,0.03378891516597121,0.019635391433588445,0.014911946649226251
39.1066808969111,23.44221981002476,44.653970703390996,0.03329202585975666,0.04036624511127468,0.015088059618487457,0.03379001346523708,0.019633754888725374,0.014911940381512556
39.11098810700704,23.445528668120886,44.6295012690896,0.03329093534881705,0.04036786365175288,0.01508806575603061,0.033791103976176684,0.019632136348247176,0.014911934243969402
39.115295375631504,23.44883762482786,44.60503619130665,0.03328985258151668,0.04036946438503619,0.015088071766057115,0.03379218674347706,0.019630535614963862,0.014911928233942898
39.11960270444428,23.45214668146106,44.580575496622195,0.03328877751326087,0.04037104750584347,0.01508807765116707,0.033793261811732866,0.019628952494156582,0.014911922348832943
39.12391009508721,23.455455839321647,44.55611921130402,0.03328771009955034,0.04037261320679375,0.01508808341390816,0.0337943292254434,0.019627386793206303,0.014911916586091853
39.12821754918444,23.45876509969674,44.53166736131145,0.03328665029598449,0.04037416167837771,0.015088089056776693,0.03379538902900925,0.019625838321622346,0.01491191094322332
39.13252506834253,23.462074463859565,44.507219972298806,0.0332855980582647,0.040375693108991584,0.015088094582218478,0.03379644126672904,0.01962430689100847,0.014911905417781535
39.13683265415072,23.465383933069603,44.48277706961941,0.033284553342196155,0.04037720768496755,0.015088099992629875,0.03379748598279758,0.0196227923150325,0.014911900007370138
39.1411403081811,23.468693508572734,44.45833867832982,0.033283516103691235,0.04037870559059953,0.015088105290356715,0.0337985232213025,0.019621294409400525,0.014911894709643297
39.145448031988735,23.472003191601374,44.43390482319201,0.03328248629877073,0.04038018700816853,0.015088110477630853,0.033799553026223006,0.01961981299183152,0.01491188952236916
39.14975582711192,23.47531298337464,44.409475528676836,0.03328146388356806,0.040381652117965905,0.015088115556706125,0.03380057544142567,0.01961834788203415,0.014911884443293888
39.154063695072296,23.478622885098456,44.38505081896798,0.033280448814331454,0.04038310109831594,0.015088120529790972,0.03380159051066228,0.01961689890168411,0.014911879470209041
39.158371637375,23.48193289796567,44.36063071796601,0.0332794410474172,0.04038453412439941,0.01508812539904926,0.033802598277576534,0.019615465875600646,0.014911874600950753
39.162679655509024,23.485243023156354,44.336215249290255,0.033278440539295406,0.040385951370565554,0.015088130166601349,0.03380359878569833,0.0196140486294345,0.014911869833398664
39.166987750947314,23.488553261837836,44.31180443628299,0.033277447246555125,0.04038735300950108,0.015088134834524439,0.03380459207843861,0.019612646990498972,0.014911865165475574
39.17129592514685,23.491863615164824,44.287398302011916,0.033276461125907375,0.040388739212040725,0.0150881394048539,0.03380557819908636,0.019611260787959328,0.014911860595146112
39.17560417954887,23.495174084279533,44.26299686927464,0.03327548213418746,0.04039011014718186,0.01508814387958407,0.033806557190806275,0.019609889852818196,0.014911856120415942
39.179912515578955,23.498484670311797,44.23860016060152,0.033274510228357534,0.04039146598209714,0.015088148260668885,0.0338075290966362,0.019608534017902912,0.014911851739331128
39.184220934647314,23.501795374379235,44.214208198258234,0.03327354536550886,0.040392806882147525,0.015088152550022951,0.033808493959484875,0.01960719311785253,0.014911847449977061
39.188529438148805,23.505106197587352,44.18982100425046,0.03327258750286399,0.04039413301089406,0.015088156749522047,0.033809451822129744,0.01960586698910599,0.014911843250477966
39.19283802746321,23.508417141029675,44.16543860032625,0.03327163659777865,0.040395444530152924,0.015088160861004243,0.03381040272721508,0.01960455546984713,0.01491183913899577
39.197146703955354,23.511728205787882,44.14106100797889,0.03327069260774501,0.040396741600566444,0.015088164886270378,0.033811346717248725,0.01960325839943361,0.014911835113729635
39.2014554689752,23.51503939293188,44.11668824845039,0.033269755490388075,0.04039802438044843,0.015088168827084927,0.03381228383460566,0.019601975619551626,0.014911831172915085
39.20576432385805,23.51835070351999,44.09232034273406,0.03326882520347357,0.04039929302634393,0.015088172685176635,0.03381321412152016,0.019600706973656123,0.014911827314823378
39.21007326992475,23.52166213859904,44.06795731157765,0.03326790170490962,0.04040054769303203,0.015088176462239339,0.03381413762008412,0.019599452306968024,0.014911823537760674
39.21438230848184,23.52497369920453,44.04359917548598,0.03326698495274982,0.04040178853352816,0.015088180159932643,0.03381505437224391,0.019598211466471893,0.01491181984006737
39.21869144082166,23.52828538636074,44.01924595472383,0.03326607490519645,0.040403015699620404,0.015088183779882636,0.033815964419797284,0.01959698430037965,0.014911816220117377
39.22300066822255,23.53159720108082,43.99489766931914,0.03326517152060893,0.04040422934606025,0.015088187323682473,0.03381686780438481,0.019595770653939804,0.01491181267631754
39.227309991948715,23.53490914436678,43.97055433906662,0.0332642747577504,0.0404054296096662,0.01508819079289328,0.033817764567243336,0.019594570390333854,0.014911809207106733
39.23161941325148,23.53822121721032,43.94621598352582,0.03326338457521355,0.040406616655025984,0.015088194189044432,0.033818654749780186,0.01959338334497407,0.01491180581095558
39.23592893336701,23.541533420591257,43.92188262203493,0.033262500931933225,0.040407790618253725,0.015088197513634327,0.03381953839306051,0.01959220938174633,0.014911802486365686
39.240238553518765,23.544845755479244,43.897554273705985,0.033261623786864314,0.04040895163490793,0.015088200768131055,0.03382041553812942,0.019591048365092123,0.014911799231868958
39.24454827491758,23.548158222833987,43.87323095742439,0.03326075309912446,0.04041009984089794,0.015088203953972715,0.033821286225869274,0.019589900159102114,0.014911796046027298
39.24885809876186,23.55147082360532,43.84891269184995,0.03325988882807701,0.040411235383326916,0.015088207072568818,0.033822150496916725,0.019588764616673138,0.014911792927431194
39.25316802623626,23.55478355873219,43.82459949542705,0.03325903093314059,0.04041235840047669,0.015088210125300275,0.03382300839185315,0.019587641599523364,0.014911789874699738
39.25747805851262,23.558096429143397,43.80029138638439,0.033258179373898356,0.04041346902952886,0.015088213113520016,0.03382385995109538,0.019586530970471194,0.014911786886479997
39.26178819675006,23.561409435757653,43.775988382737935,0.033257334110089465,0.04041456740587207,0.01508821603855362,0.03382470521490427,0.019585432594127983,0.014911783961446393
39.26609844209513,23.564722579483718,43.751690502289826,0.03325649510161127,0.04041565366348032,0.015088218901699826,0.033825544223382464,0.01958434633651973,0.014911781098300186
39.270408795681945,23.56803586122051,43.72739776263646,0.03325566230852023,0.04041672793522538,0.015088221704231103,0.03382637701647351,0.01958327206477467,0.01491177829576891
39.27471925863228,23.571349281857156,43.703110181170715,0.03325483569103477,0.04041779035287446,0.015088224447394077,0.03382720363395897,0.019582209647125592,0.014911775552605935
39.279029832055706,23.57466284227312,43.67882777508349,0.03325401520953791,0.04041884104624288,0.01508822713241019,0.033828024115455824,0.019581158953757172,0.014911772867589823
39.28334051704973,23.577976543338288,43.65455056136451,0.03325320082457667,0.04041988014352177,0.015088229760476052,0.03382883850041707,0.019580119856478284,0.014911770239523961
39.28765131469992,23.58129038591314,43.630278556804825,0.03325239249686146,0.04042090777174384,0.01508823233276417,0.033829646828132276,0.019579092228256212,0.014911767667235842
39.29196222608009,23.584604370848787,43.60601177800149,0.033251590187268254,0.0404219240566539,0.01508823485042314,0.03383044913772548,0.01957807594334615,0.014911765149576872
39.296273252252334,23.58791849898709,43.58175024136139,0.03325079385683971,0.04042292912262552,0.01508823731457834,0.033831245468154025,0.019577070877374536,0.014911762685421673
39.30058439426721,23.59123277116076,43.557493963089975,0.033250003466786304,0.0404239230926699,0.015088239726332331,0.03383203585820743,0.019576076907330153,0.014911760273667682
39.30489565316384,23.59454718819345,43.53324295940513,0.03324921897848654,0.040424906088446566,0.015088242086765374,0.0338328203465072,0.019575093911553487,0.014911757913234638
39.30920702997003,23.597861750899845,43.50899724591295,0.033248440353487896,0.04042587823027077,0.015088244396935777,0.03383359897150584,0.01957412176972928,0.014911755603064236
39.313518525702406,23.60117646008576,43.48475683813009,0.033247667553507165,0.040426839637122236,0.015088246657880389,0.03383437177148657,0.019573160362877817,0.014911753342119624
39.31783014136652,23.60449131654827,43.460521751589525,0.03324690054043111,0.040427790426861177,0.015088248870615023,0.033835138784562624,0.019572209573138877,0.01491175112938499
39.322141877956966,23.607806321075742,43.436292001598744,0.03324613927631753,0.04042873071636477,0.015088251036134856,0.033835900048676204,0.019571269283635284,0.014911748963865157
39.32645373645747,23.61112147444794,43.412067603491884,0.03324538372339442,0.040429660619972996,0.015088253155414871,0.03383665560159932,0.019570339380027058,0.014911746844585141
39.3307657178411,23.614436777436204,43.38784857212112,0.03324463384405962,0.04043058025112195,0.015088255229410305,0.03383740548093411,0.019569419748878103,0.014911744770589708
39.33507782307039,23.617752230803486,43.36363491703093,0.033243889600883036,0.040431489722345004,0.015088257259057034,0.0338381497241107,0.01956851027765505,0.01491174274094298
39.3393900530974,23.621067835304455,43.33942666325702,0.03324315095660618,0.04043238914649622,0.01508825924527181,0.033838888368387554,0.019567610853503836,0.014911740754728203
39.34370240886362,23.624383591685444,43.315223817069445,0.03324241787412602,0.04043327863461499,0.015088261188952942,0.03383962145086772,0.019566721365385065,0.01491173881104707
39.34801489130025,23.627699500684585,43.29102639744488,0.03324169031650165,0.04043415829502078,0.015088263090980297,0.03384034900849209,0.01956584170497927,0.014911736909019715
39.35232750132836,23.631015563032015,43.26683441745061,0.03324096824697187,0.040435028234936055,0.015088264952216074,0.03384107107802187,0.019564971765064,0.014911735047783939
39.35664023985907,23.634331779449973,43.242647890413515,0.033240251628955886,0.0404358885604989,0.01508826677350475,0.03384178769603785,0.019564111439501153,0.014911733226495263
39.36095310779359,23.637648150652858,43.21846682965282,0.03323954042605132,0.04043673937693426,0.015088268555673773,0.03384249889894242,0.019563260623065792,0.01491173144432624
39.365266106023356,23.6409646773473,43.1942912432274,0.03323883460203236,0.04043758078834209,0.015088270299533732,0.03384320472296137,0.019562419211657966,0.01491172970046628
39.36957923543006,23.64428136023225,43.170121148569876,0.03323813412084864,0.04043841289742339,0.015088272005878797,0.0338439052041451,0.01956158710257666,0.014911727994121216
39.37389249688587,23.647598199999077,43.14595656088129,0.033237438946630005,0.04043923580587777,0.015088273675486943,0.03384460037836373,0.019560764194122282,0.01491172632451307
39.378205891253444,23.65091519733163,43.121797495858665,0.033236749043685676,0.0404400496143813,0.015088275309120311,0.03384529028130806,0.019559950385618752,0.014911724690879702
39.38251941938604,23.654232352906337,43.09764396619631,0.03323606437650373,0.040440854422572836,0.015088276907525594,0.03384597494849001,0.019559145577427217,0.014911723092474419
39.38683308212768,23.657549667392246,43.07349598949502,0.033235384909749754,0.04044165032905028,0.015088278471434305,0.03384665441524398,0.01955834967094977,0.014911721528565708
39.391146880313144,23.660867141451135,43.04935356975855,0.03323471060826766,0.04044243743139353,0.015088280001563023,0.03384732871672608,0.019557562568606524,0.01491171999843699
39.39546081476809,23.66418477573756,43.02521672022841,0.033234041437077366,0.04044321582611293,0.01508828149861377,0.03384799788791637,0.01955678417388712,0.014911718501386242
39.39977488630921,23.66750257089894,43.001085453845036,0.03323337736137649,0.040443985608681565,0.015088282963274344,0.033848661963617244,0.019556014391318488,0.014911717036725669
39.40408909574428,23.67082052757563,42.97695978387557,0.033232718346539236,0.0404447468735451,0.015088284396218468,0.0338493209784545,0.019555253126454952,0.014911715603781545
39.40840344387223,23.674138646401005,42.952839722911925,0.03323206435811693,0.04044549971412942,0.015088285798106227,0.033849974966876806,0.019554500285870635,0.014911714201893786
39.41271793148328,23.677456928001526,42.92872528230228,0.03323141536183749,0.04044624422284876,0.015088287169584186,0.033850623963156246,0.019553755777151294,0.014911712830415827
39.417032559359015,23.680775372996813,42.90461647349394,0.0332307713236053,0.040446980491114615,0.015088288511285769,0.033851268001388435,0.01955301950888544,0.014911711488714244
39.42134732827248,23.684093981999712,42.880513307888016,0.0332301322094638,0.04044770860934527,0.015088289823831522,0.03385190711552993,0.019552291390654786,0.014911710176168491
39.425662238988274,23.687412755616386,42.856415796888975,0.033229497985651835,0.0404484286669754,0.015088291107829388,0.0338525413393419,0.019551571333024653,0.014911708892170625
39.42997729226263,23.69073169444637,42.8323239519853,0.033228868618608076,0.040449140752481294,0.015088292363874767,0.03385317070638566,0.01955085924751876,0.014911707636125246
39.43429248884349,23.69405079908264,42.8082377847761,0.033228244074947066,0.04044984495340148,0.015088293592551122,0.03385379525004667,0.019550155046598572,0.01491170640744889
39.438607829470655,23.6973700701117,42.784157304998416,0.033227624321457816,0.040450541356291725,0.01508829479442976,0.03385441500353592,0.01954945864370833,0.014911705205570253
39.44292331487579,23.70068950811362,42.76008252444389,0.033227009325105694,0.04045123004676887,0.015088295970070567,0.03385502999988804,0.019548769953231182,0.014911704029929446
39.44723894578259,23.70400911366216,42.736013452909695,0.03322639905303204,0.04045191110951929,0.015088297120021882,0.033855640271961696,0.019548088890480764,0.014911702879978131
39.45155472290679,23.707328887324767,42.71195009956011,0.0332257934725545,0.04045258462831436,0.015088298244820816,0.03385624585243924,0.019547415371685695,0.014911701755179196
39.455870646956335,23.710648829662716,42.68789248437894,0.033225192551166405,0.040453250686003195,0.015088299344993603,0.03385684677382733,0.01954674931399686,0.01491170065500641
39.46018671863139,23.713968941231116,42.66384061113667,0.03322459625657931,0.040453909364521534,0.015088300421055592,0.03385744306841443,0.01954609063547852,0.01491169957894442
39.46450293862448,23.717289222579026,42.63979449117747,0.033224004556634545,0.04045456074489212,0.015088301473511603,0.03385803476835919,0.019545439255107933,0.01491169852648841
39.468819307620535,23.720609674249495,42.61575413407456,0.03322341741934792,0.04045520490726651,0.015088302502856185,0.033858621905645814,0.019544795092733547,0.014911697497143828
39.47313582629698,23.723930296779635,42.59171955040087,0.033222834812911495,0.040455841930927605,0.015088303509573617,0.03385920451208224,0.019544158069072448,0.014911696490426396
39.4774524953239,23.727251090700687,42.567690750139526,0.03322225670569284,0.04045647189429702,0.015088304494138324,0.03385978261930089,0.019543528105703034,0.014911695505861688
39.481769315363984,23.73057205653809,42.54366774308658,0.03322168306623624,0.04045709487580762,0.015088305457014978,0.033860356258757496,0.019542905124192433,0.014911694542985035
39.48608628707259,23.733893194811465,42.519650539226475,0.033221113863259155,0.040457710952614856,0.015088306398658533,0.03386092546173458,0.019542289047385197,0.01491169360134148
39.49040341109789,23.737214506034743,42.495639148236194,0.03322054906565347,0.040458320200588316,0.015088307319514757,0.033861490259340266,0.019541679799411737,0.014911692680485256
39.49472068808099,23.74053599071621,42.47163357938299,0.03321998864248693,0.04045892269476953,0.01508830822002015,0.033862050682506806,0.019541077305230525,0.014911691779979863
39.49903811865595,23.743857649358617,42.44763384328131,0.03321943256300286,0.040459518509392556,0.015088309100602201,0.03386260676199088,0.019540481490607498,0.014911690899397811
39.503355703449905,23.747179482459217,42.4236399486146,0.03321888079661872,0.040460107717914695,0.015088309961679619,0.033863158528375015,0.019539892282085358,0.014911690038320394
39.507673443083114,23.750501490509826,42.39965190467439,0.033218333312927006,0.040460690393014864,0.015088310803662394,0.03386370601206673,0.01953930960698519,0.014911689196337619
39.51199133816908,23.753823673996877,42.375669720522744,0.03321779008169384,0.04046126660593968,0.01508831162695208,0.03386424924329989,0.01953873339406037,0.014911688373047932
39.51630938931456,23.757146033401483,42.35169340545944,0.033217251072852394,0.040461836427433284,0.015088312431941697,0.03386478825214134,0.01953816357256677,0.014911687568058316
39.52062759711964,23.76046856919947,42.32772296265671,0.03321671625650496,0.040462399927707726,0.015088313219015784,0.03386532306848877,0.019537600072292327,0.014911686780984229
39.524945962178016,23.76379128186158,42.303758412689476,0.033216185602939985,0.04046295717622378,0.015088313988551344,0.03386585372205375,0.019537042823776274,0.014911686011448669
39.529264485076844,23.767114171853393,42.27979975737804,0.03321565908261931,0.04046350824168732,0.01508831474091775,0.03386638024237443,0.019536491758312735,0.014911685259082263
39.533583166396866,23.770437239635406,42.25584700699722,0.03321513666617615,0.04046405319206131,0.015088315476476627,0.03386690265881759,0.019535946807938742,0.014911684523523386
39.537902006712486,23.773760485663082,42.231900169539266,0.03321461832441547,0.0404645920945747,0.015088316195582277,0.03386742100057827,0.01953540790542535,0.014911683804417736
39.54222100659177,23.77708391038688,42.207959249435994,0.033214104028313374,0.04046512501568866,0.015088316898581658,0.03386793529668036,0.01953487498431139,0.014911683101418355
39.5465401665966,23.780407514252346,42.184024263064394,0.033213593749017056,0.04046565202115954,0.015088317585814567,0.03386844557597668,0.019534347978840516,0.014911682414185445
39.55085948728267,23.78373129770013,42.16009521467339,0.03321308745784418,0.04046617317603585,0.01508831825761392,0.033868951867149555,0.019533826823964207,0.014911681742386093
39.55517896919959,23.787055261166053,42.13617211289447,0.033212585126281335,0.04046668854466223,0.015088318914305773,0.0338694541987124,0.01953331145533782,0.01491168108569424
39.55949861289092,23.790379405081147,42.11225496511403,0.03321208672598447,0.04046719819068806,0.01508831955620947,0.03386995259900927,0.019532801809311995,0.014911680443790543
39.56381841889427,23.79370372987173,42.08834377961362,0.033211592228776565,0.040467702177073184,0.015088320183637927,0.03387044709621717,0.01953229782292687,0.014911679816362086
39.568138387741314,23.79702823595941,42.06443856425613,0.03321110160664836,0.04046820056609579,0.015088320796897411,0.03387093771834537,0.019531799433904262,0.014911679203102601
39.57245851995786,23.800352923761174,42.04053932693372,0.0332106148317573,0.040468693419358326,0.015088321396288115,0.033871424493236435,0.019531306580641727,0.014911678603711898
39.576778816063964,23.80367779368941,42.0166460754734,0.03321013187642591,0.04046918079780015,0.0150883219821039,0.03387190744856783,0.0195308192021999,0.014911678017896113
39.581099276573894,23.80700284615196,41.992758815874055,0.03320965271314208,0.04046966276171188,0.015088322554632771,0.03387238661185166,0.019530337238288176,0.014911677445367241
39.585419901996296,23.81032808155217,41.968877556565005,0.033209177314557636,0.04047013937071575,0.015088323114156643,0.0338728620104361,0.0195298606292843,0.01491167688584337
39.58974069283415,23.813653500288943,41.94500230346067,0.03320870565348727,0.04047061068378399,0.015088323660951725,0.03387333367150647,0.01952938931621606,0.014911676339048288
39.594061649585,23.816979102756832,41.92113306502241,0.03320823770291953,0.04047107675925671,0.015088324195289216,0.03387380162207421,0.019528923240743346,0.014911675804710797
39.598382772740806,23.820304889345987,41.897269848987435,0.03320777343600895,0.040471537654835854,0.015088324717439539,0.03387426588898479,0.0195284623451642,0.014911675282560474
39.602704062786586,23.823630860441067,41.87341266282891,0.033207312825917934,0.04047199342743829,0.015088325227662153,0.0338747264990758,0.019528006572561762,0.01491167477233786
39.60702552020253,23.82695701642288,41.84956151405995,0.033206855846016126,0.04047244413340573,0.015088325726210203,0.03387518347897761,0.019527555866594326,0.01491167427378981
39.611347145463654,23.830283357668165,41.8257164101491,0.03320640246985429,0.04047288982848324,0.015088326213332323,0.033875636855139446,0.019527110171516815,0.01491167378666769
39.61566893903993,23.833609884549624,41.80187735874009,0.03320595267116033,0.04047333056782326,0.015088326689271916,0.033876086653833404,0.01952666943217679,0.014911673310728096
39.619990901396235,23.836936597435965,41.778044367686846,0.033205506423836184,0.040473766405988265,0.015088327154266945,0.03387653290115755,0.019526233594011788,0.014911672845733068
39.624313032992475,23.840263496691918,41.75421744568618,0.03320506370195603,0.04047419739695701,0.015088327608550223,0.03387697562303771,0.01952580260304304,0.01491167239144979
39.628635334283594,23.84359058267831,41.73039659678211,0.03320462447976724,0.04047462359413212,0.015088328052349317,0.033877414845226494,0.019525376405867934,0.014911671947650695
39.63295780571974,23.84691785575213,41.706581826544266,0.03320418873169456,0.04047504505035099,0.015088328485886676,0.033877850593299175,0.019524954949649065,0.014911671514113337
39.637280447746306,23.85024531626666,41.68277314160097,0.03320375643234602,0.04047546181789907,0.015088328909379278,0.033878282892647715,0.01952453818210098,0.014911671090620734
39.64160326080424,23.85357296457159,41.65897054863551,0.033203327556524276,0.04047587394853025,0.01508832932303815,0.03387871176846946,0.019524126051469803,0.014911670676961863
39.64592624533022,23.85690080101329,41.635174053388205,0.03320290207924609,0.04047628149349386,0.015088329727067848,0.03387913724574765,0.019523718506506194,0.014911670272932165
39.650249401757186,23.860228825935106,41.611383664242624,0.03320247997577486,0.040476684503576554,0.015088330121664675,0.03387955934921888,0.0195233154964235,0.014911669878335337
39.654572730515014,23.863557039677985,41.58759938616967,0.03320206122167435,0.040477083029169525,0.015088330507011707,0.033879978103319386,0.01952291697083053,0.014911669492988305
39.65889623202122,23.866885442573093,41.563821225432704,0.03320164579196194,0.04047747711937044,0.015088330883301512,0.033880393533031794,0.01952252288062961,0.0149116691166985
39.66321990667515,23.870214034937174,41.540049188290205,0.03320123366054156,0.04047786682139626,0.015088331250732681,0.033880805664452174,0.019522133178603795,0.014911668749267332
39.66754375489075,23.87354281709854,41.51628328084436,0.03320082480317016,0.04047825218376583,0.01508833160944259,0.03388121452182358,0.019521747816234225,0.014911668390557423
39.67186777708283,23.876871789386183,41.492523509101275,0.03320041919637379,0.040478633255070895,0.015088331959604087,0.03388162012861995,0.01952136674492916,0.014911668040395926
39.67619197366368,23.880200952127154,41.4687698789877,0.03320001681718732,0.04047901008368332,0.01508833230145079,0.03388202250780642,0.019520989916316733,0.014911667698549222
39.68051634503894,23.883530305643248,41.44502239637296,0.033199617657498626,0.040479382717285683,0.015088332635257024,0.03388242166749511,0.01952061728271437,0.01491166736474299
39.684840891603876,23.88685985024807,41.421281067106115,0.03319922167903394,0.04047975120243841,0.015088332961267548,0.033882817645959795,0.019520248797561646,0.014911667038732465
39.68916561374155,23.890189586245473,41.397545896991375,0.03319882885932429,0.04048011558437359,0.015088333279707017,0.033883210465669444,0.019519884415626465,0.014911666720292996
39.6934905118092,23.89351951391959,41.37381689181918,0.033198439175422256,0.04048047590731968,0.01508833359182446,0.03388360014957148,0.019519524092680374,0.014911666408175553
39.69781558620592,23.89684963358613,41.35009405722631,0.03319805260308267,0.04048083221566867,0.015088333896523351,0.033883986721911064,0.01951916778433138,0.014911666103476662
39.702140837311205,23.90017994554602,41.326377398797135,0.03319766911876715,0.040481184553672445,0.015088334193767969,0.03388437020622659,0.01951881544632761,0.014911665806232044
39.70646626549958,23.903510450096242,41.3026669220543,0.03319728869916505,0.040481532965106315,0.015088334483580795,0.033884750625828686,0.01951846703489374,0.014911665516419217
39.7107918711405,23.906841147529846,41.278962632461926,0.033196911321188405,0.0404818774932823,0.0150883347660426,0.03388512800380533,0.01951812250671775,0.014911665233957414
39.715117654594536,23.910172038133,41.255264535430776,0.033196536962276146,0.04048221818107822,0.01508833504156154,0.03388550236271759,0.01951778181892183,0.014911664958438473
39.71944361621941,23.913503122189592,41.23157263475492,0.03319616559992311,0.040482555070889825,0.015088335310454892,0.033885873725070625,0.019517444929110228,0.01491166468954512
39.72376975637135,23.916834399982225,41.20788693751626,0.03319579721159088,0.04048288820463164,0.015088335572866332,0.033886242113402854,0.019517111795368414,0.01491166442713368
39.72809607540267,23.92016587179037,41.18420744890041,0.03319543177489509,0.04048321762376028,0.015088335828935609,0.033886607550098646,0.019516782376239772,0.014911664171064404
39.73242257366178,23.92349753789042,41.160534174047314,0.03319506926469645,0.040483543369248365,0.015088336078799405,0.03388697006029728,0.01951645663075169,0.014911663921200607
39.73674925149319,23.92682939855569,41.136867118048286,0.033194709658615484,0.04048386548161964,0.015088336322592225,0.03388732966637825,0.019516134518380412,0.014911663677407788
39.74107610923757,23.93016145405644,41.11320628594413,0.033194352935031424,0.04048418400095993,0.015088336560446489,0.03388768638996231,0.01951581599904012,0.014911663439553524
39.74540314723181,23.933493704659917,41.08955168265021,0.03319399907759424,0.040484498966813165,0.015088336792492898,0.0338880402473995,0.01951550103318689,0.014911663207507114
39.74973036580869,23.93682615063013,41.06590331309295,0.0331936480318194,0.04048481041861529,0.015088337018862016,0.033888391293174336,0.019515189581384762,0.014911662981137996
39.75405776529698,23.940158792227937,41.042261182184994,0.03319329980663688,0.04048511839512042,0.015088337239684058,0.03388873951835686,0.01951488160487963,0.014911662760315955
39.75838534602214,23.943491629711524,41.01862529478081,0.03319295438092312,0.040485422934687654,0.015088337455086323,0.03388908494407061,0.0195145770653124,0.01491166254491369
39.762713108294676,23.94682466332764,40.99499565570283,0.033192611734085053,0.04048572407507284,0.015088337665785823,0.03388942759090868,0.019514275924927216,0.01491166233421419
39.76704105244926,23.950157893341306,40.97137226966498,0.033192271844917465,0.04048602185425154,0.015088337871150242,0.03388976748007627,0.019513978145748512,0.01491166212884977
39.77136917879068,23.95349131999467,40.94775514138511,0.033191934692959224,0.04048631630912358,0.01508833807178496,0.03389010463203451,0.01951368369087647,0.014911661928215053
39.77569748762983,23.956824943534386,40.92414427550828,0.033191600257589327,0.040486607476380276,0.015088338267811391,0.03389043906740441,0.019513392523619777,0.014911661732188622
39.780025979273944,23.96015876420424,40.90053967662885,0.03319126851830967,0.040486895392300104,0.015088338459351355,0.03389077080668407,0.01951310460769995,0.014911661540648657
39.78435465402666,23.963492782245144,40.87694134929196,0.03319093945474538,0.04048718009275126,0.015088338646527921,0.03389109987024835,0.01951281990724879,0.014911661353472092
39.78868351218793,23.96682699789512,40.853349297994676,0.03319061304663662,0.040487461613190556,0.015088338829466613,0.03389142627835712,0.019512538386809497,0.0149116611705334
39.79301255405406,23.970161411389263,40.82976352718674,0.0331902892738386,0.04048773998866295,0.015088339008296217,0.033891750051155134,0.0195122600113371,0.014911660991703796
39.797341779917524,23.97349602295968,40.80618404127222,0.0331899681163032,0.04048801525379564,0.015088339183152541,0.03389207120869053,0.019511984746204414,0.014911660816847472
39.80167119006673,23.97683083283524,40.78261084461091,0.03318964955406495,0.040488287442785154,0.015088339354187408,0.03389238977092879,0.0195117125572149,0.014911660645812605
39.80600078478592,23.98016584124153,40.75904394151858,0.03318933356700432,0.04048855658938655,0.015088339521565575,0.033892705757989416,0.019511443410613505,0.014911660478434438
39.81033056435467,23.983501048400463,40.735483336269056,0.0331890201352823,0.04048882272688131,0.015088339685476793,0.03389301918971144,0.01951117727311874,0.01491166031452322
39.81466052904743,23.986836454529893,40.71192903310102,0.03318870923908762,0.0404890859108305,0.015088339846144494,0.033893330085906115,0.01951091408916955,0.014911660153855519
39.818990679130195,23.99017205984103,40.688381036219795,0.03318840085891017,0.040489346150578365,0.01508834000385302,0.033893638466083564,0.01951065384942169,0.014911659996146992
39.823321014861946,23.993507864539588,40.66483934980935,0.03318809497472236,0.040489603477510405,0.015088340158981764,0.03389394435027138,0.019510396522489648,0.014911659841018249
39.827651536488816,23.996843868821202,40.64130397804842,0.03318779156610646,0.04048985792194282,0.01508834031207136,0.033894247758887275,0.019510142078057235,0.014911659687928652
39.83198224423633,24.00018007286536,40.61777492514025,0.03318749061181481,0.040490109512540506,0.015088340463940586,0.03389454871317893,0.019509890487459547,0.014911659536059427
39.83631313829451,24.00351647682372,40.594252195372114,0.03318719208888793,0.040490358275169,0.015088340615898865,0.03389484723610581,0.01950964172483105,0.014911659384101147
39.84064421986853,24.00685308163764,40.57073578939854,0.03318689601314467,0.04049060430026885,0.015088340746124376,0.03389514331184906,0.019509395699731202,0.014911659253875637
39.844975488476464,24.0101898869371,40.5472257136851,0.033186602340956606,0.04049084757330179,0.015088340873021605,0.03389543698403713,0.019509152426698262,0.014911659126978408
39.84930694437098,24.013526892922652,40.52372197212078,0.03318631105353048,0.04049108812434832,0.015088340996729455,0.033895728271463255,0.019508911875651735,0.014911659003270558
39.85363858779812,24.016864099789615,40.50022456856945,0.03318602213193789,0.04049132598284427,0.01508834111742341,0.03389601719305585,0.01950867401715578,0.014911658882576603
39.85797041899568,24.020201507726796,40.47673350687803,0.03318573555697263,0.04049156117742647,0.0150883412353216,0.03389630376802111,0.01950843882257358,0.014911658764678412
39.86230243819361,24.023539116916847,40.45324879087572,0.03318545130913947,0.04049179373594736,0.015088341350662088,0.03389658801585427,0.019508206264052697,0.014911658649337925
39.86663464562257,24.02687692754288,40.42977042434008,0.033185169369226,0.04049202368617161,0.015088341463612626,0.03389686995576774,0.019507976313828446,0.014911658536387387
39.87096704153861,24.030214939807955,40.4062984108928,0.03318488972010142,0.04049225105789889,0.015088341574047759,0.03389714960489232,0.019507748942101166,0.014911658425952254
39.87529962626593,24.033553153968732,40.3828327538213,0.033184612349775156,0.04049247588659288,0.015088341681152015,0.03389742697521858,0.01950752411340717,0.014911658318847998
39.879632400234755,24.03689157036514,40.35937345592763,0.03318433725375697,0.040492698216376966,0.015088341782936068,0.03389770207123677,0.019507301783623088,0.014911658217063944
39.883965363408905,24.040230188971183,40.33592052184514,0.0331840643984313,0.04049291805411975,0.015088341883330303,0.033897974926562435,0.0195070819458803,0.01491165811666971
39.88829851612945,24.043569010055613,40.312473954737314,0.033183793769435255,0.04049313543361455,0.01508834197948114,0.03389824555555848,0.019506864566385507,0.014911658020518873
39.89263185851172,24.046908033712967,40.289033758393444,0.03318352535012159,0.040493350377943105,0.015088342076025038,0.033898513974872146,0.01950664962205695,0.014911657923974975
39.89696539084937,24.05024726017406,40.2655999361303,0.033183259120520336,0.040493562915216275,0.01508834216954863,0.0338987802044734,0.01950643708478378,0.014911657830451383
39.90129911337478,24.0535866896226,40.24217249138654,0.033182995061320386,0.04049377307102775,0.015088342258962412,0.03389904426367335,0.019506226928972303,0.014911657741037601
39.90563302629795,24.056926322225767,40.21875142755716,0.03318273315684955,0.04049398087185696,0.015088342345174144,0.03389930616814418,0.019506019128143093,0.014911657654825869
39.909967129830065,24.060266158151716,40.195336747988655,0.033182473392316836,0.04049418634415164,0.015088342429006349,0.0338995659326769,0.019505813655848414,0.014911657570993664
39.91430142419261,24.06360619757619,40.17192845597516,0.033182215751539956,0.0404943895140652,0.01508834251047153,0.03389982357345378,0.019505610485934854,0.014911657489528482
39.91863590960165,24.06694644067069,40.14852655478932,0.033181960218200246,0.04049459040721909,0.01508834258960877,0.03390007910679349,0.019505409592780965,0.014911657410391244
39.9229705862697,24.070286887603896,40.125131047675495,0.03318170677600801,0.04049478904885301,0.015088342666465707,0.03390033254898572,0.019505210951147045,0.014911657333534306
39.927305454406444,24.073627538542237,40.10174193784677,0.03318145540875789,0.04049498546389402,0.015088342741093344,0.03390058391623585,0.019505014536106036,0.014911657258906669
39.93164051421907,24.076968393650187,40.078359228484274,0.033181206100348415,0.04049517967698607,0.015088342813543473,0.03390083322464532,0.019504820323013983,0.01491165718645654
39.935975765917235,24.080309453094017,40.05498292272534,0.033180958834426066,0.04049537171264528,0.015088342883659622,0.03390108049056767,0.019504628287354775,0.01491165711634039
39.94031120969967,24.0836507170316,40.03161302369709,0.03318071359515784,0.04049556159483886,0.015088342951647571,0.033901325729835896,0.019504438405161195,0.014911657048352442
39.94464684576002,24.08699218561692,40.00824953449317,0.03318047036731381,0.040495749347465304,0.015088343018010986,0.03390156895767993,0.01950425065253475,0.014911656981989027
39.9489826742972,24.090333859007913,39.98489245816552,0.03318022913527802,0.04049593499415205,0.015088343082764535,0.03390181018971572,0.019504065005848004,0.014911656917235477
39.95331869551315,24.093675737364535,39.96154179773234,0.03317998988299925,0.04049611855812896,0.015088343145512967,0.033902049441994486,0.019503881441871096,0.014911656854487046
39.95765490960186,24.097017820840833,39.9381975561862,0.03317975259507849,0.04049630006248767,0.015088343206290919,0.03390228672991524,0.019503699937512387,0.014911656793709094
39.96199131675512,24.100360109589033,39.914859736489746,0.03317951725623719,0.040496479530070906,0.015088343265139595,0.033902522068756547,0.019503520469929148,0.014911656734860418
39.9663279171625,24.10370260375963,39.891528341576105,0.033179283851313135,0.04049665698347432,0.015088343322103792,0.0339027554736806,0.01950334301652573,0.01491165667789622
39.9706647110114,24.1070453035014,39.86820337434924,0.03317905236491697,0.04049683244504515,0.015088343377230001,0.033902986960076764,0.019503167554954903,0.014911656622770011
39.97500169848712,24.110388208961467,39.84488483768433,0.033178822781172235,0.04049700593687788,0.01508834343056488,0.0339032165438215,0.01950299406312217,0.014911656569435133
39.97933887977279,24.11373132028521,39.8215727344281,0.0331785950851457,0.04049717748082676,0.015088343482159844,0.033903444239848035,0.01950282251917329,0.014911656517840169
39.983676255048145,24.11707463761541,39.79826706740105,0.0331783692630947,0.040497347098514824,0.015088343532151702,0.03390367006189904,0.01950265290148523,0.014911656467848311
39.98801382449224,24.120418161094193,39.774967839394385,0.03317814530068469,0.040497514811312474,0.015088343580581781,0.033903894024309045,0.01950248518868758,0.014911656419418232
39.992351588282304,24.12376189086229,39.751675053171354,0.033177923183870195,0.04049768064036424,0.015088343627481293,0.03390411614112354,0.01950231935963581,0.01491165637251872
39.996689546593856,24.127105827059047,39.72838871146733,0.0331777028988372,0.040497844606596445,0.015088343672871624,0.033904336426156534,0.01950215539340361,0.01491165632712839
40.00102769960001,24.130449969821903,39.70510881699228,0.033177484432033166,0.04049800673068649,0.01508834371678977,0.03390455489296057,0.019501993269313567,0.014911656283210242
40.00536604747188,24.13379431928672,39.681835372429795,0.0331772677701615,0.0404981670330829,0.015088343759271372,0.033904771554832236,0.019501832966917154,0.01491165624072864
40.00970459037852,24.137138875587738,39.658568380437565,0.033177052900254744,0.04049832553400634,0.01508834380035938,0.03390498642473899,0.019501674465993712,0.014911656199640633
40.01404332848666,24.140483638857354,39.635307843648235,0.03317683980992342,0.04049848225345054,0.015088343840120547,0.03390519951507032,0.019501517746549513,0.014911656159879466
40.01838226196176,24.143828609226965,39.612053764667934,0.03317662848729924,0.04049863721118929,0.015088343878582058,0.033905410837694494,0.01950136278881076,0.014911656121417954
40.02272139096739,24.14717378682644,39.58880614607785,0.03317641889324835,0.04049879042695548,0.01508834391577124,0.03390562043174539,0.019501209573044576,0.014911656084228772
40.02706071566526,24.15051917178417,39.565564990434424,0.033176211031671565,0.040498941920104115,0.015088343951715572,0.03390582829332217,0.01950105807989594,0.014911656048284441
40.031400236215205,24.153864764227073,39.54233030026959,0.03317600488895173,0.04049909170977728,0.015088343986442224,0.03390603443604201,0.019500908290222774,0.01491165601355779
40.03573995277522,24.157210564280632,39.519102078091166,0.03317580045157881,0.040499239814905996,0.015088344019978564,0.03390623887341493,0.019500760185094057,0.014911655980021449
40.040079865501525,24.16055657206888,39.49588032638306,0.03317559770614864,0.04049938625421279,0.015088344052351543,0.033906441618845096,0.019500613745787265,0.01491165594764847
40.04441997454853,24.163902787714445,39.47266504760564,0.03317539663936242,0.04049953104621412,0.015088344083587904,0.033906642685631316,0.019500468953785932,0.014911655916412109
40.04876028006892,24.167249211338557,39.44945624419589,0.03317519723802537,0.04049967420922229,0.015088344113714236,0.03390684208696837,0.01950032579077776,0.014911655886285777
40.05310078221356,24.170595843061058,39.42625391856787,0.03317499948904462,0.04049981576134798,0.015088344142756699,0.033907039835949115,0.019500184238652074,0.014911655857243314
40.05744148113169,24.173942683000412,39.40305807311288,0.03317480337942802,0.04049995572050186,0.015088344170741202,0.03390723594556572,0.019500044279498197,0.01491165582925881
40.061782376970726,24.17728973127375,39.37986871019976,0.03317460889628193,0.04050009410439809,0.015088344197693629,0.033907430428711804,0.019499905895601966,0.014911655802306384
40.06612346987649,24.18063698799685,39.35668583217519,0.033174416026808484,0.04050023093055505,0.015088344223639208,0.03390762329818525,0.019499769069445005,0.014911655776360805
40.07046475999308,24.18398445328416,39.33350944136395,0.03317422475830356,0.040500366216298045,0.015088344248602656,0.033907814566690175,0.01949963378370201,0.014911655751397357
40.074806247463,24.187332127248848,39.310339540069165,0.033174035078154585,0.04050049997876187,0.015088344272608273,0.03390800424683915,0.01949950002123818,0.01491165572739174
40.07914793242706,24.19068001000277,39.2871761305726,0.03317384697383824,0.0405006322348917,0.015088344295679873,0.0339081923511555,0.019499367765108355,0.01491165570432014
40.08348981502449,24.194028101656492,39.26401921513491,0.03317366043291886,0.040500763001446616,0.015088344317841049,0.033908378892074875,0.019499236998553438,0.014911655682158964
40.08783189539293,24.197376402319343,39.24086879599595,0.03317347544304661,0.04050089229500092,0.015088344339114865,0.03390856388194713,0.01949910770499913,0.014911655660885148
40.09217417366843,24.200724912099368,39.217724875374984,0.033173291991956066,0.04050102013194595,0.015088344359524025,0.03390874733303767,0.0194989798680541,0.014911655640475988
40.096516649985475,24.204073631103405,39.194587455470824,0.03317311006746454,0.04050114652849257,0.015088344379090707,0.0339089292575292,0.019498853471507482,0.014911655620909306
40.100859324477,24.207422559437042,39.17145653846233,0.03317292965747165,0.040501271500672786,0.015088344397836795,0.033909109667522086,0.019498728499327267,0.014911655602163218
40.10520219727444,24.210771697204674,39.148332126508464,0.03317275074995868,0.04050139506434214,0.015088344415783703,0.03390928857503506,0.019498604935657915,0.01491165558421631
40.1095452685077,24.21412104450949,39.12521422174859,0.03317257333298723,0.04050151723518114,0.015088344432952441,0.033909465992006504,0.019498482764818914,0.014911655567047571
40.113888538305176,24.217470601453496,39.10210282630268,0.03317239739469979,0.04050163802869744,0.015088344449363592,0.03390964193029394,0.019498361971302614,0.014911655550636421
40.11823200679383,24.220820368137524,39.07899794227168,0.03317222292331934,0.04050175746022788,0.015088344465037387,0.0339098164016744,0.01949824253977217,0.014911655534962626
40.122575674099146,24.224170344661257,39.05589957173766,0.03317204990714889,0.04050187554494,0.01508834447999377,0.033909989417844844,0.01949812445506005,0.014911655520006242
40.12691954034511,24.22752053112322,39.03280771676394,0.03317187833457197,0.04050199229783419,0.015088344494252212,0.03391016099042177,0.019498007702165865,0.0149116555057478
40.13126360565438,24.230870927620813,39.00972237939545,0.03317170819405252,0.04050210773374563,0.015088344507831794,0.03391033113094122,0.019497892266254424,0.014911655492168219
40.13560787014811,24.234221534250317,38.98664356165905,0.03317153947413409,0.040502221867345534,0.01508834452075107,0.03391049985085964,0.01949777813265452,0.014911655479248942
40.1399523339461,24.23757235110689,38.963571265563445,0.03317137216344174,0.040502334713143406,0.015088344533028195,0.033910667161552,0.019497665286856647,0.014911655466971818
40.14429699716676,24.24092337828462,38.94050549832254,0.03317120625068065,0.040502446285488714,0.015088344544681054,0.033910833074313085,0.01949755371451134,0.014911655455318959
40.14864185992714,24.244274615876492,38.917446256592534,0.033171041724636696,0.040502556598572714,0.015088344555727037,0.03391099760035704,0.01949744340142734,0.014911655444272975
40.15298692234293,24.24762606397442,38.894393542330405,0.03317087857417683,0.040502665666430016,0.015088344566183284,0.033911160750816904,0.019497334333570038,0.014911655433816728
40.157332184528485,24.250977722669255,38.871347357476026,0.03317071678824879,0.040502773502940626,0.015088344576066531,0.03391132253674495,0.019497226497059428,0.014911655423933481
40.161677646596836,24.254329592050816,38.84830770395246,0.03317055635587801,0.040502880121831286,0.015088344585126257,0.033911482969115725,0.019497119878168767,0.014911655414873756
40.16602330865966,24.25768167220783,38.82527458366607,0.033170397266171825,0.04050298553667714,0.01508834459322933,0.03391164205882191,0.019497014463322915,0.014911655406770682
40.170369170827314,24.261033963228005,38.80224799850683,0.03317023950831943,0.04050308976090361,0.015088344600403383,0.033911799816674304,0.019496910239096443,0.01491165539959663
40.174715233208914,24.264386465198022,38.77922795034834,0.033170083071590584,0.04050319280778808,0.015088344606675894,0.03391195625340315,0.019496807192211973,0.01491165539332412
40.179061495912265,24.267739178203556,38.75621444104831,0.03316992794533519,0.040503294690461655,0.015088344612074298,0.03391211137965855,0.019496705309538398,0.014911655387925715
40.18340795904396,24.27109210232931,38.73320747244837,0.033169774118983086,0.040503395421910116,0.015088344616626045,0.03391226520601065,0.019496604578089938,0.014911655383373967
40.18775462270935,24.274445237658984,38.71020704637467,0.033169621582043896,0.040503495014976354,0.01508834462035849,0.03391241774294984,0.0194965049850237,0.014911655379641522
40.19210148701251,24.277798584275327,38.68721316463775,0.03316947032410661,0.040503593482361655,0.015088344623298819,0.03391256900088713,0.0194964065176384,0.014911655376701194
40.19644855205638,24.281152142260108,38.66422582903292,0.03316932033483927,0.040503690836627027,0.015088344625474454,0.03391271899015447,0.019496309163373027,0.01491165537452556
40.20079581794267,24.284505911694172,38.64124504134034,0.033169171603988634,0.04050378709019514,0.015088344626912498,0.0339128677210051,0.01949621290980491,0.014911655373087515
40.205143284771886,24.2878598926574,38.61827080332534,0.03316902412137929,0.04050388225535129,0.015088344627639333,0.03391301520361445,0.019496117744648767,0.01491165537236068
40.20949095264342,24.291214085228773,38.59530311673842,0.03316887787691397,0.04050397634424552,0.015088344627682188,0.033913161448079765,0.019496023655754535,0.014911655372317825
40.21383882165546,24.294568489486338,38.57234198331565,0.03316873286057276,0.04050406936889406,0.015088344627068262,0.03391330646442098,0.019495930631105995,0.01491165537293175
40.21818689190506,24.297923105507223,38.54938740477862,0.033168589062418374,0.040504161341181066,0.015088344626332226,0.03391345026257536,0.019495838658818987,0.014911655373667787
40.22253516348824,24.30127793336774,38.52643938283472,0.033168446472588264,0.04050425227285964,0.015088344625804218,0.03391359285240547,0.01949574772714041,0.014911655374195795
40.226883636499906,24.304632973143327,38.503497919177136,0.033168305081289096,0.040504342175553265,0.015088344625113007,0.03391373424370464,0.019495657824446788,0.014911655374887006
40.231232311033814,24.307988224908513,38.480563015485394,0.03316816487880431,0.04050443106075724,0.015088344624082886,0.03391387444618943,0.019495568939242813,0.014911655375917127
40.23558118718262,24.311343688736926,38.45763467342546,0.0331680258554829,0.04050451893983742,0.015088344621849673,0.03391401346951084,0.019495481060162634,0.01491165537815034
40.23993026503773,24.31469936470124,38.43471289464986,0.033167888001744084,0.040504605824032924,0.015088344617353061,0.03391415132324965,0.01949539417596713,0.014911655382646952
40.244279544689356,24.318055252873165,38.411797680798074,0.03316775130809024,0.04050469172446036,0.015088344610406479,0.03391428801690349,0.01949530827553969,0.014911655389593534
40.248629026226595,24.32141135332355,38.3888890334964,0.033167615765115455,0.040504776652117214,0.015088344602295564,0.03391442355987828,0.01949522334788284,0.014911655397704449
40.25297870973769,24.324767666122547,38.36598695435798,0.033167481363552354,0.04050486061788894,0.015088344599951425,0.03391455796144138,0.019495139382111115,0.014911655400048587
40.25732859531086,24.328124191340237,38.34309144498161,0.0331673480941459,0.040504943632537316,0.015088344604039322,0.03391469123084784,0.019495056367462738,0.01491165539596069
40.26167868303338,24.33148092904597,38.32020250695328,0.033167215947632,0.04050502570669906,0.015088344607759985,0.033914823377361736,0.019494974293300993,0.014911655392240028
40.26602897299051,24.334837879307536,38.29732014184797,0.03316708491488041,0.040505106850892814,0.0150883446111338,0.03391495441011333,0.01949489314910724,0.014911655388866213
40.27037946526653,24.338195042191927,38.274444351228155,0.033166954986831365,0.040505187075521976,0.015088344614177504,0.03391508433816237,0.019494812924478078,0.014911655385822509
40.27473015994471,24.341552417765357,38.25157513664418,0.033166826154495455,0.04050526639087454,0.015088344616904503,0.03391521317049828,0.019494733609125514,0.01491165538309551
40.27908105710735,24.34491000609325,38.22871249963433,0.03316669840895309,0.0405053448071252,0.015088344619326649,0.03391534091604065,0.019494655192874855,0.014911655380673364
40.28343215683577,24.348267807240266,38.205856441701435,0.03316657174135357,0.04050542233433618,0.015088344621454933,0.03391546758364017,0.01949457766566387,0.01491165537854508
40.287783459210324,24.351625821270304,38.183006964348515,0.033166446142915085,0.04050549898245909,0.01508834462330011,0.03391559318207865,0.019494501017540966,0.014911655376699903
40.29213496431044,24.354984048246507,38.16016406908121,0.033166321604924,0.04050557476133526,0.015088344624872782,0.03391571772006974,0.019494425238664792,0.01491165537512723
40.29648667221457,24.358342488231266,38.13732775739364,0.03316619811873445,0.04050564968069742,0.015088344626183275,0.03391584120625929,0.019494350319302634,0.014911655373816737
40.30083858300027,24.361701141286247,38.114498030768615,0.03316607567576768,0.04050572375017136,0.015088344627241776,0.033915963649226055,0.01949427624982869,0.014911655372758237
40.30519069674416,24.36506000747238,38.09167489067751,0.0331659542675119,0.040505796979275865,0.015088344628057998,0.03391608505748184,0.019494203020724188,0.014911655371942015
40.30954301352194,24.368419086849876,38.06885833858061,0.033165833885175355,0.040505869377415404,0.01508834459507015,0.03391620543981838,0.01949413062258465,0.014911655404929863
40.313895533403574,24.37177837947455,38.04604837593402,0.03316571452071693,0.04050594095389615,0.0150883445653721,0.03391632480427681,0.019494059046103906,0.014911655434627913
40.31824825646349,24.375137885405586,38.023245004175386,0.033165596165761924,0.040506011717916346,0.015088344533438575,0.03391644315923181,0.019493988282083707,0.014911655466561438
40.32260118277443,24.378497604700847,38.00044822473285,0.033165478812038796,0.04050608167857306,0.015088344498016812,0.03391656051295494,0.019493918321426995,0.014911655501983201
40.3269543124081,24.381857537417375,37.97765803902412,0.03316536245139173,0.04050615084486803,0.01508834446258897,0.033916676873602,0.019493849155132026,0.014911655537411042
40.33130764543583,24.38521768361192,37.954874448455804,0.03316524707572527,0.04050621922571024,0.015088344429592379,0.03391679224926847,0.019493780774289815,0.014911655570407634
40.33566118192847,24.38857804334081,37.93209745442372,0.03316513267700705,0.04050628682991447,0.015088344401013268,0.03391690664798669,0.01949371317008558,0.014911655598986745
40.34001492195634,24.391938616659928,37.90932705831301,0.03316501924726839,0.04050635366619465,0.015088344378572802,0.033917020077725346,0.019493646333805403,0.014911655621427211
40.34436886558912,24.395299403624684,37.886563261498516,0.033164906778599956,0.04050641974317015,0.015088344363381162,0.03391713254639378,0.0194935802568299,0.01491165563661885
40.34872301289586,24.398660404289956,37.86380606534487,0.03316479526315008,0.04050648506936444,0.015088344356050581,0.033917244061843654,0.019493514930635614,0.014911655643949431
40.35307736394488,24.40202161871003,37.84105547120681,0.03316468469311856,0.040506549653209545,0.015088344355841457,0.033917354631875174,0.01949345034679051,0.014911655644158556
40.35743191880358,24.405383046938496,37.8183114804295,0.03316457506068876,0.04050661350304152,0.015088344354585226,0.033917464264304975,0.01949338649695853,0.014911655645414787
40.36178667753739,24.408744689027404,37.7955740943502,0.03316446635818038,0.04050667662710539,0.015088344352211569,0.03391757296681336,0.019493323372894666,0.014911655647788444
40.36614164021093,24.41210654502816,37.77284331429677,0.03316435857797462,0.04050673903355595,0.01508834434866245,0.03391768074701912,0.019493260966444104,0.014911655651337563
40.37049680688801,24.41546861499156,37.7501191415877,0.03316425171251419,0.04050680073045898,0.015088344343890545,0.033917787612479544,0.019493199269541073,0.014911655656109468
40.37485217763174,24.41883089896778,37.727401577532405,0.03316414575430182,0.040506861725790766,0.015088344337857856,0.033917893570691915,0.019493138274209287,0.014911655662142156
40.37920775250435,24.42219339700638,37.704690623421854,0.03316404069590023,0.04050692202743977,0.015088344330533535,0.033917998629093504,0.01949307797256028,0.014911655669466478
40.383563531567404,24.425556109156325,37.68198628054581,0.033163936529930216,0.04050698164320654,0.015088344321892891,0.03391810279506352,0.019493018356793512,0.014911655678107122
40.38791951488167,24.42891903546598,37.659288550186815,0.033163833249070684,0.04050704058080379,0.015088344311915691,0.03391820607592305,0.019492959419196265,0.014911655688084322
40.39227570250719,24.432282175983122,37.63659743361877,0.03316373084605723,0.04050709884785708,0.015088344300585449,0.03391830847893651,0.019492901152142972,0.014911655699414564
40.396632094503246,24.435645530754947,37.61391293210683,0.033163629313680776,0.04050715645190539,0.015088344287888467,0.03391841001131296,0.019492843548094663,0.014911655712111546
40.40098869092843,24.439009099828077,37.591235046907684,0.033163528644787166,0.04050721340040081,0.015088344273813448,0.03391851068020657,0.019492786599599243,0.014911655726186565
40.40534549184059,24.442372883248566,37.56856377926965,0.03316342883227602,0.04050726970070945,0.01508834425835126,0.033918610492717716,0.019492730299290606,0.014911655741648752
40.409702497296905,24.445736881061904,37.54589913043267,0.033163329869099256,0.04050732536011126,0.015088344241494689,0.03391870945589448,0.019492674639888796,0.014911655758505324
40.414059707353786,24.449101093313022,37.523241101628564,0.03316323174826058,0.04050738038580065,0.0150883442232385,0.033918807576733156,0.019492619614199402,0.014911655776761512
40.41841712206702,24.452465520046303,37.50058969408097,0.03316313446284652,0.04050743478467678,0.015088344226747999,0.033918904862147214,0.019492565215323276,0.014911655773252014
40.422774741494905,24.455830161308043,37.47794490900111,0.033163038005778134,0.0405074885637739,0.015088344229993736,0.0339190013192156,0.019492511436226156,0.014911655770006277
40.42713256569205,24.45919501714169,37.455306747596424,0.03316294237022349,0.04050754173004689,0.015088344232982914,0.033919096954770245,0.01949245826995316,0.014911655767017098
40.43149059471235,24.462560087590155,37.4326752110666,0.03316284754940474,0.040507594290373705,0.015088344235722681,0.033919191775589,0.019492405709626348,0.014911655764277332
40.435848828609075,24.465925372695846,37.41005030060356,0.0331627535365972,0.04050764625155556,0.015088344238219725,0.033919285788396536,0.01949235374844449,0.014911655761780288
40.44020726743484,24.469290872500636,37.38743201739173,0.03316266032512899,0.040507697620317806,0.015088344240480583,0.03391937899986475,0.019492302379682247,0.01491165575951943
40.44456591124161,24.472656587045904,37.36482036260794,0.03316256790838129,0.040507748403311006,0.015088344242511709,0.033919471416612446,0.019492251596689047,0.014911655757488304
40.4489247600807,24.476022516372502,37.34221533742155,0.03316247627978697,0.0405077986071119,0.015088344244319152,0.03391956304520677,0.019492201392888153,0.014911655755680861
40.4532838140028,24.479388660520797,37.3196169429946,0.033162385432831176,0.0405078482382244,0.015088344245908755,0.03391965389216256,0.019492151761775656,0.014911655754091258
40.45764307305802,24.482755019530664,37.29702518048198,0.03316229536104992,0.04050789730308002,0.015088344247286348,0.033919743963943816,0.019492102696920033,0.014911655752713665
40.4620025372958,24.486121593441474,37.27444005103138,0.03316220605803061,0.040507945808039514,0.0150883442484573,0.03391983326696313,0.01949205419196054,0.014911655751542713
40.466362206764984,24.489488382292137,37.251861555783435,0.03316211751741144,0.04050799375939307,0.015088344249426885,0.0339199218075823,0.019492006240606985,0.014911655750573127
40.47072208151383,24.492855386121064,37.22928969587185,0.03316202973288046,0.0405080411633611,0.0150883442502001,0.033920009592113276,0.019491958836638956,0.014911655749799912
40.47508216158999,24.496222604966203,37.20672447242337,0.033161942698175906,0.04050808802609546,0.015088344250781746,0.03392009662681783,0.019491911973904597,0.014911655749218267
40.47944244704051,24.499590038865033,37.18416588655807,0.033161856407085355,0.04050813435368017,0.015088344251176333,0.03392018291790838,0.019491865646319884,0.01491165574882368
40.483802937911875,24.50295768785457,37.16161393938924,0.033161770853445904,0.04050818015213209,0.015088344251388136,0.03392026847154783,0.019491819847867964,0.014911655748611877
40.48816363425,24.50632555197137,37.13906863202356,0.03316168603114317,0.040508225417056454,0.015088344251421124,0.03392035329385057,0.0194917745829436,0.01491165574857889
40.49252453610106,24.509693631252205,37.11652996555739,0.0331616019339791,0.040508270167078975,0.015088344251272562,0.033920437391014635,0.01949172983292108,0.014911655748727451
40.496885643509586,24.513061925732572,37.09399794108549,0.033161518555946345,0.04050831440764224,0.01508834425094309,0.03392052076904739,0.01949168559235781,0.014911655749056923
40.501246956519616,24.516430435447525,37.07147255969596,0.03316143589108411,0.04050835814416798,0.015088344250434815,0.033920603433909624,0.019491641855832076,0.014911655749565197
40.50560847517466,24.519799160431727,37.04895382247054,0.033161353933478355,0.040508401382052694,0.015088344249749516,0.03392068539151538,0.01949159861794736,0.014911655750250496
40.50997019951769,24.523168100719424,37.02644173048462,0.033161272677261044,0.040508444126662824,0.015088344248888691,0.03392076664773269,0.01949155587333723,0.014911655751111322
40.514332129591196,24.526537256344454,37.00393628480736,0.033161192116610505,0.04050848638332816,0.015088344247933913,0.03392084720838323,0.019491513616671896,0.0149116557520661
40.518694265437134,24.529906627340253,36.9814374865017,0.033161112245750635,0.0405085281573333,0.01508834424701816,0.0339209270792431,0.019491471842666752,0.014911655752981853
40.52305660709699,24.533276213739864,36.958945336624566,0.03316103305894902,0.040508569453908405,0.015088344246082061,0.03392100626604472,0.019491430546091648,0.014911655753917952
40.52741915461175,24.536646015575933,36.93645983622682,0.03316095455051832,0.0405086102782139,0.015088344245114516,0.03392108477447542,0.019491389721786156,0.014911655754885497
40.531781908021856,24.54001603288072,36.913980986353316,0.03316087671481743,0.040508650635320165,0.015088344244091806,0.0339211626101763,0.01949134936467989,0.014911655755908207
40.53614486736734,24.543386265686078,36.89150878804323,0.03316079954624829,0.040508690530165314,0.015088344243014987,0.03392123977874545,0.01949130946983474,0.014911655756985026
40.54050803268768,24.546756714023502,36.869043242329894,0.033160723039255824,0.040508729967489554,0.015088344241884849,0.03392131628573791,0.0194912700325105,0.014911655758115164
40.54487140402195,24.55012737792411,36.84658435024074,0.03316064718839773,0.040508768954661545,0.01508834421832822,0.03392139213659601,0.01949123104533851,0.014911655781671793
40.54923498140555,24.55349825741625,36.82413211280247,0.03316057198840111,0.04050880749547697,0.015088344199850376,0.033921467336592626,0.01949119250452308,0.014911655800149637
40.55359876487712,24.5568693525307,36.80168653103111,0.03316049743371302,0.04050884559481244,0.015088344185645017,0.033921541891280715,0.019491154405187616,0.014911655814354996
40.55796275447477,24.560240663297783,36.77924760593727,0.03316042351890719,0.040508883257593775,0.015088344171367632,0.03392161580608655,0.019491116742406278,0.01491165582863238
40.56232695023553,24.563612189747033,36.75681533852706,0.033160350238639724,0.040508920488646905,0.015088344157289463,0.03392168908635401,0.01949107951135315,0.01491165584271055
40.56669135219606,24.566983931907664,36.734389729801194,0.033160277587610254,0.040508957292906544,0.015088344143580568,0.03392176173738348,0.01949104270709351,0.014911655856419445
40.57105596039254,24.57035588980854,36.71197078075517,0.03316020556056032,0.04050899367557165,0.015088344130370746,0.03392183376443342,0.019491006324428406,0.014911655869629267
40.575420774860774,24.57372806347815,36.68955849237947,0.03316013415227381,0.040509029641315364,0.015088344117771185,0.033921905172719924,0.01949097035868469,0.014911655882228828
40.579785795636056,24.57710045294466,36.667152865659425,0.033160063357575376,0.040509065199378524,0.015088344105881502,0.03392197596741836,0.01949093480062153,0.014911655894118511
40.58415102275275,24.580473058235455,36.64475390157784,0.03315999317118634,0.04050910035403271,0.0150883440947924,0.033922046153807395,0.01949089964596734,0.014911655905207613
40.58851645624502,24.583845879377776,36.6223616011117,0.03315992358804781,0.040509135103814375,0.015088344084586883,0.033922115736945924,0.019490864896185678,0.01491165591541313
40.59288209614724,24.587218916398992,36.59997596523035,0.03315985460314108,0.04050916944969968,0.015088344075340696,0.033922184721852655,0.019490830550300375,0.014911655924659317
40.59724794249312,24.59059216932601,36.577596994897704,0.03315978621155252,0.04050920339948644,0.01508834406716053,0.033922253113441214,0.019490796600513616,0.014911655932839482
40.601613995315375,24.59396563818494,36.55522469107465,0.03315971840834081,0.040509236959645534,0.015088344058207734,0.033922320916652926,0.01949076304035452,0.014911655941792279
40.60598025464688,24.597339323001982,36.53285905471662,0.03315965118855857,0.04050927013441097,0.015088344045997348,0.033922388136435166,0.019490729865589085,0.014911655954002664
40.61034672051922,24.60071322380235,36.51050008677625,0.03315958454732176,0.04050930292804883,0.01508834403132854,0.03392245477767197,0.019490697071951224,0.014911655968671472
40.614713392963694,24.604087340611056,36.48814778820145,0.03315951847978671,0.04050933534504492,0.015088344014888053,0.03392252084520703,0.019490664654955137,0.01491165598511196
40.61908027201134,24.607461673452825,36.46580215993555,0.03315945298114559,0.040509367389765516,0.015088343997264872,0.03392258634384815,0.019490632610234537,0.01491165600273514
40.6234473576928,24.610836222352138,36.4434632029175,0.03315938804662505,0.04050939906643558,0.015088343978963664,0.03392265127836869,0.019490600933564473,0.014911656021036349
40.6278146500384,24.614210987333184,36.42113091808045,0.03315932367148461,0.040509430409631175,0.01508834396041682,0.03392271565350913,0.019490569590368878,0.014911656039583193
40.63218214907464,24.617585968417124,36.39880530636894,0.03315925985070084,0.04050946136184069,0.015088343939414398,0.0339227794742929,0.01949053863815936,0.014911656060585615
40.636549854832765,24.620961165628913,36.37648636869774,0.033159196579896966,0.040509491968432065,0.015088343911417973,0.03392284274509677,0.019490508031567988,0.01491165608858204
40.64091776733584,24.624336578987155,36.35417410600359,0.03315913385455643,0.040509522221026495,0.015088343876118002,0.0339229054704373,0.01949047777897356,0.014911656123882011
40.64528588661419,24.627712208515984,36.33186851920068,0.03315907167000531,0.0405095521202834,0.015088343833014745,0.03392296765498842,0.019490447879716655,0.014911656166985268
40.64965421269524,24.631088054237313,36.30956960920471,0.0331590100216263,0.0405095816780085,0.015088343781826316,0.033923029303367436,0.019490418321991554,0.014911656218173697
40.65402274560428,24.634464116171365,36.28727737693588,0.03315894890476301,0.04050961089076821,0.015088343722340247,0.03392309042023073,0.019490389109231843,0.014911656277659766
40.65839148536837,24.637840394339715,36.26499182330345,0.03315888831554503,0.04050963976551719,0.015088343728216408,0.033923151009448704,0.019490360234482862,0.014911656271783605
40.662760431922216,24.64121688869393,36.24271294935492,0.03315882825416022,0.04050966830577085,0.015088343739582663,0.033923211070833514,0.0194903316942292,0.01491165626041735
40.66712958516361,24.644593599157112,36.22044075622562,0.03315876872094076,0.04050969651443942,0.015088343763084683,0.03392327060405298,0.019490303485560634,0.01491165623691533
40.671498945727556,24.64797052621425,36.198175243670995,0.03315870969000029,0.04050972440463052,0.015088343767349965,0.03392332963499345,0.019490275595369533,0.014911656232650047
40.67586851326579,24.651347669600632,36.17591641328078,0.033158651169396924,0.040509751971446295,0.015088343771501658,0.03392338815559681,0.019490248028553758,0.014911656228498354
40.68023828775344,24.654725029298753,36.15366426599101,0.03315859315864844,0.04050977921894777,0.015088343778968172,0.033923446166345295,0.01949022078105228,0.014911656221031841
40.68460826927044,24.658102605369855,36.13141880262795,0.0331585356490538,0.04050980614862182,0.015088343785949351,0.03392350367593994,0.019490193851378235,0.014911656214050661
40.688978457890826,24.66148039787087,36.10918002401219,0.033158478632739186,0.04050983276057196,0.015088343789217057,0.03392356069225455,0.01949016723942809,0.014911656210782956
40.693348853596746,24.664858406789683,36.08694793104602,0.033158422109421715,0.04050985905809679,0.015088343792007144,0.03392361721557202,0.019490140941903267,0.014911656207992868
40.697719456408876,24.668236632143014,36.064722524601784,0.03315836607507738,0.040509885044323735,0.015088343794579379,0.03392367324991635,0.01949011495567632,0.014911656205420634
40.7020902663519,24.671615073950612,36.04250380553836,0.03315831052563434,0.040509910763268486,0.015088343797004411,0.0339237287993594,0.019490089236731567,0.014911656202995602
40.70646128343573,24.674993732220408,36.0202917747803,0.0331582554561024,0.04050993618462412,0.015088343799233364,0.03392378386889133,0.019490063815375935,0.014911656200766649
40.71083250751119,24.678372606839584,35.99808643350416,0.03315820086858973,0.0405099613089967,0.015088343810163898,0.03392383845640401,0.019490038691003353,0.014911656189836114
40.71520393867323,24.681751697880102,35.97588778252855,0.033158146751436524,0.04050998613751111,0.015088343824003994,0.03392389257355721,0.019490013862488942,0.014911656175996019
40.7195755772959,24.685131005628904,35.953695821977576,0.03315809309184453,0.040510010680784914,0.015088343824130088,0.033923946233149205,0.01948998931921514,0.014911656175869925
40.72394742319792,24.68851052995068,35.93151055290828,0.03315803990159755,0.04051003494435579,0.015088343824549752,0.03392399942339619,0.019489965055644265,0.01491165617545026
40.72831947637626,24.691890270842936,35.90933197628927,0.03315798717355284,0.04051005892801829,0.015088343824942063,0.0339240521514409,0.019489941071981765,0.01491165617505795
40.73269173683906,24.69527022831221,35.887160093023276,0.03315793490225716,0.04051008263299882,0.01508834382521608,0.03392410442273658,0.01948991736700123,0.014911656174783933
40.73706420461022,24.698650402377606,35.86499490393328,0.033157883084056816,0.04051010606219202,0.015088343825385736,0.03392415624093692,0.019489893937808034,0.014911656174614277
40.74143687971326,24.702030793057908,35.842836409838746,0.033157831715306674,0.04051012921860114,0.015088343825460662,0.03392420760968706,0.01948987078139891,0.01491165617453935
40.745809762171305,24.705411400371588,35.8206846115559,0.03315778079236609,0.04051015210529363,0.015088343825445771,0.03392425853262765,0.019489847894706425,0.014911656174554241
40.750182852006986,24.708792224336754,35.79853950989782,0.033157730311591915,0.04051017472540713,0.015088343825340605,0.03392430901340182,0.01948982527459292,0.014911656174659407
40.75455614924234,24.712173264971,35.77640110730262,0.033157680269327694,0.04051019708216996,0.015088343825138989,0.03392435905566604,0.01948980291783009,0.014911656174861024
40.75892965389866,24.715554522291356,35.75426940308489,0.033157630661887094,0.04051021917896552,0.015088343824828487,0.03392440866310664,0.01948978082103453,0.014911656175171525
40.7633033659955,24.71893599631343,35.73214439807016,0.03315758148543568,0.0405102410161331,0.01508834382437782,0.03392445783955805,0.019489758983866956,0.014911656175622193
40.76767728554803,24.72231768704934,35.71002609310113,0.033157532735629325,0.04051026259026641,0.01508834382371084,0.03392450658936441,0.019489737409733643,0.014911656176289173
40.772051412576104,24.725699594514985,35.68791448899142,0.0331574844087526,0.04051028390584721,0.015088343822842604,0.033924554916241134,0.019489716094152842,0.014911656177157409
40.776425747099324,24.72908171872604,35.665809586552015,0.0331574365011329,0.040510305019597626,0.015088343821784714,0.03392460282386084,0.019489694980402428,0.014911656178215299
40.78080028913247,24.732464059694358,35.6437113866108,0.03315738900955517,0.04051032588895237,0.015088343820547953,0.033924650315438565,0.019489674111047683,0.01491165617945206
40.78517503869391,24.735846617434646,35.62161988997615,0.03315734193051695,0.040510346516709816,0.015088343819155178,0.03392469739447679,0.019489653483290237,0.014911656180844834
40.789549995801806,24.73922939196148,35.599535097453966,0.03315729526051214,0.040510366905619766,0.015088343817612052,0.03392474406448159,0.019489633094380288,0.014911656182387961
40.793925160474124,24.742612383289206,35.577457009847315,0.03315724899606409,0.040510387058406094,0.015088343815924485,0.033924790328929644,0.01948961294159396,0.014911656184075528
40.79830053272849,24.74599559143195,35.555385627956674,0.033157203133724944,0.04051040697776037,0.01508834381409882,0.03392483619126879,0.019489593022239682,0.014911656185901193
40.80267611258226,24.749379016403637,35.53332095257992,0.03315715766897698,0.04051042666634452,0.015088343812141511,0.03392488165601676,0.01948957333365553,0.014911656187858502
40.80705190005028,24.752762658216113,35.51126298452421,0.0331571125980929,0.0405104461265105,0.015088343810028507,0.03392492672690084,0.01948955387348955,0.014911656189971506
40.81142789514942,24.7561465168829,35.48921172458251,0.033157067917691185,0.040510465360852455,0.015088343807762195,0.03392497140730255,0.0194895346391476,0.014911656192237818
40.81580409789635,24.75953059241737,35.467167173545185,0.033157023624425463,0.040510484371938826,0.015088343805366361,0.03392501570056827,0.019489515628061227,0.014911656194633652
40.8201805083075,24.762914884832682,35.44512933220021,0.033156979714979384,0.04051050316230875,0.01508834380288214,0.03392505961001435,0.0194894968376913,0.014911656197117873
40.824557126399085,24.76629939414181,35.423098201333104,0.03315693618606552,0.04051052173447106,0.015088343800357243,0.033925103138928214,0.019489478265528992,0.01491165619964277
40.82893395218704,24.76968412035754,35.401073781736564,0.033156893034424983,0.04051054009090571,0.0150883437977926,0.03392514629056875,0.019489459909094342,0.014911656202207413
40.83331098568709,24.77306906349245,35.37905607420835,0.03315685025682785,0.0405105582340638,0.015088343795189182,0.033925189068165884,0.019489441765936255,0.01491165620481083
40.837688226914686,24.77645422355895,35.35704507952329,0.03315680785007297,0.04051057616636827,0.01508834379254817,0.03392523147492077,0.01948942383363178,0.014911656207451843
40.84206567588506,24.77983960056924,35.3350407984536,0.03315676581098764,0.04051059389021422,0.015088343789870853,0.033925273514006093,0.019489406109785834,0.01491165621012916
40.84644333261322,24.783225194535344,35.31304323176909,0.033156724136323035,0.04051061140796908,0.01508834378715862,0.0339253151886707,0.019489388592030976,0.014911656212841393
40.85082119711386,24.786611005469055,35.29105238023738,0.033156682822909955,0.040510628721967146,0.015088343784413052,0.03392535650208378,0.019489371278032908,0.01491165621558696
40.85519926940147,24.789997033382,35.269068244623426,0.03315664186765316,0.040510645834518466,0.01508834378163558,0.03392539745734058,0.019489354165481587,0.014911656218364433
40.85957754949024,24.793383278285553,35.247090825690265,0.033156601267476604,0.040510662747897,0.01508834377882752,0.03392543805751713,0.019489337252103056,0.014911656221172492
40.86395603739422,24.79676974019098,35.22512012419815,0.03315656101934039,0.04051067946435927,0.015088343775990082,0.033925478305653345,0.019489320535640786,0.014911656224009931
40.868334733127234,24.800156419109392,35.20315614077932,0.03315652112023243,0.04051069598613577,0.015088343773124346,0.03392551820476131,0.019489304013864284,0.014911656226875666
40.87271363670289,24.80354331505169,35.181198876063974,0.03315648156716866,0.04051071231543241,0.015088343770231424,0.033925557757825076,0.019489287684567647,0.014911656229768588
40.87709274813459,24.806930428028643,35.15924833082605,0.03315644235719245,0.04051072845442982,0.015088343767312551,0.033925596967801286,0.01948927154557023,0.014911656232687462
40.881472067435524,24.81031775805084,35.13730450582684,0.03315640348737553,0.040510744405284405,0.015088343764368836,0.03392563583761821,0.01948925559471565,0.014911656235631177
40.885851594618686,24.813705305128707,35.115367401755776,0.033156364954816664,0.040510760170129057,0.01508834376140146,0.03392567437017707,0.019489239829870997,0.014911656238598553
40.8902313296965,24.81709306927221,35.093437019555125,0.033156326756555554,0.04051077575100415,0.015088343758390826,0.03392571256843818,0.019489224248995907,0.014911656241609186
40.894611272681374,24.82048105049132,35.07151336001737,0.033156288889684804,0.040510791149950154,0.015088343755321101,0.03392575043530893,0.0194892088500499,0.014911656244678911
40.8989914235858,24.82386924879605,35.04959642390443,0.033156251351394106,0.04051080631457893,0.015088343752194311,0.03392578797359963,0.019489193685421125,0.014911656247805702
40.90337178242687,24.827257664200115,35.02768621196339,0.03315621413852471,0.040510821304202194,0.015088343749010996,0.03392582518646903,0.01948917869579786,0.014911656250989017
40.90775234921649,24.830646296713056,35.00578272496245,0.03315617724834846,0.04051083612074302,0.015088343745772378,0.033925862076645275,0.019489163879257032,0.014911656254227634
40.91213312396634,24.834035146344277,34.983885963670765,0.03315614067816147,0.04051085076607569,0.015088343742479832,0.033925898646832264,0.019489149233924363,0.014911656257520181
40.91651410668795,24.83742421310305,34.9619959288581,0.03315610442528455,0.040510865242014416,0.015088343739135368,0.03392593489970919,0.019489134757985638,0.014911656260864645
40.920895297392676,24.840813496998493,34.94011262129432,0.033156068487063206,0.04051087955039834,0.015088343735741444,0.03392597083793053,0.019489120449601716,0.014911656264258569
40.92527669609167,24.8442029980396,34.91823604174869,0.0331560328608666,0.04051089369308758,0.015088343732301251,0.033926006464127134,0.019489106306912474,0.014911656267698761
40.92965830279594,24.847592716235205,34.89636619098278,0.0331559975440881,0.040510907671921725,0.01508834372881837,0.033926041780905636,0.019489092328078328,0.014911656271181642
40.93404011751626,24.850982651594002,34.874503069766604,0.033155962534144046,0.0405109214887201,0.015088343725297049,0.03392607679084969,0.019489078511279956,0.014911656274702964
40.93842214026331,24.854372804124555,34.852646678768146,0.03315592782847415,0.04051093514507825,0.015088343721742087,0.033926111496519584,0.0194890648549218,0.014911656278257926
40.94280437104753,24.857763173835295,34.83079701850227,0.033155893424540006,0.040510948642772715,0.01508834371815894,0.03392614590045373,0.01948905135722734,0.014911656281841074
40.94718680987923,24.861153760734535,34.80895408968988,0.03315585931982573,0.040510961983225235,0.015088343714553393,0.033926180005168005,0.019489038016774818,0.01491165628544662
40.9515694567686,24.86454456483046,34.787117893460945,0.03315582551183488,0.04051097516733909,0.015088343710931859,0.033926213813158856,0.01948902483266096,0.014911656289068154
40.955952311730684,24.86793558613516,34.765288430230044,0.033155791998662865,0.04051098819746085,0.015088343707344881,0.03392624732633087,0.019489011802539202,0.014911656292655132
40.96033537477651,24.87132682465754,34.74346570071587,0.033155758777969835,0.04051100107548122,0.01508834370380406,0.0339262805470239,0.01948899892451883,0.014911656296195952
40.96471864591575,24.874718280405375,34.7216497056406,0.033155725847291706,0.04051101380313116,0.0150883437003093,0.03392631347770203,0.019488986196868896,0.014911656299690712
40.96910212515789,24.878109953386307,34.69984044572474,0.03315569320418482,0.04051102638212267,0.01508834369686056,0.033926346120808915,0.01948897361787738,0.014911656303139453
40.97348581251224,24.88150184360785,34.67803792168709,0.03315566084622562,0.04051103881414869,0.015088343693457754,0.033926378478768116,0.01948896118585136,0.01491165630654226
40.97786970798796,24.884893951077395,34.656242134245,0.03315562877100958,0.0405110511008836,0.015088343690100758,0.033926410553984154,0.019488948899116454,0.014911656309899254
40.98225381159404,24.888286275802187,34.63445308411443,0.0331555969761525,0.040511063243982515,0.015088343686789574,0.033926442348841235,0.01948893675601754,0.014911656313210439
40.986638123339326,24.891678817789362,34.61267077186712,0.033155565459288494,0.040511075245082406,0.015088343683524005,0.03392647386570524,0.019488924754917647,0.014911656316476007
40.99102264323247,24.89507157704591,34.59089519804354,0.03315553421807088,0.04051108710580187,0.015088343680304012,0.033926505106922855,0.019488912894198185,0.014911656319696001
40.99540737128201,24.89846455357872,34.56912636337079,0.033155503250171414,0.040511098827741676,0.015088343677129454,0.03392653607482232,0.019488901172258377,0.014911656322870559
40.99979230749629,24.901857747394537,34.54736426857429,0.03315547255328005,0.04051111041248434,0.015088343674000373,0.033926566771713684,0.019488889587515712,0.01491165632599964
41.00417745188355,24.905251158499993,34.52560891435164,0.03315544212510474,0.040511121861594945,0.01508834367091648,0.033926597199889,0.019488878138405108,0.014911656329083534
41.00856280445183,24.9086447869016,34.503860301421255,0.03315541196337146,0.040511133176621084,0.015088343667877716,0.033926627361622275,0.01948886682337897,0.014911656332122297
41.01294836520903,24.912038632605757,34.48211843050298,0.03315538206582358,0.04051114435909281,0.015088343664883916,0.033926657259170157,0.019488855640907243,0.014911656335116097
41.01733413416292,24.915432695618733,34.4603833023179,0.03315535243022216,0.04051115541052336,0.015088343661934997,0.033926686894771574,0.019488844589476695,0.014911656338065016
41.0217201113211,24.918826975946686,34.43865491758791,0.033155323054345154,0.040511166332408755,0.015088343659030834,0.03392671627064858,0.0194888336675913,0.014911656340969179
41.026106296691076,24.922221473595663,34.41693327703537,0.03315529393598787,0.040511177126228703,0.01508834365617126,0.03392674538900586,0.01948882287377135,0.014911656343828752
41.030492690280134,24.925616188571585,34.395218381382804,0.033155265072962625,0.040511187793445924,0.015088343653356179,0.03392677425203111,0.01948881220655413,0.014911656346643834
41.03487929209547,24.929011120880276,34.373510231352554,0.033155236463098314,0.040511198335507204,0.015088343650585395,0.03392680286189542,0.01948880166449285,0.014911656349414618
41.03926610214414,24.932406270527437,34.351808827666545,0.0331552081042405,0.04051120875384262,0.015088343647858798,0.03392683122075324,0.019488791246157433,0.014911656352141214
41.043653120433035,24.935801637518672,34.33011417104605,0.03315517999425127,0.0405112190498666,0.015088343645176194,0.033926859330742465,0.019488780950133455,0.014911656354823818
41.04804034696892,24.93919722185945,34.30842626221157,0.0331551521310095,0.04051122922497735,0.0150883436425375,0.033926887193984234,0.0194887707750227,0.014911656357462513
41.05242778175844,24.942593023555162,34.286745101882495,0.03315512451240987,0.04051123928055811,0.01508834363994245,0.033926914812583864,0.019488760719441944,0.014911656360057562
41.05681542480808,24.945989042611078,34.26507069077603,0.03315509713636372,0.040511249217976164,0.015088343637390936,0.033926942188630016,0.01948875078202389,0.014911656362609077
41.06120327612422,24.949385279032366,34.24340302960923,0.03315507000079826,0.04051125903858327,0.015088343634882859,0.03392696932419548,0.019488740961416784,0.014911656365117154
41.06559133571308,24.952781732824086,34.22174211909784,0.033155043103656745,0.04051126874371641,0.015088343632417983,0.03392699622133699,0.019488731256283642,0.01491165636758203
41.069979603580784,24.956178403991192,34.20008795995636,0.033155016442898644,0.0405112783346977,0.01508834362999624,0.03392702288209509,0.019488721665302355,0.014911656370003773
41.07436807973329,24.95957529253855,34.17844055289791,0.0331549900164993,0.040511287812833974,0.015088343627617337,0.03392704930849444,0.01948871218716608,0.014911656372382676
41.078756764176454,24.962972398470914,34.15679989863435,0.0331549638224497,0.04051129717941787,0.01508834362528115,0.033927075502544035,0.019488702820582182,0.014911656374718862
41.083145656916,24.966369721792937,34.135165997876356,0.03315493785875678,0.04051130643572709,0.015088343622987568,0.03392710146623695,0.019488693564272963,0.014911656377012444
41.087534757957556,24.969767262509187,34.11353885133759,0.03315491212344307,0.04051131558302545,0.0150883436207363,0.033927127201550666,0.0194886844169746,0.014911656379263713
41.09192406730655,24.973165020624116,34.091918459740675,0.03315488661454674,0.04051132462256235,0.015088343618527247,0.033927152710446995,0.019488675377437703,0.014911656381472765
41.096313584968385,24.97656299614209,34.070304823789314,0.03315486133012163,0.04051133355557329,0.01508834361636023,0.033927177994872104,0.01948866644442676,0.014911656383639782
41.100703310948276,24.97996118906739,34.04869794418585,0.03315483626824778,0.0405113423832798,0.015088343614235056,0.03392720305674596,0.01948865761672025,0.014911656385764957
41.10509324525134,24.983359599404174,34.02709782149546,0.03315481142701099,0.040511351106889915,0.015088343612151542,0.03392722789798275,0.01948864889311014,0.014911656387848471
41.109483387882584,24.986758227156535,34.005504456375775,0.0331547868045054,0.040511359727597784,0.01508834361010944,0.03392725252048834,0.01948864027240227,0.014911656389890574
41.11387373884689,24.99015707232846,33.98391784953299,0.03315476239884263,0.04051136824658441,0.015088343608108679,0.033927276926151106,0.01948863175341564,0.014911656391891334
41.11826429814904,24.99355613492385,33.96233800167556,0.03315473820815068,0.040511376665017806,0.01508834360614901,0.033927301116843056,0.019488623334982247,0.014911656393851003
41.12265506579368,24.996955414946516,33.94076491351515,0.033154714230572924,0.04051138498405232,0.01508834360423024,0.03392732509442081,0.01948861501594773,0.014911656395769773
41.12704604178537,25.000354912400173,33.919198585768186,0.03315469048845854,0.04051139320463859,0.015088343602352214,0.0339273488365352,0.019488606795361463,0.014911656397647799
41.131437226128554,25.003754627288473,33.89763901915825,0.03315466695198993,0.040511401327923635,0.015088343600514698,0.033927372373003806,0.019488598672076418,0.014911656399485315
41.135828618827574,25.007154559614968,33.876086214419914,0.03315464361974979,0.04051140935504083,0.01508834359871751,0.033927395705243946,0.019488590644959225,0.014911656401282503
41.14022021988664,25.01055470938313,33.854540172558174,0.033154620490321085,0.040511417287109885,0.015088343596960471,0.03392741883467265,0.019488582712890168,0.014911656403039542
41.144612029309926,25.01395507659634,33.833000894005124,0.03315459756228095,0.04051142512523692,0.0150883435952434,0.033927441762712784,0.01948857487476313,0.014911656404756612
41.149004047101414,25.017355661257902,33.81146837923076,0.033154574834196704,0.04051143287050557,0.015088343593566034,0.03392746449079703,0.019488567129494483,0.014911656406433979
41.15339627326502,25.02075646337103,33.78994262879103,0.033154552304624885,0.040511440523979536,0.015088343591928233,0.03392748702036885,0.019488559476020517,0.01491165640807178
41.15778870780453,25.024157482938854,33.768423643437785,0.03315452997210988,0.040511448086725355,0.015088343590329817,0.033927509352883856,0.0194885519132747,0.014911656409670196
41.162181350723685,25.027558719964425,33.74691142389139,0.03315450783518453,0.04051145555979663,0.015088343588770564,0.033927531489809204,0.019488544440203426,0.014911656411229449
41.16657420202607,25.030960174450712,33.72540597055308,0.03315448589237141,0.04051146294423469,0.01508834358725028,0.033927553432622326,0.019488537055765365,0.014911656412749733
41.17096726171517,25.034361846400607,33.70390728408977,0.03315446414218409,0.04051147024106888,0.015088343585768715,0.033927575182809644,0.019488529758931172,0.014911656414231297
41.1753605297944,25.037763735816913,33.682415365167245,0.033154442583128385,0.0405114775115511,0.015088343584325717,0.03392759674186535,0.019488522488448956,0.014911656415674296
41.17975400626176,25.041165842698135,33.66093021447299,0.03315442121410084,0.04051148469584698,0.015088343582921007,0.0339276181108929,0.019488515304153076,0.014911656417079006
41.18414769112047,25.044568167046968,33.63945183267034,0.033154400033591824,0.04051149179496444,0.015088343581554295,0.03392763929140191,0.019488508205035615,0.014911656418445718
41.18854158437371,25.047970708866032,33.61798022042139,0.033154379040090276,0.04051149880989974,0.015088343580225455,0.03392766028490346,0.019488501190100316,0.014911656419774558
41.192935686024555,25.051373468157877,33.59651537838806,0.033154358232085346,0.040511505741637144,0.015088343578934252,0.03392768109290839,0.01948849425836291,0.014911656421065761
41.19732999607598,25.05477644492497,33.5750573072315,0.033154337608067685,0.04051151259114938,0.015088343577680463,0.03392770171692605,0.019488487408850674,0.01491165642231955
41.201724514530845,25.0581796391697,33.55360600761209,0.03315431716653139,0.04051151935939795,0.015088343576463867,0.03392772215846235,0.0194884806406021,0.014911656423536146
41.206119241391946,25.0615830508944,33.53216148018949,0.033154296905974434,0.04051152604733327,0.015088343575284324,0.0339277424190193,0.019488473952666785,0.014911656424715689
41.21051417666199,25.0649866801013,33.51072372562266,0.033154276824899964,0.04051153265589419,0.015088343574141544,0.03392776250009377,0.019488467344105864,0.014911656425858469
41.21490932034355,25.06839052679259,33.48929274456989,0.03315425692181734,0.04051153918600908,0.015088343573035373,0.0339277824031764,0.01948846081399097,0.01491165642696464
41.21930467243915,25.071794590970363,33.467868537688794,0.03315423719524213,0.04051154563859538,0.015088343571965548,0.033927802129751605,0.019488454361404672,0.014911656428034464
41.22370023295123,25.075198872636655,33.44645110563627,0.03315421764369697,0.040511552014559915,0.015088343570931848,0.033927821681296766,0.019488447985440138,0.014911656429068165
41.2280960018821,25.078603371793427,33.42504044906869,0.033154198265711754,0.0405115583147988,0.015088343569934048,0.03392784105928198,0.019488441685201252,0.014911656430065964
41.23249197923401,25.082008088442564,33.403636569597914,0.03315417905982332,0.04051156454019805,0.015088343568971957,0.03392786026517042,0.019488435459802,0.014911656431028056
41.236888165009134,25.085413022585904,33.3822394668886,0.03315416002457572,0.04051157069163325,0.015088343568045295,0.03392787930041802,0.019488429308366806,0.014911656431954717
41.24128455920955,25.088818174225192,33.36084914159536,0.03315414115851972,0.040511576769969804,0.015088343567153842,0.03392789816647401,0.01948842323003025,0.014911656432846171
41.245681161837226,25.092223543362117,33.339465594372285,0.03315412245953353,0.04051158277605821,0.01508834356629743,0.033927916865460206,0.019488417223941845,0.014911656433702583
41.2500779728941,25.095629129998308,33.31808882587285,0.03315410392630552,0.04051158871073923,0.015088343565475754,0.033927935398688214,0.01948841128926082,0.01491165643452426
41.254474992381965,25.099034934135325,33.29671883674993,0.03315408555743271,0.04051159457484366,0.015088343564688592,0.033927953767561025,0.019488405425156397,0.014911656435311421
41.25887222030261,25.102440955774654,33.27535562765591,0.033154067351482686,0.040511600369192824,0.015088343563935736,0.03392797197351105,0.01948839963080723,0.014911656436064277
41.26326965665767,25.105847194917743,33.25399919924267,0.03315404930703314,0.040511606094598474,0.015088343563216922,0.033927990017960596,0.01948839390540158,0.014911656436783091
41.26766730144874,25.109253651565933,33.23264955216152,0.03315403142267559,0.040511611751862964,0.015088343562531956,0.03392800790231815,0.01948838824813709,0.014911656437468057
41.272065154677335,25.11266032572055,33.21130668706325,0.03315401369701326,0.04051161734177944,0.015088343561880546,0.033928025627980474,0.019488382658220615,0.014911656438119467
41.27646321634489,25.11606721738284,33.18997060459825,0.03315399612866138,0.040511622865131824,0.015088343561262443,0.03392804319633236,0.01948837713486823,0.01491165643873757
41.28086148645275,25.119474326553977,33.16864130541637,0.03315397871624698,0.04051162832269517,0.01508834356067737,0.03392806060874676,0.019488371677304883,0.014911656439322643
41.28525996500222,25.122881653235087,33.14731879015453,0.03315396145840904,0.040511633715235196,0.015088343560125145,0.033928077866584694,0.019488366284764858,0.014911656439874868
41.28965865199447,25.12628919742724,33.126003059449225,0.03315394435379887,0.04051163904350935,0.01508834355960545,0.033928094971194867,0.019488360956490702,0.014911656440394563
41.29405754743067,25.129696959131437,33.10469411394829,0.033153927401079475,0.040511644308265926,0.015088343559118075,0.03392811192391426,0.019488355691734127,0.014911656440881937
41.29845665131185,25.13310493834862,33.08339195429904,0.033153910598927194,0.04051164951024511,0.015088343558662731,0.03392812872606654,0.019488350489754946,0.014911656441337282
41.30285596363902,25.136513135079696,33.062096581148104,0.03315389394603108,0.04051165465017825,0.015088343558239126,0.03392814537896266,0.0194883453498218,0.014911656441760887
41.30725548441309,25.139921549325486,33.040807995141684,0.033153877441094104,0.04051165972878862,0.015088343557870323,0.03392816188389963,0.019488340271211435,0.01491165644212969
41.31165521363491,25.143330181086778,33.019526196925455,0.033153861082993064,0.0405116647467913,0.015088343557571021,0.03392817824200067,0.019488335253208755,0.014911656442428992
41.31605515130525,25.146739030364298,32.99825118714786,0.03315384487053652,0.04051166970489345,0.015088343557338041,0.03392819445445722,0.019488330295106604,0.014911656442661972
41.32045529742483,25.150148097158713,32.97698296645356,0.03315382880249085,0.04051167460379401,0.01508834355716833,0.03392821052250289,0.01948832539620604,0.014911656442831683
41.32485565199431,25.153557381470648,32.95572153548546,0.03315381287764563,0.04051167944418371,0.015088343557059056,0.03392822644734811,0.01948832055581634,0.014911656442940957
41.32925621501424,25.156966883300658,32.934466894885915,0.03315379709477767,0.04051168422674578,0.015088343557007375,0.033928242230216066,0.019488315773254272,0.014911656442992638
41.33365698648515,25.160376602649265,32.9132190452969,0.03315378145265052,0.040511688952155456,0.015088343557010567,0.033928257872343215,0.019488311047844598,0.014911656442989446
41.33805796640749,25.163786539516913,32.89197798735991,0.03315376595001357,0.040511693621080036,0.01508834355706612,0.03392827337498017,0.019488306378920017,0.014911656442933893
41.34245915478161,25.16719669390401,32.870743721716,0.03315375058559383,0.04051169823417944,0.015088343557171494,0.0339282887393999,0.019488301765820615,0.01491165644282852
41.34686055160785,25.17060706581092,32.84951624901115,0.0331537353580843,0.04051170279210564,0.015088343557324288,0.033928303966909434,0.01948829720789441,0.014911656442675725
41.35126215688645,25.174017655237947,32.828295569894976,0.033153720266108855,0.0405117072955018,0.015088343557522296,0.03392831905888488,0.019488292704498256,0.014911656442477716
41.3556639706176,25.177428462185333,32.80708168502417,0.0331537053085138,0.04051171174500401,0.015088343557763312,0.03392833401647993,0.019488288254996045,0.014911656442236701
41.36006599280141,25.180839486653284,32.785874595037036,0.03315369048481248,0.0405117161412471,0.015088343558045197,0.033928348840181255,0.019488283858752953,0.014911656441954815
41.36446822343797,25.184250728641967,32.7646743005714,0.03315367579381934,0.040511720484855074,0.0150883435583659,0.0339283635311744,0.01948827951514498,0.014911656441634114
41.36887066252726,25.18766218815147,32.74348080226468,0.03315366123422192,0.04051172477644366,0.01508834355872353,0.033928378090771816,0.019488275223556395,0.014911656441276483
41.37327331006922,25.19107386518187,32.72229410075381,0.03315364680401239,0.040511729016621756,0.015088343559116174,0.03392839252098134,0.019488270983378297,0.014911656440883839
41.37767616606376,25.19448575973316,32.70111419667529,0.03315363250176734,0.04051173320599,0.015088343559542083,0.0339284068232264,0.019488266794010056,0.01491165644045793
41.38207923051066,25.19789787180531,32.67994109066535,0.03315361832624525,0.04051173734514257,0.01508834355999951,0.03392842099874849,0.01948826265485748,0.014911656440000504
41.38648250340971,25.201310201398243,32.65877478335966,0.03315360427658898,0.040511741434665904,0.015088343560486772,0.03392843504840476,0.01948825856533415,0.01491165643951324
41.39088598476063,25.204722748511827,32.63761527539345,0.03315359035171067,0.04051174547513958,0.015088343561002401,0.033928448973283065,0.01948825452486047,0.014911656438997611
41.39528967456304,25.208135513145884,32.61646256740145,0.03315357655054335,0.040511749467137204,0.015088343561544704,0.033928462774450385,0.01948825053286285,0.014911656438455309
41.399693572816545,25.211548495300203,32.59531666001812,0.033153562872038855,0.04051175341122526,0.015088343562112375,0.03392847645295488,0.019488246588774794,0.014911656437887638
41.4040976795207,25.21496169497452,32.574177553877384,0.03315354931516451,0.04051175730796419,0.015088343562703901,0.033928490009829226,0.019488242692035862,0.014911656437296111
41.40850199467495,25.21837511216851,32.553045249612936,0.03315353587889769,0.040511761157905946,0.01508834356331723,0.03392850344609605,0.019488238842094108,0.014911656436682783
41.412906518278675,25.22178874688177,32.531919747857785,0.033153522562207494,0.04051176496158443,0.015088343563947088,0.03392851676278624,0.019488235038415624,0.014911656436052925
41.41731125033123,25.225202599113913,32.51080104924479,0.03315350936408462,0.040511768719541597,0.015088343564592432,0.033928529960909115,0.019488231280458457,0.01491165643540758
41.42171619083195,25.228616668864497,32.489689154406676,0.03315349628352021,0.040511772432312576,0.015088343565252071,0.033928543041473525,0.019488227567687477,0.014911656434747941
41.4261213397801,25.232030956133045,32.468584063975484,0.033153483319504184,0.040511776100427,0.015088343565925047,0.03392855600548955,0.019488223899573054,0.014911656434074966
41.4305266971749,25.23544546091904,32.44748577858276,0.033153470504286575,0.040511779724415664,0.01508834356661036,0.03392856882070716,0.01948822027558439,0.014911656433389653
41.43493226301551,25.23886018322193,32.42639429885978,0.03315345779476725,0.04051178330478983,0.015088343567307039,0.03392858153022649,0.019488216695210225,0.014911656432692974
41.439338037301056,25.242275123041107,32.40530962543745,0.033153445190347686,0.040511786842056474,0.015088343568014154,0.03392859413464605,0.01948821315794358,0.014911656431985859
41.44374402003059,25.245690280375936,32.384231758947166,0.03315343269021109,0.040511790336711484,0.015088343568730872,0.03392860663478264,0.01948820966328857,0.01491165643126914
41.448150211203156,25.249105655225748,32.3631607000194,0.033153420294628144,0.040511793789242356,0.01508834356945643,0.03392861903036559,0.019488206210757697,0.014911656430543582
41.45255661081771,25.25252124758982,32.342096449284035,0.03315340800497096,0.040511797200136423,0.015088343570189913,0.03392863132002277,0.01948820279986363,0.0149116564298101
41.456963218873156,25.255937057467396,32.32103900737068,0.033153395825802456,0.040511800569893064,0.01508834357093064,0.03392864349919128,0.01948819943010699,0.014911656429069373
41.46137003536839,25.25935308485769,32.2999883749086,0.03315338375793647,0.040511803899019205,0.015088343571677862,0.033928655567057264,0.019488196100980848,0.014911656428322151
41.46577706030223,25.262769329759877,32.278944552526696,0.03315337179784117,0.0405118071879918,0.015088343572430815,0.03392866752715257,0.019488192812008254,0.014911656427569198
41.47018429367346,25.266185792173076,32.25790754085354,0.03315335994457713,0.04051181043728208,0.015088343573188931,0.033928679380416604,0.019488189562717972,0.014911656426811082
41.4745917354808,25.26960247209639,32.23687734051743,0.033153348197208,0.04051181364735568,0.015088343573951571,0.03392869112778574,0.019488186352644377,0.014911656426048442
41.47899938572294,25.273019369528875,32.21585395214633,0.03315333655480296,0.040511816818672386,0.01508834357471811,0.03392870277019078,0.019488183181327667,0.014911656425281902
41.48340724439853,25.276436484469556,32.1948373763679,0.033153325016436475,0.04051181995168679,0.015088343575487911,0.03392871430855726,0.019488180048313264,0.014911656424512101
41.487815311506154,25.279853816917424,32.17382761380952,0.03315331358141227,0.04051182304684886,0.01508834357626053,0.03392872574358147,0.019488176953151193,0.014911656423739483
41.49222358704436,25.283271366871425,32.152824665098215,0.033153302249305405,0.04051182610460369,0.01508834357703534,0.03392873707568833,0.019488173895396366,0.014911656422964673
41.496632071011675,25.286689134330473,32.131828530860794,0.03315329101906489,0.04051182912539103,0.015088343577811913,0.033928748305928846,0.019488170874609023,0.0149116564221881
41.501040763406536,25.29010711929346,32.11083921172373,0.033153279889673204,0.040511832109650536,0.01508834357858975,0.03392875943532053,0.019488167890349517,0.014911656421410263
41.5054496642274,25.293525321759233,32.08985670831323,0.03315326886014269,0.04051183505781231,0.015088343579368349,0.033928770464851044,0.019488164942187747,0.014911656420631664
41.50985877347263,25.296943741726608,32.068881021255244,0.03315325792951024,0.040511837970300946,0.015088343580147226,0.0339287813954835,0.019488162029699108,0.014911656419852787
41.51426809114055,25.300362379194357,32.04791215117545,0.03315324709683348,0.04051184084753595,0.015088343580926089,0.033928792228160254,0.019488159152464102,0.014911656419073924
41.518677617229486,25.30378123416125,32.026950098699196,0.033153236361193994,0.04051184368993205,0.015088343581704466,0.03392880296379974,0.019488156310068006,0.014911656418295546
41.523087351737686,25.307200306625987,32.005994864451594,0.03315322572169682,0.040511846497899295,0.015088343582481983,0.033928813603296915,0.019488153502100758,0.01491165641751803
41.52749729466336,25.310619596587266,31.98504644905755,0.0331532151774418,0.04051184927184265,0.015088343583258335,0.03392882414755194,0.019488150728157405,0.014911656416741678
41.53190744600468,25.31403910404373,31.964104853141606,0.0331532047275408,0.04051185201216273,0.015088343584033048,0.03392883459745294,0.019488147987837323,0.014911656415966965
41.53631780575981,25.317458828994006,31.94317007732819,0.033153194371117134,0.04051185471925545,0.015088343584805958,0.0339288449538766,0.019488145280744607,0.014911656415194055
41.540728373926825,25.32087877143669,31.92224212224132,0.03315318410740703,0.04051185739351221,0.01508834358557666,0.033928855217586706,0.019488142606487846,0.014911656414423352
41.54513915050379,25.324298931370333,31.901320988504892,0.033153173935654645,0.040511860035320146,0.015088343586344866,0.03392886538933909,0.019488139964679907,0.014911656413655147
41.549550135488744,25.327719308793483,31.880406676742503,0.033153163855031864,0.04051186264506185,0.015088343587110309,0.03392887546996187,0.019488137354938206,0.014911656412889704
41.55396132887964,25.331139903704617,31.859499187577512,0.03315315386471679,0.04051186522311534,0.015088343587872699,0.03392888546027695,0.019488134776884714,0.014911656412127314
41.55837273067445,25.33456071610223,31.838598521633124,0.03315314396389368,0.04051186776985438,0.015088343588631842,0.03392889536110005,0.01948813223014567,0.014911656411368171
41.56278434087108,25.337981745984752,31.81770467953306,0.03315313415175247,0.0405118702856484,0.015088343589387432,0.033928905173241264,0.019488129714351654,0.014911656410612581
41.56719615946742,25.341402993350595,31.796817661901173,0.03315312442748869,0.04051187277086282,0.015088343590139303,0.03392891489750505,0.01948812722913723,0.01491165640986071
41.57160818646129,25.344824458198154,31.77593746936023,0.033153114790301974,0.04051187522585825,0.015088343590887204,0.03392892453469176,0.019488124774141802,0.014911656409112808
41.576020421850515,25.348246140525777,31.75506410253231,0.03315310523939652,0.04051187765099162,0.015088343591630901,0.03392893408559722,0.01948812234900843,0.014911656408369112
41.58043286563283,25.351668040331795,31.73419756203907,0.033153095773979346,0.040511880046615545,0.015088343592370324,0.03392894355101439,0.01948811995338451,0.01491165640762969
41.584845517806,25.355090157614505,31.713337848502107,0.03315308639326009,0.04051188241307868,0.015088343593105236,0.03392895293173365,0.019488117586921372,0.014911656406894777
41.58925837836772,25.358512492372192,31.69248496254292,0.03315307709644816,0.04051188475072531,0.015088343593835415,0.03392896222854558,0.01948811524927474,0.014911656406164597
41.593671447315636,25.361935044603094,31.671638904782803,0.03315306788275235,0.04051188705989617,0.015088343594560794,0.033928971442241385,0.019488112940103886,0.01491165640543922
41.59808472464741,25.365357814305433,31.650799675842798,0.03315305875137692,0.04051188934092753,0.015088343595281134,0.03392898057361682,0.01948811065907252,0.014911656404718879
41.60249821036063,25.36878080147741,31.62996727634379,0.033153049701517556,0.040511891594152305,0.015088343595996312,0.03392898962347618,0.01948810840584775,0.0149116564040037
41.60691190445286,25.372204006117183,31.609141706642227,0.03315304073236225,0.04051189381989917,0.015088343596706258,0.03392899859263149,0.019488106180100884,0.014911656403293755
41.61132580692165,25.375627428222902,31.588322967622837,0.03315303184306978,0.04051189601849292,0.015088343597410778,0.033929007481923956,0.019488103981507132,0.014911656402589235
41.615739917764486,25.37905106779268,31.56751105990532,0.03315302303316636,0.04051189819025497,0.01508834359810983,0.033929016291827374,0.019488101809745084,0.014911656401890183
41.62015423697885,25.38247492482461,31.546705984109153,0.033153014302621464,0.04051190033550284,0.015088343598803303,0.03392902502237227,0.019488099664497216,0.01491165640119671
41.62456876456217,25.385898999316762,31.525907740854088,0.03315300565077173,0.040511902454550774,0.015088343599491044,0.03392903367422201,0.01948809754544928,0.014911656400508969
41.62898350051188,25.389323291267175,31.505116330759705,0.03315299707695407,0.0405119045477092,0.015088343600172985,0.033929042248039665,0.019488095452290854,0.014911656399827028
41.633398444825346,25.392747800673867,31.48433175444542,0.03315298858050525,0.0405119066152847,0.015088343600849027,0.03392905074448849,0.019488093384715355,0.014911656399150985
41.637813597499914,25.39617252753483,31.46355401253048,0.0331529801607624,0.04051190865758103,0.015088343601519158,0.033929059164231334,0.019488091342419023,0.014911656398480855
41.6422289585329,25.399597471848047,31.442783105634042,0.03315297181706156,0.04051191067489779,0.015088343602183224,0.033929067507932176,0.019488089325102265,0.014911656397816789
41.646644527921595,25.403022633611446,31.422019034374934,0.0331529635487392,0.04051191266753168,0.015088343602841198,0.033929075776254536,0.019488087332468373,0.014911656397158815
41.65106030566328,25.40644801282297,31.401261799371945,0.03315295535513085,0.040511914635775415,0.01508834360349301,0.03392908396986288,0.01948808536422464,0.014911656396507003
41.655476291755164,25.409873609480503,31.380511401243673,0.0331529472355786,0.04051191657991832,0.015088343604138604,0.033929092089415136,0.019488083420081737,0.014911656395861408
41.65989248619447,25.413299423581933,31.35976784059821,0.03315293918946044,0.040511918500246324,0.015088343604777982,0.0339291001355333,0.01948808149975373,0.014911656395222031
41.66430888897836,25.41672545512511,31.33903111805423,0.03315293121613122,0.04051192039704227,0.015088343605411045,0.033929108108862516,0.019488079602957786,0.014911656394588968
41.66872550010398,25.420151704107873,31.318301234232827,0.03315292331494918,0.040511922270586254,0.015088343606037849,0.03392911601004456,0.0194880777294138,0.014911656393962164
41.67314231956847,25.423578170528035,31.29757818975453,0.033152915484827294,0.0405119241211479,0.015088343562561321,0.03392912384016644,0.01948807587885215,0.014911656437438692
41.67755934736243,25.427004854378474,31.276861985246924,0.03315290772555174,0.04051192594900033,0.01508834352081502,0.033929131599442,0.019488074050999726,0.014911656479184993
41.68197658348322,25.430431755657157,31.256152621329214,0.03315290003649396,0.0405119277544137,0.015088343480743574,0.03392913928849978,0.019488072245586352,0.014911656519256439
41.6863940279281,25.433858874362016,31.235450098620127,0.03315289241702929,0.04051192953765537,0.015088343442293192,0.03392914690796445,0.019488070462344687,0.01491165655770682
41.690811680694345,25.437286210490967,31.21475441773797,0.033152884866537724,0.04051193129898922,0.015088343405411736,0.03392915445845601,0.01948806870101083,0.014911656594588277
41.695229541779156,25.440713764041888,31.1940655793006,0.033152877384403145,0.04051193303867612,0.015088343370048524,0.03392916194059059,0.019488066961323935,0.014911656629951489
41.69964761117973,25.444141535012626,31.17338358392417,0.03315286997001465,0.04051193475697423,0.015088343336154317,0.03392916935497908,0.01948806524302582,0.014911656663845696
41.704065888893226,25.447569523401032,31.15270843222538,0.03315286262276429,0.04051193645413814,0.01508834330368139,0.03392917670222945,0.01948806354586191,0.014911656696318623
41.70848437491676,25.450997729204893,31.132040124822694,0.03315285534205009,0.04051193813042003,0.015088343272583238,0.033929183982943645,0.01948806186958002,0.014911656727416775
41.71290306924742,25.454426152422002,31.111378662324526,0.03315284812727448,0.04051193978606882,0.015088343242814828,0.033929191197719255,0.019488060213931235,0.014911656757185185
41.71732197188227,25.457854793050103,31.090724045343606,0.03315284097784493,0.04051194142133063,0.015088343214332445,0.0339291983471488,0.01948805857866942,0.014911656785667568
41.72174108281834,25.461283651086934,31.07007627449571,0.033152833893173694,0.04051194303644867,0.015088343187093622,0.03392920543182004,0.01948805696355138,0.01491165681290639
41.72616040205263,25.464712726530202,31.049435350397125,0.03315282687267779,0.040511944631663355,0.015088343161057102,0.03392921245231595,0.0194880553683367,0.01491165683894291
41.730579929582106,25.46814201937759,31.028801273663305,0.03315281991577934,0.04051194620721227,0.015088343136182972,0.033929219409214395,0.019488053792787785,0.014911656863817041
41.734999665403706,25.471571529626765,31.00817404453076,0.033152813021904814,0.040511947763330114,0.015088343112432373,0.03392922630308892,0.01948805223666994,0.01491165688756764
41.73941960951434,25.475001257275352,30.987553664030642,0.03315280619048644,0.040511949300249206,0.015088343089767614,0.0339292331345073,0.019488050699750847,0.014911656910232399
41.74383976191089,25.478431202320976,30.96694013276811,0.033152799420960444,0.04051195081819858,0.015088343068152224,0.03392923990403329,0.01948804918180147,0.014911656931847789
41.74826012259024,25.481861364761226,30.94633345135023,0.033152792712768664,0.040511952317405175,0.015088343047550759,0.03392924661222507,0.019488047682594878,0.014911656952449254
41.752680691549166,25.48529174459368,30.925733620387017,0.03315278606535732,0.04051195379809269,0.015088343027928733,0.033929253259636416,0.01948804620190736,0.01491165697207128
41.7571014687845,25.48872234181588,30.905140640490497,0.03315277947817774,0.04051195526048296,0.01508834300925288,0.033929259846815996,0.019488044739517096,0.014911656990747132
41.761522454293,25.492153156425356,30.88455451227101,0.03315277295068597,0.04051195670479435,0.01508834299149081,0.033929266374307765,0.019488043295205704,0.014911657008509202
41.76594364807142,25.495584188419624,30.863975236339517,0.03315276648234289,0.040511958131243364,0.015088342974611105,0.03392927284265085,0.01948804186875669,0.014911657025388908
41.77036505011648,25.499015437796167,30.843402813307577,0.033152760072614196,0.04051195954004344,0.01508834295858337,0.03392927925237954,0.019488040459956613,0.014911657041416643
41.774786660424155,25.502446904551867,30.822837243790033,0.033152753720911365,0.04051196093134046,0.0150883429433816,0.03392928560408237,0.01948803906865959,0.014911657056618413
41.77920847899094,25.505878588684052,30.802278528400056,0.033152747426688556,0.04051196230532378,0.015088342928974652,0.03392929189830518,0.019488037694676275,0.014911657071025361
41.78363050581336,25.509310490190046,30.781726667750984,0.033152741189407864,0.04051196366218368,0.015088342915332342,0.03392929813558587,0.019488036337816372,0.01491165708466767
41.78805274088792,25.51274260906716,30.76118166245636,0.033152735008537715,0.04051196500210941,0.015088342902425361,0.03392930431645602,0.019488034997890646,0.014911657097574652
41.79247518421111,25.51617494531272,30.740643513129882,0.033152728883552085,0.04051196632528897,0.01508834289022562,0.03392931044144165,0.01948803367471108,0.014911657109774393
41.79689783577943,25.519607498923996,30.72011222038072,0.033152722813932056,0.04051196763191012,0.015088342878705835,0.03392931651106168,0.019488032368089936,0.014911657121294178
41.80132069558936,25.52304026989831,30.699587784818814,0.03315271679916415,0.04051196892215925,0.015088342867839666,0.033929322525829586,0.019488031077840806,0.014911657132160347
41.80574376363734,25.526473258232933,30.67907020705685,0.03315271083874166,0.04051197019622266,0.015088342857601716,0.033929328486252075,0.019488029803777396,0.014911657142398296
41.81016703991986,25.52990646392515,30.658559487707326,0.03315270493216399,0.040511971454285756,0.01508834284796759,0.033929334392829746,0.019488028545714298,0.014911657152032423
41.814590524433356,25.53333988697223,30.638055627382432,0.033152699078936254,0.04051197269653306,0.015088342838913582,0.03392934024605748,0.019488027303466993,0.01491165716108643
41.81901421717427,25.536773527371444,30.617558626694073,0.03315269327857012,0.040511973923149036,0.015088342830416879,0.033929346046423614,0.019488026076851017,0.014911657169583134
41.82343811813905,25.540207385120056,30.597068486261847,0.03315268753058298,0.0405119751343167,0.015088342822455483,0.033929351794410756,0.01948802486568335,0.01491165717754453
41.82786222732412,25.543641460215316,30.576585206704003,0.033152681834498376,0.04051197633021919,0.01508834281500833,0.03392935749049536,0.019488023669780863,0.014911657184991683
41.83228654472589,25.54707575265448,30.5561087886346,0.033152676189845465,0.04051197751103863,0.015088342808054989,0.03392936313514827,0.01948802248896142,0.014911657191945024
41.83671107034078,25.550510262434784,30.53563923266757,0.033152670596159395,0.04051197867695655,0.01508834280157588,0.03392936872883434,0.019488021323043503,0.014911657198424133
41.84113580416522,25.553944989553468,30.51517653941668,0.03315266505298081,0.04051197982815341,0.01508834279555217,0.033929374272012924,0.019488020171846643,0.014911657204447842
41.845560746195545,25.557379934007766,30.494720709495596,0.03315265955985641,0.04051198096480957,0.015088342789965806,0.033929379765137324,0.019488019035190485,0.014911657210034207
41.8499858964282,25.560815095794894,30.474271743517846,0.033152654116338165,0.04051198208710416,0.0150883427847993,0.03392938520865557,0.019488017912895894,0.014911657215200713
41.85441125485954,25.564250474912072,30.453829642096867,0.03315264872198331,0.04051198319521576,0.01508834278003611,0.03392939060301042,0.01948801680478429,0.014911657219963903
41.85883682148594,25.567686071356512,30.43339440584594,0.03315264337635493,0.04051198428932212,0.01508834277565925,0.03392939594863881,0.01948801571067793,0.014911657224340763
41.863262596303734,25.571121885125407,30.412966035384414,0.03315263807902119,0.040511985369600156,0.015088342771652316,0.033929401245972546,0.019488014630399897,0.014911657228347697
41.8676885793093,25.57455791621595,30.3925445313362,0.03315263282955533,0.040511986436225944,0.015088342768000904,0.03392940649543841,0.01948801356377411,0.01491165723199911
41.87211477049896,25.577994164625338,30.37212989431065,0.03315262762753596,0.04051198748937462,0.01508834276469137,0.03392941169745778,0.01948801251062543,0.014911657235308642
41.87654116986904,25.58143063035073,30.35172212491691,0.03315262247254663,0.040511988529220444,0.015088342761710657,0.0339294168524471,0.01948801147077961,0.014911657238289355
41.88096777741589,25.58486731338931,30.33132122376398,0.03315261736417591,0.04051198955593671,0.015088342759046247,0.03392942196081783,0.01948801044406334,0.014911657240953766
41.885394593135764,25.588304213738233,30.310927191434388,0.03315261230201738,0.040511990569696066,0.015088342756686232,0.033929427022976355,0.019488009430303987,0.01491165724331378
41.88982161702482,25.591741331394502,30.290540028541322,0.03315260728561825,0.04051199157063057,0.015088342754605646,0.033929432039375484,0.019488008429369486,0.014911657245394366
41.894248849079204,25.595178666355146,30.27015973570332,0.03315260231454076,0.04051199255888066,0.015088342752782036,0.03392943701045298,0.019488007441119393,0.014911657247217977
41.89867628929524,25.59861621861736,30.249786313536095,0.03315259738840054,0.040511993534622814,0.015088342751206713,0.033929441936593197,0.01948800646537724,0.0149116572487933
41.90310393766926,25.6020539881783,30.22941976264684,0.03315259250681818,0.040511994498032555,0.015088342749871364,0.03392944681817556,0.019488005501967498,0.014911657250128649
41.90753179419755,25.605491975035132,30.209060083640853,0.03315258766941881,0.04051199544928469,0.015088342748768274,0.03392945165557493,0.019488004550715365,0.014911657251231739
41.911959858876415,25.608930179185002,30.1887072771272,0.03315258287583167,0.04051199638855241,0.015088342747890518,0.033929456449162065,0.019488003611447646,0.014911657252109495
41.91638813170211,25.61236860062504,30.16836134372587,0.033152578125690724,0.04051199731600763,0.015088342747231545,0.03392946119930301,0.019488002683992423,0.014911657252768468
41.920816612670905,25.61580723935237,30.14802228404651,0.03315257341863376,0.04051199823182111,0.01508834274678536,0.03392946590635998,0.019488001768178942,0.014911657253214652
41.92524530177904,25.61924609536411,30.12769009870367,0.033152568754302725,0.040511999136162324,0.015088342746546524,0.03392947057069101,0.01948800086383773,0.01491165725345349
41.92967419902274,25.622685168657355,30.107364788311962,0.03315256413234374,0.04051200002919941,0.01508834274650983,0.033929475192649994,0.01948799997080064,0.014911657253490182
41.934103304398235,25.6261244592292,30.08704635348594,0.0331525595524067,0.04051200091109908,0.015088342746670633,0.033929479772587035,0.019487999088900976,0.01491165725332938
41.938532617901714,25.629563967076713,30.066734794840094,0.03315255501414527,0.04051200178202674,0.0150883427470246,0.03392948431084847,0.019487998217973312,0.014911657252975413
41.94296213952937,25.633003692196972,30.046430112988926,0.03315255051721666,0.04051200264214633,0.015088342747567665,0.033929488807777075,0.019487997357853726,0.014911657252432348
41.947391869277354,25.63644363458703,30.026132308546853,0.033152546061281984,0.04051200349162043,0.015088342748296013,0.03392949326371175,0.019487996508379624,0.014911657251704
41.95182180714164,25.63988379424375,30.005841382088924,0.0331525416459828,0.04051200433058727,0.015088342749205272,0.033929497679010934,0.019487995669412783,0.014911657250794741
41.95625195311773,25.643324171163684,29.985557334232915,0.033152537270923044,0.04051200515914205,0.015088342750289765,0.03392950205407069,0.019487994840858003,0.014911657249710247
41.960682307201374,25.646764765343526,29.96528016559344,0.033152532935734,0.040512005977402454,0.015088342751545233,0.033929506389259734,0.0194879940225976,0.01491165724845478
41.965112869388136,25.650205576779864,29.9450098767856,0.03315252864003687,0.040512006785470955,0.015088342752967332,0.033929510684956865,0.019487993214529098,0.01491165724703268
41.96954363967342,25.653646605469135,29.92474646842538,0.033152524383439075,0.04051200758343093,0.015088342754551523,0.03392951494155466,0.019487992416569122,0.01491165724544849
41.97397461805241,25.657087851407596,29.904489941129587,0.033152520165530774,0.04051200837134328,0.01508834275629338,0.03392951915946296,0.019487991628656776,0.014911657243706633
41.978405804519994,25.660529314591294,29.88424029551604,0.033152515985882924,0.04051200914924341,0.015088342758188905,0.03392952333911081,0.019487990850756642,0.014911657241811108
41.98283719908035,25.663970995023668,29.863997532164174,0.03315251184500001,0.04051200991811016,0.015088342760262247,0.033929527479993726,0.019487990081889894,0.014911657239737766
41.98726880175464,25.667412892721714,29.84376165158296,0.03315250774509454,0.04051201068064997,0.01508834276259123,0.0339295315798992,0.019487989319350085,0.014911657237408782
41.99170061252781,25.67085500767351,29.823532654432373,0.03315250368470635,0.040512011435855755,0.015088342765123663,0.03392953564028739,0.0194879885641443,0.01491165723487635
41.99613263137957,25.674297339862896,29.80331054140053,0.03315249966150263,0.040512012181967705,0.015088342767651364,0.033929539663491104,0.01948798781803235,0.014911657232348649
42.00056485829991,25.677739889282044,29.783095313121724,0.03315249567478312,0.04051201291864637,0.015088342770237212,0.033929543650210614,0.019487987081353686,0.0149116572297628
42.00499729328297,25.68118265592642,29.762886970213977,0.03315249169630019,0.04051201364591894,0.01508834277293608,0.033929547628693546,0.01948798635408111,0.014911657227063932
42.00942993632401,25.684625639792372,29.742685513292592,0.03315248775383178,0.04051201436388374,0.015088342775761987,0.03392955157116195,0.019487985636116312,0.014911657224238026
42.01386278741887,25.68806884087666,29.72249094297171,0.033152483847060654,0.040512015072658614,0.015088342778710101,0.03392955547793308,0.01948798492734144,0.014911657221289912
42.01829584656349,25.691512259176182,29.70230325986509,0.03315247997567189,0.04051201577236746,0.015088342781768571,0.03392955934932185,0.019487984227632593,0.014911657218231442
42.022729113753854,25.694955894687823,29.682122464586616,0.03315247613935279,0.04051201646313207,0.015088342784925005,0.03392956318564094,0.01948798353686798,0.014911657215075008
42.02716258898589,25.698399747408423,29.661948557750435,0.03315247233779206,0.04051201714507108,0.01508834278816859,0.033929566987201676,0.019487982854928976,0.014911657211831422
42.03159627225544,25.701843817334783,29.641781539971053,0.033152468570680216,0.04051201781829861,0.015088342791490517,0.03392957075431352,0.019487982181701446,0.014911657208509496
42.03603016355828,25.705288104463634,29.62162141186333,0.033152464837710005,0.04051201848292518,0.015088342794883816,0.03392957448728373,0.01948798151707487,0.014911657205116197
42.04046426276889,25.708732608695275,29.60146817451612,0.03315246112786363,0.04051201912763086,0.015088342798540266,0.033929578197130106,0.019487980872369193,0.014911657201459746
42.044898570015604,25.712177330131905,29.58132182802071,0.03315245745289386,0.040512019765231944,0.01508834280236701,0.03392958187209988,0.01948798023476811,0.014911657197633002
42.04933308529462,25.715622268770574,29.56118237299361,0.03315245381242976,0.040512020395808146,0.01508834280631155,0.033929585512563976,0.019487979604191907,0.014911657193688463
42.05376780860122,25.719067424607623,29.541049810054243,0.03315245020608115,0.04051202101938922,0.015088342810346544,0.033929589118912584,0.01948797898061083,0.014911657189653468
42.058202739930266,25.722512797639027,29.520924139823823,0.03315244663344946,0.04051202163597867,0.015088342814457353,0.033929592691544275,0.019487978364021386,0.01491165718554266
42.06263787927632,25.7259583878606,29.500805362924435,0.033152443094134565,0.04051202224556866,0.015088342818635178,0.03392959623085917,0.019487977754431396,0.014911657181364835
42.06707322663402,25.729404195268117,29.48069347997814,0.03315243958774017,0.04051202284815009,0.015088342822873232,0.03392959973725357,0.019487977151849967,0.01491165717712678
42.07150878199792,25.732850219857376,29.460588491605915,0.0331524361138778,0.040512023443716794,0.015088342827165285,0.03392960321111593,0.01948797655628326,0.014911657172834727
42.07594454536272,25.736296461624242,29.44049039842606,0.033152432672167886,0.04051202403226939,0.015088342831504967,0.03392960665282585,0.019487975967730664,0.014911657168495046
42.08038051672315,25.739742920564638,29.420399201051627,0.033152429262241934,0.0405120246138157,0.01508834283588574,0.0339296100627518,0.019487975386184353,0.014911657164114273
42.084816696074114,25.74318959667455,29.400314900003146,0.0331524258837419,0.04051202518837144,0.015088342840300917,0.03392961344125184,0.019487974811628617,0.014911657159699096
42.08925308341041,25.746636489950006,29.380237495380953,0.03315242253631834,0.04051202575595669,0.015088342844744779,0.0339296167886754,0.01948797424404336,0.014911657155255234
42.09368967872702,25.750083600387054,29.360166988255514,0.03315241921963169,0.04051202631659745,0.01508834284921258,0.033929620105362046,0.019487973683402604,0.014911657150787433
42.09812648201904,25.75353092798191,29.340103379238908,0.03315241593335849,0.04051202687033517,0.015088342853697465,0.033929623391635244,0.01948797312966488,0.014911657146302548
42.102563493281494,25.756978472730705,29.32004666894353,0.03315241267717112,0.04051202741720206,0.015088342858193729,0.03392962664782262,0.019487972582797997,0.014911657141806284
42.107000712509546,25.760426234629684,29.299996857978435,0.03315240945075998,0.04051202795724568,0.015088342862695878,0.03392962987423376,0.019487972042754376,0.014911657137304135
42.11143813969845,25.76387421367516,29.279953946952556,0.03315240625382648,0.04051202849052127,0.015088342867198942,0.03392963307116725,0.019487971509478785,0.01491165713280107
42.11587577484343,25.76732240986346,29.259917936475578,0.033152403086077975,0.040512029017086004,0.015088342871698565,0.03392963623891576,0.01948797098291405,0.014911657128301448
42.12031361793981,25.770770823190915,29.23988882715738,0.03315239994722752,0.04051202953699956,0.015088342876190902,0.03392963937776622,0.019487970463000492,0.01491165712380911
42.12475166898267,25.774219453653732,29.2198666196082,0.03315239683700166,0.040512030050320724,0.01508834288068256,0.03392964248799207,0.01948796994967933,0.014911657119317454
42.129189927967275,25.777668301248248,29.19985131443851,0.03315239375510659,0.040512030557100676,0.015088342885164543,0.033929645569887146,0.019487969442899378,0.01491165711483547
42.13362839488987,25.781117365971518,29.17984291225818,0.03315239070117937,0.040512031057382325,0.015088342889563816,0.03392964862381437,0.01948796894261773,0.014911657110436197
42.1380670697456,25.784566647819773,29.15984141367739,0.03315238767498463,0.04051203155124339,0.015088342893889398,0.03392965165000911,0.019487968448756665,0.014911657106110615
42.14250595252951,25.788016146789204,29.139846819306726,0.03315238467628129,0.04051203203875359,0.015088342898118542,0.03392965464871245,0.019487967961246466,0.01491165710188147
42.1469450432367,25.79146586287601,29.11985912975692,0.03315238170482476,0.040512032519979924,0.015088342902265683,0.033929657620168974,0.01948796748002013,0.01491165709773433
42.15138434186234,25.794915796076438,29.09987834563875,0.033152378760369416,0.04051203299498929,0.015088342906341326,0.03392966056462432,0.019487967005010765,0.014911657093658687
42.15582384840164,25.79836594638678,29.07990446756292,0.03315237584267028,0.04051203346384913,0.015088342910352937,0.03392966348232346,0.019487966536150925,0.014911657089647076
42.16026356284985,25.80181631380338,29.05993749614008,0.03315237295148438,0.040512033926627444,0.015088342914305802,0.03392966637350936,0.01948796607337261,0.01491165708569421
42.16470348520221,25.805266898322515,29.03997743198105,0.033152370086568406,0.040512034383388795,0.015088342918205697,0.03392966923842533,0.019487965616611258,0.014911657081794316
42.169143615454026,25.808717699940566,29.020024275696322,0.033152367247683445,0.040512034834202626,0.015088342922054784,0.03392967207731029,0.019487965165797427,0.014911657077945228
42.17358395360068,25.812168718653947,29.00007802789618,0.03315236443459374,0.040512035279140435,0.015088342925853954,0.0339296748904,0.01948796472085962,0.014911657074146059
42.178024499637516,25.815619954459066,28.980138689190863,0.03315236164706625,0.040512035718273054,0.015088342929603843,0.03392967767792748,0.019487964281727,0.01491165707039617
42.182465253559926,25.81907140735234,28.960206260190432,0.033152358884870115,0.04051203615167115,0.015088342933305007,0.03392968044012362,0.019487963848328904,0.014911657066695005
42.186906215363265,25.822523077330167,28.94028074150482,0.03315235614777717,0.04051203657940511,0.015088342936957932,0.03392968317721656,0.019487963420594945,0.01491165706304208
42.1913473850429,25.825974964388973,28.92036213374388,0.03315235343556111,0.04051203700154454,0.01508834294056298,0.033929685889432626,0.01948796299845551,0.014911657059437033
42.195788762594205,25.829427068525145,28.900450437517485,0.03315235074799783,0.040512037418158287,0.01508834294412048,0.03392968857699591,0.019487962581841767,0.014911657055879532
42.20023034801251,25.83287938973509,28.880545653435078,0.03315234808486578,0.040512037829315006,0.015088342947630784,0.03392969124012796,0.019487962170685047,0.014911657052369229
42.20467214084111,25.836331927667715,28.86064778285926,0.0331523454594973,0.04051203822598881,0.015088342973109514,0.033929693865496435,0.019487961774011242,0.014911657026890499
42.20911414153418,25.839784682671873,28.84075682564962,0.03315234285704488,0.0405120386169327,0.015088342997614468,0.033929696467948856,0.019487961383067354,0.014911657002385545
42.213556350089185,25.843237654745643,28.82087278240873,0.03315234027735975,0.04051203900233974,0.015088343021104941,0.03392969904763399,0.019487960997660314,0.014911656978895071
42.217998766514526,25.846690843895587,28.800995653711603,0.03315233772046122,0.0405120393829303,0.01508834304320529,0.033929701604532514,0.019487960617069755,0.014911656956794722
42.22244139079906,25.850144250113132,28.781125440174296,0.033152335186478255,0.04051203975873202,0.015088343064305662,0.03392970413851548,0.019487960241268032,0.01491165693569435
42.226884222893105,25.853597873360307,28.761262142459906,0.03315233267759854,0.04051204012956072,0.01508834308702725,0.0339297066473952,0.01948795987043933,0.014911656912972762
42.231327262798246,25.857051713638253,28.74140576116879,0.03315233019323194,0.04051204049548657,0.015088343110969266,0.0339297091317618,0.019487959504513486,0.014911656889030747
42.23577051051521,25.860505770947462,28.721556296901852,0.03315232773284171,0.04051204085657745,0.015088343135787663,0.03392971159215202,0.019487959143422606,0.01491165686421235
42.240213966043996,25.863960045287858,28.70171375026055,0.033152325295936425,0.04051204121289864,0.015088343161187012,0.03392971402905731,0.01948795878710141,0.014911656838813
42.24465762938392,25.86741453665887,28.68187812184658,0.033152322882064544,0.04051204156451449,0.015088343186913655,0.03392971644292919,0.019487958435485564,0.014911656813086357
42.24910150053377,25.870869245059502,28.662049412261915,0.03315232049080924,0.040512041911486996,0.015088343212750308,0.0339297188341845,0.019487958088513058,0.014911656787249705
42.25354557949185,25.87432417048839,28.64222762531335,0.03315231812178354,0.040512042253876446,0.015088343238511007,0.033929721203210195,0.019487957746123608,0.014911656761489006
42.257989866256,25.877779312943844,28.622412758489148,0.03315231577462757,0.04051204259174224,0.015088343264037019,0.033929723550366164,0.019487957408257817,0.014911656735962994
42.262434360823754,25.8812346724239,28.602604812396816,0.033152313449004434,0.04051204292514221,0.01508834328919334,0.0339297258759893,0.019487957074857842,0.014911656710806673
42.266879063192285,25.88469024892634,28.582803787645137,0.033152311144597935,0.04051204325413277,0.015088343313865618,0.0339297281803958,0.019487956745867285,0.014911656686134395
42.27132397335848,25.88814604244874,28.563009684842662,0.03315230886111059,0.04051204357876981,0.015088343337957541,0.033929730463883145,0.019487956421230246,0.014911656662042472
42.27576909131888,25.89160205298839,28.54322250459798,0.03315230659827578,0.04051204389911284,0.015088343361398734,0.033929732726717954,0.019487956100887216,0.014911656638601278
42.280214417069914,25.8950582805425,28.523442247519572,0.03315230435583122,0.04051204421521748,0.015088343384124667,0.03392973496916252,0.019487955784782574,0.014911656615875346
42.28465995060784,25.898514725108164,28.50366891421646,0.03315230213352055,0.04051204452713636,0.015088343406078411,0.033929737191473186,0.019487955472863694,0.014911656593921602
42.289105691928754,25.90197138668234,28.48390250529777,0.03315229993109903,0.04051204483492099,0.015088343427213546,0.03392973939389471,0.019487955165079063,0.014911656572786466
42.293551641028635,25.90542826526189,28.464143021372877,0.033152297748332504,0.04051204513862244,0.01508834344749288,0.03392974157666123,0.01948795486137761,0.014911656552507133
42.29799779790329,25.908885360843552,28.444390463051146,0.03315229558499594,0.040512045438290345,0.01508834346688731,0.0339297437399978,0.01948795456170971,0.014911656533112702
42.302444162548426,25.912342673423993,28.424644830942245,0.033152293440873004,0.040512045733974045,0.015088343485375202,0.03392974588412073,0.01948795426602601,0.01491165651462481
42.30689073495962,25.915800202999783,28.40490612565579,0.033152291315754645,0.04051204602572167,0.015088343502940707,0.03392974800923909,0.019487953974278382,0.014911656497059306
42.31133751513243,25.919257949567452,28.38517434780152,0.03315228920943841,0.04051204621126542,0.015088343519573028,0.033929750115555324,0.019487953788734635,0.014911656480426985
42.315784503071725,25.92271591313098,28.36544949795232,0.033152287121302304,0.040512046395038914,0.015088343535266252,0.03392975220369143,0.01948795360496114,0.01491165646473376
42.32023169877267,25.926174093686612,28.345731576718986,0.03315228505117068,0.04051204657703983,0.015088343550017952,0.033929754273823054,0.019487953422960225,0.01491165644998206
42.324679102230434,25.929632491230564,28.326020584712364,0.03315228299887241,0.04051204675726289,0.015088343563829126,0.03392975632612133,0.019487953242737166,0.014911656436170886
42.32912671344004,25.93309110575901,28.30631652254325,0.03315228096423872,0.040512046935717805,0.015088343576591834,0.033929758360755014,0.01948795306428225,0.014911656423408179
42.333574532396526,25.93654993726808,28.286619390822445,0.03315227894710526,0.040512047112414296,0.015088343588235839,0.033929760377888474,0.019487952887585758,0.014911656411764174
42.33802255909488,25.940008985753863,28.266929190160795,0.03315227694731104,0.04051204728736213,0.015088343598769913,0.03392976237768269,0.019487952712637924,0.0149116564012301
42.34247079353003,25.943468251212437,28.247245921169185,0.033152274964698525,0.04051204746057152,0.015088343608204227,0.03392976436029521,0.019487952539428532,0.014911656391795786
42.346919235696916,25.94692773363986,28.227569584458507,0.033152272999112664,0.04051204763205235,0.015088343616550287,0.03392976632588107,0.019487952367947703,0.014911656383449726
42.35136788559043,25.950387433032173,28.207900180639612,0.033152271050400584,0.040512047801815054,0.01508834362382036,0.03392976827459315,0.019487952198185,0.014911656376179652
42.35581674320545,25.953847349385395,28.18823771032341,0.033152269118412236,0.04051204796987001,0.015088343630027493,0.0339297702065815,0.01948795203013004,0.01491165636997252
42.36026580853688,25.957307482695562,28.168582174067666,0.03315226720299874,0.04051204813622783,0.015088343635185048,0.033929772121994994,0.019487951863772224,0.014911656364814965
42.36471508157956,25.960767832958673,28.14893357246553,0.03315226530401322,0.04051204830089905,0.01508834363930657,0.03392977402098052,0.019487951699101003,0.014911656360693443
42.369164562328386,25.964228400170747,28.12929190613267,0.033152263421310446,0.04051204846389439,0.015088343642405827,0.03392977590368329,0.019487951536105663,0.014911656357594186
42.373614250778175,25.967689184327796,28.109657175684568,0.0331522615547466,0.04051204862522523,0.015088343644496183,0.03392977777024714,0.019487951374774826,0.01491165635550383
42.37806414692383,25.971150185425817,28.09002938173659,0.033152259704178844,0.04051204878490222,0.015088343645590918,0.03392977962081489,0.019487951215097832,0.014911656354409095
42.38251425076019,25.974611403460827,28.07040852490391,0.03315225786946585,0.04051204894293697,0.015088343645702856,0.033929781455527885,0.01948795105706308,0.014911656354297156
42.386964562282124,25.978072838428837,28.05079460580152,0.03315225605046673,0.0405120490993407,0.015088343644844376,0.033929783274527,0.019487950900659357,0.014911656355155636
42.39141508148451,25.981534490325856,28.031187625044318,0.033152254247041824,0.04051204925412494,0.015088343643027191,0.03392978507795191,0.019487950745875116,0.014911656356972822
42.39586580836221,25.984996359147907,28.011587583247,0.033152252459052345,0.04051204940730113,0.015088343640262611,0.03392978686594139,0.01948795059269892,0.014911656359737402
42.40031674291012,25.988458444891023,27.991994481024157,0.03315225068635996,0.04051204955888127,0.01508834363656103,0.03392978863863377,0.019487950441118784,0.014911656363438983
42.40476788512312,25.991920747551212,27.972408318990173,0.0331522489288269,0.04051204970887662,0.015088343631932177,0.03392979039616684,0.019487950291123435,0.014911656368067835
42.40921923499613,25.99538326712453,27.95282909775857,0.03315224718631654,0.040512049857299504,0.015088343626385003,0.033929792138677195,0.01948795014270055,0.01491165637361501
42.41367079252403,25.998846003607014,27.933256817943132,0.03315224545869222,0.04051205000420671,0.0150883436199276,0.033929793866301516,0.01948794999579334,0.014911656380072413
42.41812255770175,26.002308956994714,27.913691480158505,0.0331522437458181,0.040512050149889234,0.015088343612567195,0.03392979557917564,0.01948794985011082,0.014911656387432817
42.42257453052416,26.005772127283635,27.894133085019728,0.03315224204755307,0.04051205029434318,0.01508834360430858,0.033929797277440665,0.01948794970565687,0.014911656395691433
42.42702671098614,26.0092355144698,27.874581633150978,0.03315224036374681,0.0405120504375594,0.015088343595151585,0.033929798961246926,0.019487949562440654,0.014911656404848428
42.43147909906781,26.012699118537675,27.855037125207087,0.03315223869384848,0.040512050578704495,0.015088343585477781,0.03392980063114526,0.01948794942129556,0.014911656414522231
42.43593169474076,26.016162939465087,27.835499561863987,0.03315223703714848,0.04051205071651642,0.015088343575911406,0.03392980228784526,0.01948794928348363,0.014911656424088607
42.440384497996135,26.01962697724515,27.815968943743016,0.03315223539359191,0.04051205085089837,0.015088343566614967,0.033929803931401825,0.01948794914910168,0.014911656433385045
42.444837508828456,26.02309123187363,27.796445271458712,0.03315223376307097,0.040512050981853565,0.015088343557601802,0.033929805561922766,0.01948794901814649,0.01491165644239821
42.449290727232324,26.02655570334632,27.77692854562514,0.03315223214549229,0.040512051109394764,0.015088343548888841,0.03392980717950145,0.01948794889060529,0.014911656451111172
42.45374415320232,26.030020391659022,27.757418766856087,0.03315223054076416,0.04051205123353596,0.015088343540492904,0.033929808784229576,0.01948794876646409,0.014911656459507108
42.45819778673302,26.033485296807527,27.737915935765148,0.03315222894879538,0.04051205135429098,0.01508834353243313,0.033929810376198355,0.019487948645709074,0.014911656467566883
42.46265162781899,26.036950418787622,27.718420052965634,0.03315222736949702,0.04051205147167397,0.015088343524736092,0.033929811955496714,0.019487948528326082,0.01491165647526392
42.467105676454835,26.040415757595103,27.6989311190706,0.03315222580278032,0.04051205158569976,0.015088343517418515,0.033929813522213415,0.019487948414300293,0.014911656482581498
42.471559933098945,26.043881313590628,27.67944913329788,0.03315222427007397,0.040512051727819354,0.015088343502078369,0.033929815054919765,0.0194879482721807,0.014911656497921644
42.47601439731181,26.047347086428523,27.659974097573887,0.03315222275119811,0.04051205186865031,0.015088343486735267,0.033929816573795624,0.01948794813134974,0.014911656513264746
42.48046906908836,26.050813076104863,27.640506012508258,0.033152221246033176,0.040512052008199684,0.01508834347138388,0.03392981807896056,0.01948794799180037,0.014911656528616132
42.484923948423514,26.05427928261569,27.621044878710574,0.033152219754461254,0.04051205214647463,0.01508834345601906,0.03392981957053248,0.019487947853525422,0.014911656543980953
42.489379035312204,26.057745705957068,27.6015906967882,0.0331522182763645,0.04051205228348226,0.015088343440635407,0.03392982104862924,0.019487947716517795,0.014911656559364606
42.49383432974936,26.061212346125036,27.58214346734455,0.03315221681162667,0.04051205241922984,0.015088343425227788,0.03392982251336707,0.019487947580770215,0.014911656574772225
42.49828983172989,26.064679203115666,27.56270319099122,0.033152215360131965,0.04051205255372481,0.015088343409790886,0.03392982396486177,0.019487947446275244,0.014911656590209127
42.50274554124874,26.068146276924992,27.54326986833964,0.03315221392176587,0.04051205268697472,0.01508834339431947,0.033929825403227865,0.019487947313025333,0.014911656605680543
42.507201458300806,26.07161356754908,27.523843500001057,0.03315221249641448,0.04051205281898712,0.01508834337880842,0.03392982682857926,0.019487947181012932,0.014911656621191594
42.511657582881014,26.075081074983963,27.50442408658668,0.03315221108396477,0.040512052949769506,0.015088343363252432,0.03392982824102897,0.019487947050230547,0.01491165663674758
42.51611391498429,26.078548799225693,27.485011628707515,0.03315220968430477,0.04051205307932976,0.015088343347646388,0.03392982964068897,0.019487946920670296,0.014911656652353625
42.520570454605526,26.082016740270312,27.46560612697443,0.03315220829732335,0.04051205320767565,0.01508834333198511,0.03392983102767039,0.019487946792324407,0.014911656668014903
42.525027201739654,26.08548489811387,27.44620758199821,0.0331522069229096,0.040512053334814946,0.01508834331626309,0.03392983240208414,0.019487946665185107,0.014911656683736924
42.52948415638157,26.088953272752406,27.42681599438946,0.03315220556095405,0.04051205346075515,0.015088343300475107,0.033929833764039685,0.019487946539244905,0.014911656699524906
42.53394131852621,26.092421864181958,27.407431364758704,0.033152204211347736,0.04051205358550447,0.015088343284615904,0.033929835113646,0.019487946414495583,0.014911656715384108
42.53839868816845,26.09589067239857,27.388053693716262,0.03315220287398302,0.04051205370907074,0.015088343268680401,0.03392983645101072,0.019487946290929314,0.014911656731319611
42.542856265303215,26.099359697398278,27.368682981872492,0.033152201548753146,0.04051205383146228,0.015088343252663255,0.03392983777624059,0.019487946168537773,0.014911656747336757
42.5473140499254,26.102828939177115,27.349319229837363,0.0331522002355516,0.04051205395268698,0.015088343236559318,0.03392983908944214,0.019487946047313076,0.014911656763440695
42.5517720420299,26.106298397731116,27.32996243768476,0.03315219893427357,0.0405120540727531,0.015088343220363343,0.03392984039072017,0.019487945927246952,0.01491165677963667
42.55623024161162,26.10976807305632,27.310612606505423,0.03315219764481442,0.0405120541916687,0.015088343204070195,0.03392984168017932,0.019487945808331353,0.014911656795929817
42.56068864866546,26.113237965148745,27.291269736948372,0.03315219636707045,0.04051205430944199,0.015088343187674741,0.033929842957923284,0.01948794569055806,0.014911656812325272
42.56514726318633,26.116708074004436,27.27193382965261,0.03315219510093914,0.040512054426081245,0.01508834317117172,0.033929844224054595,0.019487945573918808,0.014911656828828293
42.5696060851691,26.120178399619412,27.25260488533716,0.03315219384631851,0.04051205454159501,0.015088343154556025,0.033929845478675225,0.019487945458405043,0.014911656845443988
42.57406511460867,26.1236489419897,27.23328290478284,0.03315219260310731,0.040512054655991336,0.015088343137822438,0.033929846721886425,0.019487945344008717,0.014911656862177575
42.57852435149992,26.127119701111333,27.213967888442717,0.03315219137120523,0.040512054769278605,0.015088343120965811,0.033929847953788506,0.01948794523072145,0.014911656879034202
42.58298379583776,26.130590676980322,27.194659836883755,0.03315219015051307,0.04051205488146531,0.015088343103980967,0.033929849174480664,0.019487945118534744,0.014911656896019046
42.587443447617076,26.134061869592706,27.17535875066733,0.03315218894093175,0.04051205499255972,0.015088343086862716,0.03392985038406199,0.019487945007440333,0.014911656913137297
42.59190330683274,26.137533278944495,27.156064630363474,0.033152187742363615,0.04051205510257033,0.015088343069605895,0.03392985158263012,0.01948794489742972,0.014911656930394118
42.59636337347963,26.141004905031707,27.13677747657138,0.03315218655471136,0.040512055211505416,0.015088343052205383,0.033929852770282376,0.019487944788494638,0.01491165694779463
42.60082364755264,26.144476747850376,27.117497289908535,0.033152185377878673,0.04051205531937352,0.015088343034655949,0.03392985394711506,0.019487944680626534,0.014911656965344064
42.60528412904665,26.1479488073965,27.09822407097426,0.0331521842117703,0.04051205542618319,0.015088343016952527,0.03392985511322344,0.019487944573816862,0.014911656983047486
42.60974481795653,26.1514210836661,27.078957820364614,0.03315218305629125,0.04051205553194265,0.01508834299908994,0.033929856268702485,0.019487944468057405,0.014911657000910072
42.61420571427717,26.15489357665519,27.059698538685744,0.03315218191134739,0.04051205563666038,0.015088342981062985,0.03392985741364635,0.01948794436333967,0.014911657018937027
42.618666818003426,26.15836628635979,27.040446226544127,0.033152180776845674,0.04051205574034489,0.015088342962866597,0.03392985854814806,0.019487944259655166,0.014911657037133416
42.62312812913018,26.161839212775895,27.021200884545994,0.03315217965269368,0.04051205584300466,0.015088342944495597,0.033929859672300056,0.019487944156995396,0.014911657055504415
42.6275896476523,26.16531235589953,27.001962513297283,0.033152178538799426,0.04051205594464802,0.015088342925944895,0.03392986078619431,0.019487944055352036,0.014911657074055118
42.632051373564664,26.1687857157267,26.982731113403673,0.03315217743507226,0.04051205604528346,0.01508834290720941,0.033929861889921475,0.01948794395471659,0.014911657092790603
42.63651330686213,26.1722592922534,26.96350668547048,0.0331521763414217,0.04051205614491954,0.015088342888284104,0.033929862983572034,0.019487943855080514,0.014911657111715909
42.64097544753957,26.175733085475652,26.94428923010285,0.03315217525775849,0.040512056243564465,0.015088342869163843,0.03392986406723525,0.01948794375643559,0.01491165713083617
42.64543779559183,26.17920709538945,26.92507874790589,0.03315217418399363,0.04051205634122679,0.015088342849843603,0.033929865141000104,0.019487943658773266,0.01491165715015641
42.64990035101379,26.182681321990792,26.90587523942769,0.03315217312003932,0.04051205643791489,0.015088342830318402,0.03392986620495442,0.019487943562085164,0.01491165716968161
42.6543631138003,26.186155765275686,26.886678705063527,0.03315217206580828,0.04051205653363715,0.015088342810583202,0.03392986725918545,0.0194879434663629,0.01491165718941681
42.65882608394624,26.18963042524013,26.867489145355403,0.03315217102121387,0.04051205662840196,0.015088342790633077,0.033929868303779864,0.019487943371598093,0.014911657209366935
42.66328926144644,26.19310530188012,26.848306560866533,0.03315216998617021,0.04051205672221764,0.015088342770463115,0.033929869338823526,0.019487943277782416,0.014911657229536898
42.66775264629577,26.19658039519166,26.82913095215056,0.03315216896059231,0.0405120568150924,0.015088342750068373,0.03392987036440143,0.019487943184907652,0.01491165724993164
42.67221623848907,26.200055705170726,26.80996231976243,0.033152167944395516,0.040512056907034244,0.01508834272944401,0.03392987138059822,0.01948794309296581,0.014911657270556003
42.6766800380212,26.203531231813336,26.790800664262974,0.03315216693749634,0.04051205699805177,0.015088342708585209,0.033929872387497395,0.019487943001948282,0.014911657291414804
42.68114404488701,26.207006975115462,26.771645986220296,0.03315216593981146,0.040512057088152864,0.015088342687487252,0.033929873385182274,0.01948794291184719,0.01491165731251276
42.68560825908135,26.21048293507311,26.75249828621069,0.033152164951259,0.04051205717734602,0.01508834266614538,0.033929874373734736,0.019487942822654036,0.014911657333854633
42.69007268059907,26.213959111682264,26.733357564819137,0.0331521639717568,0.04051205726563939,0.015088342644557343,0.03392987535323694,0.019487942734360664,0.01491165735544267
42.69453730943501,26.217435504938905,26.714223822639397,0.0331521630012242,0.0405120573530412,0.01508834262271877,0.03392987632376954,0.019487942646958856,0.014911657377281243
42.699002145584004,26.22091211483903,26.695097060274026,0.03315216203958099,0.04051205743955982,0.015088342600625429,0.033929877285412746,0.01948794256044023,0.014911657399374584
42.70346718904092,26.224388941378624,26.675977278333978,0.033152161086747234,0.04051205752520315,0.015088342578273212,0.0339298782382465,0.019487942474796904,0.014911657421726801
42.70793243980056,26.22786598455367,26.656864477438017,0.03315216014264427,0.040512057609979224,0.015088342555658066,0.033929879182349465,0.01948794239002083,0.014911657444341947
42.7123978978578,26.231343244360144,26.63775865821202,0.03315215920719389,0.040512057693896264,0.015088342532776064,0.03392988011779985,0.01948794230610379,0.014911657467223949
42.716863563207454,26.234820720794037,26.61865982128812,0.0331521582803182,0.040512057776962374,0.015088342509623348,0.033929881044675536,0.01948794222303768,0.014911657490376665
42.72132943584435,26.238298413851314,26.599567967303965,0.03315215736193988,0.04051205785918499,0.01508834248619649,0.033929881963053854,0.019487942140815062,0.014911657513803522
42.72579551576332,26.24177632352796,26.580483096901666,0.033152156451982495,0.04051205794057172,0.015088342462491897,0.03392988287301124,0.01948794205942833,0.014911657537508116
42.73026180295921,26.245254449819946,26.56140521072724,0.03315215555037021,0.04051205802113045,0.015088342438506264,0.033929883774623526,0.019487941978869605,0.014911657561493749
42.734728297426834,26.248732792723253,26.54233430942969,0.03315215465702814,0.04051205810086905,0.015088342414236275,0.03392988466796559,0.019487941899131,0.014911657585763738
42.73919499916102,26.252211352233857,26.52327039366054,0.03315215377188191,0.040512058179795474,0.015088342389678877,0.03392988555311183,0.01948794182020458,0.014911657610321136
42.743661908156625,26.255690128347716,26.504213477266354,0.03315215289485768,0.040512058257917316,0.015088342364831087,0.03392988643013606,0.019487941742082737,0.014911657635168926
42.748129024408414,26.259169121060825,26.485163548087854,0.03315215202588229,0.04051205833524252,0.015088342339690045,0.03392988729911145,0.019487941664757535,0.014911657660309968
42.75259634791128,26.26264833036914,26.46612060673638,0.03315215116488329,0.04051205841177874,0.015088342314253225,0.033929888160110444,0.019487941588221314,0.014911657685746788
42.757063878660006,26.266127756268645,26.44708465382323,0.03315215031178875,0.040512058487533587,0.015088342288518117,0.033929889013204984,0.019487941512466467,0.014911657711481896
42.76153161664941,26.26960739875529,26.428055689959805,0.03315214946652745,0.04051205856251494,0.015088342262482499,0.03392988985846629,0.019487941437485112,0.014911657737517514
42.76599956187434,26.27308725782506,26.409033715757467,0.033152148629028655,0.040512058636730075,0.015088342236144317,0.03392989069596508,0.01948794136326998,0.014911657763855696
42.7704677143296,26.276567333473917,26.390018731827674,0.033152147799222376,0.040512058710186816,0.015088342209501698,0.03392989152577136,0.019487941289813238,0.014911657790498314
42.77493607401,26.280047625697826,26.371010738781855,0.033152146977039165,0.040512058782892435,0.01508834218255306,0.03392989234795457,0.01948794121710762,0.014911657817446952
42.779404640910386,26.283528134492755,26.352009737231548,0.03315214616241008,0.04051205885485476,0.01508834215529685,0.03392989316258366,0.019487941145145293,0.014911657844703163
42.78387341502555,26.287008859854666,26.33301572778824,0.03315214535526706,0.04051205892608095,0.015088342127731982,0.03392989396972668,0.0194879410739191,0.01491165787226803
42.7883423963503,26.290489801779522,26.314028711063457,0.03315214455554222,0.04051205899657834,0.01508834209985735,0.03392989476945152,0.019487941003421716,0.014911657900142664
42.79281158487947,26.293970960263287,26.29504868766883,0.03315214376316483,0.0405120590663543,0.015088342071299887,0.033929895561828904,0.019487940933645753,0.014911657928700126
42.79728098060781,26.297452335301884,26.27607565821608,0.033152142978068566,0.04051205913541572,0.015088342042151787,0.03392989634692517,0.01948794086458433,0.014911657957848226
42.801750583530094,26.300933926891233,26.257109623316957,0.03315214220018847,0.04051205920376988,0.0150883420125167,0.033929897124805264,0.019487940796230174,0.014911657987483312
42.8062203936411,26.304415735027277,26.238150583583312,0.03315214142945988,0.04051205927142382,0.015088341982509038,0.033929897895533856,0.019487940728576236,0.014911658017490975
42.810690410935635,26.30789775970598,26.219198539626984,0.033152140665819396,0.040512059338384865,0.015088341952254919,0.03392989865917434,0.01948794066161519,0.014911658047745094
42.81516063540852,26.311380000923293,26.200253492059858,0.03315213990920457,0.04051205940466024,0.015088341921893289,0.033929899415789166,0.019487940595339814,0.014911658078106724
42.81963106705459,26.314862458675208,26.181315441489755,0.03315213915955367,0.04051205947025732,0.015088341891577206,0.03392990016544006,0.01948794052974273,0.014911658108422807
42.8241017058687,26.31834513295771,26.16238438852589,0.03315213841680398,0.040512059535183276,0.015088341861304741,0.03392990090818976,0.019487940464816778,0.014911658138695272
42.82857255184571,26.3218280237668,26.143460333779384,0.03315213768088987,0.040512059599445094,0.015088341830721858,0.033929901644103866,0.01948794040055496,0.014911658169278155
42.83304360498044,26.325311131098438,26.124543277861374,0.033152136951749345,0.04051205966304977,0.015088341799829721,0.03392990237324439,0.019487940336950282,0.014911658200170291
42.83751486526767,26.328794454948575,26.105633221383027,0.03315213622932106,0.04051205972600419,0.015088341768629582,0.033929903095672675,0.019487940273995863,0.014911658231370431
42.841986332702234,26.332277995313163,26.0867301649555,0.03315213551354396,0.04051205978831496,0.01508834173712284,0.03392990381144978,0.019487940211685095,0.014911658262877173
42.84645800727891,26.335761752188162,26.067834109189914,0.0331521348043578,0.04051205984998929,0.01508834170531094,0.033929904520635934,0.019487940150010763,0.014911658294689073
42.85092988899251,26.339245725569523,26.048945054697423,0.033152134101702646,0.040512059911033516,0.015088341673195338,0.03392990522329109,0.019487940088966538,0.014911658326804675
42.85540197783784,26.342729915453194,26.030063002089378,0.03315213340551931,0.04051205997145452,0.015088341640777506,0.033929905919474423,0.019487940028545536,0.014911658359222507
42.859874273809695,26.346214321835127,26.011187951978783,0.033152132715748905,0.04051206003125868,0.015088341608058817,0.03392990660924483,0.019487939968741375,0.014911658391941196
42.86434677690289,26.349698944711278,25.992319904976455,0.03315213203233347,0.040512060090452995,0.015088341575040493,0.033929907292660266,0.01948793990954706,0.01491165842495952
42.86881948711221,26.3531837840776,25.9734588616932,0.033152131355214665,0.04051206014904368,0.015088341541723449,0.03392990796977907,0.01948793985095637,0.014911658458276564
42.87329240443247,26.35666883993003,25.954604812888974,0.03315213068433576,0.04051206020703735,0.015088341508108366,0.03392990864065798,0.019487939792962705,0.014911658491891647
42.87776552885845,26.360154112264524,25.93575776965079,0.0331521300196399,0.040512060264440264,0.015088341474195396,0.033929909305353834,0.01948793973555979,0.014911658525804616
42.88223886038496,26.363639601077036,25.916917732575637,0.033152129361070704,0.040512060321258925,0.015088341439984082,0.03392990996392303,0.01948793967874113,0.01491165856001593
42.88671239900678,26.367125306363505,25.89808470225992,0.03315212870857237,0.04051206037749955,0.015088341405473327,0.033929910616421366,0.019487939622500505,0.014911658594526686
42.89118614471874,26.370611228119884,25.879258679299593,0.03315212806208956,0.04051206043316846,0.015088341370661021,0.03392991126290418,0.01948793956683159,0.014911658629338992
42.89566009751561,26.37409736634212,25.86043966428981,0.03315212742156759,0.04051206048827183,0.015088341335543973,0.033929911903426146,0.019487939511728225,0.01491165866445604
42.90013425739218,26.377583721026152,25.841627657825285,0.03315212678695245,0.04051206054281559,0.015088341300188254,0.033929912538041285,0.019487939457184467,0.014911658699811758
42.904608624343275,26.381070292167934,25.822822660500073,0.033152126158190354,0.04051206059680562,0.015088341264597613,0.03392991316680338,0.019487939403194432,0.0149116587354024
42.909083198363675,26.384557079763418,25.80402467290225,0.03315212553522756,0.04051206065024776,0.01508834122877449,0.033929913789766175,0.019487939349752292,0.014911658771225522
42.91355797944819,26.388044083808555,25.785233695625106,0.03315212491801128,0.04051206070314761,0.015088341192722801,0.03392991440698245,0.01948793929685244,0.014911658807277212
42.91803296759164,26.391531304299296,25.76644972926165,0.03315212430648862,0.04051206075551078,0.015088341156449067,0.03392991501850512,0.019487939244489272,0.014911658843550946
42.9225081627888,26.39501874123159,25.74767277440467,0.03315212370060755,0.040512060807342765,0.015088341119964294,0.03392991562438619,0.01948793919265729,0.01491165888003572
42.926983565034426,26.398506394601363,25.728902831646806,0.03315212310031551,0.04051206085864678,0.015088341083286966,0.033929916224678225,0.019487939141353272,0.014911658916713047
42.931459174323344,26.401994264404546,25.71013990158052,0.0331521225055611,0.040512060909427605,0.015088341046443646,0.03392991681943264,0.019487939090572448,0.014911658953556367
42.93593499065036,26.405482350637108,25.691383984798115,0.03315212191629374,0.04051206095969062,0.015088341009473191,0.033929917408699994,0.019487939040309432,0.014911658990526822
42.940411014010266,26.408970653295,25.67263508189191,0.03315212133246359,0.040512061009440825,0.015088340972431322,0.033929917992530145,0.019487938990559228,0.014911659027568691
42.94488724439788,26.41245917237419,25.653893193454167,0.03315212075402124,0.04051206105868316,0.015088340935396224,0.033929918570972495,0.019487938941316896,0.014911659064603788
42.94936368180806,26.415947907870653,25.635158320077213,0.03315212018091862,0.04051206110742289,0.015088340898476466,0.033929919144075116,0.01948793889257716,0.014911659101523547
42.953840326235614,26.419436859780358,25.61643046235352,0.033152119614054065,0.040512061155692614,0.015088340953437376,0.03392991971093967,0.01948793884430744,0.014911659046562636
42.958317177689,26.42292602810968,25.5977096208628,0.03315211905252802,0.04051206120349793,0.015088341007324202,0.03392992027246572,0.019487938796502124,0.01491165899267581
42.96279423616285,26.426415412854446,25.57899579619806,0.03315211849629068,0.04051206125084339,0.01508834106016127,0.03392992082870305,0.019487938749156664,0.014911658939838743
42.96727150165185,26.429905014010515,25.560288988952593,0.03315211797123446,0.04051206129776114,0.015088341111973547,0.033929921353759274,0.019487938702238916,0.014911658888026466
42.97174897415066,26.43339483157373,25.541589199646523,0.03315211745003832,0.04051206134422536,0.015088341072248601,0.033929921874955415,0.019487938655774695,0.014911658927751412
42.97622665364054,26.43688486552969,25.522896428727446,0.033152116933519604,0.04051206139024016,0.01508834103504969,0.03392992239147413,0.01948793860975989,0.014911658964950322
42.980704540116704,26.44037511587466,25.504210676805798,0.033152116421647115,0.040512061435810265,0.01508834100136,0.03392992290334662,0.01948793856418979,0.014911658998640012
42.98518263357448,26.443865582604985,25.485531944491985,0.03315211591439565,0.04051206148093622,0.015088340972506734,0.033929923410598084,0.01948793851906383,0.01491165902749328
42.98966093400941,26.447356265717186,25.466860232396154,0.033152115411746064,0.04051206152561959,0.01508834095024654,0.03392992391324767,0.019487938474380462,0.014911659049753473
42.994139441417275,26.450847165207975,25.448195541128044,0.03315211491368847,0.04051206156986975,0.015088340936832256,0.03392992441130527,0.019487938430130303,0.014911659063167756
42.998618155794226,26.45433828107431,25.42953787129724,0.03315211442022126,0.04051206161369747,0.01508834093501378,0.03392992490477248,0.019487938386302583,0.014911659064986232
43.003097077136786,26.45782961331347,25.410887223513196,0.033152113931351646,0.04051206165711563,0.015088340947888135,0.03392992539364209,0.019487938342884426,0.014911659052111878
43.007576205441964,26.461321161923074,25.392243598384987,0.03315211344709135,0.04051206170013982,0.01508834097849257,0.03392992587790239,0.01948793829986023,0.014911659021507442
43.012055540707195,26.464812926901097,25.373606996521364,0.033152112967328284,0.04051206174283001,0.015088341012968853,0.03392992635766545,0.019487938257170045,0.01491165898703116
43.016535082927874,26.468304908243944,25.354977418533114,0.03315211249201422,0.040512061785348386,0.01508834103550255,0.03392992683297952,0.019487938214651668,0.014911658964497462
43.02101483209716,26.471797105946294,25.336354865033304,0.03315211202109475,0.0405120618276999,0.015088341046401499,0.03392992730389899,0.019487938172300157,0.014911658953598514
43.02549478820809,26.47528952000276,25.31773933663516,0.03315211155483272,0.04051206186965545,0.015088341099139743,0.03392992777016102,0.019487938130344606,0.01491165890086027
43.02997495126155,26.478782150413927,25.299130833944673,0.033152111092803305,0.040512061911220365,0.015088341150639145,0.03392992823219043,0.019487938088779688,0.014911658849360868
43.03445532125213,26.482274997175608,25.280529357573815,0.033152110634965426,0.0405120619523997,0.015088341200805391,0.03392992869002831,0.01948793804760035,0.014911658799194621
43.03893589817447,26.485768060283597,25.261934908134773,0.03315211018127767,0.04051206199319801,0.015088341249509002,0.033929929143716064,0.01948793800680204,0.01491165875049101
43.043416682023164,26.489261339733694,25.24334748623789,0.03315210973170474,0.040512062033619234,0.015088341297319938,0.033929929593289,0.01948793796638082,0.014911658702680075
43.047897672792885,26.492754835521758,25.22476709247424,0.03315210928620704,0.040512062073666866,0.015088341344254866,0.03392993003878669,0.019487937926333188,0.014911658655745147
43.05237887047829,26.496248547643624,25.206193727453797,0.03315210884474523,0.04051206211334468,0.015088341390330023,0.033929930480248505,0.01948793788665537,0.01491165860966999
43.05686027507409,26.49974247609515,25.187627391786638,0.03315210840728067,0.040512062152656236,0.015088341435561509,0.03392993091771307,0.019487937847343817,0.014911658564438504
43.061341886574944,26.50323662087221,25.1690680860829,0.033152107973774825,0.040512062191605025,0.015088341479964962,0.03392993135121891,0.01948793780839503,0.014911658520035051
43.06582370497554,26.50673098197064,25.15051581095297,0.03315210754418979,0.04051206223019471,0.015088341523555815,0.033929931780803946,0.01948793776980534,0.014911658476444198
43.07030573027059,26.510225559386324,25.131970567007297,0.03315210711848787,0.04051206226842857,0.015088341566349195,0.033929932206505864,0.01948793773157148,0.014911658433650818
43.07478796245474,26.5137203531151,25.11343235485713,0.033152106696632044,0.040512062306310215,0.01508834160835995,0.03392993262836169,0.01948793769368984,0.014911658391640062
43.07927040152271,26.517215363152847,25.09490117511499,0.03315210627858528,0.040512062343843025,0.015088341649602613,0.033929933046408456,0.01948793765615703,0.0149116583503974
43.08375304746919,26.520710589495415,25.07637702839167,0.0331521058643115,0.04051206238103028,0.015088341690091572,0.03392993346068224,0.019487937618969775,0.01491165830990844
43.088235900288836,26.524206032138665,25.05785991529808,0.03315210545377473,0.04051206241787547,0.015088341729840873,0.03392993387121901,0.01948793758212458,0.01491165827015914
43.09271895997638,26.527701691078477,25.039349836445304,0.03315210504693922,0.04051206245438155,0.015088341768864227,0.03392993427805452,0.019487937545618506,0.014911658231135785
43.097202226526505,26.53119756631071,25.020846792444598,0.03315210464377005,0.04051206249055206,0.015088341807175207,0.033929934681223684,0.019487937509447995,0.014911658192824806
43.101685699933896,26.53469365783122,25.00235078390733,0.03315210424423226,0.04051206252638995,0.015088341844787079,0.033929935080761475,0.019487937473610106,0.014911658155212934
43.10616938019327,26.53818996563589,24.98386181144498,0.03315210384829165,0.0405120625618986,0.015088341881712902,0.03392993547670209,0.019487937438101455,0.01491165811828711
43.11065326729934,26.54168648972059,24.965379875669193,0.03315210345591402,0.04051206259708101,0.015088341917965459,0.03392993586907972,0.019487937402919042,0.014911658082034554
43.11513736124676,26.545183230081182,24.94690497719168,0.0331521030670659,0.040512062631940404,0.015088341953557238,0.03392993625792784,0.01948793736805965,0.014911658046442774
43.11962166203026,26.548680186713533,24.928437116624288,0.033152102681714035,0.04051206266647961,0.015088341988500606,0.0339299366432797,0.019487937333520444,0.014911658011499407
43.12410616964456,26.552177359613534,24.909976294578904,0.033152102299825625,0.040512062700701845,0.015088342022807677,0.03392993702516811,0.019487937299298208,0.014911657977192336
43.12859088408433,26.55567474877703,24.891522511667556,0.03315210192136825,0.04051206273460989,0.015088342056490331,0.03392993740362549,0.019487937265390165,0.014911657943509682
43.133075805344305,26.559172354199923,24.873075768502304,0.03315210154630982,0.040512062768206736,0.01508834208956017,0.033929937778683916,0.019487937231793317,0.014911657910439843
43.13756093341917,26.56267017587807,24.85463606569523,0.033152101174618365,0.040512062801495274,0.015088342122028642,0.03392993815037537,0.01948793719850478,0.014911657877971371
43.14204626830366,26.56616821380735,24.83620340383191,0.033152100806263074,0.0405120628344785,0.015088342153906961,0.03392993851873066,0.01948793716552155,0.014911657846093052
43.14653180999245,26.569666467983645,24.81777778351169,0.03315210044121247,0.04051206286715903,0.015088342185206077,0.03392993888378126,0.019487937132841027,0.014911657814793935
43.15101755848029,26.573164938402826,24.7993592053443,0.0331521000794362,0.04051206289953979,0.01508834221593687,0.03392993924555754,0.019487937100460262,0.014911657784063143
43.15550351376187,26.576663625060775,24.780947669939575,0.033152099720903994,0.040512062931623405,0.015088342246109832,0.03392993960408974,0.01948793706837665,0.014911657753890181
43.1599896758319,26.58016252795337,24.762543177893775,0.03315209936558594,0.040512062963412754,0.01508834227573537,0.033929939959407796,0.0194879370365873,0.014911657724264643
43.16447604468511,26.583661647076486,24.744145729813752,0.03315209901345251,0.04051206299491028,0.015088342304823699,0.03392994031154123,0.019487937005089773,0.014911657695176314
43.16896262031621,26.587160982426013,24.72575532630363,0.03315209866447455,0.040512063026118705,0.015088342333384769,0.03392994066051919,0.019487936973881348,0.014911657666615244
43.17344940271989,26.590660533997816,24.707371967967283,0.03315209831862315,0.04051206305704064,0.015088342361428392,0.03392994100637059,0.019487936942959416,0.014911657638571621
43.17793639189091,26.59416030178779,24.688995655408476,0.0331520979758701,0.040512063087678796,0.015088342388964157,0.03392994134912364,0.019487936912321258,0.014911657611035856
43.18242358782397,26.59766028579182,24.670626389230893,0.03315209763618704,0.04051206311803546,0.015088342416001502,0.0339299416888067,0.019487936881964596,0.014911657583998511
43.18691099051378,26.601160486005778,24.65226417003868,0.03315209729954627,0.040512063148113175,0.015088342442549613,0.03392994202544747,0.019487936851886878,0.0149116575574504
43.191398599955065,26.604660902425554,24.633908998435846,0.03315209696592042,0.04051206317791467,0.015088342468606686,0.03392994235907332,0.019487936822085383,0.014911657531393327
43.19588641614257,26.608161535047035,24.61556087502673,0.033152096635282235,0.040512063207442106,0.015088342494178064,0.0339299426897115,0.019487936792557947,0.014911657505821949
43.200374439070984,26.61166238386609,24.597219800415974,0.03315209630760513,0.040512063236698204,0.015088342519273337,0.03392994301738861,0.01948793676330185,0.014911657480726676
43.20486266873503,26.615163448878615,24.578885775208732,0.03315209598286262,0.04051206326568518,0.015088342543901928,0.03392994334213112,0.01948793673431487,0.014911657456098085
43.20935110512945,26.61866473008049,24.560558800010654,0.033152095661028835,0.040512063294405376,0.01508834256807308,0.0339299436639649,0.019487936705594677,0.014911657431926933
43.213839748248944,26.622166227467595,24.542238875428144,0.033152095342078025,0.040512063322861336,0.01508834259179577,0.03392994398291571,0.019487936677138717,0.014911657408204243
43.21832859808825,26.625667941035825,24.52392600206822,0.03315209502598504,0.04051206335105528,0.015088342615078937,0.033929944299008696,0.01948793664894477,0.014911657384921076
43.2228176546421,26.62916987078107,24.50562018053874,0.03315209471272457,0.04051206337898938,0.015088342637931157,0.03392994461226917,0.01948793662101067,0.014911657362068856
43.227306917905196,26.632672016699207,24.4873214143018,0.0331520944022719,0.04051206340666602,0.015088342660360993,0.03392994492272183,0.019487936593334032,0.01491165733963902
43.23179638787228,26.636174378786123,24.46902970127285,0.0331520940946029,0.040512063434087364,0.015088342682376826,0.033929945230390834,0.01948793656591269,0.014911657317623186
43.236286064538085,26.639676957037718,24.450745042063556,0.033152093789692805,0.040512063461255576,0.015088342703986013,0.03392994553530093,0.019487936538744477,0.014911657296014
43.240775947897326,26.643179751449864,24.43246743728561,0.03315209348751663,0.0405120634881726,0.015088342725196616,0.033929945837477105,0.019487936511827453,0.014911657274803397
43.24526603794474,26.646682762018465,24.414196887550798,0.03315209318805107,0.040512063514840824,0.015088342746016559,0.03392994613694267,0.01948793648515923,0.014911657253983454
43.249756334675055,26.6501859887394,24.395933393470976,0.033152092891226614,0.040512063541485954,0.015088342740506175,0.03392994643376712,0.0194879364585141,0.014911657259493838
43.25424683807927,26.65368943160572,24.37767695566146,0.033152092597247995,0.040512063568096224,0.015088342735814303,0.03392994672774574,0.01948793643190383,0.01491165726418571
43.25873754815228,26.657193090613415,24.35942757473413,0.03315209230608218,0.040512063594660974,0.015088342731925511,0.033929947018911555,0.01948793640533908,0.014911657268074502
43.263228464888954,26.660696965758504,24.341185251300868,0.03315209201769631,0.040512063621169214,0.015088342728824075,0.033929947307297426,0.01948793637883084,0.014911657271175938
43.26771958828417,26.664201057036976,24.32294998596811,0.033152091732058686,0.040512063647610674,0.015088342726493842,0.03392994759293505,0.01948793635238938,0.014911657273506171
43.27221091833282,26.667705364444835,24.304721779331718,0.033152091449137944,0.040512063673975474,0.015088342724918269,0.03392994787585579,0.01948793632602458,0.014911657275081744
43.27670245502972,26.671209887978065,24.286500632007545,0.03315209116890283,0.040512063700252454,0.015088342724081272,0.033929948156090906,0.0194879362997476,0.014911657275918741
43.28119419836976,26.674714627632646,24.2682865446112,0.033152090891323094,0.04051206372643207,0.015088342723965573,0.03392994843367064,0.019487936273567985,0.01491165727603444
43.28568614834781,26.678219583404598,24.250079517757573,0.03315209061636937,0.04051206375250538,0.015088342724553547,0.03392994870862437,0.019487936247494675,0.014911657275446466
43.290178304958744,26.681724755289906,24.231879552062054,0.033152090344012175,0.040512063778463225,0.015088342725827097,0.03392994898098156,0.019487936221536828,0.014911657274172915
43.29467066819741,26.685230143284553,24.213686648140154,0.03315209007422598,0.04051206380430039,0.015088342727739693,0.033929949250767755,0.019487936195699662,0.01491165727226032
43.29916323805871,26.68873574738455,24.195500806693204,0.03315208980698825,0.040512063830014766,0.015088342730238694,0.03392994951800549,0.019487936169985287,0.01491165726976132
43.30365601453745,26.69224156758586,24.177322028225863,0.033152089542276164,0.04051206385560335,0.015088342733310223,0.03392994978271757,0.0194879361443967,0.01491165726668979
43.30814899762852,26.69574760388448,24.15915031335411,0.03315208928006663,0.0405120638810626,0.015088342736940152,0.033929950044927104,0.019487936118937454,0.01491165726305986
43.31264218732675,26.699253856276385,24.140985662693815,0.033152089020336006,0.04051206390638834,0.015088342741113883,0.03392995030465773,0.019487936093611713,0.01491165725888613
43.31713558362702,26.70276032475757,24.122828076860646,0.03315208876306047,0.040512063931575415,0.015088342745816455,0.033929950561933264,0.01948793606842464,0.014911657254183558
43.32162918652414,26.706267009324,24.104677556470026,0.03315208850821638,0.04051206395661844,0.015088342751032588,0.033929950816777354,0.019487936043381615,0.014911657248967425
43.32612299601298,26.70977390997165,24.086534102136053,0.033152088255779366,0.04051206398151169,0.015088342756746628,0.03392995106921437,0.01948793601848836,0.014911657243253384
43.33061701208837,26.713281026696503,24.068397710033114,0.0331520880057255,0.04051206400624874,0.015088342762942478,0.03392995131926824,0.019487935993751315,0.014911657237057535
43.33511123474516,26.716788359494522,24.050268386515818,0.03315208775803091,0.040512064030823525,0.015088342769603816,0.033929951566962824,0.01948793596917653,0.014911657230396197
43.33960566397819,26.72029590836169,24.032146131917226,0.03315208751267179,0.040512064055229335,0.015088342776713962,0.033929951812321946,0.019487935944770718,0.014911657223286051
43.3441002997823,26.723803673293972,24.01403094659206,0.03315208726962465,0.040512064079459065,0.015088342784256206,0.033929952055369084,0.01948793592054099,0.014911657215743807
43.348595142152256,26.7273116542873,23.99592283035533,0.03315208702886574,0.04051206410350472,0.015088342792214327,0.033929952296127996,0.019487935896495334,0.014911657207785686
43.35309019108291,26.73081985133764,23.977821783878795,0.03315208679037218,0.04051206412735958,0.015088342800570823,0.033929952534621555,0.01948793587264047,0.01491165719942919
43.357585446569104,26.73432826444097,23.959727807699732,0.03315208655415974,0.0405120641510171,0.015088342809307972,0.03392995277083399,0.01948793584898295,0.01491165719069204
43.362080908605655,26.73783689359324,23.941640902720494,0.033152086320205276,0.0405120641744704,0.015088342818407888,0.03392995300478846,0.019487935825529656,0.014911657181592125
43.36657657718738,26.74134573879041,23.923561069507908,0.03315208608848358,0.04051206419771358,0.0150883428278525,0.03392995323651016,0.01948793580228647,0.014911657172147513
43.37107245230909,26.744854800028435,23.905488308469007,0.03315208585897017,0.04051206422074005,0.015088342837623572,0.033929953466023566,0.01948793577926,0.01491165716237644
43.37556853396564,26.74836407730329,23.88742262035211,0.03315208563164135,0.04051206424354409,0.015088342847702788,0.03392995369335239,0.019487935756455965,0.014911657152297225
43.38006482215183,26.751873570610915,23.869364005901172,0.033152085406473464,0.04051206426611992,0.015088342858071743,0.03392995391852027,0.019487935733880135,0.01491165714192827
43.384561316862474,26.755383279947264,23.851312465833683,0.03315208518344365,0.0405120642884621,0.015088342868712024,0.03392995414155009,0.01948793571153795,0.01491165713128799
43.389058018092385,26.758893205308297,23.833268000524914,0.03315208496252964,0.040512064310565477,0.01508834287960513,0.0339299543624641,0.019487935689434577,0.014911657120394883
43.39355492583637,26.762403346689954,23.81523061043279,0.03315208474370973,0.04051206433242516,0.015088342890732687,0.033929954581284005,0.019487935667574896,0.014911657109267326
43.39805204008925,26.76591370408818,23.797200296149484,0.03315208452696278,0.04051206435403676,0.015088342902076335,0.03392995479803096,0.019487935645963295,0.014911657097923678
43.40254936084582,26.76942427749894,23.779177058256913,0.033152084312268126,0.04051206437539617,0.01508834291361788,0.03392995501272561,0.01948793562460388,0.014911657086382132
43.407046888100886,26.77293506691816,23.761160897335085,0.033152084099605905,0.04051206439649929,0.015088342925339213,0.03392995522538783,0.01948793560350076,0.0149116570746608
43.411544621849266,26.77644607234179,23.743151814162253,0.033152083888935036,0.04051206441734473,0.015088342934828636,0.0339299554360587,0.019487935582655325,0.014911657065171377
43.416042562085366,26.77995729376549,23.725149809584078,0.03315208368023276,0.04051206443793115,0.01508834294172208,0.03392995564476098,0.019487935562068903,0.014911657058277933
43.42054070880363,26.783468731184907,23.707154884055132,0.03315208347348231,0.04051206445825695,0.01508834294624238,0.03392995585151143,0.019487935541743107,0.014911657053757632
43.42503906199845,26.786980384595683,23.689167037393698,0.033152083268667254,0.04051206447832084,0.015088342948604144,0.03392995605632648,0.01948793552167921,0.014911657051395869
43.429537621664274,26.79049225399349,23.67118626534845,0.0331520830657715,0.04051206449812106,0.01508834294901372,0.03392995625922224,0.019487935501878995,0.014911657050986293
43.434036387795615,26.79400433937404,23.653212579716538,0.033152082864779275,0.040512064517656265,0.015088342947669295,0.03392995646021446,0.019487935482343788,0.014911657052330718
43.43853536038698,26.79751664073305,23.635245974971387,0.033152082665675264,0.04051206453692413,0.015088342944761066,0.03392995665931847,0.019487935463075923,0.014911657055238947
43.44303453943291,26.80102915806627,23.617286451370447,0.033152082468444755,0.0405120645559231,0.015088342940471178,0.03392995685654898,0.019487935444076954,0.014911657059528835
43.44753392492797,26.80454189136946,23.599334009428535,0.03315208227307048,0.04051206457465262,0.0150883429345771,0.033929957051923254,0.019487935425347436,0.014911657065422912
43.45203351686671,26.808054840638363,23.581388653143556,0.03315208207953613,0.04051206459311402,0.015088342926731585,0.03392995724545761,0.019487935406886037,0.014911657073268428
43.45653331524362,26.81156800586868,23.56345038066171,0.0331520818878292,0.04051206461130846,0.015088342916993666,0.03392995743716454,0.01948793538869159,0.014911657083006347
43.46103332005319,26.815081387056125,23.545519189962743,0.03315208169793726,0.04051206462923723,0.015088342905422852,0.03392995762705647,0.01948793537076282,0.01491165709457716
43.46553353128992,26.818594984196395,23.527595084552622,0.03315208150984866,0.040512064646901325,0.015088342892078763,0.03392995781514507,0.01948793535309873,0.01491165710792125
43.470033948948355,26.82210879728524,23.509678065268,0.033152081323552185,0.04051206466430224,0.015088342877020919,0.03392995800144155,0.019487935335697815,0.014911657122979094
43.47453457302298,26.825622826318355,23.491768132770673,0.03315208113903717,0.04051206468144075,0.015088342860308593,0.033929958185956566,0.019487935318559302,0.01491165713969142
43.47903540350834,26.829137071291505,23.4738652876226,0.03315208095629313,0.04051206469831814,0.015088342842000599,0.03392995836870061,0.019487935301681913,0.014911657157999414
43.48353644039898,26.83265153220041,23.45596953034208,0.03315208077531007,0.04051206471493546,0.015088342822155237,0.03392995854968367,0.019487935285064595,0.014911657177844775
43.48803768368944,26.83616620904082,23.438080861437026,0.033152080596078604,0.04051206473129371,0.015088342800829074,0.03392995872891513,0.019487935268706347,0.014911657199170938
43.49253913337428,26.839681101808495,23.420199281422434,0.03315208041858975,0.04051206474739383,0.015088342778078079,0.03392995890640399,0.019487935252606226,0.014911657221921934
43.49704078944808,26.843196210499187,23.40232478873675,0.03315208024283506,0.040512064763237154,0.015088342753957942,0.03392995908215868,0.0194879352367629,0.01491165724604207
43.50154265190538,26.84671153510867,23.38445738811088,0.033152080068806045,0.04051206477882435,0.015088342728523343,0.03392995925618769,0.0194879352211757,0.01491165727147667
43.506044720740775,26.8502270756327,23.36659707803573,0.033152079896495434,0.040512064794156255,0.015088342701828086,0.0339299594284983,0.019487935205843798,0.014911657298171926
43.510546995948864,26.853742832067063,23.348743859042056,0.03315207972589618,0.040512064809234194,0.015088342673924601,0.03392995959909756,0.01948793519076586,0.014911657326075412
43.51504947752424,26.85725880440755,23.330897731540773,0.033152079556988456,0.04051206482405806,0.015088342643643476,0.03392995976800528,0.019487935175941995,0.014911657356356536
43.5195521654613,26.86077499264979,23.313058695603875,0.033152079389754674,0.040512064838628015,0.01508834261006381,0.03392995993523906,0.01948793516137204,0.014911657389936203
43.52405505975436,26.86429139678935,23.29522675045276,0.03315207922418845,0.04051206485294401,0.015088342573452235,0.03392996010080529,0.019487935147056046,0.014911657426547778
43.52855816039771,26.867808016821783,23.27740190222358,0.03315207906028467,0.04051206486700615,0.01508834253407694,0.03392996026470907,0.019487935132993905,0.014911657465923073
43.533061467385735,26.871324852742703,23.259584148124766,0.033152078898038895,0.04051206488081471,0.015088342492205059,0.03392996042695484,0.01948793511918534,0.014911657507794954
43.537564980712844,26.874841904547747,23.241773488726558,0.033152078737447466,0.04051206489437026,0.015088342448100228,0.03392996058754627,0.019487935105629794,0.014911657551899785
43.54206870037346,26.878359172232578,23.223969924604457,0.033152078578507826,0.04051206490767345,0.015088342402020949,0.03392996074648591,0.019487935092326603,0.014911657597979064
43.546572626362085,26.88187665579289,23.206173456347674,0.033152078421218034,0.040512064920724955,0.015088342354219006,0.0339299609037757,0.0194879350792751,0.014911657645781007
43.55107675867322,26.885394355224406,23.188384084564618,0.03315207826557681,0.04051206493352538,0.015088342304938107,0.033929961059416924,0.01948793506647467,0.014911657695061906
43.55558109730141,26.888912270522873,23.170601809884115,0.03315207811158388,0.040512064946071846,0.015088342254413092,0.033929961213409854,0.019487935053928207,0.01491165774558692
43.560085642241276,26.892430401684063,23.152826632953033,0.033152077959239246,0.04051206495835258,0.015088342202869004,0.03392996136575449,0.019487935041647475,0.014911657797131009
43.56459039348742,26.895948748703788,23.1350585544316,0.03315207780854407,0.04051206497036919,0.01508834215052074,0.03392996151644967,0.019487935029630865,0.014911657849479273
43.56909535103449,26.899467311577872,23.117297574988005,0.03315207765949968,0.04051206498212284,0.01508834209757258,0.03392996166549406,0.01948793501787721,0.014911657902427433
43.57360051487717,26.902986090302164,23.099543695293338,0.03315207751210808,0.04051206499356619,0.015088342044217898,0.033929961812885656,0.019487935006433865,0.014911657955782115
43.5781058850102,26.906505084872542,23.08179691602451,0.03315207736637199,0.04051206500469384,0.015088341990639229,0.033929961958621746,0.01948793499530621,0.014911658009360784
43.58261146142829,26.91002429528489,23.064057237921308,0.03315207722229446,0.0405120650155133,0.015088341937008212,0.033929962102699274,0.019487934984486754,0.0149116580629918
43.58711724412626,26.91354372153515,23.04632466160259,0.03315207707987888,0.040512065026031496,0.015088341883485734,0.03392996224511485,0.019487934973968557,0.014911658116514279
43.59162323309887,26.917063363619235,23.028599187670075,0.03315207693912908,0.04051206503625543,0.015088341830222202,0.033929962385864654,0.019487934963744624,0.014911658169777811
43.59612942834092,26.920583221533086,23.010880816702965,0.03315207679993276,0.0405120650461922,0.015088341777357739,0.033929962525060975,0.01948793495380785,0.014911658222642274
43.60063582984728,26.92410329527269,22.993169549290787,0.03315207666206432,0.04051206505584798,0.015088341725022422,0.033929962662929414,0.019487934944152074,0.01491165827497759
43.605142437612784,26.927623584834016,22.975465386022506,0.03315207652551355,0.04051206506522936,0.015088341673336822,0.033929962799480184,0.01948793493477069,0.01491165832666319
43.60964925163229,26.931144090213053,22.95776832748813,0.03315207639027101,0.04051206507435795,0.01508834162241228,0.033929962934722724,0.019487934925642103,0.014911658377587733
43.614156271900704,26.934664811405796,22.94007837427993,0.03315207625632682,0.04051206508332633,0.015088341572351324,0.03392996306866691,0.01948793491667372,0.014911658427648689
43.618663498412886,26.93818574840826,22.922395526998535,0.03315207612367016,0.040512065092137284,0.01508834152324802,0.033929963201323576,0.01948793490786277,0.014911658476751993
43.623170931163784,26.941706901216463,22.90471977867357,0.03315207599229025,0.04051206510079397,0.015088341475188546,0.03392996333270348,0.019487934899206083,0.014911658524811466
43.62767857014826,26.945228269826416,22.887051140546596,0.033152075862176666,0.04051206510929911,0.015088341428251412,0.03392996346281707,0.019487934890700942,0.014911658571748601
43.632186415361275,26.948749854234165,22.869389612008472,0.03315207573331885,0.04051206511765554,0.015088341382508016,0.03392996359167488,0.019487934882344515,0.014911658617491996
43.636694466797756,26.952271654435755,22.85173519290457,0.0331520756057066,0.04051206512586619,0.015088341338022948,0.03392996371928714,0.01948793487413386,0.014911658661977065
43.64120272445264,26.955793670427212,22.834087883386957,0.0331520754793298,0.040512065133933794,0.015088341294854354,0.033929963845663935,0.01948793486606626,0.014911658705145658
43.645711188320874,26.959315902204608,22.816447683801293,0.03315207535417841,0.040512065141861064,0.015088341253054346,0.033929963970815324,0.01948793485813899,0.014911658746945666
43.65021985839745,26.962838349764002,22.798814594946325,0.03315207523024244,0.04051206514965083,0.015088341212669304,0.0339299640947513,0.01948793485034922,0.014911658787330709
43.654728734677285,26.966361013101448,22.78118861627594,0.03315207510751206,0.04051206515730549,0.01508834117374025,0.03392996421748168,0.019487934842694565,0.014911658826259763
43.659237817155386,26.96988389221302,22.763569749578213,0.033152074985977775,0.040512065164827915,0.015088341136303224,0.03392996433901596,0.019487934835172138,0.014911658863696789
43.663747105826715,26.97340698709479,22.745957994932667,0.03315207486562971,0.04051206517222056,0.015088341100389271,0.033929964459364026,0.019487934827779496,0.014911658899610741
43.66825660068626,26.97693029774284,22.72835335280079,0.03315207474645848,0.04051206517948602,0.01508834106602508,0.033929964578535254,0.01948793482051403,0.014911658933974933
43.672766301729,26.98045382415323,22.710755823863035,0.03315207462845471,0.04051206518662659,0.015088341033233033,0.03392996469653903,0.019487934813373464,0.01491165896676698
43.677276208949934,26.983977566322054,22.693165408755064,0.03315207451160901,0.040512065193644864,0.015088341002031505,0.03392996481338473,0.01948793480635519,0.014911658997968508
43.68178632234404,26.987501524245396,22.675582108099672,0.03315207439591206,0.040512065200543346,0.015088340972435055,0.03392996492908168,0.019487934799456708,0.014911659027564958
43.686296641906296,26.991025697919333,22.65800592251499,0.03315207428135475,0.0405120652073242,0.015088340944454617,0.03392996504363899,0.019487934792675854,0.014911659055545395
43.690807167631725,26.994550087339945,22.64043685261641,0.03315207416792798,0.040512065213990034,0.0150883409180977,0.033929965157065756,0.01948793478601002,0.014911659081902312
43.69531789951529,26.998074692503316,22.622874899018427,0.03315207405562265,0.04051206522054257,0.015088340893368676,0.03392996526937109,0.019487934779457483,0.014911659106631336
43.699828837552005,27.001599513405544,22.605320062334716,0.03315207394442998,0.04051206522698442,0.01508834087026889,0.033929965380563754,0.019487934773015636,0.014911659129731122
43.70433998173685,27.005124550042687,22.58777234317818,0.033152073834340934,0.040512065233317573,0.015088340848796677,0.0339299654906528,0.01948793476668248,0.014911659151203335
43.708851332064825,27.00864980241086,22.57023174216143,0.033152073725346676,0.04051206523954426,0.015088340828947791,0.03392996559964706,0.019487934760455794,0.014911659171052222
43.713362888530924,27.01217527050612,22.55269825989689,0.03315207361743855,0.04051206524566653,0.01508834081071525,0.03392996570755519,0.019487934754333525,0.014911659189284762
43.71787465113011,27.015700954324558,22.535171896997035,0.03315207351060767,0.04051206525168621,0.015088340794089772,0.033929965814386065,0.01948793474831384,0.014911659205910241
43.72238661985739,27.019226853862257,22.517652654074443,0.033152073404845606,0.040512065257605534,0.015088340779059697,0.03392996592014813,0.01948793474239452,0.014911659220940315
43.72689879470777,27.022752969115288,22.500140527353114,0.03315207330014347,0.04051206526342638,0.015088340765611191,0.03392996602485027,0.019487934736573675,0.014911659234388822
43.7314111756762,27.02627930007973,22.482635522445232,0.03315207319649299,0.04051206526914991,0.015088340753728308,0.033929966128500744,0.019487934730850143,0.014911659246271705
43.73592376275767,27.029805846751653,22.465137639873884,0.033152073093885626,0.04051206527477241,0.015088340743393283,0.03392996623110811,0.01948793472522764,0.01491165925660673
43.74043655594716,27.033332609127136,22.447646880178965,0.03315207299231282,0.04051206528029633,0.015088340734586453,0.033929966332680916,0.019487934719703726,0.01491165926541356
43.74494955523964,27.036859587202247,22.43016324391249,0.03315207289176619,0.04051206528572421,0.015088340727286362,0.03392996643322754,0.019487934714275845,0.014911659272713651
43.7494627606301,27.040386780973048,22.41268673163408,0.033152072792236975,0.040512065291058386,0.015088340721470098,0.03392996653275676,0.019487934708941668,0.014911659278529915
43.75397617211348,27.0439141904356,22.395217343904612,0.033152072693717116,0.0405120652963013,0.01508834071711311,0.03392996663127662,0.01948793470369875,0.014911659282886902
43.75848978968476,27.047441815585977,22.37775508129714,0.03315207259619818,0.04051206530145507,0.015088340714189477,0.03392996672879556,0.019487934698544984,0.014911659285810536
43.76300361333888,27.050969656420214,22.360299944389816,0.03315207249967189,0.040512065306521905,0.015088340712672024,0.033929966825321844,0.01948793469347815,0.014911659287327989
43.7675176430708,27.054497712934378,22.342851933766035,0.03315207240412987,0.040512065311503864,0.01508834071253233,0.03392996692086386,0.01948793468849619,0.014911659287467682
43.772031878875495,27.058025985124527,22.325411050013955,0.03315207230956413,0.040512065316403056,0.01508834071374085,0.03392996701542961,0.019487934683596997,0.014911659286259163
43.77654632074787,27.061554472986685,22.30797729372524,0.03315207221596628,0.04051206532122115,0.015088340716267024,0.03392996710902746,0.019487934678778907,0.01491165928373299
43.781060968682894,27.06508317651691,22.290550665494532,0.033152072123328324,0.0405120653259603,0.01508834072007223,0.03392996720166541,0.019487934674039753,0.014911659279927783
43.78557582267548,27.06861209571123,22.273131165784232,0.03315207203164161,0.04051206533062218,0.015088340725087704,0.033929967293352126,0.01948793466937787,0.014911659274912309
43.79009088272056,27.072141230565677,22.25571879537436,0.03315207194089825,0.04051206533520835,0.015088340731282832,0.03392996738409548,0.019487934664791706,0.014911659268717181
43.79460614881307,27.075670581076285,22.23831355486039,0.03315207185109004,0.040512065339720627,0.015088340738628456,0.0339299674739037,0.019487934660279427,0.014911659261371557
43.79912162094787,27.07920014723906,22.220915444837555,0.033152071762209245,0.04051206534416041,0.015088340747094614,0.03392996756278449,0.019487934655839645,0.014911659252905399
43.80363729911993,27.08272992905004,22.203524465981378,0.033152071674247774,0.040512065348529414,0.015088340756650664,0.03392996765074596,0.01948793465147064,0.014911659243349348
43.80815318332411,27.086259926505207,22.186140618790887,0.03315207158719774,0.04051206535282914,0.015088340767265368,0.033929967737795996,0.019487934647170913,0.014911659232734645
43.81266927355533,27.089790139600595,22.168763903872218,0.03315207150105132,0.04051206535706087,0.015088340778906861,0.03392996782394242,0.019487934642939186,0.014911659221093151
43.81718556980847,27.09332056833221,22.151394321832417,0.033152071415800954,0.040512065361225924,0.015088340791542879,0.03392996790919278,0.01948793463877413,0.014911659208457134
43.82170207207843,27.096851212696052,22.13403187327919,0.03315207133143849,0.040512065365325756,0.01508834080514064,0.03392996799355524,0.019487934634674298,0.014911659194859372
43.82621878036008,27.100382072688113,22.116676558820952,0.03315207124795655,0.04051206536936153,0.015088340819667104,0.03392996807703719,0.019487934630638526,0.014911659180332909
43.83073569464831,27.10391314830438,22.099328379066637,0.03315207116534741,0.040512065373334405,0.015088340835088934,0.03392996815964633,0.01948793462666565,0.014911659164911079
43.83525281493799,27.107444439540863,22.081987334625584,0.03315207108360346,0.04051206537724572,0.015088340851372561,0.033929968241390274,0.019487934622754333,0.014911659148627451
43.83977014122398,27.11097594639353,22.064653426106453,0.033152071002717054,0.040512065381096474,0.015088340868484318,0.03392996832227668,0.01948793461890358,0.014911659131515695
43.84428767350114,27.114507668858373,22.04732665411963,0.03315207092268063,0.04051206538488766,0.015088340886390494,0.033929968402313104,0.01948793461511239,0.014911659113609518
43.84880541176434,27.11803960693137,22.03000701927525,0.033152070819605584,0.040512065388598084,0.015088340905057326,0.03392996850538815,0.01948793461140197,0.014911659094942686
43.853323356008424,27.121571760608482,22.01269452218566,0.0331520707175289,0.04051206539222929,0.01508834092445116,0.03392996860746483,0.019487934607770763,0.014911659075548853
43.85784150622824,27.1251041298857,21.995389163482564,0.03315207061644204,0.04051206539578256,0.01508834094453837,0.033929968708551694,0.019487934604217494,0.014911659055461643
43.86235986241864,27.128636714758976,21.978090943771388,0.03315207051633645,0.040512065399259445,0.01508834096528558,0.033929968808657285,0.01948793460074061,0.014911659034714433
43.86687842457444,27.13216951522428,21.960799863664214,0.033152070417203805,0.04051206540266117,0.01508834098665969,0.03392996890778993,0.019487934597338885,0.014911659013340323
43.871397192690495,27.135702531277566,21.943515923772058,0.03315207031903594,0.04051206540598923,0.015088341008627729,0.033929969005957794,0.019487934594010825,0.014911658991372284
43.87591616676163,27.139235762914787,21.926239124705003,0.03315207022182448,0.04051206540924457,0.015088341031157235,0.033929969103169255,0.019487934590755485,0.014911658968842778
43.88043534678264,27.1427692101319,21.908969467073565,0.03315207012556126,0.04051206541242869,0.015088341054216053,0.033929969199432475,0.019487934587571365,0.01491165894578396
43.884954732748376,27.146302872924856,21.891706951488754,0.03315207003023812,0.04051206541554275,0.01508834107777246,0.03392996929475561,0.0194879345844573,0.014911658922227553
43.88947432465362,27.149836751289577,21.874451578562006,0.03315206993584713,0.04051206541858787,0.015088341101795175,0.03392996938914661,0.01948793458141218,0.014911658898204838
43.89399412249322,27.15337084522202,21.857203348905156,0.033152069842380005,0.0405120654215651,0.015088341126253485,0.03392996948261373,0.01948793457843495,0.014911658873746528
43.89851412626099,27.15690515471738,21.839962263132254,0.03315206974982038,0.04051206542443386,0.015088341151147946,0.03392996957517336,0.01948793457556619,0.014911658848852066
43.903034335950906,27.160439679770917,21.82272832185756,0.03315206965815193,0.04051206542715813,0.015088341176475686,0.03392996966684181,0.019487934572841925,0.014911658823524326
43.90755475155775,27.163974420378565,21.805501525693884,0.03315206956736638,0.04051206542973812,0.015088341202206881,0.033929969757627354,0.019487934570261933,0.014911658797793131
43.91207537307632,27.167509376536252,21.788281875254363,0.033152069477455304,0.04051206543217434,0.015088341228312457,0.03392996984753843,0.019487934567825715,0.014911658771687555
43.916596200501374,27.171044548239877,21.7710693711524,0.03315206938841031,0.04051206543446739,0.01508834125476384,0.033929969936583426,0.01948793456553266,0.014911658745236173
43.9211172338277,27.17457993548537,21.75386401400171,0.033152069300223186,0.040512065436617783,0.015088341281533274,0.03392997002477055,0.01948793456338227,0.014911658718466739
43.92563847305007,27.17811553826863,21.736665804416205,0.03315206921288549,0.040512065438625566,0.015088341308593697,0.03392997011210824,0.019487934561374487,0.014911658691406315
43.93015991816325,27.181651356585572,21.719474743010025,0.03315206912638924,0.040512065440491185,0.015088341335918715,0.0339299701986045,0.019487934559508868,0.014911658664081298
43.93468156916201,27.185187390432105,21.702290830397523,0.03315206904072632,0.040512065442215084,0.015088341363482735,0.03392997028426742,0.01948793455778497,0.014911658636517278
43.939203426041104,27.188723639804127,21.685114067193116,0.03315206895588857,0.04051206544379732,0.015088341391260876,0.03392997036910517,0.019487934556202735,0.014911658608739137
43.94372548879527,27.192260104697528,21.667944454011362,0.033152068871868,0.04051206544523833,0.015088341419229101,0.033929970453125735,0.01948793455476172,0.014911658580770912
43.948247757419296,27.19579678510821,21.650781991466623,0.033152068788656786,0.040512065446538126,0.015088341447364068,0.03392997053633695,0.019487934553461927,0.014911658552635945
43.9527702319079,27.199333681032066,21.633626680173162,0.03315206870624682,0.04051206544769709,0.015088341475643169,0.03392997061874692,0.019487934552302966,0.014911658524356844
43.95729291225584,27.20287079246499,21.616478520745225,0.03315206862463044,0.04051206544871516,0.015088341504044589,0.0339299707003633,0.01948793455128489,0.014911658495955424
43.96181579845785,27.206408119402855,21.599337513797085,0.033152068543796154,0.04051206544959235,0.015088341532203772,0.03392997078119758,0.019487934550407704,0.01491165846779624
43.966338890508624,27.209945661841516,21.582203659942415,0.03315206846373547,0.04051206545032898,0.015088341560061266,0.03392997086125826,0.01948793454967107,0.014911658439938746
43.97086218840282,27.21348341977681,21.56507695979517,0.03315206838444068,0.04051206545092473,0.015088341587624246,0.033929970940553056,0.019487934549075325,0.014911658412375767
43.975385692135156,27.217021393204583,21.547957413969627,0.03315206830590389,0.04051206545137975,0.01508834161489972,0.033929971019089844,0.0194879345486203,0.014911658385100293
43.97990940170027,27.220559582120657,21.53084502308008,0.033152068228117504,0.04051206545169389,0.015088341641894445,0.03392997109687623,0.019487934548306163,0.014911658358105567
43.98443331709286,27.22409798652088,21.513739787740793,0.0331520681510738,0.040512065451867085,0.015088341668615043,0.03392997117391994,0.019487934548132968,0.01491165833138497
43.98895743830761,27.227636606401106,21.496641708566077,0.03315206807476534,0.04051206545189928,0.015088341695067967,0.0339299712502284,0.01948793454810077,0.014911658304932046
43.9934817653392,27.231175441757152,21.479550786170222,0.03315206799918485,0.040512065451790424,0.015088341721259502,0.03392997132580888,0.01948793454820963,0.014911658278740511
43.998006298182304,27.234714492584878,21.462467021167516,0.0331520679243249,0.04051206545154035,0.015088341747195783,0.033929971400668835,0.019487934548459707,0.01491165825280423
44.00253103683161,27.23825375888012,21.44539041417236,0.03315206785017821,0.04051206545114899,0.015088341772882763,0.03392997147481552,0.01948793454885106,0.01491165822711725
44.00705598128181,27.24179324063872,21.4283209657991,0.03315206777673774,0.04051206545061614,0.015088341798326202,0.033929971548256,0.019487934549383912,0.01491165820167381
44.01158113152759,27.245332937856524,21.41125867666207,0.033152067703996424,0.04051206544994168,0.015088341823531831,0.03392997162099731,0.019487934550058372,0.014911658176468182
44.01610648756362,27.248872850529374,21.3942035473756,0.033152067631946947,0.04051206544912539,0.01508834184850509,0.03392997169304679,0.019487934550874664,0.014911658151494922
44.0206320493846,27.252412978653116,21.377155578554024,0.033152067560582865,0.04051206544816727,0.015088341873251337,0.03392997176441087,0.019487934551832786,0.014911658126748675
44.025157816985214,27.25595332222359,21.360114770811684,0.03315206748989685,0.04051206544706687,0.015088341897775831,0.033929971835096884,0.019487934552933184,0.014911658102224182
44.02968379036014,27.259493881236644,21.34308112476294,0.033152067419882414,0.0405120654458242,0.015088341922083637,0.03392997190511132,0.019487934554175856,0.014911658077916376
44.03420996950409,27.263034655688124,21.32605464102216,0.03315206735053283,0.040512065444438916,0.015088341946179695,0.033929971974460904,0.019487934555561137,0.014911658053820318
44.03873635441174,27.26657564557389,21.309035320203712,0.033152067281841335,0.04051206544291086,0.015088341970068794,0.0339299720431524,0.019487934557089193,0.014911658029931218
44.043262945077785,27.270116850889764,21.292023162921954,0.033152067213801484,0.040512065441239864,0.015088341993755638,0.03392997211119225,0.01948793455876019,0.014911658006244374
44.0477897414969,27.273658271631604,21.27501816979127,0.03315206714640678,0.04051206543942554,0.015088342017244794,0.03392997217858695,0.019487934560574516,0.01491165798275522
44.052316743663795,27.277199907795264,21.258020341426068,0.03315206707965068,0.04051206543746755,0.015088342040540631,0.033929972245343054,0.019487934562532505,0.014911657959459382
44.05684395157315,27.280741759376582,21.241029678440732,0.033152067013527076,0.04051206543536584,0.015088342063647509,0.03392997231146666,0.019487934564634213,0.014911657936352504
44.06137136521967,27.284283826371418,21.224046181449644,0.03315206694802947,0.040512065433119915,0.015088342086569576,0.03392997237696427,0.01948793456688014,0.014911657913430437
44.06589898459802,27.287826108775604,21.207069851067224,0.0331520668831517,0.04051206543072955,0.015088342109310954,0.03392997244184204,0.019487934569270504,0.014911657890689059
44.07042680970294,27.291368606585007,21.190100687907893,0.03315206681888777,0.04051206542819458,0.015088342131875626,0.033929972506105965,0.019487934571805476,0.014911657868124387
44.07495484052909,27.294911319795464,21.173138692586054,0.03315206675523158,0.04051206542551433,0.015088342154267367,0.03392997256976216,0.01948793457448572,0.014911657845732645
44.079483077071174,27.298454248402834,21.156183865716145,0.03315206669217702,0.04051206542268887,0.015088342176489994,0.03392997263281672,0.019487934577311183,0.014911657823510019
44.08401151932389,27.30199739240296,21.139236207912607,0.03315206662971826,0.04051206541971747,0.015088342198547128,0.03392997269527548,0.019487934580282584,0.014911657801452885
44.08854016728193,27.305540751791703,21.12229571978987,0.03315206656784936,0.04051206541659985,0.015088342220442336,0.03392997275714438,0.0194879345834002,0.014911657779557677
44.09306902093999,27.309084326564896,21.10536240196241,0.033152066506564715,0.040512065413335796,0.015088342242179018,0.03392997281842902,0.019487934586664257,0.014911657757820995
44.09759808029278,27.312628116718408,21.08843625504464,0.03315206644585833,0.04051206540992486,0.01508834226376056,0.033929972879135406,0.019487934590075195,0.014911657736239453
44.10212734533498,27.316172122248076,21.071517279651076,0.03315206638572471,0.04051206540636648,0.015088342285190237,0.033929972939269026,0.01948793459363357,0.014911657714809776
44.10665681606129,27.319716343149757,21.054605476396176,0.03315206632615825,0.040512065402660336,0.015088342306471242,0.03392997299883549,0.019487934597339718,0.014911657693528771
44.111186492466416,27.323260779419307,21.037700845894424,0.033152066267153446,0.040512065398806085,0.0150883423276066,0.03392997305784029,0.019487934601193968,0.014911657672393414
44.11571637454506,27.32680543105259,21.020803388760292,0.033152066208704756,0.04051206539480301,0.015088342348599307,0.03392997311628898,0.019487934605197044,0.014911657651400706
44.12024646229191,27.330350298045428,21.003913105553828,0.03315206615080685,0.04051206539065094,0.015088342369452348,0.03392997317418689,0.01948793460934911,0.014911657630547664
44.124776755701674,27.333895380393706,20.987029996956142,0.033152066093454224,0.04051206538634916,0.015088342390168472,0.03392997323153951,0.019487934613650892,0.014911657609831541
44.12930725476906,27.337440678093255,20.970154063573347,0.03315206603664178,0.040512065381897444,0.015088342410750452,0.033929973288351956,0.01948793461810261,0.01491165758924956
44.13383795948876,27.34098619113994,20.95328530602052,0.03315206598036424,0.04051206537729496,0.015088342431200982,0.033929973344629494,0.019487934622705094,0.01491165756879903
44.13836886985547,27.344531919529615,20.936423724918434,0.03315206592461656,0.04051206537254143,0.015088342451522671,0.03392997340037718,0.019487934627458625,0.014911657548477342
44.14289998586389,27.34807786325812,20.919569320881696,0.033152065869393454,0.040512065367636185,0.015088342471718016,0.03392997345560028,0.019487934632363868,0.014911657528281996
44.14743130750874,27.35162402232133,20.902722086742823,0.033152065814690046,0.04051206536257984,0.015088342491789447,0.03392997351030369,0.019487934637420212,0.014911657508210566
44.15196283478471,27.355170396715096,20.88588203131147,0.03315206576050128,0.04051206535737434,0.01508834251173935,0.033929973564492455,0.019487934642625715,0.014911657488260663
44.15649456768651,27.358716986435255,20.869049154061994,0.033152065706822165,0.04051206535201929,0.015088342531570056,0.03392997361817157,0.019487934647980765,0.014911657468429956
44.16102650620883,27.36226379147768,20.852223456790963,0.03315206565364781,0.040512065346514525,0.015088342551283773,0.033929973671345925,0.019487934653485528,0.01491165744871624
44.16555865034638,27.36581081183822,20.83540494012083,0.0331520656009735,0.040512065340859604,0.01508834257088272,0.033929973724020235,0.01948793465914045,0.014911657429117292
44.170091000093876,27.369358047512737,20.818593604673843,0.033152065548794185,0.040512065335054304,0.015088342590367787,0.03392997377619955,0.01948793466494575,0.014911657409632226
44.17462355544601,27.372905498497076,20.801789451071876,0.033152065497105365,0.040512065329098346,0.015088342609740887,0.03392997382788837,0.019487934670901708,0.014911657390259125
44.179156316397496,27.3764531647871,20.784992479936257,0.0331520654459021,0.040512065322991286,0.01508834262900409,0.033929973879091635,0.019487934677008767,0.014911657370995923
44.183689282943014,27.38000104637866,20.768202691887527,0.033152065395180064,0.04051206531673274,0.015088342648159406,0.03392997392981367,0.019487934683267316,0.014911657351840607
44.1882224550773,27.383549143267615,20.751420087545036,0.03315206534493437,0.040512065310322476,0.015088342667201271,0.03392997398005937,0.019487934689677577,0.014911657332798742
44.192755832795044,27.387097455449823,20.73464466752657,0.033152065295161626,0.04051206530376206,0.015088342686036704,0.03392997402983211,0.019487934696237996,0.014911657313963309
44.197289416090925,27.39064598292112,20.717876432447582,0.033152065245858564,0.040512065297052424,0.01508834270467177,0.03392997407913517,0.01948793470294763,0.014911657295328243
44.201823204959666,27.394194725677373,20.70111538292049,0.03315206519702235,0.04051206529019491,0.015088342723112533,0.033929974127971385,0.019487934709805144,0.01491165727688748
44.20635719939595,27.39774368371441,20.684361519553402,0.03315206514864971,0.04051206528319051,0.015088342741364807,0.033929974176344024,0.01948793471680954,0.014911657258635205
44.21089139939445,27.40129285702808,20.66761484294804,0.03315206510073754,0.040512065276039955,0.015088342759434284,0.0339299742242562,0.0194879347239601,0.014911657240565729
44.215425804949874,27.404842245614233,20.650875353697693,0.03315206505328283,0.04051206526874396,0.015088342777326638,0.033929974271710905,0.019487934731256096,0.014911657222673375
44.219960416056935,27.40839184946872,20.634143052383628,0.033152065006282316,0.04051206526130341,0.015088342795047213,0.03392997431871142,0.019487934738696644,0.0149116572049528
44.224495232710304,27.411941668587396,20.617417939580093,0.03315206495973261,0.04051206525371864,0.01508834281260131,0.03392997436526113,0.01948793474628141,0.014911657187398702
44.22903025490468,27.41549170296609,20.600700015773548,0.03315206491363076,0.04051206524599005,0.015088342829994203,0.03392997441136297,0.019487934754010006,0.01491165717000581
44.23356548263478,27.41904195260068,20.58398928137303,0.03315206486797334,0.04051206523811807,0.015088342847230887,0.033929974457020395,0.019487934761881986,0.014911657152769126
44.23810091589529,27.422592417486996,20.567285737027394,0.033152064822757066,0.04051206523010287,0.015088342864316345,0.03392997450223667,0.019487934769897186,0.014911657135683667
44.24263655468091,27.426143097620887,20.55058938333663,0.033152064777978496,0.040512065221944504,0.01508834288125531,0.03392997454701524,0.01948793477805555,0.014911657118744703
44.247172398986336,27.429693992998217,20.533900220921495,0.03315206473363447,0.040512065213643145,0.015088342898052554,0.03392997459135927,0.01948793478635691,0.01491165710194746
44.25170844880628,27.433245103614833,20.51721825042018,0.03315206468972126,0.0405120652052095,0.01508834291470823,0.033929974635272475,0.01948793479479055,0.014911657085291782
44.25624470413544,27.43679642946659,20.50054347241058,0.03315206464623488,0.04051206519666295,0.015088342931226281,0.033929974678758856,0.019487934803337104,0.014911657068773732
44.2607811649685,27.440347970549325,20.48387588748985,0.03315206460317133,0.0405120651880046,0.01508834294761087,0.03392997472182241,0.019487934811995455,0.014911657052389143
44.26531783130018,27.44389972685891,20.46721549622655,0.03315206456052633,0.04051206517923556,0.015088342963866117,0.03392997476446741,0.019487934820764496,0.014911657036133896
44.26985470312516,27.44745169839117,20.450562299273408,0.03315206451829583,0.0405120651703571,0.015088342979995978,0.033929974806697905,0.01948793482964295,0.014911657020004035
44.27439178043814,27.451003885141972,20.433916297243965,0.03315206447647562,0.040512065161370014,0.015088342996004395,0.03392997484851812,0.01948793483863004,0.014911657003995618
44.278929063233846,27.45455628710716,20.417277490749676,0.03315206443506152,0.040512065152275345,0.015088343011895128,0.03392997488993221,0.01948793484772471,0.014911656988104885
44.28346655150692,27.458108904282568,20.400645880402198,0.03315206439405005,0.04051206514307315,0.015088343027673118,0.033929974930943685,0.019487934856926903,0.014911656972326895
44.288004245252,27.461661736663988,20.384021466819743,0.03315206435343826,0.04051206513376221,0.015088343043345442,0.03392997497155548,0.019487934866237844,0.01491165695665457
44.29254214446378,27.46521478424726,20.36740425061165,0.03315206431322221,0.040512065124343355,0.015088343058915696,0.03392997501177153,0.0194879348756567,0.014911656941084317
44.29708024913696,27.468768047028234,20.350794232387173,0.033152064273397897,0.04051206511481714,0.015088343074387403,0.03392997505159584,0.01948793488518291,0.01491165692561261
44.301618559266245,27.472321525002776,20.334191412756773,0.033152064233961,0.04051206510518435,0.015088343089763964,0.03392997509103274,0.019487934894815706,0.014911656910236049
44.306157074846325,27.475875218166728,20.317595792331087,0.033152064194907904,0.040512065095445915,0.015088343105048738,0.03392997513008583,0.01948793490455414,0.014911656894951275
44.31069579587191,27.47942912651593,20.301007371719642,0.03315206415623434,0.04051206508560201,0.015088343120245026,0.033929975168759396,0.019487934914398042,0.014911656879754986
44.315234722337706,27.482983250046253,20.284426151536977,0.03315206411793642,0.040512065075653414,0.015088343135355939,0.03392997520705732,0.01948793492434664,0.014911656864644074
44.31977385423839,27.486537588753528,20.26785213239866,0.03315206408001009,0.040512065065600844,0.015088343150384514,0.033929975244983646,0.01948793493439921,0.014911656849615498
44.324313191568706,27.490092142633625,20.25128531491737,0.0331520640424513,0.040512065055444746,0.015088343165333792,0.033929975282542435,0.019487934944555307,0.01491165683466622
44.32885273432332,27.49364691168239,20.23472569970587,0.03315206400525633,0.040512065045185675,0.01508834318020659,0.033929975319737404,0.01948793495481438,0.014911656819793423
44.33339248249695,27.497201895895675,20.218173287376953,0.033152063968421186,0.04051206503482402,0.015088343195005766,0.03392997535657255,0.019487934965176035,0.014911656804994247
44.3379324360843,27.50075709526934,20.201628078543344,0.033152063931941866,0.04051206502436039,0.015088343209733984,0.03392997539305187,0.019487934975639665,0.014911656790266029
44.34247259508008,27.504312509799224,20.185090073817623,0.03315206389581443,0.04051206501379523,0.015088343224393869,0.033929975429179304,0.019487934986204825,0.014911656775606144
44.347012959478974,27.507868139481182,20.168559273811947,0.03315206386003505,0.04051206500312893,0.01508834323898317,0.033929975464958684,0.019487934996871126,0.014911656761016842
44.35155352927572,27.511423984311087,20.15203567914179,0.03315206382459879,0.04051206499236193,0.015088343253385844,0.03392997550039495,0.019487935007638124,0.014911656746614169
44.356094304464975,27.514980044284762,20.135519290421406,0.03315206378950197,0.04051206498149512,0.015088343267606219,0.03392997553549176,0.01948793501850493,0.014911656732393794
44.360635285041454,27.51853631939806,20.119010108264423,0.033152063754740724,0.04051206497052884,0.015088343281648445,0.03392997557025301,0.019487935029471215,0.014911656718351568
44.36517647099981,27.5220928096468,20.102508133284637,0.033152063720311264,0.04051206495946352,0.015088343295516615,0.03392997560468247,0.01948793504053653,0.014911656704483398
44.36971786233478,27.52564951502685,20.08601336609577,0.0331520636862101,0.04051206494831866,0.015088343309214755,0.03392997563878364,0.019487935051681393,0.014911656690785258
44.37425945904101,27.52920643553403,20.06952580731142,0.03315206365243323,0.04051206493713505,0.015088343322746861,0.03392997567256051,0.019487935062865003,0.014911656677253152
44.37880126111321,27.532763571164192,20.053045457540744,0.03315206361897616,0.040512064925912916,0.015088343336116763,0.03392997570601758,0.019487935074087137,0.01491165666388325
44.38334326854607,27.536320921913166,20.036572317374606,0.033152063585834224,0.0405120649146522,0.015088343349328265,0.03392997573915951,0.01948793508534785,0.014911656650671748
44.387885481334266,27.539878487776797,20.020106387415698,0.03315206355300321,0.04051206490335302,0.015088343362385043,0.03392997577199053,0.019487935096647035,0.01491165663761497
44.39242789947245,27.54343626875091,20.003647668268144,0.03315206352047845,0.04051206489201542,0.015088343375290733,0.03392997580451529,0.019487935107984633,0.01491165662470928
44.39697052295537,27.546994264831355,19.987196160540925,0.03315206348825578,0.04051206488063941,0.015088343388048917,0.03392997583673796,0.019487935119360644,0.014911656611951096
44.40151335177767,27.550552476013966,19.970751864850243,0.03315206345633104,0.040512064869225095,0.015088343400662937,0.0339299758686627,0.019487935130774958,0.014911656599337075
44.40605638593407,27.554110902294603,19.954314781822017,0.03315206342469984,0.040512064857772534,0.015088343413136265,0.033929975900293896,0.01948793514222752,0.014911656586863747
44.41059962541924,27.55766954366908,19.937884912105375,0.03315206339335797,0.04051206484628189,0.015088343425472162,0.03392997593163577,0.01948793515371816,0.014911656574527851
44.41514307022787,27.56122840013324,19.921462256356865,0.03315206336230142,0.04051206483475317,0.015088343437673957,0.033929975962692316,0.019487935165246884,0.014911656562326056
44.419686720354655,27.56478747168294,19.905046815194307,0.03315206333152587,0.04051206482318659,0.015088343449744732,0.033929975993467865,0.019487935176813465,0.014911656550255281
44.4242305757943,27.56834675831402,19.888638589235136,0.0331520633010276,0.040512064811582316,0.015088343461687692,0.033929976023966135,0.019487935188417738,0.01491165653831232
44.428774636541476,27.571906260022317,19.872237579155716,0.033152063270802334,0.04051206479994046,0.01508834347350585,0.0339299760541914,0.019487935200059592,0.014911656526494163
44.433318902590884,27.575465976803677,19.855843785589265,0.03315206324084641,0.04051206478826114,0.015088343485202202,0.03392997608414733,0.019487935211738916,0.01491165651479781
44.437863373937226,27.57902590865394,19.839457209149494,0.03315206321115577,0.040512064776544676,0.015088343496779677,0.03392997611383797,0.019487935223455377,0.014911656503220336
44.44240805057519,27.582586055568953,19.82307785044989,0.033152063181726754,0.04051206476479119,0.015088343508241078,0.03392997614326698,0.019487935235208864,0.014911656491758934
44.446952932499464,27.58614641754456,19.80670571010392,0.033152063152555256,0.0405120647530009,0.015088343519589237,0.03392997617243848,0.019487935246999155,0.014911656480410776
44.45149801970476,27.58970699457661,19.790340788727537,0.033152063123637776,0.04051206474117408,0.015088343530826859,0.03392997620135596,0.019487935258825972,0.014911656469173154
44.456043312185756,27.593267786660938,19.773983086937033,0.03315206309497054,0.04051206472931074,0.015088343541956595,0.033929976230023196,0.019487935270689316,0.014911656458043418
44.460588809937164,27.596828793793392,19.757632605347602,0.033152063066549886,0.04051206471741153,0.01508834355298104,0.03392997625844385,0.01948793528258852,0.014911656447018973
44.46513451295368,27.600390015969836,19.741289344574607,0.03315206303837226,0.040512064705476636,0.015088343563902706,0.03392997628662148,0.019487935294523417,0.014911656436097306
44.469680421229995,27.60395145318609,19.72495330523248,0.033152063010433885,0.0405120646935061,0.015088343574724106,0.03392997631455985,0.019487935306493953,0.014911656425275907
44.47422653476082,27.607513105438024,19.70862448838478,0.033152062982731434,0.040512064681500315,0.015088343585447611,0.0339299763422623,0.01948793531849974,0.014911656414552402
44.47877285354083,27.611074972721468,19.69230289411946,0.03315206295526146,0.040512064669459835,0.015088343596075637,0.03392997636973227,0.019487935330540218,0.014911656403924375
44.483319377564754,27.614637055032283,19.675988523051675,0.033152062928020476,0.040512064657384605,0.015088343606610405,0.03392997639697326,0.019487935342615448,0.014911656393389608
44.48786610682728,27.61819935236631,19.659681375796573,0.033152062901004864,0.04051206464527535,0.01508834361705412,0.03392997642398887,0.019487935354724706,0.014911656382945893
44.492413041323104,27.621761864719403,19.643381452969294,0.03315206287421135,0.04051206463313217,0.015088343627409032,0.033929976450782384,0.01948793536686788,0.014911656372590981
44.49696018104693,27.625324592087402,19.627088755184985,0.03315206284763683,0.04051206462095569,0.015088343637677235,0.033929976477356905,0.019487935379044363,0.014911656362322778
44.50150752599348,27.628887534466166,19.610803283058758,0.03315206282127792,0.04051206460874607,0.01508834364786081,0.03392997650371582,0.019487935391253985,0.014911656352139202
44.50605507615744,27.632450691851545,19.594525037205745,0.03315206279513133,0.040512064596503916,0.015088343657961828,0.033929976529862405,0.019487935403496137,0.014911656342038185
44.510602831533504,27.636014064239376,19.5782540182403,0.03315206276919391,0.04051206458422962,0.015088343667982146,0.03392997655579982,0.01948793541577043,0.014911656332017867
44.5151507921164,27.63957765162553,19.561990226778295,0.03315206274346255,0.04051206457192341,0.015088343677923763,0.033929976581531185,0.01948793542807664,0.01491165632207625
44.51969895790081,27.643141454005836,19.54573366343405,0.03315206271793408,0.04051206455958606,0.015088343687788469,0.03392997660705965,0.019487935440413995,0.014911656312211544
44.52424732888146,27.646705471376166,19.52948432882248,0.033152062692605344,0.04051206454721784,0.015088343697578083,0.03392997663238839,0.019487935452782212,0.01491165630242193
44.528795905053045,27.650269703732363,19.51324222355883,0.0331520626674735,0.040512064534819314,0.015088343707294408,0.03392997665752023,0.01948793546518074,0.014911656292705605
44.53334468641027,27.653834151070274,19.497007348258258,0.033152062642535396,0.0405120645223912,0.015088343716939068,0.03392997668245834,0.019487935477608853,0.014911656283060945
44.537893672947845,27.65739881338576,19.480779703535962,0.033152062617788136,0.040512064509933665,0.015088343726513798,0.0339299767072056,0.019487935490066388,0.014911656273486215
44.54244286466048,27.660963690674667,19.46455929000707,0.03315206259322878,0.040512064497447486,0.015088343736020152,0.033929976731764955,0.019487935502552567,0.014911656263979861
44.546992261542876,27.66452878293285,19.448346108286724,0.033152062568854446,0.04051206448493333,0.015088343745459698,0.03392997675613929,0.019487935515066723,0.014911656254540315
44.55154186358975,27.668094090156174,19.43214015899003,0.03315206254466235,0.040512064472391585,0.01508834375483395,0.03392997678033138,0.01948793552760847,0.014911656245166063
44.55609167079582,27.671659612340477,19.415941442732066,0.03315206252064962,0.040512064459822916,0.015088343764144432,0.03392997680434412,0.019487935540177137,0.01491165623585558
44.560641683155765,27.675225349481615,19.39974996012814,0.03315206249681352,0.040512064447227936,0.015088343773392479,0.03392997682818022,0.019487935552772118,0.014911656226607534
44.56519190066433,27.678791301575455,19.383565711793523,0.033152062473151445,0.04051206443460731,0.01508834378257952,0.03392997685184229,0.019487935565392744,0.014911656217420494
44.5697423233162,27.682357468617838,19.367388698343174,0.03315206244966046,0.04051206442196181,0.01508834379170687,0.03392997687533328,0.01948793557803824,0.014911656208293142
44.574292951106095,27.685923850604627,19.35121892039184,0.033152062426338114,0.04051206440929195,0.015088343800775825,0.03392997689865562,0.019487935590708105,0.014911656199224188
44.57884378402874,27.68949044753168,19.33505637855454,0.03315206240318164,0.0405120643965986,0.015088343809787588,0.0339299769218121,0.01948793560340145,0.014911656190212424
44.58339482207884,27.693057259394845,19.318901073446312,0.033152062380188474,0.04051206438388222,0.01508834381874341,0.03392997694480526,0.019487935616117835,0.014911656181256602
44.58794606525109,27.696624286189984,19.302753005682145,0.03315206235735613,0.0405120643711438,0.015088343827643513,0.03392997696763761,0.019487935628856257,0.0149116561723565
44.59249751354021,27.700191527912942,19.28661217587703,0.0331520623346821,0.040512064358384,0.015088343836483886,0.03392997699031164,0.01948793564161605,0.014911656163516127
44.59704916694093,27.703758984559595,19.270478584645975,0.033152062312163666,0.040512064345603505,0.015088343845265528,0.03392997701283007,0.01948793565439655,0.014911656154734484
44.60160102544795,27.707326656125783,19.25435223260394,0.03315206228979861,0.0405120643328033,0.015088343853989383,0.033929977035195125,0.019487935667196754,0.01491165614601063
44.60615308905598,27.71089454260737,19.238233120365898,0.03315206226758438,0.04051206431998411,0.015088343862656436,0.033929977057409355,0.019487935680015944,0.014911656137343576
44.610705357759755,27.714462644000214,19.222121248546816,0.03315206224551859,0.0405120643071466,0.015088343871267396,0.03392997707947515,0.019487935692853453,0.014911656128732617
44.615257831553954,27.718030960300165,19.206016617761367,0.033152062223599066,0.04051206429429194,0.015088343879823163,0.03392997710139467,0.019487935705708115,0.01491165612017685
44.619810510433325,27.72159949150309,19.189919228624383,0.03315206220182321,0.040512064281420845,0.015088343888320477,0.03392997712317053,0.019487935718579208,0.014911656111679536
44.624363394392574,27.72516823760484,19.173829081750497,0.033152062180188846,0.04051206426853404,0.0150883438967514,0.03392997714480489,0.01948793573146601,0.014911656103248613
44.628916483426394,27.728737198601266,19.157746177754465,0.03315206215869354,0.040512064255632696,0.015088343905116514,0.033929977166300196,0.019487935744367357,0.0149116560948835
44.63346977752954,27.732306374488246,19.14167051725101,0.033152062137335125,0.040512064242717694,0.015088343913409921,0.03392997718765861,0.01948793575728236,0.014911656086590092
44.638023276696686,27.73587576526161,19.125602100854458,0.03315206211611116,0.04051206422978998,0.015088343921583924,0.03392997720888258,0.019487935770210074,0.014911656078416088
44.64257698092257,27.73944537091723,19.109540929179666,0.03315206209501914,0.04051206421685061,0.015088343929640272,0.033929977229974595,0.019487935783149446,0.014911656070359741
44.647130890201865,27.743015191450944,19.09348700284151,0.033152062074057465,0.040512064203900855,0.01508834393758074,0.03392997725093627,0.0194879357960992,0.014911656062419273
44.65168500452933,27.746585226858613,19.07744032245488,0.03315206205322374,0.04051206419094161,0.015088343945406965,0.033929977271769995,0.019487935809058443,0.014911656054593048
44.65623932389962,27.750155477136083,19.06140088863467,0.033152062032516194,0.040512064177974094,0.0150883439531206,0.03392997729247754,0.01948793582202596,0.014911656046879412
44.66079384830746,27.75372594227921,19.04536870199576,0.033152062011932604,0.04051206416499936,0.015088343960723227,0.03392997731306113,0.01948793583500069,0.014911656039276786
44.66534857774759,27.75729662228384,19.029343763153072,0.03315206199147125,0.04051206415201869,0.015088343968216456,0.03392997733352249,0.019487935847981364,0.014911656031783557
44.66990351221468,27.760867517145833,19.013326072721547,0.03315206197113013,0.0405120641390333,0.015088343975601728,0.033929977353863605,0.019487935860966754,0.014911656024398284
44.67445865170346,27.764438626861043,18.997315628895336,0.03315206195090736,0.040512064126044245,0.015088343982880587,0.03392997737408637,0.01948793587395581,0.014911656017119426
44.67901399620865,27.76800995142533,18.98131243470848,0.033152061930801224,0.040512064113052804,0.015088343990054376,0.03392997739419251,0.01948793588694725,0.014911656009945637
44.683569545724936,27.771581490834528,18.965316490777035,0.03315206191080983,0.04051206410006036,0.015088343997124512,0.03392997741418391,0.01948793589993969,0.0149116560028755
44.688125300247066,27.775153245084514,18.949327797716943,0.03315206189093156,0.040512064087068034,0.015088344004092369,0.033929977434062175,0.01948793591293202,0.014911655995907644
44.692681259769714,27.778725214171125,18.933346356144042,0.03315206187116454,0.04051206407407726,0.015088344010959223,0.033929977453829196,0.019487935925922795,0.01491165598904079
44.69723742428762,27.78229739809023,18.917372166673882,0.03315206185150704,0.040512064061089204,0.01508834401772638,0.033929977473486694,0.01948793593891085,0.014911655982273633
44.701793793795474,27.785869796837673,18.901405229921423,0.03315206183195757,0.04051206404810542,0.015088344024395087,0.03392997749303617,0.01948793595189463,0.014911655975604926
44.70635036828802,27.789442410409315,18.885445546501632,0.03315206181251451,0.04051206403512708,0.015088344030966552,0.033929977512479226,0.01948793596487297,0.01491165596903346
44.71090714775996,27.79301523880101,18.86949311703142,0.03315206179317626,0.040512064022155625,0.015088344037441928,0.03392997753181748,0.01948793597784443,0.014911655962558085
44.715464132205994,27.796588282008624,18.853547942126706,0.03315206177394109,0.04051206400919233,0.01508834404382238,0.03392997755105265,0.019487935990807725,0.014911655956177633
44.72002132162086,27.800161540028007,18.837610022403503,0.03315206175480773,0.040512063996238856,0.015088344050109018,0.03392997757018601,0.019487936003761197,0.014911655949890995
44.72457871599927,27.803735012855007,18.821679358478416,0.033152061735774396,0.04051206398329671,0.015088344056302924,0.03392997758921934,0.019487936016703344,0.014911655943697089
44.72913631533593,27.807308700485496,18.80575595096817,0.03315206171683993,0.04051206397036694,0.015088344062405307,0.033929977608153805,0.019487936029633113,0.014911655937594706
44.733694119625554,27.810882602915328,18.789839800489094,0.03315206169800278,0.04051206395745133,0.015088344068417331,0.03392997762699096,0.019487936042548726,0.014911655931582682
44.73825212886288,27.81445672014035,18.773930907657302,0.033152061679261435,0.04051206394455137,0.015088344074340024,0.0339299776457323,0.019487936055448685,0.014911655925659989
44.742810343042606,27.818031052156435,18.758029273088884,0.03315206166061452,0.040512063931668674,0.015088344080157273,0.03392997766437922,0.01948793606833138,0.01491165591984274
44.74736876215944,27.82160559895943,18.74213489739997,0.03315206164206064,0.04051206391880463,0.015088344085854258,0.0339299776829331,0.019487936081195423,0.014911655914145755
44.75192738620814,27.82518036054519,18.726247781207803,0.033152061623598406,0.040512063905960904,0.01508834409143174,0.03392997770139533,0.01948793609403915,0.014911655908568272
44.75648621518337,27.82875533690957,18.71036792512639,0.03315206160522666,0.04051206389313938,0.015088344096890416,0.03392997771976708,0.01948793610686067,0.014911655903109597
44.76104524907987,27.83233052804843,18.694495329772376,0.033152061586944115,0.0405120638803414,0.015088344102230894,0.03392997773804962,0.019487936119658655,0.014911655897769119
44.76560448789233,27.835905933957612,18.678629995761554,0.03315206156874956,0.040512063867568726,0.015088344107453827,0.03392997775624418,0.019487936132431327,0.014911655892546186
44.7701639316155,27.83948155463299,18.662771923708465,0.03315206155064182,0.04051206385482303,0.01508834411255977,0.033929977774351916,0.01948793614517702,0.014911655887440242
44.774723580244085,27.84305739007041,18.64692111422989,0.03315206153261996,0.04051206384210615,0.015088344117549335,0.03392997779237378,0.019487936157893904,0.014911655882450678
44.779283433772775,27.846633440265727,18.63107756794189,0.033152061514682696,0.04051206382941974,0.015088344122423047,0.03392997781031104,0.01948793617058031,0.014911655877576965
44.78384349219631,27.8502097052148,18.615241285455102,0.033152061496828755,0.04051206381676531,0.01508834412718138,0.03392997782816498,0.019487936183234744,0.014911655872818633
44.7884037555094,27.85378618491348,18.599412267389802,0.03315206147905758,0.040512063804145015,0.01508834413182486,0.033929977845936155,0.019487936195855038,0.014911655868175153
44.79296422370677,27.857362879357638,18.583590514374865,0.03315206146136779,0.04051206379156025,0.015088344136353918,0.03392997786362595,0.019487936208439804,0.014911655863646095
44.79752489678312,27.860939788543106,18.56777602702497,0.033152061443758596,0.04051206377901295,0.015088344140769011,0.03392997788123514,0.0194879362209871,0.014911655859231002
44.802085774733186,27.864516912465763,18.551968805953592,0.03315206142622901,0.04051206376650507,0.01508834414507057,0.03392997789876473,0.019487936233494985,0.014911655854929443
44.806646857551655,27.86809425112145,18.5361688518056,0.03315206140877791,0.04051206375403826,0.015088344149258984,0.033929977916215825,0.01948793624596179,0.014911655850741029
44.811208145233266,27.871671804506022,18.52037616518937,0.03315206139140475,0.04051206374161431,0.015088344153334612,0.033929977933588984,0.01948793625838574,0.0149116558466654
44.81576963777273,27.875249572615356,18.504590746635515,0.03315206137410848,0.04051206372923527,0.015088344157297803,0.03392997795088526,0.019487936270764783,0.01491165584270221
44.82033133516478,27.878827555445298,18.48881259680828,0.033152061356888196,0.04051206371690286,0.015088344161148903,0.03392997796810554,0.019487936283097196,0.01491165583885111
44.82489323740411,27.882405752991694,18.473041716372354,0.03315206133974319,0.04051206370461896,0.015088344164888162,0.03392997798525055,0.019487936295381092,0.01491165583511185
44.82945534448546,27.885984165250417,18.457278105875723,0.03315206132267273,0.04051206369238558,0.0150883441685159,0.033929978002321004,0.019487936307614473,0.014911655831484114
44.83401765640353,27.88956279221732,18.4415217659607,0.033152061305675995,0.040512063680204546,0.015088344172032364,0.03392997801931774,0.019487936319795507,0.014911655827967649
44.83858017315304,27.89314163388825,18.425772697248586,0.03315206128875231,0.0405120636680778,0.015088344175437779,0.033929978036241426,0.01948793633192225,0.014911655824562234
44.84314289472873,27.896720690259073,18.41003090035591,0.03315206127190101,0.04051206365600718,0.015088344178732324,0.033929978053092724,0.019487936343992873,0.014911655821267689
44.847705821125274,27.900299961325643,18.394296375899156,0.03315206125512132,0.040512063643994844,0.015088344181916069,0.03392997806987241,0.01948793635600521,0.014911655818083944
44.85226895233744,27.903879447083824,18.378569124227724,0.0331520612384128,0.04051206363204274,0.015088344184989208,0.033929978086580936,0.019487936367957315,0.014911655815010805
44.85683228835991,27.907459147529465,18.362849146264995,0.033152061221774776,0.040512063620152694,0.015088344187951672,0.03392997810321896,0.01948793637984736,0.014911655812048341
44.861395829187416,27.911039062658425,18.347136442627896,0.03315206120520653,0.040512063608326765,0.015088344190803432,0.03392997811978721,0.01948793639167329,0.01491165580919658
44.86595957481468,27.91461919246656,18.33143101393134,0.03315206118870778,0.040512063596566894,0.01508834419354435,0.033929978136285954,0.01948793640343316,0.014911655806455662
44.87052352523642,27.918199536949736,18.315732860789996,0.03315206117227776,0.04051206358487536,0.015088344196174178,0.03392997815271598,0.019487936415124696,0.014911655803825835
44.875087680447365,27.921780096103802,18.300041983818744,0.03315206115591618,0.04051206357325393,0.015088344198692566,0.03392997816907756,0.019487936426746122,0.014911655801307447
44.8796520404422,27.92536086992461,18.284358383632583,0.03315206113962238,0.04051206356170467,0.015088344201098988,0.03392997818537136,0.019487936438295383,0.014911655798901025
44.88421660521567,27.928941858408024,18.268682060846793,0.03315206112339619,0.04051206355022979,0.015088344203392695,0.033929978201597544,0.01948793644977026,0.014911655796607318
44.8887813747625,27.932523061549908,18.25301301607684,0.03315206110723695,0.04051206353883113,0.015088344205572757,0.033929978217756784,0.01948793646116892,0.014911655794427256
44.89334634907739,27.936104479346106,18.237351249938364,0.033152061091144436,0.04051206352751108,0.01508834420763791,0.0339299782338493,0.019487936472488976,0.014911655792362102
44.89791152815506,27.939686111792476,18.22169676304473,0.0331520610751182,0.040512063516271346,0.015088344209586657,0.033929978249875536,0.019487936483728707,0.014911655790413356
44.90247691199024,27.94326795888488,18.20604955601049,0.033152061059157856,0.040512063505114215,0.015088344211416888,0.03392997826583588,0.019487936494885838,0.014911655788583125
44.907042500577646,27.946850020619166,18.19040962945096,0.03315206104326318,0.04051206349404185,0.015088344213133056,0.033929978281730555,0.019487936505958203,0.014911655786866956
44.911608293911975,27.950432296991192,18.174776983981463,0.033152061027434176,0.040512063483056304,0.015088344214733151,0.03392997829755956,0.01948793651694375,0.014911655785266861
44.91617429198796,27.95401478799682,18.159151620217383,0.03315206101167034,0.04051206347215963,0.015088344216214411,0.033929978313323395,0.01948793652784042,0.014911655783785602
44.92074049480031,27.957597493631898,18.143533538774143,0.033152060995971566,0.04051206346135422,0.015088344217573366,0.03392997832902217,0.019487936538645834,0.014911655782426647
44.92530690234376,27.96118041389228,18.127922740666463,0.03315206098033824,0.04051206345064212,0.015088344218872077,0.0339299783446555,0.01948793654935793,0.014911655781127936
44.92987351461303,27.964763548773835,18.112319225941334,0.03315206096477802,0.04051206344002567,0.015088344220853242,0.03392997836021572,0.019487936559974384,0.01491165577914677
44.93444033160293,27.968346898272504,18.096722995219547,0.033152060949290074,0.04051206342950725,0.015088344223351535,0.03392997837570366,0.019487936570492803,0.014911655776648478
44.93900735330831,27.971930462384222,18.08113404922103,0.033152060933874294,0.04051206341908953,0.01508834422625921,0.03392997839111944,0.019487936580910525,0.014911655773740803
44.94357457972394,27.975514241104896,18.065552388623523,0.03315206091853046,0.04051206340877511,0.015088344229490708,0.03392997840646328,0.01948793659122494,0.014911655770509305
44.94814201084461,27.97909823443043,18.04997801404973,0.033152060903258895,0.040512063398566445,0.015088344232983192,0.03392997842173484,0.01948793660143361,0.014911655767016821
44.9527096466651,27.982682442356737,18.034410926252725,0.03315206088805944,0.040512063388466246,0.01508834423668827,0.033929978436934294,0.019487936611533807,0.014911655763311743
44.957277487180164,27.98626686487969,18.01885112578783,0.03315206087293271,0.04051206337847679,0.015088344240567209,0.03392997845206103,0.01948793662152326,0.014911655759432804
44.96184553238456,27.989851501995183,18.003298613242894,0.03315206085787875,0.04051206336860097,0.015088344244587645,0.033929978467114985,0.019487936631399083,0.014911655755412367
44.96641378227305,27.993436353699106,17.987753389214074,0.033152060842898234,0.04051206335884122,0.015088344248720922,0.0339299784820955,0.01948793664115883,0.01491165575127909
44.970982236840385,27.99702141998733,17.972215454303182,0.033152060827991436,0.040512063349200156,0.015088344252942268,0.0339299784970023,0.019487936650799897,0.014911655747057745
44.9755508960813,28.000606700855734,17.956684809118247,0.033152060813158135,0.04051206333968055,0.015088344257157466,0.0339299785118356,0.019487936660319505,0.014911655742842547
44.980119759990544,28.00419219630019,17.941161454269746,0.03315206079839694,0.04051206333028512,0.015088344261132577,0.033929978526596793,0.019487936669714934,0.014911655738867435
44.98468882856278,28.007777906316512,17.92564539036961,0.03315206078370875,0.0405120633210167,0.015088344264897635,0.03392997854128499,0.019487936678983353,0.014911655735102378
44.98925810179274,28.011363830900567,17.9101366180307,0.03315206076909433,0.04051206331187801,0.015088344268475606,0.03392997855589941,0.019487936688122043,0.014911655731524406
44.9938275796719,28.014949970045656,17.894635137405224,0.033152060754487955,0.04051206330270862,0.015088344271972226,0.03392997857050578,0.01948793669729143,0.014911655728027787
44.998397262193166,28.01853632374621,17.87914094957684,0.033152060739852995,0.040512063293420164,0.015088344275448584,0.03392997858514074,0.01948793670657989,0.014911655724551429
45.002967149351306,28.022122891998126,17.863654055160985,0.03315206072519172,0.040512063284018573,0.015088344278910537,0.03392997859980201,0.01948793671598148,0.014911655721089476
45.007537241141115,28.025709674797312,17.848174454773165,0.033152060710505915,0.040512063274510235,0.01508834428236111,0.03392997861448782,0.01948793672548982,0.014911655717638903
45.012107537557384,28.02929667213968,17.832702149028904,0.03315206069579779,0.04051206326490109,0.015088344285801122,0.033929978629195945,0.019487936735098965,0.01491165571419889
45.01667803859487,28.03288388402112,17.817237138543792,0.03315206068106963,0.04051206325519768,0.015088344289229658,0.03392997864392411,0.01948793674480237,0.014911655710770355
45.02124874424838,28.036471310437566,17.80177942393343,0.033152060666323424,0.04051206324540613,0.01508834429264333,0.03392997865867031,0.019487936754593926,0.014911655707356683
45.025819654512695,28.0400589513849,17.786329005813435,0.033152060651561455,0.04051206323553308,0.015088344296038128,0.03392997867343228,0.019487936764466973,0.014911655703961885
45.03039076938262,28.04364680685906,17.77088588479954,0.03315206063678594,0.04051206322558509,0.015088344299410125,0.033929978688207796,0.01948793677441496,0.014911655700589888
45.034962088852936,28.047234876855946,17.75545006150747,0.033152060621999324,0.04051206321556883,0.01508834430275463,0.03392997870299441,0.019487936784431226,0.014911655697245382
45.03953361291843,28.050823161371465,17.740021536553023,0.033152060607203826,0.04051206320549078,0.01508834430606644,0.03392997871778991,0.019487936794509275,0.014911655693933573
45.044105341573925,28.054411660401556,17.72460031055204,0.03315206059240211,0.040512063195357995,0.015088344309339682,0.033929978732591626,0.01948793680464206,0.01491165569066033
45.04867727481418,28.058000373942107,17.709186384120443,0.03315206057759651,0.040512063185177305,0.01508834431256817,0.03392997874739723,0.01948793681482275,0.014911655687431843
45.05324941263402,28.061589301989056,17.69377975787411,0.03315206056278952,0.04051206317495565,0.015088344315745322,0.033929978762204216,0.019487936825044405,0.01491165568425469
45.05782175502824,28.06517844453832,17.678380432855164,0.03315206054798453,0.04051206316470013,0.015088344318919644,0.033929978777009207,0.019487936835299924,0.014911655681080369
45.062394301991645,28.06876780158582,17.66298841134773,0.03315206053318459,0.0405120631544178,0.01508834432214931,0.033929978791809146,0.019487936845582254,0.014911655677850702
45.066967053519065,28.07235737312749,17.64760369180997,0.033152060518392645,0.040512063144115706,0.01508834432543206,0.03392997880660109,0.019487936855884347,0.014911655674567953
45.071540009605314,28.07594715915928,17.6322262748514,0.033152060503611636,0.04051206313380146,0.015088344328744369,0.0339299788213821,0.019487936866198596,0.014911655671255644
45.07611317024522,28.07953715967711,17.616856161079482,0.033152060488845725,0.04051206312348388,0.01508834433205622,0.03392997883614801,0.019487936876516176,0.014911655667943793
45.080686535433614,28.08312737467692,17.601493351098686,0.03315206047409902,0.0405120631131719,0.015088344335362686,0.033929978850894715,0.01948793688682815,0.014911655664637327
45.085260105165304,28.086717804154656,17.586137845538662,0.03315206045937591,0.04051206310287442,0.015088344338657106,0.03392997886561783,0.019487936897125635,0.014911655661342907
45.089833879435126,28.09030844810625,17.57078964492422,0.033152060444681,0.04051206309260058,0.015088344341931209,0.03392997888031274,0.019487936907399472,0.014911655658068804
45.0944078582379,28.09389930652764,17.555448749996092,0.033152060430019115,0.04051206308236005,0.015088344345174906,0.03392997889497462,0.019487936917640003,0.014911655654825107
45.09898204156846,28.097490379414765,17.540115161387252,0.033152060415393036,0.04051206307216221,0.01508834434820168,0.0339299789096007,0.019487936927837846,0.014911655651798333
45.1035564294216,28.10108166676356,17.524788879716127,0.033152060400806205,0.040512063062016546,0.01508834435089347,0.03392997892418753,0.019487936937983508,0.014911655649106542
45.10813102179212,28.10467316856991,17.50946990559831,0.03315206038626273,0.040512063051932834,0.015088344353155217,0.03392997893873101,0.01948793694806722,0.014911655646844796
45.1127058186748,28.10826488482974,17.4941582396487,0.03315206037176632,0.040512063041920676,0.01508834435492877,0.03392997895322741,0.019487936958079377,0.014911655645071242
45.11728082006438,28.111856815538932,17.47885388248326,0.0331520603573216,0.040512063031990175,0.015088344356149239,0.033929978967672136,0.019487936968009878,0.014911655643850774
45.121856025955665,28.11544896069339,17.463556834723963,0.03315206034293261,0.04051206302215138,0.015088344356742084,0.033929978982061126,0.019487936977848674,0.014911655643257929
45.12643143634338,28.11904132028898,17.448267096988964,0.033152060328603405,0.04051206301241467,0.015088344356622735,0.03392997899639033,0.019487936987585386,0.014911655643377278
45.13100705122229,28.122633894321588,17.432984669898417,0.033152060314338316,0.04051206300279042,0.015088344355697586,0.03392997901065542,0.01948793699720963,0.014911655644302427
45.135582870587115,28.126226682787085,17.41770955406889,0.033152060300141395,0.0405120629932893,0.015088344353865663,0.03392997902485234,0.019487937006710754,0.01491165564613435
45.14015889443259,28.12981968568133,17.40244175011255,0.033152060286016916,0.040512062983922126,0.015088344351021923,0.03392997903897682,0.019487937016077927,0.01491165564897809
45.14473512275342,28.133412903000163,17.387181258595053,0.03315206027196915,0.040512062974699614,0.015088344347061702,0.033929979053024584,0.01948793702530044,0.01491165565293831
45.14931155554431,28.137006334739446,17.37192808018501,0.03315206025800249,0.040512062965633255,0.015088344341886759,0.033929979066991245,0.019487937034366798,0.014911655658113254
45.15388819279992,28.14059998089499,17.356682215499813,0.033152060244121984,0.040512062956734374,0.015088344335412632,0.03392997908087175,0.01948793704326568,0.014911655664587381
45.15846503451496,28.14419384146263,17.341443665004576,0.033152060230333624,0.04051206294801518,0.015088344327576289,0.03392997909466011,0.01948793705198487,0.014911655672423724
45.1630420806841,28.147787916438183,17.326212429509706,0.033152060216643076,0.040512062939487614,0.01508834431833976,0.03392997910835066,0.01948793706051244,0.014911655681660252
45.16761933130199,28.151382205817466,17.310988509640705,0.03315206020305561,0.04051206293116383,0.01508834430765181,0.033929979121938125,0.019487937068836225,0.014911655692348202
45.172196786363315,28.154976709596305,17.29577190601083,0.03315206018957845,0.04051206292305626,0.015088344295558054,0.03392997913541529,0.019487937076943795,0.014911655704441959
45.17677444586273,28.158571427770497,17.280562619218962,0.03315206017621919,0.040512062915177616,0.015088344282156399,0.03392997914877455,0.019487937084822438,0.014911655717843614
45.181352309794946,28.162166360335902,17.265360649869237,0.03315206016298683,0.040512062907541,0.015088344267594547,0.03392997916200691,0.01948793709245905,0.014911655732405465
45.18593037815468,28.165761507288373,17.250165998580535,0.03315206014989108,0.04051206290016013,0.015088344252094987,0.033929979175102654,0.019487937099839925,0.014911655747905025
45.19050865093667,28.169356868623787,17.234978665964086,0.03315206013694355,0.040512062893049094,0.0150883442359252,0.033929979188050186,0.01948793710695096,0.014911655764074813
45.19508712813574,28.17295244433807,17.21979865262875,0.033152060124156335,0.04051206288622272,0.015088344219384084,0.0339299792008374,0.01948793711377733,0.014911655780615929
45.199665809746726,28.17654823442718,17.20462595919121,0.033152060111500126,0.040512062879693334,0.015088344198784617,0.03392997921349361,0.01948793712030672,0.014911655801215395
45.20424469576393,28.180144238886637,17.189460586267472,0.03315206009888749,0.0405120628734682,0.015088344165508277,0.033929979226106244,0.01948793712653185,0.014911655834491735
45.208823786180346,28.18374045771099,17.174302534224335,0.03315206008624971,0.040512062867551435,0.015088344113797378,0.033929979238744024,0.01948793713244862,0.014911655886202635
45.213403080988144,28.187336890894095,17.15915180392333,0.03315206007348648,0.04051206286194314,0.015088344035638065,0.03392997925150726,0.01948793713805691,0.014911655964361947
45.21798258017823,28.1909335384289,17.144008395984066,0.0331520600864067,0.04051206285666009,0.0150883439251384,0.03392997923858704,0.019487937143339962,0.014911656074861612
45.22256228374069,28.194530400307656,17.12887231102665,0.03315206009882449,0.040512062851704056,0.01508834378207824,0.03392997922616925,0.019487937148295997,0.014911656217921773
45.227142191665564,28.198127476522615,17.113743549671124,0.03315206011072941,0.040512062847081476,0.015088343607712856,0.03392997921426433,0.019487937152918577,0.014911656392287156
45.231722303943066,28.201724767066167,17.09862211253741,0.033152060122246196,0.04051206284280462,0.015088343416038708,0.03392997920274754,0.019487937157195434,0.014911656583961305
45.23630262056557,28.20532227193233,17.083508000229575,0.03315206013395161,0.04051206283890357,0.015088343263213011,0.033929979191042126,0.01948793716109648,0.014911656736787002
45.24088314153384,28.20891999112166,17.06840121335551,0.03315206014593253,0.04051206283541359,0.01508834315104568,0.03392997917906121,0.019487937164586466,0.014911656848954333
45.245463866848965,28.21251792463491,17.05330175257819,0.03315206015823724,0.04051206283237241,0.015088343077235403,0.033929979166756497,0.019487937167627645,0.01491165692276461
45.25004479651164,28.216116072472563,17.038209618450256,0.033152060170884845,0.04051206282981673,0.015088343036850138,0.03392997915410889,0.019487937170183323,0.014911656963149875
45.25462593052188,28.219714434634565,17.023124811579578,0.03315206018381095,0.04051206282777664,0.015088343017757466,0.03392997914118279,0.019487937172223413,0.014911656982242547
45.259207268877816,28.22331301111941,17.008047332632216,0.03315206019692668,0.040512062826275064,0.015088343007162983,0.033929979128067056,0.01948793717372499,0.01491165699283703
45.26378881157571,28.226911801924132,16.992977182094798,0.03315206021024203,0.04051206282533398,0.015088343003359608,0.03392997911475171,0.01948793717466607,0.014911656996640404
45.26837055861151,28.230510807045555,16.97791436067716,0.0331520602237686,0.04051206282497538,0.01508834300492938,0.03392997910122514,0.019487937175024672,0.014911656995070632
45.272952509981025,28.234110026480373,16.96285886900193,0.033152060237522374,0.04051206282522413,0.01508834301070873,0.03392997908747136,0.019487937174775927,0.014911656989291283
45.277534665679866,28.23770946022514,16.947810707693595,0.03315206025151779,0.0405120628261027,0.015088343019749456,0.03392997907347595,0.01948793717389735,0.014911656980250557
45.282117025703485,28.241309108276276,16.932769877378906,0.033152060265770056,0.04051206282763342,0.015088343031282633,0.03392997905922368,0.01948793717236663,0.01491165696871738
45.28669959004726,28.244908970630135,16.9177363786864,0.03315206028029527,0.04051206282983866,0.015088343044686967,0.033929979044698466,0.019487937170161396,0.014911656955313046
45.29128235869313,28.248509047272453,16.90271021273455,0.033152060294550756,0.040512062831892015,0.015088343059709644,0.03392997903044298,0.019487937168108038,0.014911656940290369
45.295865331634786,28.25210933819826,16.887691379659874,0.03315206030847706,0.040512062833711615,0.015088343075966654,0.033929979016516676,0.019487937166288438,0.014911656924033359
45.30044850886715,28.255709843403558,16.872679880080078,0.03315206032206924,0.0405120628352984,0.01508834309312855,0.03392997900292449,0.019487937164701652,0.014911656906871462
45.305031890385095,28.259310562884334,16.8576757146127,0.0331520603353222,0.04051206283665271,0.015088343110930325,0.03392997898967154,0.019487937163347346,0.014911656889069688
45.30961547618348,28.262911496636526,16.84267888387602,0.033152060348231094,0.040512062837775364,0.015088343129159673,0.03392997897676264,0.01948793716222469,0.01491165687084034
45.314199266257106,28.266512644656046,16.827689388488288,0.03315206036079088,0.040512062838666374,0.015088343147646746,0.033929978964202856,0.01948793716133368,0.014911656852353267
45.31878326060076,28.270114006938833,16.812707229067783,0.03315206037299662,0.040512062839326235,0.0150883431662506,0.03392997895199712,0.01948793716067382,0.014911656833749412
45.32336745920922,28.27371558348073,16.79773240623275,0.03315206038484203,0.04051206283975478,0.015088343184759281,0.033929978940151706,0.019487937160245272,0.014911656815240731
45.327951862077214,28.277317374277636,16.782764920602542,0.033152060396320626,0.04051206283995212,0.01508834320293985,0.03392997892867311,0.01948793716004793,0.014911656797060163
45.33253646919944,28.28091937932537,16.767804772795827,0.03315206040742735,0.04051206283990699,0.015088343220778441,0.033929978917566384,0.01948793716009306,0.014911656779221572
45.33712128057616,28.284521598624135,16.752851963418777,0.033152060418256635,0.04051206283986236,0.015088343238103333,0.0339299789067371,0.01948793716013769,0.01491165676189668
45.34170629621134,28.28812403217708,16.73790649307232,0.03315206042898494,0.04051206284028047,0.015088343254630168,0.033929978896008794,0.01948793715971958,0.014911656745369845
45.34629151609925,28.291726679979725,16.722968362375113,0.033152060439624265,0.04051206284115921,0.015088343270334523,0.03392997888536947,0.01948793715884084,0.01491165672966549
45.35087694023427,28.295329542027627,16.708037571963526,0.03315206045018604,0.0405120628424962,0.0150883432852396,0.0339299788748077,0.019487937157503854,0.014911656714760413
45.355462568610676,28.298932618316314,16.693114122535754,0.03315206046068203,0.040512062844288654,0.01508834329937117,0.033929978864311705,0.0194879371557114,0.014911656700628842
45.3600484012228,28.30253590884132,16.678198014708503,0.03315206047112351,0.04051206284653369,0.015088343312755326,0.033929978853870224,0.01948793715346636,0.014911656687244687
45.36463443806498,28.30613941359821,16.663289249098085,0.03315206048152142,0.04051206284922787,0.015088343325415005,0.03392997884347232,0.019487937150772183,0.014911656674585008
45.36922067913153,28.309743132582515,16.64838782632043,0.033152060491886404,0.0405120628523683,0.01508834333737738,0.03392997883310733,0.01948793714763175,0.014911656662622633
45.37380712441678,28.313347065789785,16.633493746991103,0.0331520605022293,0.040512062855951214,0.015088343348669986,0.03392997882276444,0.01948793714404884,0.014911656651330027
45.37839377391508,28.31695121321559,16.618607009735555,0.033152060512560144,0.040512062859973,0.015088343359320133,0.03392997881243359,0.019487937140027056,0.01491165664067988
45.38298062762075,28.32055557485547,16.603727617096457,0.03315206052288894,0.040512062864429765,0.015088343369355023,0.0339299788021048,0.019487937135570288,0.01491165663064499
45.387567685528154,28.324160150704977,16.58885556969212,0.033152060533225836,0.0405120628693178,0.01508834337880155,0.0339299787917679,0.019487937130682254,0.014911656621198463
45.39215494763165,28.3277649407597,16.573990868140825,0.03315206054358,0.04051206287463294,0.015088343387686304,0.03392997878141374,0.019487937125367116,0.014911656612313709
45.396742413925566,28.331369945015176,16.559133513060853,0.03315206055396103,0.040512062880371014,0.015088343396035445,0.03392997877103271,0.01948793711962904,0.014911656603964568
45.40133008440428,28.334975163467007,16.544283505070407,0.033152060564377805,0.0405120628865282,0.015088343403874827,0.03392997876061593,0.019487937113471854,0.014911656596125186
45.40591795906215,28.338580596110752,16.529440844787683,0.03315206057483927,0.040512062893100054,0.015088343411229693,0.033929978750154466,0.0194879371069,0.01491165658877032
45.410506037893555,28.342186242941985,16.514605532830878,0.03315206058535419,0.04051206290008241,0.015088343418122568,0.033929978739639544,0.01948793709991764,0.014911656581877444
45.41509432089286,28.3457921039563,16.499777569818217,0.03315206059593084,0.04051206290747117,0.015088343424576392,0.03392997872906289,0.019487937092528884,0.01491165657542362
45.419682808054475,28.34939817914929,16.484956956367895,0.03315206060657744,0.04051206291526194,0.01508834343061459,0.0339299787184163,0.019487937084738116,0.014911656569385423
45.42427149937171,28.353004468515735,16.47014369309699,0.03315206061744175,0.04051206292349724,0.015088343436353971,0.03392997870755199,0.019487937076502815,0.014911656563646042
45.42886039483887,28.356610972051165,16.45533778062354,0.03315206062854942,0.040512062932181125,0.015088343441825788,0.03392997869644432,0.019487937067818928,0.014911656558174224
45.43344949445047,28.360217689751273,16.440539219565686,0.033152060639902226,0.04051206294130921,0.015088343447042227,0.03392997868509151,0.01948793705869084,0.014911656552957786
45.438038798201,28.363824621611727,16.42574801054154,0.03315206065150217,0.0405120629508775,0.015088343452017969,0.03392997867349157,0.01948793704912255,0.014911656547982044
45.44262830608497,28.367431767628208,16.41096415416925,0.03315206066335058,0.04051206296088167,0.01508834345676735,0.033929978661643156,0.019487937039118386,0.014911656543232663
45.44721801809687,28.371039127796397,16.39618765106593,0.03315206067544918,0.040512062971316876,0.015088343461303985,0.03392997864954456,0.019487937028683178,0.014911656538696028
45.45180793423124,28.374646702112,16.381418501849645,0.033152060687798635,0.04051206298217941,0.015088343465640947,0.0339299786371951,0.019487937017820645,0.014911656534359066
45.4563980544826,28.378254490570704,16.36665670713856,0.033152060700400054,0.04051206299346494,0.015088343469790669,0.03392997862459368,0.019487937006535117,0.014911656530209344
45.46098837884545,28.381862493168196,16.351902267550834,0.03315206071325405,0.04051206300516946,0.015088343473765059,0.033929978611739686,0.01948793699483059,0.014911656526234954
45.46557890731435,28.385470709900186,16.3371551837046,0.03315206072636123,0.040512063017289046,0.0150883434775754,0.033929978598632504,0.019487936982711007,0.014911656522424613
45.47016963988381,28.389079140762377,16.322415458149422,0.033152060739721656,0.04051206302981952,0.015088343481232377,0.03392997858527208,0.01948793697018053,0.014911656518767635
45.47476057654798,28.392687785750162,16.307683089473947,0.03315206075331406,0.040512063042729196,0.015088343484672223,0.033929978571679675,0.019487936957270857,0.01491165651532779
45.479351717296254,28.396296644855163,16.292958078314456,0.033152060766873936,0.04051206305565752,0.015088343487916545,0.0339299785581198,0.019487936944342532,0.014911656512083468
45.483943062123615,28.399905718073434,16.278240425303174,0.03315206078042954,0.04051206306863481,0.01508834349097625,0.0339299785445642,0.019487936931365246,0.014911656509023763
45.48853461102498,28.403515005400997,16.263530131084707,0.0331520607940084,0.04051206308168964,0.015088343493861872,0.03392997853098534,0.01948793691831041,0.01491165650613814
45.493126363989006,28.40712450682892,16.24882719628719,0.03315206080755301,0.04051206309455996,0.015088343496774709,0.03392997851744073,0.019487936905440095,0.014911656503225304
45.497718320998686,28.410734222343844,16.234131621550272,0.03315206082094635,0.04051206310673605,0.015088343500088613,0.03392997850404739,0.019487936893264002,0.0149116564999114
45.50231048205136,28.414344151943666,16.21944340748751,0.03315206083427685,0.0405120631183743,0.015088343503747034,0.03392997849071688,0.019487936881625756,0.014911656496252979
45.50690284714668,28.41795429562815,16.20476255470876,0.0331520608476113,0.04051206312970579,0.015088343507601312,0.03392997847738244,0.019487936870294265,0.0149116564923987
45.51149541628591,28.42156465339825,16.19008906382316,0.03315206086091904,0.0405120631409604,0.015088343511409266,0.033929978464074695,0.019487936859039656,0.014911656488590747
45.51608818946363,28.425175225249717,16.175422935449525,0.03315206087420636,0.0405120631521399,0.015088343515183358,0.03392997845078738,0.019487936847860154,0.014911656484816654
45.52068116667442,28.428786011178282,16.160764170206665,0.03315206088748002,0.0405120631632464,0.01508834351893551,0.03392997843751372,0.01948793683675365,0.014911656481064503
45.5252743479129,28.43239701117973,16.146112768713476,0.03315206090074724,0.04051206317428363,0.0150883435226771,0.0339299784242465,0.019487936825716423,0.014911656477322913
45.52986773317369,28.43600822524982,16.13146873158879,0.033152060914015735,0.04051206318525519,0.015088343526418496,0.033929978410978,0.019487936814744866,0.014911656473581517
45.53446132245146,28.439619653384383,16.11683205945147,0.03315206092729389,0.040512063196167125,0.015088343530169024,0.033929978397699845,0.019487936803832928,0.014911656469830989
45.539055115740894,28.443231295579224,16.102202752920338,0.03315206094059042,0.04051206320702616,0.015088343533936746,0.033929978384403314,0.019487936792973892,0.014911656466063267
45.543649113036736,28.44684315183022,16.087580812614146,0.03315206095391493,0.0405120632178414,0.015088343537728185,0.033929978371078806,0.019487936782158655,0.014911656462271827
45.548243314333774,28.450455222133264,16.072966239151604,0.03315206096727735,0.04051206322862394,0.015088343541548088,0.033929978357716384,0.019487936771376113,0.014911656458451925
45.55283771962687,28.454067506484325,16.058359033150815,0.033152060980688625,0.040512063239387885,0.015088343545399036,0.03392997834430511,0.019487936760612168,0.014911656454600977
45.557432328910934,28.457680004879407,16.043759195229747,0.033152060994160126,0.04051206325015033,0.015088343549280514,0.03392997833083361,0.01948793674984972,0.014911656450719499
45.56202714218102,28.461292717314628,16.029166726006913,0.033152061007703515,0.04051206326093287,0.015088343553188666,0.03392997831729022,0.01948793673906718,0.014911656446811347
45.566622159432285,28.464905643786167,16.01458162610056,0.033152061021330614,0.04051206327176132,0.015088343557115053,0.03392997830366312,0.01948793672823873,0.01491165644288496
45.57121738066006,28.468518784290353,16.000003896129353,0.033152061035053915,0.04051206328266738,0.015088343561045811,0.03392997828993982,0.019487936717332677,0.014911656438954202
45.575812805859826,28.47213213882365,15.985433536711835,0.03315206104888446,0.04051206329368928,0.015088343564959972,0.033929978276109274,0.01948793670631077,0.014911656435040041
45.58040843502735,28.47574570738272,15.970870548465172,0.03315206106283308,0.040512063304873946,0.01508834356882778,0.033929978262160654,0.019487936695126107,0.014911656431172232
45.58500426815867,28.47935948996445,15.956314932005515,0.03315206107690777,0.04051206331627755,0.015088343572608034,0.03392997824808597,0.019487936683722507,0.014911656427391978
45.58960030525019,28.482973486566014,15.941766687948764,0.03315206109111296,0.04051206332796786,0.015088343576244986,0.033929978233880775,0.01948793667203219,0.014911656423755026
45.59419654629181,28.486587697179466,15.92722581692093,0.033152061105465924,0.04051206333977453,0.015088343579921212,0.03392997821952781,0.019487936660225524,0.0149116564200788
45.59879299127398,28.49020212179733,15.912692319546885,0.0331520611199983,0.040512063351558325,0.015088343583801872,0.03392997820499544,0.019487936648441728,0.01491165641619814
45.60338964019172,28.493816760415676,15.898166196444677,0.033152061134737065,0.040512063363347395,0.015088343587887312,0.03392997819025667,0.01948793663665266,0.0149116564121127
45.60798649304014,28.497431613030663,15.883647448232267,0.03315206114971092,0.040512063375174434,0.015088343592174522,0.033929978175282816,0.01948793662482562,0.014911656407825491
45.61258354981443,28.501046679638534,15.869136075530317,0.03315206116494962,0.0405120633870768,0.015088343596656908,0.033929978160044116,0.01948793661292325,0.014911656403343104
45.61718081050995,28.504661960235623,15.854632078954864,0.033152061180483416,0.04051206339909702,0.015088343601323745,0.03392997814451032,0.019487936600903033,0.014911656398676268
45.62177827512215,28.50827745481837,15.840135459121989,0.03315206119634312,0.040512063411282107,0.015088343606159862,0.03392997812865062,0.019487936588717947,0.01491165639384015
45.62637594364666,28.511893163383327,15.825646216648352,0.03315206121255809,0.040512063423683076,0.01508834361114475,0.033929978112435644,0.019487936576316978,0.014911656388855263
45.63097381607919,28.51550908592715,15.811164352177045,0.03315206122915393,0.04051206343635422,0.01508834361625111,0.03392997809583981,0.019487936563645836,0.014911656383748903
45.63557189241578,28.51912522244669,15.796689866240989,0.03315206124614767,0.04051206344935254,0.015088343621440264,0.03392997807884607,0.01948793655064751,0.014911656378559748
45.640170172652816,28.522741572939132,15.782222759534044,0.03315206126353548,0.0405120634627385,0.015088343626649264,0.033929978061458255,0.019487936537261552,0.014911656373350748
45.64476865678789,28.526358137402553,15.767763032670342,0.03315206128126236,0.04051206347658293,0.015088343631755208,0.03392997804373138,0.019487936523417126,0.014911656368244805
45.64936734482179,28.529974915837535,15.753310686255347,0.03315206129913495,0.0405120634909934,0.015088343636465149,0.03392997802585879,0.019487936509006654,0.014911656363534864
45.65396623672886,28.53359190822365,15.738865720956795,0.0331520613157103,0.040512063504306695,0.015088343640925345,0.033929978009283435,0.01948793649569336,0.014911656359074668
45.65856533250359,28.53720911455657,15.724428137391602,0.03315206133094184,0.0405120635164839,0.0150883436451264,0.033929977994051896,0.019487936483516155,0.014911656354873612
45.663164632141665,28.54082653483288,15.70999793617548,0.03315206134483384,0.040512063527560815,0.015088343649038452,0.0339299779801599,0.019487936472439238,0.01491165635096156
45.66776413563897,28.544444169049363,15.695575117920853,0.03315206135739984,0.04051206353758652,0.015088343652627609,0.033929977967593894,0.019487936462413535,0.014911656347372404
45.67236384299179,28.5480620172031,15.681159683239475,0.03315206136867549,0.04051206354663944,0.015088343655854264,0.03392997795631825,0.01948793645336061,0.014911656344145749
45.67696375419659,28.55168007929131,15.666751632740795,0.03315206137871529,0.04051206355481446,0.01508834365868203,0.033929977946278445,0.019487936445185594,0.014911656341317983
45.68156386922979,28.555298355295314,15.65235096710365,0.03315206138670729,0.04051206356091641,0.01508834366143591,0.03392997793828645,0.019487936439083642,0.014911656338564103
45.686164188084305,28.558916845209495,15.637957686955058,0.0331520613923148,0.04051206356466408,0.015088343664042408,0.033929977932678934,0.019487936435335973,0.014911656335957604
45.690764710741234,28.562535549018953,15.623571792938431,0.03315206139527632,0.04051206356538023,0.015088343666877321,0.033929977929717414,0.019487936434619824,0.014911656333122691
45.69536543718877,28.56615446671432,15.60919328568966,0.03315206139402782,0.04051206356246928,0.015088343565059559,0.033929977930965916,0.019487936437530773,0.014911656434940454
45.69996636739775,28.569773598272754,15.594822165856794,0.03315206138914156,0.04051206355528758,0.01508834347960157,0.033929977935852174,0.019487936444712473,0.014911656520398442
45.7045675013465,28.5733929436771,15.580458434096535,0.03315206137993848,0.04051206354269832,0.015088343410662772,0.033929977945055256,0.019487936457301736,0.014911656589337241
45.709168839020116,28.577012502915384,15.566102091060259,0.03315206136543247,0.04051206352362824,0.015088343358012984,0.033929977959561264,0.019487936476371814,0.014911656641987028
45.713770380407894,28.58063227597917,15.551753137380434,0.033152061345422645,0.04051206349765135,0.015088343321565667,0.03392997797957109,0.0194879365023487,0.014911656678434346
45.718372125498966,28.584252262859856,15.537411573686082,0.03315206131988435,0.040512063464468284,0.01508834329689733,0.033929978005109385,0.01948793653553177,0.014911656703102683
45.72297407428027,28.587872463547203,15.523077400606216,0.0331520612888781,0.04051206342380753,0.015088343274608645,0.03392997803611564,0.01948793657619252,0.014911656725391367
45.72757622769005,28.591492878788074,15.508750616495792,0.033152061306672365,0.04051206344472702,0.015088343243070429,0.03392997801832137,0.019487936555273033,0.014911656756929584
45.732178584878675,28.59511350790612,15.494431224019799,0.03315206132414983,0.04051206346503805,0.015088343212528582,0.03392997800084391,0.019487936534962003,0.01491165678747143
45.736781145840766,28.598734350897146,15.480119223794937,0.033152061341718386,0.040512063484737126,0.015088343220385575,0.03392997798327535,0.019487936515262927,0.014911656779614438
45.74138391057659,28.602355407761273,15.465814616434827,0.03315206135904236,0.04051206350379605,0.015088343228146797,0.033929977965951374,0.019487936496204006,0.014911656771853216
45.74598687908054,28.60597667849409,15.451517402556185,0.03315206137614063,0.04051206352217718,0.015088343235831136,0.03392997794885311,0.019487936477822876,0.014911656764168876
45.750590051346954,28.609598163091164,15.437227582775868,0.03315206139303367,0.04051206353982789,0.015088343243459604,0.033929977931960065,0.01948793646017216,0.014911656756540409
45.75519342737016,28.613219861548018,15.422945157711041,0.033152061409744304,0.04051206355692333,0.015088343251055833,0.03392997791524943,0.019487936443076725,0.01491165674894418
45.75979700714437,28.616841773860124,15.408670127979256,0.03315206142629845,0.040512063574246526,0.015088343258646261,0.033929977898695285,0.019487936425753527,0.014911656741353752
45.76440079066363,28.62046390002279,15.394402494198903,0.0331520614427272,0.04051206359175674,0.015088343266262808,0.03392997788226654,0.01948793640824331,0.014911656733737205
45.76900477792178,28.62408624003119,15.380142256988925,0.033152061459067905,0.04051206360941356,0.015088343273945301,0.03392997786592583,0.01948793639058649,0.014911656726054712
45.77360896891232,28.627708793880206,15.365889416969086,0.033152061475367145,0.04051206362717075,0.015088343281749947,0.03392997784962659,0.019487936372829306,0.014911656718250066
45.77821336362795,28.63133156156411,15.351643974760474,0.033152061491690865,0.04051206364496568,0.015088343289768824,0.03392997783330287,0.019487936355034374,0.014911656710231189
45.782817962059404,28.63495454307564,15.337405930986861,0.033152061508140485,0.04051206366268656,0.015088343298176252,0.03392997781685325,0.019487936337313494,0.014911656701823761
45.78742276419982,28.63857773840939,15.323175286271109,0.03315206152467787,0.04051206368022525,0.01508834330700455,0.03392997780031587,0.0194879363197748,0.014911656692995462
45.792027770067804,28.64220114757985,15.308952041208393,0.033152061540715205,0.04051206369809229,0.015088343315158098,0.03392997778427853,0.01948793630190776,0.014911656684841915
45.79663297965444,28.645824770580035,15.294736196413805,0.033152061556332935,0.04051206371617938,0.0150883433228014,0.0339299777686608,0.019487936283820673,0.014911656677198612
45.801238392952456,28.649448607404217,15.280527752508362,0.033152061571588065,0.040512063734426396,0.015088343330029994,0.03392997775340567,0.019487936265573658,0.01491165666997002
45.80584400995524,28.653072658047222,15.266326710112565,0.03315206158652234,0.04051206375279037,0.01508834333690813,0.033929977738471395,0.01948793624720968,0.014911656663091882
45.81044983065655,28.656696922504146,15.252133069846447,0.03315206160116668,0.04051206377123728,0.015088343343481428,0.033929977723827054,0.01948793622876277,0.014911656656518585
45.81505585505042,28.66032140077028,15.237946832329808,0.033152061615544515,0.04051206378973865,0.015088343349783734,0.03392997770944922,0.019487936210261403,0.014911656650216279
45.81966208313101,28.66394609284105,15.223767998182236,0.033152061629674434,0.040512063808270216,0.015088343355840986,0.0339299776953193,0.019487936191729838,0.014911656644159027
45.82426851489258,28.66757099871195,15.209596568023233,0.03315206164357121,0.04051206382681083,0.015088343361673764,0.03392997768142253,0.019487936173189224,0.014911656638326248
45.82887515032951,28.671196118378532,15.195432542472194,0.03315206165686713,0.040512063845313084,0.015088343332139528,0.03392997766812661,0.01948793615468697,0.014911656667860484
45.83348198943085,28.674821451832265,15.181275922151102,0.0331520616699022,0.040512063863822,0.015088343303032659,0.03392997765509154,0.019487936136178052,0.014911656696967354
45.83808903219117,28.678446999068875,15.16712670767917,0.03315206168268797,0.04051206388236839,0.015088343274337515,0.033929977642305764,0.019487936117631666,0.014911656725662498
45.84269627860499,28.682072760084047,15.15298489967557,0.033152061695235324,0.04051206390096135,0.015088343246039013,0.03392997762975841,0.019487936099038705,0.014911656753961
45.84730372866689,28.685698734873526,15.138850498759432,0.03315206170755386,0.04051206391961948,0.015088343218122163,0.03392997761743988,0.019487936080380575,0.01491165678187785
45.85191138237147,28.68932492343305,15.124723505549856,0.03315206171965274,0.0405120639383727,0.015088343190568135,0.033929977605341,0.019487936061627353,0.014911656809431878
45.85651923971331,28.69295132575835,15.110603920663255,0.03315206173154056,0.04051206395726503,0.015088343163353932,0.033929977593453176,0.01948793604273502,0.014911656836646081
45.86112730068698,28.69657794184517,15.096491744717493,0.03315206174322549,0.040512063976357926,0.015088343136469937,0.033929977581768245,0.019487936023642127,0.014911656863530076
45.865735565287096,28.700204771689265,15.082386978332003,0.03315206175471541,0.04051206399573387,0.015088343109908572,0.033929977570278325,0.019487936004266182,0.01491165689009144
45.87034403350824,28.703831815286357,15.06828962212606,0.03315206176601837,0.040512064015499005,0.015088343083664676,0.033929977558975366,0.019487935984501048,0.014911656916335336
45.874952705344995,28.707459072632204,15.054199676718842,0.033152061777148856,0.04051206403560087,0.015088343057893056,0.03392997754784488,0.019487935964399183,0.014911656942106957
45.879561580791986,28.711086543722555,15.040117142729532,0.03315206178811925,0.040512064055380326,0.015088343032601037,0.03392997753687449,0.019487935944619728,0.014911656967398976
45.88417065984391,28.714714228553245,15.026042020669163,0.03315206179893976,0.04051206407496194,0.015088343007786761,0.03392997752605398,0.019487935925038113,0.014911656992213251
45.888779942495425,28.718342127120074,15.011974311214729,0.033152061809620104,0.04051206409453206,0.015088342983447994,0.03392997751537363,0.01948793590546799,0.014911657016552018
45.893389428741216,28.721970239418845,14.997914014999912,0.03315206182016961,0.040512064114367474,0.015088342959582404,0.03392997750482413,0.01948793588563258,0.014911657040417609
45.89799911857591,28.72559856544534,14.983861132657257,0.03315206183059766,0.040512064050532426,0.01508834293618748,0.03392997749439608,0.019487935949467627,0.014911657063812533
45.902609012002465,28.729227105202014,14.969815664719121,0.033152061840736435,0.04051206404072738,0.015088342913260958,0.0339299774842573,0.019487935959272673,0.014911657086739055
45.90721910901017,28.732855858680338,14.955777612344399,0.03315206185068237,0.04051206402566532,0.015088342890799869,0.03392997747431137,0.019487935974334736,0.014911657109200144
45.91182940959416,28.7364848258765,14.941746975708497,0.033152061860397486,0.040512064018448646,0.015088342868801424,0.03392997746459625,0.019487935981551407,0.014911657131198588
45.916439913748114,28.740114006785504,14.927723755433705,0.03315206186971831,0.040512064042530105,0.015088342847262612,0.03392997745527543,0.01948793595746995,0.014911657152737401
45.92105062146386,28.74374340140088,14.913707952147512,0.033152061878963246,0.04051206406633601,0.015088342826180476,0.03392997744603049,0.019487935933664047,0.014911657173819537
45.925661532736086,28.747373009718444,14.899699565893659,0.033152061888137296,0.04051206408984881,0.015088342805552032,0.03392997743685644,0.019487935910151244,0.01491165719444798
45.93027264755948,28.751002831734013,14.885698597928982,0.03315206189724634,0.040512064113044366,0.015088342785374048,0.03392997742774739,0.019487935886955687,0.014911657214625965
45.93488396592876,28.754632867443437,14.871705048879456,0.03315206190629605,0.04051206413591646,0.015088342765643387,0.03392997741869769,0.019487935864083594,0.014911657234356626
45.93949548783861,28.75826311684252,14.857718919367946,0.03315206191529185,0.04051206415847708,0.015088342746356856,0.033929977409701884,0.019487935841522974,0.014911657253643157
45.944107212505955,28.761893579306168,14.843740211969187,0.03315206187133912,0.04051206408516217,0.015088342733682508,0.033929977453654614,0.019487935914837884,0.014911657266317505
45.948719140759366,28.765524255495734,14.829768925217628,0.033152061829788915,0.040512064012468096,0.015088342720553288,0.03392997749520482,0.019487935987531957,0.014911657279446724
45.95333127259131,28.769155145405335,14.815805059731545,0.033152061790792,0.040512063942538534,0.015088342707089919,0.03392997753420174,0.01948793605746152,0.014911657292910094
45.957943607994096,28.772786249028897,14.801848616128503,0.03315206175441049,0.04051206391449491,0.015088342693400411,0.03392997757058325,0.019487936085505142,0.014911657306599602
45.96255614695639,28.776417566357466,14.787899595035846,0.033152061720762016,0.040512063888026584,0.015088342679574457,0.03392997760423172,0.01948793611197347,0.014911657320425556
45.96716888947095,28.780049097385344,14.77395799706886,0.0331520616898448,0.04051206386278594,0.01508834266569073,0.033929977635148934,0.019487936137214112,0.014911657334309283
45.971781835530706,28.783680842106968,14.760023822842252,0.033152061661643695,0.040512063838413104,0.01508834265181691,0.03392997766335004,0.01948793616158695,0.014911657348183102
45.976394985128735,28.787312800516894,14.746097072966801,0.03315206163612977,0.04051206381454281,0.015088342638010316,0.033929977688863966,0.019487936185457244,0.014911657361989697
45.98100833825826,28.79094497260978,14.73217774801974,0.03315206161326112,0.04051206379082445,0.015088342624318171,0.03392997771173262,0.019487936209175605,0.014911657375681842
45.98562189491267,28.794577358380415,14.71826584862663,0.033152061592982285,0.040512063766956374,0.015088342610778169,0.03392997773201145,0.01948793623304368,0.014911657389221844
45.99023565508543,28.79820995782366,14.704361375411949,0.033152061575225544,0.040512063742739746,0.015088342597418938,0.03392997774976819,0.019487936257260308,0.014911657402581074
45.99484961877017,28.80184277093449,14.690464328999443,0.033152061559909574,0.04051206371814081,0.015088342584260367,0.03392997776508416,0.01948793628185924,0.014911657415739646
45.999463785960515,28.80547579770787,14.676574710012524,0.03315206154694611,0.04051206369336324,0.015088342571319052,0.033929977778047626,0.01948793630663681,0.01491165742868096
46.00407815665015,28.80910903813883,14.662692519074428,0.03315206153623368,0.0405120636688826,0.015088342558603252,0.03392997778876006,0.01948793633111745,0.014911657441396761
46.00869273083258,28.81274249222222,14.648817756810228,0.03315206152756217,0.04051206364532117,0.01508834254608142,0.033929977797431565,0.01948793635467888,0.014911657453918592
46.01330750850127,28.816376159952867,14.634950423843947,0.03315206152076999,0.040512063623372785,0.01508834253373928,0.03392997780422374,0.01948793637662727,0.014911657466260733
46.01792248964977,28.820010041325677,14.621090520711336,0.03315206151575889,0.04051206360687071,0.01508834252157841,0.033929977809234846,0.019487936393129346,0.014911657478421603
46.02253767427125,28.823644136335254,14.60723804812114,0.03315206151240546,0.04051206359978271,0.015088342509597272,0.033929977812588274,0.019487936400217343,0.014911657490402741
46.027153062358565,28.827278444975946,14.593393006698923,0.03315206151066025,0.04051206359840631,0.015088342497792104,0.03392997781433349,0.019487936401593742,0.014911657502207909
46.03176865390208,28.83091296724013,14.579555397073445,0.03315206151042083,0.0405120635951966,0.015088342486253431,0.03392997781457291,0.019487936404803452,0.014911657513746582
46.03638444889238,28.834547703120403,14.565725219871679,0.03315206151158395,0.04051206358716464,0.015088342475097771,0.033929977813409784,0.019487936412835416,0.014911657524902242
46.04100044732388,28.838182652612364,14.55190247571376,0.03315206151406069,0.040512063572019585,0.015088342464320365,0.03392997781093304,0.019487936427980468,0.014911657535679648
46.045616649191295,28.841817815711828,14.53808716521961,0.03315206151775668,0.040512063546929766,0.01508834245391602,0.033929977807237055,0.019487936453070287,0.014911657546083992
46.05023305448951,28.845453192414787,14.524279289008378,0.033152061522571996,0.04051206350873948,0.015088342443879285,0.03392997780242174,0.01948793649126057,0.014911657556120728
46.054849663211854,28.849088782715967,14.510478847703972,0.03315206152821076,0.04051206345762509,0.015088342434194935,0.03392997779678297,0.019487936542374962,0.014911657565805078
46.05946647535279,28.85272458661099,14.496685841926679,0.03315206153450795,0.0405120634072228,0.015088342424859028,0.03392997779048579,0.019487936592777255,0.014911657575140985
46.06408349090576,28.856360604094682,14.482900272299334,0.033152061541364464,0.040512063357752426,0.015088342415870926,0.03392997778362927,0.019487936642247627,0.014911657584129087
46.068700709865055,28.859996835162544,14.469122139442456,0.033152061548750666,0.040512063309475876,0.015088342407226354,0.03392997777624307,0.019487936690524177,0.014911657592773658
46.0733181322252,28.863633279810244,14.455351443975973,0.033152061556653845,0.040512063262644005,0.015088342398919832,0.03392997776833989,0.01948793673735605,0.01491165760108018
46.0779357579806,28.867269938033395,14.441588186519892,0.033152061565059454,0.040512063217478356,0.015088342390946058,0.03392997775993428,0.019487936782521698,0.014911657609053955
46.082553587123996,28.870906809826245,14.42783236769927,0.033152061573783254,0.040512063174009294,0.015088342383291015,0.03392997775121048,0.01948793682599076,0.014911657616708998
46.08717161964506,28.874543895180558,14.41408398814829,0.033152061582328474,0.04051206313193939,0.015088342375921146,0.03392997774266526,0.019487936868060662,0.014911657624078867
46.09178985553845,28.87818119409213,14.400343048486056,0.0331520615907116,0.04051206309145766,0.015088342368833732,0.033929977734282135,0.01948793690854239,0.01491165763116628
46.09640829479875,28.881818706556693,14.386609549331688,0.03315206159895073,0.04051206305273658,0.01508834236202812,0.033929977726043004,0.019487936947263473,0.014911657637971892
46.10102693742194,28.88545643257109,14.372883491302284,0.03315206160706757,0.0405120630159897,0.015088342355454587,0.03392997771792616,0.019487936984010357,0.014911657644545426
46.10564578340432,28.889094372132398,14.359164875014748,0.033152061615068784,0.040512062981420016,0.015088342349047185,0.03392997770992495,0.019487937018580037,0.014911657650952828
46.110264832739205,28.89273252523534,14.345453701090436,0.03315206162294937,0.04051206294910037,0.015088342342840816,0.03392997770204437,0.019487937050899684,0.014911657657159197
46.114884085420016,28.896370891874746,14.331749970150426,0.033152061630711216,0.04051206291910381,0.015088342336883859,0.03392997769428252,0.019487937080896245,0.014911657663116154
46.11950354144027,28.900009472045493,14.318053682815643,0.033152061638360875,0.040512062891499445,0.015088342331358431,0.03392997768663286,0.019487937108500608,0.014911657668641581
46.124123200793576,28.90364826574256,14.304364839707008,0.03315206164590501,0.04051206286635134,0.015088342326290624,0.03392997767908873,0.019487937133648714,0.014911657673709389
46.128743063473465,28.907287272960836,14.290683441444811,0.033152061653349774,0.04051206284371395,0.015088342321708123,0.03392997767164396,0.019487937156286106,0.01491165767829189
46.13336312947326,28.910926493695065,14.277009488650231,0.033152061660696897,0.04051206282357006,0.015088342317642972,0.03392997766429684,0.019487937176429992,0.01491165768235704
46.13798339878473,28.914565927938753,14.263342981948082,0.03315206166789986,0.04051206280551445,0.01508834231416338,0.03392997765709388,0.019487937194485605,0.014911657685836632
46.14260387140281,28.918205575687892,14.249683921958486,0.03315206167493001,0.040512062789577585,0.01508834231119234,0.033929977650063725,0.019487937210422468,0.014911657688807672
46.14722454732279,28.921845436938767,14.236032309301507,0.03315206168173551,0.04051206277578484,0.015088342308462815,0.033929977643258225,0.019487937224215213,0.014911657691537197
46.15184542654002,28.92548551168771,14.222388144595904,0.033152061688345835,0.040512062764204604,0.015088342305958152,0.0339299776366479,0.01948793723579545,0.01491165769404186
46.15646650904827,28.92912579992982,14.208751428462813,0.03315206169477669,0.040512062754831935,0.015088342303711005,0.033929977630217045,0.01948793724516812,0.014911657696289007
46.16108779484121,28.93276630166008,14.195122161523617,0.03315206170104118,0.04051206274764835,0.01508834230175711,0.033929977623952556,0.019487937252351706,0.014911657698242903
46.16570928391236,28.93640701687343,14.181500344399826,0.033152061707151514,0.04051206274262431,0.015088342300135366,0.03392997761784222,0.019487937257375743,0.014911657699864647
46.17033097625563,28.94004794556503,14.167885977712665,0.03315206171311885,0.04051206273973529,0.015088342298871973,0.033929977611874884,0.019487937260264765,0.01491165770112804
46.17495287186655,28.943689087731368,14.15427906208118,0.03315206171893542,0.04051206273900171,0.015088342297926272,0.033929977606058315,0.019487937260998345,0.014911657702073741
46.17957497073926,28.947330443367832,14.14067959812562,0.033152061724601334,0.04051206274039032,0.015088342297310708,0.0339299776003924,0.019487937259609733,0.014911657702689304
46.18419727287208,28.950972012473084,14.127087586460776,0.0331520617301343,0.04051206274402819,0.015088342296898385,0.03392997759485944,0.019487937255971866,0.014911657703101627
46.18881977826469,28.954613795046843,14.113503027699732,0.03315206173553925,0.04051206275007996,0.015088342296510779,0.033929977589454485,0.019487937249920095,0.014911657703489234
46.19344248691337,28.9582557910862,14.099925922460333,0.03315206174079294,0.04051206275835484,0.015088342296078402,0.0339299775842008,0.019487937241645215,0.01491165770392161
46.19806539880914,28.961898000584064,14.086356271364885,0.03315206174593105,0.04051206276716496,0.015088342295746876,0.03392997757906269,0.019487937232835095,0.014911657704253137
46.202688513943926,28.965540423534048,14.072794075039255,0.03315206175078622,0.040512062776314306,0.015088342295550672,0.033929977574207515,0.019487937223685747,0.014911657704449341
46.207311832312925,28.96918305993234,14.059239334106014,0.033152061755110596,0.04051206278567987,0.015088342295375104,0.03392997756988314,0.019487937214320183,0.014911657704624909
46.21193535390417,28.972825909769476,14.045692049195008,0.03315206175883373,0.040512062794975934,0.015088342295435611,0.03392997756616001,0.01948793720502412,0.014911657704564402
46.21655907870628,28.976468973036518,14.032152220934744,0.033152061761904994,0.040512062803955196,0.015088342295928647,0.03392997756308874,0.019487937196044858,0.014911657704071365
46.221183006707875,28.98011224972447,14.018619849954044,0.033152061764255114,0.04051206281235509,0.015088342297043866,0.03392997756073862,0.019487937187644966,0.014911657702956146
46.22580713790427,28.983755739829633,14.005094936872165,0.033152061765828245,0.04051206282017189,0.015088342298737914,0.03392997755916549,0.019487937179828163,0.014911657701262099
46.23043147229437,28.98739944335116,13.991577482301269,0.03315206176670271,0.040512062827619266,0.015088342300894925,0.033929977558291025,0.019487937172380787,0.014911657699105088
46.235056009873944,28.99104336028573,13.978067486857354,0.03315206176699009,0.04051206283481318,0.015088342303526375,0.03392997755800364,0.019487937165186875,0.014911657696473637
46.23968075063947,28.994687490630568,13.964564951162625,0.03315206176675456,0.040512062841864704,0.015088342306604274,0.03392997755823918,0.01948793715813535,0.014911657693395738
46.24430569457948,28.99833183437653,13.951069875858753,0.03315206176536628,0.04051206284816028,0.01508834231010478,0.033929977559627456,0.019487937151839774,0.014911657689895233
46.24893084168923,29.001976391519893,13.93758226156303,0.033152061762889484,0.04051206285376385,0.015088342314045766,0.03392997756210425,0.0194879371462362,0.014911657685954247
46.25355619196357,29.005621162056592,13.924102108893656,0.033152061759362306,0.04051206285870945,0.015088342318437656,0.03392997756563143,0.0194879371412906,0.014911657681562357
46.25818174539687,29.009266145982213,13.91062941847018,0.03315206175478519,0.040512062862988696,0.015088342323304763,0.03392997757020855,0.019487937137011357,0.01491165767669525
46.26280750197563,29.0129113432861,13.897164190923627,0.033152061749119166,0.04051206286627501,0.015088342328536147,0.03392997757587457,0.019487937133725042,0.014911657671463865
46.26743346168031,29.016556753952848,13.883706426972712,0.033152061742224403,0.040512062867954224,0.015088342334412128,0.03392997758276933,0.01948793713204583,0.014911657665587885
46.27205962450289,29.0202023779761,13.870256127177079,0.033152061733834504,0.04051206286776432,0.015088342340913385,0.03392997759115923,0.019487937132235733,0.014911657659086627
46.27668599043445,29.023848215348764,13.856813292162549,0.033152061723582704,0.04051206286534548,0.015088342348012429,0.03392997760141103,0.019487937134654576,0.014911657651987584
46.28131255946434,29.02749426606235,13.843377922563697,0.033152061710954916,0.04051206286018272,0.015088342355682322,0.03392997761403882,0.019487937139817335,0.014911657644317691
46.28593933157954,29.03114053010647,13.829950019022032,0.03315206169518753,0.04051206285151582,0.01508834236387989,0.03392997762980621,0.019487937148484236,0.014911657636120124
46.29056630676479,29.034787007468882,13.816529582189178,0.03315206167503454,0.0405120628382023,0.015088342372445926,0.0339299776499592,0.019487937161797753,0.014911657627554087
46.29519348556615,29.03843369858486,13.803116611438409,0.03315206168199458,0.04051206285972542,0.015088342374652647,0.033929977642999154,0.019487937140274636,0.014911657625347366
46.299820867489316,29.042080603060597,13.789711108480317,0.033152061688727474,0.04051206288061504,0.015088342376793282,0.03392997763626626,0.019487937119385013,0.014911657623206731
46.30444845252766,29.04572772089087,13.776313073957557,0.0331520616951862,0.04051206290083159,0.015088342378899847,0.03392997762980754,0.019487937099168462,0.014911657621100166
46.3090762406746,29.049375052070467,13.762922508381179,0.03315206170129231,0.0405120629202983,0.015088342380991507,0.033929977623701424,0.019487937079701756,0.014911657619008506
46.31370423192292,29.053022596593678,13.749539412602827,0.03315206170692364,0.040512062938879434,0.015088342383090939,0.033929977618070095,0.01948793706112062,0.014911657616909074
46.31833242626459,29.056670354454155,13.736163787115924,0.03315206171189716,0.040512062956371275,0.015088342385224593,0.033929977613096574,0.019487937043628778,0.01491165761477542
46.32296082369058,29.060318325644737,13.722795632548365,0.03315206171595325,0.040512062972485,0.015088342387422737,0.033929977609040485,0.019487937027515057,0.014911657612577275
46.32758942419081,29.063966510157428,13.709434949538679,0.03315206171875518,0.040512062986844954,0.015088342389721315,0.03392997760623856,0.0194879370131551,0.014911657610278697
46.33221822775451,29.067614907983675,13.696081738719666,0.03315206171992807,0.04051206299902599,0.015088342392165291,0.033929977605065664,0.019487937000974065,0.014911657607834722
46.336847234371504,29.071263519115412,13.682736000722024,0.03315206171917978,0.0405120630086761,0.015088342394809856,0.033929977605813955,0.01948793699132395,0.014911657605190157
46.34147644406302,29.074912343569654,13.669397736102626,0.033152061718320525,0.040512063017917654,0.01508834239745338,0.03392997760667321,0.0194879369820824,0.014911657602546632
46.34610585683566,29.07856138135175,13.656066945452547,0.033152061718169146,0.04051206302771282,0.015088342400012514,0.03392997760682459,0.019487936972287234,0.014911657599987499
46.35073547268433,29.082210632457688,13.642743628899357,0.03315206171877361,0.04051206303811006,0.015088342402506214,0.03392997760622013,0.019487936961889996,0.0149116575974938
46.35536529160372,29.085860096883287,13.629427787748805,0.03315206172016344,0.04051206304913796,0.015088342404953353,0.0339299776048303,0.019487936950862095,0.01491165759504666
46.359995313588314,29.089509774624194,13.616119422574712,0.033152061722346304,0.04051206306080368,0.015088342407372071,0.03392997760264743,0.01948793693919637,0.014911657592627942
46.36462553863234,29.093159665675863,13.602818533961008,0.03315206172530549,0.04051206307308963,0.015088342409778813,0.033929977599688244,0.01948793692691042,0.0149116575902212
46.36925596672977,29.096809770033545,13.589525122485595,0.033152061728996596,0.04051206308595273,0.015088342412187428,0.03392997759599714,0.01948793691404732,0.014911657587812585
46.37388659787439,29.10046008769232,13.576239188719352,0.033152061733345894,0.04051206309932309,0.015088342414607686,0.03392997759164784,0.01948793690067696,0.014911657585392327
46.37851743205981,29.104110618647134,13.562960733283091,0.03315206173825197,0.040512063113107455,0.015088342417044043,0.033929977586741766,0.0194879368868926,0.01491165758295597
46.383148469279455,29.10776136289278,13.549689756800769,0.03315206174358459,0.04051206312718847,0.015088342419495554,0.03392997758140914,0.019487936872811584,0.014911657580504459
46.38777970950066,29.111412320403648,13.536426259925609,0.03315206174981955,0.04051206314084915,0.01508834242312343,0.033929977575174186,0.0194879368591509,0.014911657576876583
46.392411152719504,29.115063491176567,13.523170243274365,0.03315206175667129,0.040512063153974265,0.015088342427744136,0.033929977568322445,0.01948793684602579,0.014911657572255876
46.39704279894026,29.11871487521482,13.509921707455716,0.03315206176360985,0.04051206316660522,0.01508834243277217,0.033929977561383884,0.019487936833394837,0.014911657567227843
46.401674648169816,29.122366472523673,13.49668065307719,0.03315206176994989,0.040512063178782975,0.015088342437484706,0.033929977555043844,0.019487936821217078,0.014911657562515307
46.40630670040922,29.12601828310385,13.483447080754006,0.033152061775042374,0.04051206319035383,0.015088342441397798,0.03392997754995136,0.019487936809646222,0.014911657558602215
46.41093895565017,29.129670306948714,13.470220991092571,0.03315206177837804,0.04051206320090145,0.01508834244442038,0.0339299775466157,0.019487936799098604,0.014911657555579633
46.415571413858956,29.13332254403175,13.457002384741603,0.03315206178009594,0.04051206320946127,0.015088342447622222,0.033929977544897794,0.019487936790538785,0.014911657552377791
46.42020407502653,29.13697499434577,13.443791262343229,0.0331520617799016,0.04051206321572193,0.015088342451014397,0.03392997754509214,0.019487936784278126,0.014911657548985616
46.424836939131595,29.14062765787381,13.43058762454387,0.03315206177669289,0.04051206321841466,0.015088342454713605,0.03392997754830085,0.01948793678158539,0.014911657545286408
46.42947000609756,29.144280534554717,13.41739147211914,0.033152061765584995,0.040512063211868676,0.015088342459251627,0.03392997755940874,0.019487936788131377,0.014911657540748385
46.43410327627423,29.147933624668042,13.404202805078699,0.03315206177031371,0.04051206322402967,0.015088342461707385,0.033929977554680024,0.019487936775970383,0.014911657538292628
46.43873674941013,29.15158692801296,13.391021624437244,0.03315206177477892,0.0405120632357599,0.015088342464276039,0.03392997755021482,0.019487936764240155,0.014911657535723974
46.4433704254985,29.15524044458415,13.377847930816971,0.033152061778892794,0.04051206324696088,0.01508834246697481,0.03392997754610094,0.01948793675303917,0.014911657533025202
46.448004304532546,29.15889417437622,13.364681724840818,0.033152061782536546,0.040512063257513,0.01508834246981075,0.03392997754245719,0.019487936742487055,0.014911657530189262
46.45263838650571,29.162548117383977,13.3515230071317,0.03315206178558311,0.04051206326730061,0.015088342472778696,0.03392997753941063,0.01948793673269944,0.014911657527221317
46.45727267141186,29.166202273602572,13.33837177875423,0.03315206178792518,0.040512063276235966,0.015088342475867933,0.033929977537068556,0.019487936723764088,0.01491165752413208
46.46190715925214,29.169856643032997,13.325228039863829,0.03315206179010566,0.040512063284905586,0.015088342479074743,0.03392997753488808,0.019487936715094467,0.01491165752092527
46.466541850023056,29.173511225672527,13.312091791076204,0.0331520617922893,0.040512063293488054,0.015088342482407133,0.033929977532704436,0.019487936706512,0.01491165751759288
46.47117674371938,29.17716602151703,13.298963033011923,0.03315206179449043,0.04051206330200502,0.015088342485874345,0.03392997753050331,0.019487936697995034,0.014911657514125667
46.47581184033591,29.180821030562413,13.28584176628957,0.03315206179672214,0.040512063310475854,0.015088342489486622,0.03392997752827159,0.0194879366895242,0.01491165751051339
46.48044713986733,29.184476252804487,13.272727991515698,0.03315206179899516,0.04051206331891816,0.015088342493255233,0.03392997752599858,0.019487936681081897,0.01491165750674478
46.4850826423084,29.188131688239118,13.259621709311068,0.033152061801319244,0.04051206332734758,0.015088342497192875,0.03392997752367449,0.019487936672652473,0.014911657502807138
46.48971834765382,29.191787336862124,13.246522920296655,0.03315206180370173,0.04051206333577806,0.01508834250131276,0.03392997752129201,0.019487936664221994,0.014911657498687253
46.49435425589829,29.195443198669324,13.233431625093658,0.033152061806148825,0.04051206334422197,0.015088342505630611,0.03392997751884491,0.019487936655778082,0.014911657494369401
46.498990367036455,29.19909927365652,13.22034782432337,0.0331520618086652,0.04051206335268992,0.015088342510164318,0.033929977516328536,0.019487936647310133,0.014911657489835695
46.50362668106302,29.2027555618195,13.207271518608078,0.03315206181125385,0.04051206336119101,0.015088342514934017,0.033929977513739884,0.019487936638809045,0.014911657485065996
46.50826319797536,29.20641206315627,13.194202708562287,0.033152061814160305,0.04051206336998597,0.015088342519964618,0.03392997751083343,0.01948793663001408,0.014911657480035395
46.51289991777004,29.210068777664098,13.18114139480444,0.03315206181746616,0.0405120633792021,0.015088342525248752,0.033929977507527576,0.019487936620797952,0.014911657474751261
46.51753684044116,29.213725705338323,13.16808757796041,0.03315206182101904,0.040512063388730535,0.015088342530774318,0.033929977503974695,0.01948793661126952,0.014911657469225695
46.52217396598154,29.217382846173244,13.15504125865913,0.0331520618246387,0.04051206339839747,0.015088342536569224,0.033929977500355035,0.019487936601602585,0.014911657463430789
46.52681129397922,29.22104019984298,13.142002438197732,0.03315206181964847,0.0405120633876791,0.015088342553493977,0.033929977505345266,0.019487936612320955,0.014911657446506035
46.53144882503193,29.22469776682002,13.12897111623733,0.03315206181680974,0.04051206338572921,0.015088342564277102,0.033929977508183995,0.01948793661427084,0.014911657435722911
46.53608655908576,29.228355547062215,13.115947293445224,0.03315206181779279,0.04051206339177482,0.015088342571386942,0.03392997750720095,0.01948793660822523,0.01491165742861307
46.54072449600907,29.23201354046563,13.102930970676974,0.033152061820891865,0.0405120634000572,0.015088342578724073,0.03392997750410187,0.019487936599942857,0.01491165742127594
46.54536263574826,29.23567174698812,13.089922148696472,0.033152061826583534,0.04051206340907676,0.015088342588304882,0.0339299774984102,0.019487936590923294,0.014911657411695131
46.55000097835709,29.23933016667113,13.076920827961285,0.033152061829910484,0.04051206341797592,0.015088342596172005,0.03392997749508325,0.019487936582024135,0.014911657403828008
46.55463952378372,29.242988799474126,13.063927008740066,0.03315206183251551,0.040512063426039635,0.0150883426048576,0.033929977492478225,0.019487936573960418,0.014911657395142414
46.559278272017195,29.24664764538839,13.05094069246267,0.033152061833905455,0.04051206343275515,0.015088342614621802,0.03392997749108828,0.0194879365672449,0.01491165738537821
46.56391722307369,29.250306704426926,13.037961879276123,0.03315206183571401,0.04051206343993413,0.015088342625710141,0.03392997748927973,0.01948793656006592,0.014911657374289872
46.56855637694925,29.253965976586656,13.024990569807082,0.033152061838130686,0.04051206344774211,0.015088342638597457,0.03392997748686305,0.019487936552257945,0.014911657361402555
46.57319573363799,29.257625461862887,13.012026764656499,0.0331520618410141,0.04051206345606334,0.015088342653823292,0.033929977483979634,0.019487936543936712,0.014911657346176721
46.57783529313568,29.26128516025227,12.999070464457379,0.03315206184414793,0.04051206346481734,0.015088342668264795,0.03392997748084581,0.019487936535182715,0.014911657331735217
46.58247505543546,29.26494507174938,12.986121669832434,0.03315206184742725,0.04051206347389319,0.015088342681737102,0.033929977477566486,0.019487936526106864,0.01491165731826291
46.58711502053028,29.26860519634862,12.973180381400793,0.03315206185078107,0.040512063483192584,0.015088342694358103,0.03392997747421267,0.01948793651680747,0.01491165730564191
46.59175518841339,29.272265534044674,12.960246599780465,0.03315206185415276,0.04051206349263886,0.015088342706231495,0.03392997747084098,0.019487936507361192,0.014911657293768518
46.596395558293054,29.27592608421513,12.947320326525364,0.033152061863633064,0.04051206347669917,0.01508834274760687,0.03392997746136067,0.019487936523300886,0.014911657252393143
46.60103613111606,29.279586847604307,12.934401561106014,0.03315206187223335,0.04051206346655145,0.015088342781819558,0.033929977452760385,0.019487936533448602,0.014911657218180455
46.60567690683739,29.283247824176442,12.921490304216904,0.0331520618781348,0.04051206345960118,0.0150883428096657,0.03392997744685894,0.019487936540398876,0.014911657190334313
46.61031788541169,29.2869090138959,12.908586556518085,0.03315206188180225,0.0405120634546528,0.015088342832864254,0.033929977443191484,0.01948793654534725,0.014911657167135758
46.61495906681488,29.290570416743797,12.895690318642764,0.03315206188369135,0.0405120634512971,0.015088342852350473,0.033929977441302384,0.019487936548702955,0.01491165714764954
46.619600451029754,29.29423203270658,12.882801592033998,0.033152061883877815,0.04051206344914654,0.015088342868443572,0.03392997744111592,0.019487936550853513,0.014911657131556441
46.62424203804041,29.297893861771744,12.869920376583782,0.03315206188253089,0.040512063447919855,0.01508834288165907,0.033929977442462844,0.0194879365520802,0.014911657118340943
46.62888382783274,29.30155590392824,12.85704667292079,0.03315206187988845,0.04051206344744496,0.015088342892474085,0.033929977445105286,0.019487936552555096,0.014911657107525927
46.63352582040116,29.305218159171808,12.844180481652469,0.03315206187685027,0.04051206344827546,0.015088342901331708,0.03392997744814347,0.019487936551724594,0.014911657098668304
46.6381680157418,29.30888062749945,12.831321803393406,0.03315206187370856,0.040512063450651725,0.015088342908368427,0.033929977451285176,0.019487936549348328,0.014911657091631586
46.64281041384697,29.312543308905063,12.818470638771615,0.03315206187021125,0.04051206345433728,0.015088342913634756,0.03392997745478249,0.019487936545662776,0.014911657086365257
46.64745301471091,29.316206203384056,12.805626988407969,0.03315206186611541,0.04051206345916891,0.01508834291712452,0.033929977458878324,0.01948793654083114,0.014911657082875493
46.652095818284394,29.31986931089758,12.792790852974697,0.03315206186098835,0.04051206346324937,0.015088342920288489,0.03392997746400539,0.019487936536750683,0.014911657079711524
46.6567388245612,29.323532631440756,12.77996223307033,0.033152061854990755,0.04051206346667868,0.015088342918342462,0.03392997747000298,0.01948793653332137,0.01491165708165755
46.66138203353404,29.327196165007877,12.767141129297498,0.03315206184830882,0.040512063469532955,0.015088342911488015,0.033929977476684914,0.019487936530467098,0.014911657088511998
46.666025445193085,29.330859911591254,12.75432754227632,0.03315206184117497,0.04051206347182229,0.015088342900239485,0.03392997748381876,0.019487936528177763,0.014911657099760528
46.67066905952926,29.33452387118376,12.741521472651222,0.03315206183378866,0.04051206347356323,0.015088342885075129,0.03392997749120508,0.019487936526436822,0.014911657114924884
46.67531287653405,29.338188043778725,12.728722921057814,0.03315206182632352,0.04051206347477698,0.01508834286643608,0.033929977498670216,0.01948793652522307,0.014911657133563933
46.67995689619935,29.341852429369776,12.715931888130191,0.03315206181893726,0.04051206347549119,0.01508834284483053,0.033929977506056475,0.019487936524508864,0.014911657155169483
46.68460111851757,29.34551702795097,12.70314837433116,0.03315206181177166,0.040512063475727444,0.015088342822132256,0.033929977513222076,0.01948793652427261,0.014911657177867757
46.68924554349478,29.34918183952705,12.690372380618788,0.03315206180476249,0.040512063475884375,0.015088342798313822,0.03392997752023125,0.01948793652411568,0.01491165720168619
46.6938901711259,29.352846864094037,12.677603907457781,0.03315206179799374,0.04051206347603831,0.015088342773616079,0.033929977527,0.019487936523961746,0.014911657226383934
46.698535001405205,29.356512101647425,12.664842955503142,0.03315206179154562,0.04051206347623382,0.015088342748256198,0.03392997753344812,0.019487936523766236,0.014911657251743815
46.70318003432697,29.360177552182694,12.65208952529938,0.03315206178548463,0.040512063476507654,0.015088342722406209,0.033929977539509104,0.0194879365234924,0.014911657277593804
46.70782526988555,29.363843215695418,12.639343617493605,0.03315206177986407,0.04051206347689024,0.015088342696200269,0.033929977545129664,0.019487936523109817,0.014911657303799744
46.71247070807546,29.36750909218127,12.626605232726998,0.03315206177472613,0.04051206347740971,0.01508834266973863,0.03392997755026761,0.019487936522590343,0.014911657330261383
46.71711634889128,29.371175181635966,12.613874371606617,0.03315206177010388,0.040512063478089666,0.01508834264309683,0.033929977554889856,0.019487936521910387,0.014911657356903182
46.721762192327674,29.374841484055317,12.601151034792553,0.03315206176601798,0.040512063478948535,0.015088342616327022,0.033929977558975755,0.01948793652105152,0.014911657383672991
46.72640823837937,29.378507999435143,12.588435222912073,0.03315206176284591,0.04051206347984909,0.015088342640350028,0.03392997756214783,0.01948793652015096,0.014911657359649985
46.73105448704881,29.382174727777283,12.575726936491563,0.03315206176012975,0.040512063480798666,0.015088342664330054,0.03392997756486399,0.019487936519201388,0.014911657335669959
46.73570093833083,29.38584166907768,12.563026176147167,0.033152061757863505,0.0405120634818017,0.015088342688256859,0.03392997756713023,0.019487936518198357,0.014911657311743154
46.74034759222036,29.38950882333232,12.550332942425408,0.03315206175603669,0.04051206348286135,0.015088342712116856,0.03392997756895705,0.019487936517138704,0.014911657287883157
46.74499444871233,29.393176190537204,12.53764723612398,0.0331520617546347,0.04051206348397851,0.015088342735893795,0.03392997757035904,0.019487936516021542,0.014911657264106218
46.749641507801755,29.39684377068837,12.524969057903053,0.033152061753640216,0.04051206348515363,0.015088342759569384,0.03392997757135352,0.019487936514846427,0.014911657240430629
46.75428876948359,29.400511563781862,12.512298408245396,0.03315206175303331,0.040512063486384864,0.015088342783123737,0.033929977571960424,0.01948793651361519,0.014911657216876276
46.75893623375285,29.40417956981374,12.499635287762842,0.033152061752792394,0.04051206348766884,0.015088342806536148,0.03392997757220134,0.019487936512331216,0.014911657193463865
46.76358390060456,29.407847788780067,12.486979697066042,0.03315206175289437,0.04051206348900116,0.015088342829785231,0.03392997757209937,0.019487936510998893,0.014911657170214782
46.76823177003374,29.411516220676898,12.474331636976917,0.033152061753315476,0.04051206349037595,0.01508834285284942,0.03392997757167826,0.019487936509624104,0.014911657147150592
46.77287984203542,29.415184865500322,12.461691107957526,0.033152061754031015,0.0405120634917861,0.015088342875707372,0.03392997757096272,0.019487936508213954,0.01491165712429264
46.777528116604614,29.41885372324638,12.44905811062916,0.03315206175501667,0.040512063493223116,0.015088342898338117,0.033929977569977066,0.019487936506776937,0.014911657101661896
46.78217659373631,29.42252279391114,12.436432645610948,0.03315206175624785,0.040512063494677286,0.015088342920721823,0.033929977568745884,0.019487936505322767,0.01491165707927819
46.78682527342549,29.42619207749062,12.42381471351623,0.033152061757700246,0.04051206349613523,0.015088342942838645,0.03392997756729349,0.019487936503864822,0.014911657057161368
46.79147415566588,29.429861573979874,12.411204314946058,0.03315206175941804,0.040512063497567696,0.015088342964736587,0.0339299775655757,0.019487936502432357,0.014911657035263426
46.79612324045127,29.43353128337402,12.39860145048628,0.03315206176142255,0.04051206349894493,0.015088342986443945,0.03392997756357119,0.019487936501055125,0.014911657013556068
46.80077252777596,29.437201205668543,12.386006120523463,0.033152061763707885,0.040512063500237616,0.015088343007950145,0.03392997756128585,0.019487936499762437,0.014911656992049868
46.80542201763426,29.440871340858966,12.373418326418834,0.033152061766240304,0.04051206350139952,0.015088343026622139,0.03392997755875343,0.019487936498600533,0.014911656973377874
46.81007171002013,29.444541688940518,12.360838068357047,0.033152061768990604,0.04051206350235581,0.015088343040607105,0.03392997755600313,0.019487936497644243,0.014911656959392908
46.814721604927215,29.448212249908202,12.348265346960968,0.03315206177194463,0.04051206350305514,0.01508834304971847,0.03392997755304911,0.019487936496944913,0.014911656950281543
46.819371702349244,29.451883023757063,12.335700162855884,0.03315206177510266,0.04051206350344522,0.015088343055109157,0.03392997754989108,0.019487936496554836,0.014911656944890855
46.82402200228009,29.45555401048227,12.323142516235606,0.033152061778490394,0.040512063503474915,0.015088343060071702,0.03392997754650334,0.019487936496525138,0.014911656939928311
46.82867250471418,29.45922521007943,12.31059240838926,0.03315206178212604,0.04051206350309405,0.0150883430667028,0.033929977542867695,0.019487936496906,0.014911656933297213
46.83332320964626,29.462896622544413,12.298049839740784,0.033152061785983344,0.04051206350225056,0.015088343072716698,0.03392997753901039,0.019487936497749492,0.014911656927283315
46.8379741170708,29.46656824787283,12.28551481087653,0.033152061790061194,0.04051206350089337,0.015088343078538596,0.03392997753493254,0.019487936499106684,0.014911656921461416
46.842625226982335,29.47024008606038,12.272987322427001,0.03315206179435698,0.04051206349897357,0.015088343084430828,0.03392997753063676,0.01948793650102648,0.014911656915569185
46.84727653937551,29.47391213710281,12.260467375019491,0.03315206179886648,0.040512063496446704,0.015088343090537401,0.03392997752612725,0.01948793650355335,0.014911656909462612
46.85192805424495,29.477584400995912,12.247954969256067,0.03315206180358449,0.040512063493275574,0.015088343096921572,0.03392997752140925,0.01948793650672448,0.01491165690307844
46.85657977158539,29.481256877735518,12.235450105757518,0.03315206180850416,0.04051206348943198,0.01508834310360152,0.03392997751648957,0.01948793651056807,0.014911656896398492
46.86123169139156,29.48492956731745,12.222952785144596,0.03315206181361824,0.04051206348490105,0.015088343110588542,0.0339299775113755,0.019487936515099002,0.01491165688941147
46.86588381365824,29.48860246973761,12.210463008038056,0.03315206181891872,0.040512063479685556,0.015088343117935554,0.033929977506075015,0.019487936520314497,0.014911656882064458
46.870536138380245,29.492275584991887,12.19798077505864,0.03315206182439784,0.04051206347381053,0.01508834312580587,0.0339299775005959,0.01948793652618952,0.014911656874194143
46.875188665552436,29.495948913076226,12.185506086826784,0.033152061830049706,0.04051206346732944,0.015088343134576548,0.03392997749494403,0.019487936532670613,0.014911656865423464
46.879841395169734,29.499622453986618,12.173038943962855,0.03315206183587155,0.04051206346033237,0.015088343144992827,0.03392997748912219,0.019487936539667683,0.014911656855007185
46.88449432722723,29.503296207719185,12.160579347087696,0.03315206184186775,0.040512063452956104,0.015088343158372167,0.033929977483125984,0.01948793654704395,0.014911656841627846
46.88914746172022,29.5069701742702,12.1481272968214,0.03315206184804903,0.04051206344540109,0.015088343176514335,0.033929977476944706,0.01948793655459896,0.014911656823485678
46.89380079864429,29.510644353636167,12.135682793784344,0.0331520618544206,0.0405120634379581,0.01508834320041022,0.033929977470573136,0.019487936562041952,0.014911656799589793
46.89845433799516,29.514318745813704,12.123245838597114,0.03315206186046121,0.04051206343117003,0.015088343168081844,0.033929977464532524,0.019487936568830022,0.014911656831918169
46.903108079759214,29.517993350792143,12.110816431883578,0.03315206186672043,0.040512063425700184,0.015088343142183658,0.03392997745827331,0.01948793657429987,0.014911656857816355
46.90776202393223,29.521668168568137,12.098394574264585,0.033152061873541305,0.04051206342259511,0.015088343167472873,0.03392997745145243,0.01948793657740494,0.01491165683252714
46.91241617051665,29.52534319914352,12.085980266358902,0.03315206188040881,0.0405120634259557,0.015088343188401326,0.033929977444584924,0.01948793657404435,0.014911656811598686
46.917070519506154,29.529018442513305,12.073573508789286,0.0331520618872993,0.04051206344083269,0.01508834320302542,0.033929977437694436,0.019487936559167363,0.014911656796974593
46.92172507089616,29.53269389867382,12.06117430217841,0.03315206189412956,0.040512063466367376,0.015088343214116895,0.03392997743086418,0.019487936533632677,0.014911656785883118
46.92637982468028,29.536369567620042,12.048782647149972,0.033152061900908525,0.04051206349238018,0.015088343224164677,0.03392997742408521,0.019487936507619874,0.014911656775835336
46.931034780852904,29.540045449347502,12.036398544325346,0.03315206190765474,0.0405120635178734,0.015088343234804916,0.033929977417339,0.019487936482126655,0.014911656765195097
46.93568993940868,29.543721543852,12.024021994325556,0.033152061914380304,0.04051206354295217,0.015088343246980218,0.03392997741061343,0.019487936457047883,0.014911656753019795
46.94034530034245,29.547397851129453,12.011652997771638,0.03315206192109277,0.0405120635675838,0.015088343261158696,0.03392997740390097,0.019487936432416253,0.014911656738841317
46.9450008636491,29.551074371175826,11.999291555284593,0.03315206192779829,0.04051206355860848,0.015088343277579588,0.03392997739719544,0.019487936441391573,0.014911656722420424
46.949656629326505,29.554751103989467,11.98693766747794,0.03315206193410175,0.04051206354993736,0.015088343298791523,0.033929977390891986,0.019487936450062693,0.01491165670120849
46.95431259736999,29.55842804956668,11.974591334972589,0.033152061940038224,0.04051206354222431,0.01508834332035755,0.03392997738495551,0.019487936457775745,0.014911656679642463
46.95896876777409,29.56210520790316,11.962252558389903,0.03315206194566278,0.04051206353594272,0.015088343341337115,0.033929977379330956,0.01948793646405733,0.014911656658662897
46.96362514053321,29.56578257899447,11.949921338351427,0.03315206195103276,0.040512063531620235,0.015088343361704726,0.03392997737396097,0.01948793646837982,0.014911656638295287
46.96828171564162,29.569460162836094,11.937597675478878,0.033152061956198575,0.04051206352968456,0.01508834338143722,0.03392997736879516,0.019487936470315492,0.014911656618562794
46.972938493093594,29.573137959423505,11.925281570393755,0.033152061961202295,0.040512063530402376,0.015088343400520954,0.03392997736379144,0.019487936469597678,0.014911656599479059
46.977595472883316,29.576815968752115,11.912973023716072,0.03315206196607823,0.0405120635338741,0.015088343418956804,0.03392997735891551,0.019487936466125955,0.014911656581043209
46.982252655004984,29.580494190817333,11.900672036067874,0.033152061970854796,0.04051206354005665,0.015088343436762908,0.03392997735413894,0.0194879364599434,0.014911656563237105
46.986910039452795,29.584172625614567,11.888378608071195,0.033152061975554814,0.04051206354861969,0.015088343453983105,0.03392997734943892,0.01948793645138036,0.014911656546016908
46.99156762622097,29.587851273139265,11.876092740347996,0.03315206198019632,0.040512063559082045,0.015088343470673393,0.03392997734479741,0.019487936440918008,0.01491165652932662
46.99622541530379,29.59153013338691,11.86381443352015,0.03315206198479226,0.04051206357122872,0.015088343486889436,0.03392997734020148,0.019487936428771335,0.014911656513110577
47.00088340669557,29.595209206352997,11.851543688209459,0.03315206198935333,0.04051206358488679,0.01508834350269414,0.033929977335640404,0.01948793641511326,0.014911656497305872
47.00554160039065,29.59888849203305,11.839280505037689,0.033152061993888426,0.04051206359988918,0.015088343518154648,0.03392997733110531,0.019487936400110872,0.014911656481845365
47.010199996383385,29.602567990422635,11.827024884626592,0.033152061998404814,0.04051206361607479,0.015088343533337989,0.03392997732658892,0.019487936383925264,0.014911656466662024
47.014858594668155,29.60624770151729,11.814776827597873,0.03315206200290849,0.0405120636332878,0.015088343548307459,0.03392997732208525,0.019487936366712255,0.014911656451692554
47.01951739523939,29.609927625312615,11.802536334572805,0.033152062007404115,0.0405120636513811,0.015088343563118362,0.03392997731758962,0.01948793634861895,0.014911656436881651
47.02417639809151,29.613607761804214,11.790303406172667,0.033152062011895134,0.040512063670141374,0.015088343577814231,0.0339299773130986,0.01948793632985868,0.014911656422185782
47.028835603218965,29.617288110987708,11.77807804301914,0.033152062016383155,0.04051206368946986,0.015088343592423892,0.03392997730861058,0.019487936310530196,0.014911656407576121
47.03349501061625,29.62096867285872,11.765860245731446,0.03315206202086951,0.04051206370923638,0.015088343606931093,0.033929977304124226,0.019487936290763674,0.01491165639306892
47.03815462027784,29.624649447412914,11.753650014933195,0.03315206202535481,0.040512063729258085,0.015088343621229766,0.033929977299638925,0.019487936270741968,0.014911656378770247
47.042814432198234,29.62833043464593,11.741447351247267,0.03315206202984172,0.04051206374927491,0.015088343635391605,0.033929977295152014,0.019487936250725146,0.014911656364608408
47.04747444637195,29.632011634553443,11.729252255295835,0.03315206203433285,0.040512063769069906,0.015088343649448804,0.033929977290660884,0.019487936230930147,0.014911656350551208
47.05213466279356,29.635693047131156,11.71706472770046,0.033152062038829644,0.04051206378837491,0.015088343663398243,0.03392997728616409,0.019487936211625145,0.01491165633660177
47.05679508145762,29.639374672374785,11.704884769081911,0.03315206204333482,0.04051206380719591,0.01508834367718298,0.03392997728165892,0.019487936192804145,0.014911656322817032
47.061455702358714,29.643056510280044,11.692712380061797,0.033152062047792474,0.04051206382546846,0.015088343685672176,0.03392997727720126,0.019487936174531595,0.014911656314327837
47.066116525490635,29.646738560842035,11.680547561261726,0.033152062052176134,0.040512063842970514,0.015088343687321773,0.0339299772728176,0.01948793615702954,0.01491165631267824
47.07077755084696,29.65042082405571,11.668390313303215,0.033152062056477194,0.040512063859268754,0.015088343682459746,0.03392997726851654,0.0194879361407313,0.014911656317540267
47.075438778421365,29.654103299916073,11.656240636807642,0.033152062060689436,0.040512063868638204,0.015088343671470605,0.0339299772643043,0.01948793613136185,0.014911656328529407
47.08010020820818,29.657785988418677,11.64409853239497,0.03315206206480442,0.040512063857460034,0.015088343654774905,0.033929977260189315,0.01948793614254002,0.014911656345225108
47.08476184020313,29.66146888956018,11.631964000681732,0.03315206206878524,0.040512063843146595,0.015088343632813625,0.0339299772562085,0.019487936156853458,0.014911656367186388
47.089423674400294,29.665152003335912,11.619837042289001,0.03315206207262794,0.04051206383070832,0.015088343606036503,0.033929977252365795,0.01948793616929173,0.01491165639396351
47.0940857107933,29.66883532974085,11.607717657839189,0.03315206207634275,0.04051206382294181,0.015088343574894192,0.03392997724865099,0.01948793617705824,0.014911656425105821
47.098747949375564,29.67251886876978,11.595605847955406,0.033152062079947364,0.04051206382012579,0.015088343539832655,0.03392997724504637,0.019487936179874266,0.014911656460167358
47.10341039014053,29.676202620417545,11.583501613260335,0.0331520620834625,0.040512063821099564,0.015088343501289403,0.03392997724153124,0.01948793617890049,0.01491165649871061
47.10807303308183,29.6798865846791,11.571404954376685,0.03315206208690802,0.04051206382428474,0.015088343459690678,0.03392997723808572,0.019487936175715315,0.014911656540309334
47.112735878193334,29.68357076154961,11.559315871926707,0.03315206209030214,0.040512063823076094,0.015088343415449776,0.0339299772346916,0.01948793617692396,0.014911656584550237
47.117398925469644,29.687255151024807,11.547234366530958,0.03315206209365423,0.04051206381722161,0.015088343368964932,0.0339299772313395,0.019487936182778443,0.01491165663103508
47.12206217490545,29.690939753100523,11.535160438809978,0.03315206209759175,0.04051206380666361,0.015088343389528192,0.033929977227401986,0.01948793619333644,0.014911656610471821
47.1267256265059,29.694624567780707,11.523094089381033,0.03315206210149252,0.04051206379158184,0.01508834340966532,0.03392997722350122,0.01948793620841821,0.014911656590334693
47.13138928026596,29.69830959506138,11.511035318864744,0.033152062105347546,0.0405120637722971,0.01508834342938864,0.03392997721964619,0.01948793622770295,0.014911656570611373
47.1360531361805,29.701994834938517,11.498984127881824,0.03315206210914934,0.040512063749289506,0.015088343448635286,0.0339299772158444,0.019487936250710547,0.014911656551364727
47.14071719424439,29.70568028740805,11.486940517053185,0.0331520621128924,0.04051206372317445,0.015088343467435844,0.03392997721210134,0.0194879362768256,0.014911656532564169
47.14538145445241,29.70936595246586,11.474904486999904,0.03315206211657207,0.04051206369467214,0.015088343485826092,0.03392997720842167,0.019487936305327913,0.014911656514173921
47.150045916799286,29.713051830107787,11.462876038343317,0.03315206212018473,0.04051206366457233,0.015088343503830176,0.033929977204809,0.019487936335427725,0.014911656496169837
47.15471058127963,29.7167379203296,11.450855171704973,0.03315206212372729,0.040512063633698636,0.015088343521466457,0.03392997720126645,0.019487936366301417,0.014911656478533555
47.15937544788804,29.720424223126997,11.438841887706667,0.033152062127198734,0.04051206360305787,0.015088343538750298,0.033929977197795,0.019487936396942185,0.014911656461249714
47.164040516618954,29.724110738495604,11.426836186970501,0.03315206213059918,0.04051206357453102,0.01508834355569283,0.033929977194394556,0.019487936425469032,0.014911656444307184
47.16870578746666,29.727797466430893,11.4148380701191,0.03315206213393335,0.04051206354823972,0.015088343572305943,0.03392997719106039,0.019487936451760335,0.01491165642769407
47.173371260425434,29.731484406928338,11.40284753777511,0.03315206213720606,0.04051206352432307,0.01508834358860367,0.033929977187787674,0.01948793647567698,0.014911656411396343
47.178036935489494,29.735171559983378,11.390864590561206,0.033152062140421434,0.0405120635029243,0.01508834360463919,0.0339299771845723,0.019487936497075753,0.014911656395360823
47.182702812653105,29.738858925591472,11.378889229100242,0.03315206214358024,0.04051206348417674,0.015088343620494174,0.033929977181413495,0.019487936515823312,0.014911656379505839
47.187368891910495,29.742546503748066,11.36692145401515,0.03315206214668576,0.04051206346819852,0.015088343636217583,0.03392997717830798,0.01948793653180153,0.01491165636378243
47.192035173255924,29.7462342944486,11.354961265928925,0.03315206214915373,0.04051206345511943,0.01508834358966285,0.03392997717584001,0.019487936544880624,0.014911656410337162
47.196701656674165,29.749922297681152,11.343008665467535,0.033152062151624806,0.04051206345789565,0.015088343553154845,0.03392997717336893,0.0194879365421044,0.014911656446845167
47.201368342159675,29.753610513441316,11.331063653256855,0.03315206215414135,0.04051206346854436,0.015088343528052592,0.03392997717085239,0.019487936531455696,0.014911656471947421
47.206035229707936,29.757298941725466,11.31912622992075,0.0331520621567416,0.04051206348225961,0.015088343515525071,0.033929977168252135,0.019487936517740445,0.014911656484474942
47.21070231931506,29.760987582530532,11.307196396081931,0.03315206215945121,0.04051206349914871,0.015088343516483943,0.033929977165542524,0.019487936500851344,0.01491165648351607
47.21536961097733,29.76467643585353,11.295274152363167,0.033152062162295604,0.04051206351890857,0.01508834353124848,0.03392997716269813,0.019487936481091483,0.014911656468751533
47.2200371046911,29.76836550169155,11.283359499387199,0.03315206216517125,0.04051206354081155,0.015088343547870114,0.03392997715982249,0.019487936459188504,0.014911656452129898
47.22470480045097,29.772054780040325,11.271452437777253,0.03315206216805677,0.040512063563068745,0.015088343563749773,0.033929977156936963,0.019487936436931308,0.01491165643625024
47.22937269825133,29.775744270895416,11.259552968156319,0.03315206217095307,0.040512063585254776,0.01508834357899827,0.03392997715404067,0.019487936414745277,0.014911656421001743
47.234040798086646,29.779433974252456,11.247661091147414,0.033152062173862074,0.04051206360728571,0.015088343593949852,0.03392997715113166,0.019487936392714345,0.014911656406050161
47.23870909995141,29.783123890107085,11.235776807373682,0.03315206217678346,0.04051206362911336,0.015088343608688756,0.03392997714821028,0.019487936370886694,0.014911656391311257
47.24337760384015,29.78681401845499,11.223900117458308,0.033152062179716446,0.04051206365070792,0.015088343623134381,0.03392997714527729,0.019487936349292134,0.014911656376865631
47.248046309747394,29.79050435929183,11.212031022017335,0.03315206218266026,0.040512063672048904,0.015088343637299051,0.03392997714233348,0.01948793632795115,0.014911656362700962
47.25271521766766,29.79419491261328,11.200169521836584,0.033152062185612785,0.040512063693121436,0.015088343651113487,0.03392997713938095,0.019487936306878617,0.014911656348886526
47.25738432759546,29.797885678415014,11.18831561736706,0.03315206218857292,0.04051206371391469,0.015088343664581033,0.03392997713642082,0.01948793628608536,0.01491165633541898
47.26205363952531,29.801576656692685,11.176469309231157,0.03315206219153938,0.040512063734420456,0.01508834367770337,0.03392997713345436,0.019487936265579597,0.014911656322296643
47.266723153451714,29.80526784744196,11.164630598051193,0.033152062194510834,0.04051206375463301,0.015088343690480135,0.0339299771304829,0.019487936245367043,0.014911656309519877
47.27139286936922,29.80895925065851,11.152799484449517,0.033152062197485954,0.04051206377454292,0.015088343702908957,0.03392997712750778,0.019487936225457136,0.014911656297091055
47.27606278727231,29.812650866337997,11.140975969048466,0.033152062200463794,0.040512063794135855,0.015088343714985228,0.03392997712452994,0.019487936205864198,0.014911656285014785
47.280732907155496,29.816342694476084,11.12916005247035,0.033152062203442634,0.040512063813408994,0.015088343726701911,0.0339299771215511,0.01948793618659106,0.014911656273298102
47.285403229013326,29.82003473506844,11.117351735337495,0.033152062206421584,0.0405120638323585,0.015088343738049348,0.03392997711857215,0.01948793616764155,0.014911656261950665
47.29007375284029,29.82372698811073,11.105551018272175,0.03315206220939926,0.04051206385098072,0.015088343749015146,0.03392997711559448,0.019487936149019336,0.014911656250984867
47.29474447863091,29.827419453598615,11.093757901896598,0.0331520622123741,0.04051206386927553,0.015088343759584136,0.033929977112619636,0.019487936130724526,0.014911656240415877
47.29941540637969,29.831112131527757,11.081972387029616,0.03315206221534517,0.04051206388724271,0.015088343769738208,0.03392997710964857,0.019487936112757342,0.014911656230261805
47.304086536081144,29.834805021893814,11.070194473906394,0.03315206221831091,0.040512063904882656,0.015088343779456392,0.03392997710668283,0.019487936095117397,0.01491165622054362
47.30875786772977,29.838498124692443,11.058424163584307,0.03315206222127037,0.040512063922196306,0.015088343788714986,0.03392997710372336,0.019487936077803747,0.014911656211285026
47.31342940132008,29.842191439919297,11.046661456198517,0.033152062224221956,0.040512063939184495,0.015088343797487927,0.03392997710077178,0.01948793606081556,0.014911656202512086
47.31810113684654,29.845884967570033,11.034906352610207,0.0331520622271646,0.040512063955848554,0.0150883438057475,0.033929977097829134,0.0194879360441515,0.014911656194252512
47.32277307430367,29.849578707640276,11.023158853441709,0.033152062230097035,0.04051206397219009,0.015088343813465327,0.0339299770948967,0.01948793602780996,0.014911656186534686
47.32744521368595,29.853272660125693,11.011418959315366,0.033152062233017976,0.040512063988210945,0.015088343820614039,0.03392997709197576,0.01948793601178911,0.014911656179385974
47.33211755498785,29.856966825021903,10.99968667085491,0.033152062235925706,0.04051206400391266,0.01508834382713646,0.03392997708906803,0.01948793599608739,0.014911656172863552
47.33679009820386,29.86066120232455,10.987961988683939,0.03315206223881895,0.04051206401929741,0.015088343833000686,0.03392997708617479,0.019487935980702642,0.014911656166999326
47.34146284332843,29.864355792029258,10.976244913424265,0.033152062241696034,0.04051206403436691,0.01508834383817556,0.0339299770832977,0.01948793596563314,0.014911656161824452
47.346135790356044,29.868050594131645,10.964535445697734,0.033152062244555414,0.04051206404912333,0.015088343842628527,0.03392997708043832,0.019487935950876722,0.014911656157371486
47.35080893928114,29.871745608627336,10.952833586126244,0.03315206224739553,0.04051206406356883,0.01508834384632593,0.033929977077598206,0.019487935936431222,0.014911656153674083
47.35548229009817,29.87544083551195,10.9411393353317,0.03315206225021433,0.04051206407770552,0.015088343849233424,0.033929977074779405,0.01948793592229453,0.014911656150766589
47.360155842801596,29.87913627478109,10.929452693936074,0.03315206225301037,0.040512064091535516,0.015088343851316785,0.033929977071983364,0.019487935908464538,0.014911656148683228
47.36482959738585,29.882831926430356,10.917773662561363,0.033152062255781434,0.04051206410506081,0.01508834385254254,0.0339299770692123,0.019487935894939246,0.014911656147457472
47.369503553845355,29.88652779045536,10.90610224182959,0.033152062258525294,0.040512064118283286,0.015088343852879368,0.03392997706646844,0.019487935881716767,0.014911656147120644
47.37417771217456,29.8902238668517,10.894438432362747,0.033152062261239956,0.04051206413120462,0.015088343852299346,0.03392997706375378,0.019487935868795436,0.014911656147700666
47.37885207236788,29.893920155614957,10.882782234783372,0.03315206226392248,0.04051206414382619,0.015088343850779881,0.03392997706107126,0.019487935856173866,0.014911656149220132
47.383526634419724,29.89761665674073,10.871133649719992,0.03315206226657036,0.04051206415614922,0.015088343848306499,0.03392997705842338,0.019487935843850834,0.014911656151693514
47.388201398324526,29.901313370224603,10.85949267779494,0.033152062269179994,0.04051206416817488,0.015088343844875757,0.03392997705581374,0.019487935831825176,0.014911656155124256
47.3928763640767,29.90501029606217,10.847859319630581,0.033152062271748106,0.040512064179903606,0.015088343840499549,0.03392997705324563,0.019487935820096447,0.014911656159500464
47.397551531670665,29.908707434249017,10.836233575849288,0.03315206227427042,0.04051206419133496,0.01508834383521046,0.033929977050723314,0.01948793580866509,0.014911656164789552
47.40222690110083,29.912404784780726,10.824615447073453,0.03315206227674239,0.04051206420246778,0.015088343829068526,0.03392997704825135,0.019487935797532274,0.014911656170931487
47.406902472361644,29.9161023476529,10.813004933925626,0.03315206227915696,0.04051206421330139,0.015088343821816674,0.03392997704583678,0.019487935786698662,0.014911656178183338
47.41157824544749,29.919800122861115,10.801402037028422,0.0331520622815053,0.04051206422383785,0.015088343812815597,0.033929977043488435,0.019487935776162202,0.014911656187184416
47.41625422035267,29.92349811040085,10.789806757004326,0.033152062283783035,0.04051206423407894,0.015088343801946208,0.0339299770412107,0.019487935765921116,0.014911656198053805
47.420930397071444,29.92719631026759,10.778219094475823,0.03315206228600104,0.040512064244028034,0.01508834379047172,0.0339299770389927,0.01948793575597202,0.014911656209528293
47.425606775597906,29.93089472245665,10.766639050065871,0.03315206228816575,0.040512064253672875,0.015088343779263005,0.033929977036827985,0.01948793574632718,0.014911656220737007
47.430283355926356,29.934593346963524,10.755066624397248,0.03315206229027884,0.040512064263012126,0.015088343768010964,0.0339299770347149,0.019487935736987927,0.014911656231989048
47.434960138051366,29.938292183783922,10.743501818092385,0.033152062292351625,0.040512064272058,0.0150883437570669,0.03392997703264211,0.019487935727942052,0.014911656242933113
47.439637121967536,29.941991232913583,10.731944631773722,0.03315206229439821,0.04051206428082105,0.015088343747174021,0.033929977030595526,0.019487935719179006,0.014911656252825992
47.444314307669615,29.945690494348327,10.720395066063682,0.033152062296430196,0.040512064289309535,0.015088343738967211,0.03392997702856354,0.019487935710690518,0.014911656261032802
47.44899169515239,29.949389968084056,10.708853121584676,0.03315206229845591,0.04051206429752979,0.01508834373292256,0.03392997702653783,0.01948793570247026,0.014911656267077453
47.453669284410765,29.953089654116717,10.697318798959106,0.0331520623004567,0.04051206430549248,0.015088343726318676,0.03392997702453704,0.019487935694507574,0.014911656273681337
47.45834707543921,29.95678955244195,10.685792098809488,0.03315206230239681,0.04051206431320775,0.015088343715034633,0.033929977022596924,0.0194879356867923,0.01491165628496538
47.46302506823159,29.960489663054894,10.674273021758534,0.03315206230425061,0.04051206432068016,0.015088343696913267,0.03392997702074313,0.01948793567931989,0.014911656303086746
47.46770326278137,29.964189985950426,10.662761568429039,0.03315206230600548,0.040512064327898945,0.01508834367267764,0.033929977018988255,0.01948793567210111,0.014911656327322373
47.47238165908223,29.967890521123522,10.651257739443775,0.033152062307674535,0.0405120643348314,0.015088343647526314,0.0339299770173192,0.019487935665168654,0.014911656352473698
47.477060257128514,29.971591268569718,10.639761535425322,0.03315206230961304,0.04051206434148763,0.015088343655721911,0.0339299770153807,0.019487935658512423,0.014911656344278101
47.481739056919885,29.97529222828871,10.628272956994863,0.033152062311581854,0.040512064347871024,0.015088343670489598,0.03392997701341188,0.01948793565212903,0.014911656329510414
47.48641805845191,29.978993400276952,10.616792004774695,0.033152062313396014,0.040512064353976085,0.01508834367365329,0.03392997701159772,0.01948793564602397,0.014911656326346723
47.49109726171736,29.98269478452876,10.605318679387864,0.03315206231515949,0.04051206435980692,0.015088343676493948,0.033929977009834245,0.019487935640193133,0.014911656323506065
47.495776666710725,29.986396381039786,10.593852981456966,0.033152062316906095,0.040512064365369416,0.015088343682175001,0.03392997700808764,0.019487935634630638,0.014911656317825012
47.500456273427005,29.990098189806062,10.582394911604476,0.03315206231864737,0.040512064370669953,0.015088343691307446,0.03392997700634637,0.0194879356293301,0.014911656308692567
47.50513608186141,29.99380021082379,10.570944470452712,0.03315206232038781,0.04051206437571969,0.01508834370366112,0.03392997700460593,0.01948793562428036,0.014911656296338893
47.50981609200916,29.997502444089186,10.559501658623928,0.03315206231933804,0.04051206438038912,0.015088343454207592,0.0339299770056557,0.01948793561961093,0.01491165654579242
47.51449630382484,30.001204889566772,10.548066476751085,0.0331520623192198,0.040512064384764845,0.01508834332872952,0.03392997700577394,0.019487935615235208,0.014911656671270493
47.519176717321955,30.004907547267024,10.536638925451753,0.03315206231989498,0.040512064388916136,0.015088343296231932,0.033929977005098755,0.019487935611083917,0.01491165670376808
47.523857332509294,30.008610417196724,10.525219005344855,0.033152062320531084,0.040512064392850156,0.015088343265198673,0.03392997700446265,0.019487935607149898,0.01491165673480134
47.5285381493816,30.012313499351734,10.513806717052965,0.03315206232112944,0.04051206439657051,0.015088343235548515,0.0339299770038643,0.01948793560342954,0.014911656764451497
47.533219167933666,30.0160167937279,10.502402061198682,0.03315206232168921,0.040512064400079595,0.015088343207146401,0.03392997700330452,0.01948793559992046,0.014911656792853611
47.53790038816021,30.019720300321065,10.491005038404621,0.033152062322208575,0.04051206440337868,0.015088343179827685,0.03392997700278516,0.019487935596621375,0.014911656820172328
47.542581810055964,30.023424019127045,10.479615649293411,0.033152062322684694,0.04051206440646865,0.015088343153413106,0.03392997700230904,0.019487935593531402,0.014911656846586907
47.5472634336156,30.027127950141633,10.46823389448771,0.03315206232311457,0.04051206440934996,0.015088343127718493,0.033929977001879164,0.019487935590650096,0.01491165687228152
47.55194525883377,30.0308320933606,10.45685977461019,0.033152062323495046,0.040512064412145,0.015088343102561505,0.03392997700149869,0.019487935587855054,0.014911656897438508
47.5566272857051,30.03453644877968,10.445493290283562,0.033152062323839215,0.04051206441488309,0.015088343077382951,0.03392997700115452,0.019487935585116967,0.014911656922617061
47.56130951422412,30.03824101639456,10.434134442130578,0.033152062324161846,0.040512064417579985,0.015088343052116385,0.03392997700083189,0.01948793558242007,0.014911656947883628
47.565991944385374,30.041945796200913,10.42278323077401,0.03315206232447587,0.04051206442024996,0.01508834302669218,0.033929977000517864,0.019487935579750093,0.014911656973307832
47.570674576183364,30.045650788194393,10.411439656836658,0.0331520623247929,0.04051206442290545,0.01508834300104199,0.03392997700020084,0.019487935577094606,0.014911656998958023
47.57535740961261,30.04935599237065,10.400103720941324,0.03315206232512363,0.04051206442555849,0.015088342975106708,0.033929976999870104,0.01948793557444156,0.014911657024893304
47.58004044466756,30.053061408725327,10.388775423710854,0.03315206232547818,0.040512064428220196,0.015088342948837763,0.033929976999515554,0.019487935571779857,0.01491165705116225
47.584723681342744,30.056767037254062,10.377454765768094,0.03315206232588358,0.04051206443091854,0.015088342922283962,0.033929976999110156,0.019487935569081516,0.01491165707771605
47.589407119632625,30.060472877952492,10.366141747735943,0.033152062326336995,0.04051206443363903,0.015088342896599452,0.03392997699865674,0.019487935566361025,0.01491165710340056
47.594090759531866,30.064178930816375,10.354836370237269,0.033152062326808396,0.0405120644363407,0.01508834287254332,0.03392997699818534,0.019487935563659353,0.014911657127456693
47.598774601035224,30.067885195841573,10.34353863389491,0.03315206232781076,0.04051206443895339,0.01508834290758125,0.033929976997182976,0.019487935561046665,0.014911657092418762
47.60345864414616,30.07159167303073,10.332248539329095,0.03315206232880241,0.040512064441478424,0.015088342941977376,0.033929976996191324,0.01948793555852163,0.014911657058022637
47.60814288885914,30.075298362379456,10.320966087162274,0.03315206232978296,0.04051206444391653,0.015088342975754718,0.033929976995210775,0.019487935556083524,0.014911657024245295
47.61282733516859,30.079005263883342,10.309691278017368,0.03315206233075291,0.040512064446272145,0.015088343008931207,0.03392997699424083,0.01948793555372791,0.014911656991068806
47.61751198306894,30.082712377537995,10.2984241125173,0.03315206233171186,0.04051206444854655,0.015088343041522359,0.033929976993281874,0.019487935551453506,0.014911656958477654
47.622196832554636,30.08641970333901,10.287164591285007,0.03315206233265999,0.040512064450740015,0.01508834307354226,0.033929976992333744,0.019487935549260038,0.014911656926457753
47.62688188362013,30.090127241281998,10.27591271494342,0.0331520623335973,0.04051206445285288,0.01508834310500387,0.03392997699139644,0.019487935547147173,0.014911656894996142
47.63156713625986,30.093834991362556,10.264668484115491,0.03315206233452356,0.04051206445488531,0.015088343135919002,0.03392997699047018,0.019487935545114743,0.01491165686408101
47.63625259046825,30.097542953576287,10.253431899424173,0.033152062335438826,0.040512064456838026,0.015088343166298798,0.03392997698955491,0.019487935543162027,0.014911656833701215
47.64093824623977,30.10125112791881,10.242202961492415,0.03315206233634316,0.040512064458711416,0.015088343196154971,0.03392997698865058,0.019487935541288637,0.014911656803845041
47.64562410356888,30.104959514385722,10.230981670943192,0.03315206233723639,0.040512064460506036,0.015088343225499026,0.03392997698775735,0.019487935539494017,0.014911656774500986
47.65031016245,30.108668112972623,10.21976802839947,0.03315206233811846,0.040512064462222275,0.015088343254342093,0.033929976986875277,0.01948793553777778,0.01491165674565792
47.65499642287759,30.11237692367515,10.208562034484235,0.03315206233898926,0.040512064463861075,0.015088343282695094,0.03392997698600447,0.01948793553613898,0.01491165671730492
47.659682884846106,30.116085946488887,10.197363689820463,0.03315206233984874,0.04051206446542249,0.015088343310569047,0.033929976985144994,0.01948793553457756,0.014911656689430966
47.66436954835001,30.119795181409458,10.186172995031166,0.03315206234069684,0.04051206446690753,0.0150883433379745,0.033929976984296895,0.019487935533092526,0.014911656662025513
47.669056413383736,30.123504628432475,10.174989950739327,0.03315206234153312,0.040512064468316566,0.015088343364921222,0.03392997698346062,0.019487935531683487,0.01491165663507879
47.67374347994178,30.127214287553553,10.16381455756797,0.033152062342357624,0.04051206446965011,0.01508834339141879,0.03392997698263611,0.019487935530349942,0.014911656608581222
47.67843074801854,30.1309241587683,10.152646816140104,0.03315206234317003,0.04051206447090866,0.015088343417476544,0.033929976981823706,0.019487935529091394,0.01491165658252347
47.683118217608516,30.134634242072323,10.141486727078753,0.03315206234397017,0.040512064472092935,0.015088343443103586,0.03392997698102357,0.01948793552790712,0.014911656556896427
47.687805888706166,30.138344537461265,10.130334291006957,0.03315206234475793,0.04051206447320349,0.015088343468308854,0.03392997698023581,0.019487935526796563,0.014911656531691159
47.692493761305954,30.14205504493072,10.119189508547894,0.03315206234553297,0.040512064474242604,0.015088343493101078,0.03392997697946076,0.01948793552575745,0.014911656506898935
47.69718183540232,30.145765764476312,10.108052380324805,0.03315206234629536,0.04051206447521227,0.015088343517488834,0.03392997697869837,0.01948793552478778,0.01491165648251118
47.701870110989724,30.149476696093657,10.096922906960756,0.033152062347044375,0.0405120644761216,0.015088343541480406,0.03392997697794936,0.019487935523878452,0.014911656458519607
47.706558588062656,30.153187839778372,10.085801089078831,0.033152062347779454,0.04051206447696848,0.015088343565084109,0.03392997697721428,0.019487935523031574,0.014911656434915904
47.71124726661556,30.15689919552608,10.074686927302105,0.03315206234849949,0.04051206447775102,0.015088343588309724,0.03392997697649425,0.019487935522249034,0.014911656411690288
47.71593614664291,30.1606107633324,10.063580422253676,0.03315206234871054,0.04051206447865591,0.015088343544067476,0.033929976976283194,0.019487935521344146,0.014911656455932537
47.72062522812902,30.16432254318503,10.052481574559005,0.033152062349017686,0.04051206447966821,0.015088343500795548,0.03392997697597605,0.019487935520331845,0.014911656499204465
47.725314511068575,30.168034535079748,10.041390384841158,0.033152062349410316,0.04051206448077438,0.015088343458453474,0.03392997697558342,0.019487935519225674,0.014911656541546539
47.73000399545617,30.171746739012303,10.030306853723186,0.03315206234987855,0.040512064481961374,0.015088343417045555,0.033929976975115184,0.01948793551803868,0.014911656582954458
47.73469368128648,30.17545915497845,10.01923098182816,0.03315206235041279,0.040512064483217314,0.015088343376533447,0.033929976974580944,0.01948793551678274,0.014911656623466565
47.73938356855414,30.17917178297395,10.00816276977915,0.033152062351004374,0.04051206448453076,0.015088343336880819,0.03392997697398936,0.01948793551546929,0.014911656663119194
47.74407365725378,30.182884622994557,9.99710221819922,0.03315206235164492,0.040512064485891675,0.01508834329805292,0.03392997697334882,0.01948793551410838,0.014911656701947093
47.748763947380034,30.186597675036012,9.986049327711449,0.03315206235232698,0.04051206448729028,0.015088343260016776,0.03392997697266675,0.019487935512709775,0.014911656739983237
47.75345443892754,30.19031093909406,9.975004098938909,0.033152062353045186,0.04051206448872008,0.015088343222716086,0.03392997697194855,0.019487935511279975,0.014911656777283927
47.7581451318909,30.194024415164456,9.963966532504466,0.03315206235380208,0.04051206449018302,0.01508834318602853,0.033929976971191655,0.019487935509817034,0.014911656813971483
47.762836026264736,30.197738103242916,9.95293662903063,0.03315206235459944,0.04051206449168043,0.015088343149937719,0.03392997697039429,0.01948793550831962,0.014911656850062294
47.76752712204365,30.201452003325173,9.941914389140738,0.033152062355438605,0.040512064493212596,0.015088343114427999,0.03392997696955513,0.019487935506787457,0.014911656885572014
47.772218419222256,30.20516611540696,9.930899813458067,0.03315206235632029,0.040512064494779454,0.015088343079484548,0.03392997696867345,0.0194879355052206,0.014911656920515465
47.776909917795116,30.208880439483977,9.919892902605847,0.03315206235724466,0.04051206449638045,0.015088343045093003,0.033929976967749076,0.019487935503619602,0.01491165695490701
47.78160161775687,30.212594975551962,9.908893657207297,0.03315206235821139,0.04051206449801459,0.015088343011239652,0.03392997696678235,0.019487935501985465,0.01491165698876036
47.78629351910208,30.21630972360663,9.897902077885648,0.03315206235921986,0.04051206449968037,0.015088342977911215,0.03392997696577388,0.019487935500319686,0.014911657022088798
47.79098562182537,30.2200246836437,9.886918165264099,0.03315206236026963,0.040512064501376566,0.01508834294509473,0.03392997696472411,0.019487935498623488,0.014911657054905283
47.79567792592128,30.223739855658884,9.875941919965856,0.03315206236135937,0.040512064503101075,0.015088342912777719,0.03392997696363437,0.019487935496898978,0.014911657087222294
47.80037043138444,30.227455239647888,9.864973342614139,0.033152062362487966,0.04051206450485223,0.015088342880947889,0.03392997696250577,0.019487935495147823,0.014911657119052124
47.80506313820942,30.231170835606434,9.854012433832168,0.03315206236365431,0.0405120645066282,0.015088342849593303,0.033929976961339425,0.019487935493371855,0.01491165715040671
47.80975604639079,30.23488664353023,9.843059194243162,0.03315206236485729,0.040512064508426704,0.015088342818702277,0.03392997696013644,0.01948793549157335,0.014911657181297736
47.81444915592314,30.23860266341498,9.832113624470356,0.03315206236609519,0.04051206451024608,0.015088342788263293,0.033929976958898544,0.01948793548975397,0.01491165721173672
47.81914246680107,30.24231889525639,9.82117572513698,0.03315206236736712,0.04051206451208439,0.015088342758265039,0.03392997695762662,0.019487935487915664,0.014911657241734974
47.82383597901914,30.246035339050174,9.8102454968663,0.033152062368671686,0.04051206451393946,0.015088342728696524,0.03392997695632205,0.019487935486060592,0.014911657271303488
47.82852969257191,30.249751994792028,9.799322940281543,0.03315206237000745,0.040512064515809965,0.015088342699546814,0.033929976954986285,0.01948793548419009,0.014911657300453199
47.83322360745398,30.253468862477657,9.788408056005997,0.033152062371373525,0.040512064517693736,0.015088342670805166,0.03392997695362021,0.019487935482306318,0.014911657329194847
47.83791772365991,30.257185942102765,9.777500844662919,0.033152062372768853,0.040512064519589275,0.015088342642461103,0.03392997695222488,0.01948793548041078,0.01491165735753891
47.84261204118426,30.260903233663043,9.766601306875595,0.033152062374192215,0.040512064521495195,0.015088342614504341,0.03392997695080152,0.01948793547850486,0.014911657385495672
47.847306560021636,30.2646207371542,9.755709443267323,0.03315206237564289,0.040512064523409774,0.015088342586924791,0.03392997694935085,0.01948793547659028,0.014911657413075222
47.85200128016656,30.268338452571925,9.744825254461395,0.033152062377120095,0.04051206452533207,0.015088342559712475,0.03392997694787364,0.019487935474667983,0.014911657440287537
47.85669620161364,30.272056379911927,9.733948741081123,0.03315206237862328,0.04051206452726103,0.01508834253285779,0.033929976946370455,0.019487935472739026,0.014911657467142223
47.86139132435741,30.275774519169893,9.723079903749836,0.03315206238015184,0.04051206452919531,0.015088342506351257,0.0339299769448419,0.01948793547080474,0.014911657493648756
47.86608664839243,30.279492870341507,9.712218743090858,0.033152062381705316,0.04051206453113432,0.015088342480183758,0.03392997694328842,0.019487935468865736,0.014911657519816254
47.870782173713295,30.283211433422476,9.701365259727535,0.033152062383283554,0.04051206453307743,0.015088342454346329,0.03392997694171018,0.019487935466922623,0.014911657545653684
47.875477900314536,30.286930208408485,9.6905194542832,0.033152062384886605,0.040512064535024095,0.015088342428830434,0.03392997694010713,0.01948793546497596,0.014911657571169579
47.880173828190735,30.29064919529523,9.67968132738124,0.03315206238651458,0.04051206453697398,0.015088342403627678,0.033929976938479156,0.019487935463026074,0.014911657596372335
47.88486995733643,30.294368394078397,9.668850879642594,0.033152062388167536,0.04051206453892703,0.015088342378730066,0.0339299769368262,0.019487935461073025,0.014911657621269947
47.88956628774618,30.29808780475367,9.658028111712092,0.03315206238984619,0.04051206454088352,0.015088342354129994,0.03392997693514754,0.019487935459116534,0.014911657645870019
47.89426281941455,30.301807427316746,9.647213024211577,0.03315206239155094,0.04051206454284345,0.015088342329820148,0.033929976933442796,0.019487935457156602,0.014911657670179865
47.89895955233609,30.305527261763302,9.636405617762987,0.03315206239328289,0.04051206454480738,0.015088342305793576,0.03392997693171085,0.019487935455192673,0.014911657694206437
47.90365648650534,30.30924730808902,9.625605892988332,0.03315206239560958,0.04051206454656914,0.015088342358220874,0.033929976929384154,0.019487935453430916,0.014911657641779139
47.9083536219284,30.312967566298592,9.614813850507318,0.03315206239783619,0.04051206454813305,0.015088342409715794,0.033929976927157546,0.019487935451867,0.014911657590284219
47.91305095859963,30.316688036387575,9.604029490942164,0.03315206239996499,0.04051206454950318,0.015088342460297402,0.03392997692502875,0.019487935450496874,0.01491165753970261
47.91774849651344,30.32040871835153,9.593252814915163,0.033152062401998694,0.04051206455068329,0.015088342509984337,0.03392997692299504,0.019487935449316762,0.014911657490015676
47.9224462356642,30.324129612186,9.582483823048708,0.033152062403939586,0.04051206455167722,0.015088342558794834,0.03392997692105415,0.019487935448322835,0.014911657441205178
47.92714417604631,30.327850717886555,9.571722515965249,0.03315206240579022,0.040512064552488514,0.015088342606746838,0.03392997691920352,0.01948793544751154,0.014911657393253175
47.93184231765417,30.33157203544876,9.560968894287345,0.03315206240755303,0.040512064553120675,0.015088342653857958,0.03392997691744071,0.01948793544687938,0.014911657346142054
47.93654066048218,30.335293564868174,9.550222958637606,0.033152062409230354,0.040512064553577254,0.015088342700145349,0.03392997691576338,0.0194879354464228,0.014911657299854664
47.941239204524734,30.339015306140368,9.539484709638728,0.03315206241082452,0.040512064553861804,0.015088342745625927,0.03392997691416921,0.01948793544613825,0.014911657254374086
47.94593794977622,30.3427372592609,9.528754147913485,0.03315206241233781,0.0405120645539776,0.015088342790316275,0.033929976912655924,0.019487935446022453,0.014911657209683737
47.950636896231075,30.346459424225344,9.518031274084704,0.03315206241377283,0.04051206455392775,0.01508834283423259,0.033929976911220905,0.019487935446072302,0.014911657165767422
47.955336043883676,30.350181801029283,9.507316088775296,0.03315206241513163,0.04051206455371581,0.015088342877390831,0.0339299769098621,0.019487935446284244,0.014911657122609182
47.96003539272844,30.35390438966827,9.49660859260823,0.033152062416416495,0.04051206455334466,0.015088342919806513,0.03392997690857724,0.01948793544665539,0.0149116570801935
47.96473494275977,30.357627190137876,9.485908786206531,0.03315206241762986,0.04051206455281764,0.015088342961495013,0.03392997690736388,0.019487935447182414,0.014911657038505
47.96943469397209,30.361350202433687,9.475216670193294,0.033152062418773776,0.04051206455213768,0.01508834300247125,0.03392997690621996,0.01948793544786237,0.014911656997528763
47.9741346463598,30.365073426551277,9.464532245191648,0.033152062419850525,0.04051206455130779,0.015088343042749974,0.03392997690514321,0.019487935448692262,0.014911656957250038
47.978834799917315,30.36879686248622,9.453855511824802,0.033152062420862105,0.04051206455033074,0.015088343082345537,0.03392997690413163,0.019487935449669314,0.014911656917654476
47.98353515463906,30.372520510234086,9.443186470716034,0.03315206242181118,0.04051206454920975,0.015088343121272108,0.03392997690318256,0.019487935450790306,0.014911656878727905
47.98823571051944,30.37624436979047,9.432525122489556,0.03315206242269941,0.04051206454794737,0.01508834315954348,0.03392997690229432,0.019487935452052685,0.014911656840456533
47.99293646755288,30.379968441150943,9.421871467768481,0.03315206242352925,0.04051206454654627,0.015088343197173296,0.03392997690146449,0.019487935453453786,0.014911656802826717
47.997637425733814,30.383692724311086,9.411225507175926,0.033152062424302575,0.04051206454500933,0.01508834323417478,0.03392997690069116,0.019487935454990724,0.014911656765825232
48.00233858505664,30.38741721926649,9.400587241335275,0.03315206242502167,0.040512064543339055,0.01508834327056105,0.03392997689997207,0.019487935456661,0.014911656729438963
48.00703994551581,30.391141926012722,9.389956670869932,0.03315206242568869,0.04051206454153833,0.015088343306344898,0.03392997689930505,0.019487935458461725,0.014911656693655115
48.011741507105725,30.394866844545376,9.379333796403364,0.03315206242630547,0.040512064539609205,0.015088343341538857,0.03392997689868826,0.01948793546039085,0.014911656658461156
48.01644326982082,30.398591974860043,9.36871861855907,0.033152062426874296,0.04051206453755446,0.015088343376155208,0.03392997689811944,0.019487935462445594,0.014911656623844805
48.021145233655524,30.402317316952306,9.35811113796059,0.03315206242739721,0.040512064535376424,0.015088343410206026,0.033929976897596525,0.01948793546462363,0.014911656589793987
48.02584739860427,30.406042870817757,9.347511355231502,0.033152062427876106,0.04051206453307754,0.015088343443703162,0.03392997689711763,0.019487935466922512,0.014911656556296851
48.0305497646615,30.40976863645198,9.336919270995407,0.03315206242831309,0.04051206453066003,0.015088343476658148,0.03392997689668065,0.019487935469340023,0.014911656523341865
48.03525233182162,30.41349461385056,9.326334885875943,0.033152062428710216,0.04051206452812628,0.01508834350908242,0.03392997689628352,0.019487935471873774,0.014911656490917594
48.039955100079084,30.417220803009094,9.315758200496795,0.03315206242906943,0.04051206452547834,0.015088343540987065,0.03392997689592431,0.01948793547452171,0.014911656459012948
48.044658069428316,30.420947203923184,9.305189215481654,0.033152062429392615,0.040512064522718605,0.015088343572383048,0.03392997689560112,0.01948793547728145,0.014911656427616965
48.04936123986376,30.424673816588406,9.29462793145301,0.033152062429681994,0.04051206451984879,0.01508834360328093,0.03392997689531174,0.019487935480151264,0.014911656396719083
48.05406461137984,30.42840064100036,9.284074349034594,0.033152062429939344,0.04051206451687139,0.01508834363369109,0.03392997689505439,0.01948793548312866,0.014911656366308923
48.05876818397101,30.43212767715464,9.27352846885021,0.03315206243016666,0.04051206451378808,0.01508834366362384,0.033929976894827074,0.01948793548621197,0.014911656336376172
48.06347195763172,30.43585492504684,9.262990291523677,0.03315206243036567,0.040512064510601076,0.01508834369308927,0.03392997689462807,0.019487935489398978,0.014911656306910742
48.06817593235638,30.439582384672562,9.252459817678833,0.03315206243053859,0.040512064507312096,0.0150883437220979,0.03392997689445515,0.019487935492687958,0.014911656277902113
48.07288010813947,30.443310056027403,9.241937047939556,0.033152062430687135,0.04051206450392297,0.01508834375065872,0.0339299768943066,0.01948793549607708,0.014911656249341293
48.0775844849754,30.447037939106956,9.231421982929724,0.033152062430813145,0.04051206450043565,0.015088343778779795,0.03392997689418059,0.0194879354995644,0.014911656221220218
48.082289062858614,30.45076603390681,9.220914623273242,0.03315206243047214,0.04051206449728484,0.015088343720795802,0.033929976894521596,0.019487935502715215,0.01491165627920421
48.08699384177073,30.45449434041253,9.210414969596432,0.03315206243041835,0.04051206449444217,0.015088343663906073,0.03392997689457539,0.019487935505557885,0.01491165633609394
48.09169882170633,30.458222858619845,9.199923022523235,0.033152062430622076,0.04051206449187339,0.015088343608101282,0.03392997689437166,0.019487935508126664,0.014911656391898731
48.09640400266006,30.461951588524478,9.189438782677618,0.033152062431071605,0.040512064489562405,0.015088343553380401,0.03392997689392213,0.01948793551043765,0.014911656446619612
48.10110938462653,30.465680530122178,9.178962250683549,0.033152062431755114,0.04051206448749406,0.015088343499732315,0.03392997689323862,0.019487935512505994,0.014911656500267698
48.10581496760041,30.4694096834087,9.168493427164996,0.03315206243266117,0.040512064485653754,0.015088343447144117,0.03392997689233257,0.0194879355143463,0.014911656552855895
48.11052075157628,30.473139048379768,9.158032312764027,0.03315206243377894,0.04051206448402711,0.01508834339560293,0.0339299768912148,0.019487935515972943,0.014911656604397083
48.115226736548806,30.476868625031134,9.147578908105242,0.033152062435097274,0.04051206448260003,0.015088343345095775,0.03392997688989646,0.019487935517400023,0.014911656654904237
48.11993292251262,30.480598413358546,9.137133213803173,0.0331520624366064,0.040512064481359245,0.015088343295609707,0.033929976888387336,0.01948793551864081,0.014911656704390305
48.12463930946233,30.484328413357737,9.12669523047355,0.03315206243829599,0.04051206448029149,0.015088343247131722,0.033929976886697744,0.019487935519708566,0.01491165675286829
48.12934589739258,30.488058625024458,9.11626495873426,0.03315206244015673,0.0405120644793841,0.01508834319964883,0.03392997688483701,0.01948793552061595,0.014911656800351183
48.134052686298,30.49178904835444,9.105842399205844,0.03315206244217933,0.040512064478624876,0.01508834315314804,0.033929976882814405,0.019487935521375177,0.014911656846851973
48.13875967617321,30.49551968334343,9.095427552448808,0.033152062444354924,0.040512064478001764,0.015088343107616434,0.03392997688063881,0.01948793552199829,0.014911656892383579
48.14346686701286,30.499250529987172,9.085020419155457,0.03315206244667407,0.040512064477502385,0.015088343063050041,0.03392997687831967,0.019487935522497668,0.014911656936949971
48.148174258811544,30.502981588281393,9.074620999949824,0.03315206244912727,0.04051206447711375,0.015088343019445893,0.03392997687586646,0.0194879355228863,0.01491165698055412
48.15288185156391,30.506712858221846,9.064229295456013,0.03315206245170488,0.04051206447682315,0.015088342976790223,0.03392997687328886,0.019487935523176902,0.01491165702320979
48.15758964526459,30.510444339804266,9.053845306368668,0.0331520624543975,0.04051206447661848,0.015088342935069332,0.033929976870596235,0.019487935523381572,0.01491165706493068
48.16229763990819,30.51417603302439,9.043469033175969,0.03315206245719671,0.04051206447648775,0.015088342894269621,0.03392997686779703,0.0194879355235123,0.014911657105730391
48.16700583548936,30.517907937877965,9.033100476566663,0.033152062460094056,0.04051206447641986,0.01508834285437749,0.03392997686489968,0.01948793552358019,0.014911657145622523
48.17171423200272,30.521640054360716,9.02273963716477,0.03315206246308139,0.040512064476403764,0.015088342815381503,0.03392997686191235,0.01948793552359629,0.01491165718461851
48.17642282944287,30.525372382468383,9.012386515594283,0.03315206246611896,0.04051206447643052,0.01508834277388904,0.03392997685887478,0.019487935523569533,0.014911657226110972
48.18113162780395,30.52910492219631,9.002041112479322,0.033152062469174015,0.04051206447649236,0.015088342727465745,0.03392997685581972,0.019487935523507693,0.014911657272534268
48.18584062707967,30.532837673539525,8.991703428444064,0.03315206247223795,0.04051206447658162,0.015088342676254293,0.03392997685275578,0.01948793552341843,0.01491165732374572
48.19054982726381,30.5365706364931,8.981373464112702,0.03315206247530267,0.0405120644766907,0.015088342620392159,0.03392997684969107,0.019487935523309352,0.014911657379607854
48.19525922835013,30.54030381105211,8.971051220111216,0.0331520624783595,0.040512064476812326,0.015088342560011833,0.033929976846634236,0.019487935523187727,0.01491165743998818
48.19996883033144,30.54403719721084,8.960736697064652,0.03315206248144004,0.0405120644769259,0.015088342495259532,0.0339299768435537,0.01948793552307415,0.01491165750474048
48.2046786332014,30.547770794964304,8.950429895598333,0.03315206248454644,0.04051206447702321,0.015088342426730114,0.033929976840447296,0.01948793552297684,0.014911657573269899
48.20938863695393,30.551504604307667,8.94013081633747,0.033152062487673606,0.04051206447709743,0.015088342354651674,0.03392997683732013,0.019487935522902622,0.014911657645348339
48.21409884158294,30.55523862523613,8.929839459906907,0.03315206249081548,0.04051206447714217,0.01508834227911618,0.033929976834178255,0.01948793552285788,0.014911657720883834
48.218809247082405,30.55897285774489,8.919555826931552,0.03315206249396607,0.04051206447715111,0.015088342200211088,0.033929976831027664,0.019487935522848943,0.014911657799788924
48.22351985344626,30.562707301829175,8.90927991803624,0.033152062497119605,0.04051206447711786,0.015088342118019432,0.03392997682787413,0.019487935522882194,0.01491165788198058
48.22823066066851,30.566441957484212,8.899011733845748,0.03315206250027042,0.04051206447703648,0.015088342032620133,0.03392997682472332,0.019487935522963573,0.01491165796737988
48.23294166874312,30.570176824705257,8.888751274984767,0.03315206250341324,0.04051206447690098,0.015088341944087993,0.0339299768215805,0.019487935523099076,0.01491165805591202
48.237652877664125,30.573911903487527,8.878498542077907,0.033152062506542734,0.04051206447670541,0.015088341852493983,0.033929976818451,0.01948793552329464,0.01491165814750603
48.24236428742552,30.577647193826316,8.868253535749666,0.03315206250965369,0.0405120644764444,0.01508834175790534,0.033929976815340046,0.019487935523555655,0.014911658242094672
48.24707589802131,30.58138269571687,8.858016256624436,0.03315206251274144,0.04051206447611194,0.015088341660385654,0.033929976812252294,0.01948793552388811,0.014911658339614359
48.25178770944554,30.585118409154454,8.847786705326483,0.03315206251580094,0.04051206447570305,0.015088341559995055,0.0339299768091928,0.019487935524297006,0.014911658440004957
48.25649972169226,30.588854334134375,8.837564882479963,0.033152062518827685,0.040512064475212106,0.015088341456790319,0.03392997680616605,0.019487935524787947,0.014911658543209694
48.26121193565905,30.592590471364772,8.827350788027193,0.033152062506550506,0.040512064498416434,0.015088341313224993,0.03392997681844323,0.01948793550158362,0.01491165868677502
48.26592435043278,30.596326820125206,8.817144423279993,0.033152062514771374,0.04051206452132666,0.015088341167480382,0.03392997681022236,0.01948793547867339,0.014911658832519631
48.27063696600766,30.60006338041106,8.806945788862132,0.03315206252102665,0.04051206454394224,0.01508834101959182,0.03392997680396709,0.019487935456057814,0.014911658980408193
48.2753497823779,30.60380015221776,8.796754885397275,0.033152062525461656,0.04051206456626272,0.015088340869592168,0.03392997679953208,0.019487935433737336,0.014911659130407845
48.2800627995377,30.607537135540728,8.786571713509048,0.03315206252821706,0.040512064588287766,0.015088340717511736,0.03392997679677667,0.019487935411712287,0.014911659282488277
48.28477601748129,30.61127433037536,8.776396273821,0.033152062530042936,0.04051206461001655,0.015088340563378322,0.0339299767949508,0.0194879353899835,0.014911659436621691
48.289489436202885,30.615011736717086,8.76622856695667,0.03315206253101671,0.04051206463144835,0.015088340407217668,0.033929976793977024,0.0194879353685517,0.014911659592782345
48.29420305569672,30.618749354561345,8.756068593537272,0.033152062531118964,0.040512064652582336,0.015088340249053214,0.03392997679387477,0.019487935347417717,0.014911659750946799
48.29891687595702,30.622487183903544,8.745916354186429,0.03315206253032876,0.040512064673418,0.01508834008890636,0.03392997679466497,0.01948793532658205,0.014911659911093653
48.303630896978014,30.62622522473913,8.735771849528241,0.03315206252862296,0.040512064693954575,0.015088339926796673,0.033929976796370775,0.01948793530604548,0.01491166007320334
48.30834511875395,30.629963477063527,8.72563508018682,0.0331520625259768,0.04051206471419183,0.015088339762741862,0.033929976799016937,0.019487935285808222,0.01491166023725815
48.313059541279046,30.63370194087217,8.715506046786283,0.03315206252236286,0.04051206473412877,0.01508833959675808,0.03392997680263088,0.01948793526587128,0.014911660403241933
48.31777416454756,30.6374406161605,8.705384749950756,0.033152062517751324,0.040512064753765176,0.01508833942885987,0.03392997680724241,0.019487935246234878,0.014911660571140142
48.32248898855373,30.641179502923947,8.695271190304377,0.03315206251211006,0.04051206477310043,0.01508833925906039,0.03392997681288368,0.019487935226899622,0.014911660740939622
48.32720401329181,30.644918601157958,8.685165368471283,0.033152062505404756,0.04051206479213426,0.015088339087371602,0.03392997681958898,0.019487935207865792,0.01491166091262841
48.33191923875603,30.648657910857963,8.675067285075622,0.03315206249759867,0.04051206481086633,0.015088338913804344,0.03392997682739507,0.01948793518913372,0.014911661086195668
48.33663466494067,30.65239743201942,8.664976940741552,0.033152062488654876,0.04051206482929609,0.01508833873836847,0.03392997683633886,0.019487935170703963,0.014911661261631542
48.34135029183993,30.656137164637755,8.65489433609323,0.0331520624785368,0.04051206484742337,0.015088338561073042,0.03392997684645693,0.019487935152576685,0.01491166143892697
48.34606611944811,30.659877108708418,8.644819471754834,0.03315206246766689,0.0405120648652475,0.015088338381926455,0.03392997685732685,0.019487935134752554,0.014911661618073557
48.350782147759425,30.663617264226858,8.634752348350537,0.03315206245638014,0.040512064882768095,0.015088338200936566,0.0339299768686136,0.019487935117231958,0.014911661799063447
48.35549837676816,30.667357631188516,8.624692966504533,0.03315206244465979,0.04051206489998438,0.015088338018110936,0.033929976880333945,0.019487935100015674,0.014911661981889077
48.36021480646855,30.671098209588834,8.614641326841005,0.03315206243249175,0.04051206491689591,0.015088337833456825,0.03392997689250199,0.019487935083104146,0.014911662166543188
48.36493143685486,30.674838999423272,8.604597429984164,0.03315206241986424,0.04051206493350212,0.015088337646981545,0.0339299769051295,0.01948793506649793,0.014911662353018468
48.369648267921335,30.67858000068726,8.594561276558213,0.03315206240684093,0.04051206494979398,0.015088337459632312,0.033929976918152804,0.019487935050206073,0.014911662540367701
48.37436529966239,30.682321213376373,8.584532867187356,0.033152062393412174,0.040512064965770256,0.015088337271902452,0.03392997693158156,0.019487935034229797,0.01491166272809756
48.37908253207251,30.68606263748623,8.574512202495775,0.033152062379554925,0.040512064981431006,0.01508833708375916,0.03392997694543881,0.019487935018569047,0.014911662916240853
48.38379996514615,30.68980427301245,8.56449928310768,0.033152062365249424,0.040512064996775954,0.015088336895170557,0.03392997695974431,0.0194879350032241,0.014911663104829456
48.3885175988778,30.69354611995064,8.55449410964728,0.03315206235046719,0.04051206501180532,0.015088336706105793,0.03392997697452654,0.019487934988194733,0.01491166329389422
48.39323543326189,30.697288178296407,8.54449668273881,0.03315206233520224,0.040512065026518884,0.015088336516535142,0.0339299769897915,0.01948793497348117,0.014911663483464871
48.39795346829291,30.701030448045366,8.534507003006487,0.033152062319492026,0.04051206504091698,0.015088336326430057,0.03392997700550171,0.019487934959083075,0.014911663673569955
48.4026717039653,30.704772929193105,8.524525071074558,0.03315206230336226,0.040512065054999546,0.0150883361357632,0.033929977021631474,0.019487934945000507,0.014911663864236813
48.40739014027351,30.708515621735238,8.51455088756728,0.033152062286834594,0.040512065068766756,0.015088335944508521,0.03392997703815914,0.019487934931233297,0.014911664055491491
48.412108777212,30.712258525667345,8.504584453108906,0.03315206226993006,0.040512065082218884,0.015088335752641166,0.033929977055063676,0.01948793491778117,0.014911664247358847
48.4168276147752,30.71600164098503,8.494625768323713,0.03315206225266598,0.04051206509535604,0.015088335560137542,0.033929977072327755,0.01948793490464401,0.014911664439862471
48.42154665295754,30.719744967683866,8.484674833835726,0.033152062235056456,0.04051206510817856,0.015088335366975,0.03392997708993728,0.01948793489182149,0.014911664633025012
48.42626589175346,30.723488505759462,8.474731650268705,0.03315206221711309,0.0405120651206865,0.015088335173131975,0.03392997710788065,0.01948793487931355,0.014911664826868037
48.430985331157395,30.72723225520738,8.46479621824995,0.03315206219884592,0.040512065132880304,0.015088334978587498,0.033929977126147814,0.01948793486711975,0.014911665021412515
48.43570497116378,30.730976216023215,8.454868538401639,0.0331520621802634,0.040512065144760245,0.015088334783321056,0.03392997714473034,0.019487934855239808,0.014911665216678957
48.440424811767016,30.734720388202525,8.444948611360408,0.0331520621613724,0.040512065156326604,0.015088334587312138,0.03392997716362134,0.01948793484367345,0.014911665412687874
48.44514485296155,30.7384647717409,8.435036437731076,0.03315206214217936,0.040512065167579714,0.015088334390539818,0.033929977182814375,0.01948793483242034,0.014911665609460195
48.44986509474177,30.742209366633908,8.425132018145097,0.033152062122689785,0.04051206517851991,0.015088334192982139,0.03392997720230395,0.019487934821480146,0.014911665807017874
48.45458553710212,30.745954172877127,8.415235353224817,0.03315206210290861,0.040512065189147795,0.0150883339946154,0.03392997722208513,0.01948793481085226,0.014911666005384613
48.45930618003699,30.74969919046611,8.405346443595187,0.033152062082839995,0.04051206519946354,0.015088333795413258,0.03392997724215374,0.01948793480053651,0.014911666204586754
48.46402702354078,30.753444419396416,8.39546528988155,0.03315206206248811,0.040512065209467873,0.01508833359534588,0.03392997726250563,0.01948793479053218,0.014911666404654134
48.46874806760792,30.757189859663615,8.38559189270875,0.0331520620418565,0.040512065219161175,0.0150883333943784,0.033929977283137236,0.019487934780838878,0.014911666605621612
48.47346931223278,30.760935511263263,8.3757262527008,0.03315206202094867,0.04051206522854395,0.015088333192469827,0.03392997730404507,0.019487934771456106,0.014911666807530186
48.47819075740975,30.7646813741909,8.365868370800639,0.03315206199976756,0.040512065237616746,0.015088332989571115,0.03392997732522618,0.019487934762383308,0.014911667010428897
48.48291240313321,30.76842744844207,8.356018246993768,0.03315206197832049,0.040512065246380236,0.01508833278562341,0.033929977346673246,0.019487934753619818,0.014911667214376603
48.48763424939756,30.77217373401232,8.346175882235798,0.033152061956651546,0.040512065254834584,0.015088332580555572,0.03392997736834219,0.01948793474516547,0.014911667419444441
48.492356296197116,30.775920230897164,8.336341277136146,0.033152061934757726,0.040512065262979624,0.015088332374281754,0.03392997739023601,0.01948793473702043,0.014911667625718258
48.49707854352626,30.77966693909212,8.326514432473607,0.03315206191263592,0.04051206527081602,0.015088332166698137,0.033929977412357815,0.01948793472918403,0.014911667833301875
48.5018009913793,30.783413858592702,8.316695348723567,0.03315206189472236,0.040512065278442866,0.01508833239066544,0.033929977430271374,0.019487934721557187,0.014911667609334572
48.506523639817,30.787160989446402,8.306884026532618,0.03315206187703218,0.040512065285869314,0.015088332610121588,0.03392997744796156,0.01948793471413074,0.014911667389878425
48.511246488833144,30.790908331648314,8.297080466510222,0.03315206185956099,0.04051206529309903,0.015088332825154233,0.03392997746543275,0.019487934706901022,0.01491166717484578
48.515969538421565,30.79465588519355,8.287284669291193,0.033152061842305014,0.040512065300136235,0.015088333035848889,0.03392997748268872,0.019487934699863818,0.014911666964151124
48.520692788576106,30.798403650077226,8.277496635481597,0.033152061825260704,0.0405120653069842,0.01508833324228899,0.03392997749973303,0.01948793469301585,0.014911666757711023
48.525416239290614,30.802151626294474,8.267716365696172,0.03315206180842445,0.04051206531364698,0.015088333444555693,0.03392997751656929,0.01948793468635307,0.01491166655544432
48.530139890558964,30.805899813840433,8.257943860551665,0.03315206179179342,0.040512065320127966,0.015088333642727964,0.03392997753320032,0.019487934679872088,0.01491166635727205
48.534863742374995,30.80964821271024,8.248179120668645,0.03315206177536428,0.04051206532643087,0.015088333836882434,0.03392997754962945,0.019487934673569185,0.014911666163117579
48.539587794732626,30.813396822899055,8.238422146672939,0.03315206175913438,0.04051206533255891,0.015088334027093434,0.03392997756585936,0.019487934667441142,0.01491166597290658
48.54431204762573,30.817145644402046,8.228672939187424,0.03315206174310098,0.04051206533851559,0.015088334213432808,0.033929977581892756,0.019487934661484463,0.014911665786567205
48.54903650104822,30.820894677214376,8.218931498835412,0.03315206172726176,0.04051206534430435,0.015088334395969932,0.033929977597731975,0.019487934655695704,0.01491166560403008
48.553761154994014,30.824643921331223,8.209197826240533,0.03315206171161389,0.040512065349928295,0.015088334574771475,0.03392997761337985,0.01948793465007176,0.014911665425228537
48.55848600945704,30.828393376747783,8.199471922026706,0.03315206169615542,0.04051206535539059,0.01508833474990133,0.033929977628838315,0.01948793464460946,0.014911665250098682
48.56321106443122,30.832143043459244,8.189753786826108,0.03315206168088386,0.04051206536069435,0.015088334921420546,0.03392997764410988,0.019487934639305704,0.014911665078579467
48.567936319910515,30.835892921460808,8.180043421265285,0.03315206166579726,0.040512065365842675,0.01508833508938695,0.033929977659196475,0.019487934634157378,0.014911664910613062
48.572661775888875,30.839643010747686,8.170340825963711,0.033152061650893405,0.0405120653708384,0.015088335253855154,0.03392997767410033,0.019487934629161652,0.01491166474614486
48.57738743236025,30.843393311315083,8.160646001546016,0.033152061636170016,0.040512065375684525,0.015088335414876225,0.03392997768882372,0.019487934624315528,0.014911664585123788
48.58211328931861,30.84714382315823,8.1509589486373,0.03315206162162537,0.04051206538038393,0.015088335572497474,0.033929977703368364,0.01948793461961612,0.014911664427502538
48.58683934675794,30.850894546272336,8.141279667863213,0.033152061607257144,0.04051206538493918,0.015088335726762145,0.03392997771773659,0.019487934615060876,0.014911664273237868
48.591565604672205,30.85464548065265,8.1316081598505,0.03315206159306322,0.04051206538935331,0.015088335877709039,0.033929977731930516,0.01948793461064674,0.014911664122290974
48.59629206305541,30.858396626294386,8.12194442522479,0.03315206157904166,0.04051206539362867,0.015088336025372462,0.03392997774595208,0.019487934606371382,0.014911663974627551
48.601018721901525,30.862147983192795,8.112288464611701,0.03315206156519018,0.04051206539776814,0.01508833616978153,0.03392997775980355,0.019487934602231916,0.014911663830218483
48.605745581204566,30.865899551343116,8.102640278644664,0.03315206154743755,0.04051206540142699,0.015088336310960015,0.033929977777556186,0.019487934598573065,0.014911663689039997
48.61047264095856,30.869651330740624,8.092999867951852,0.03315206152899358,0.04051206540462793,0.015088336448925835,0.033929977796000155,0.019487934595372125,0.014911663551074178
48.61519990115754,30.87340332138057,8.08336723315833,0.03315206150997624,0.04051206540739283,0.015088336583690687,0.0339299778150175,0.019487934592607226,0.014911663416309326
48.61992736179553,30.877155523258246,8.073742374889003,0.03315206149049815,0.04051206540974345,0.015088336715259582,0.033929977834495584,0.019487934590256606,0.014911663284740431
48.62465502286659,30.88090793636892,8.064125293768804,0.033152061470666794,0.04051206541170049,0.015088336843630507,0.03392997785432694,0.01948793458829956,0.014911663156369506
48.62938288436472,30.88466056070785,8.054515990422676,0.03315206145058425,0.04051206541328456,0.015088336968793983,0.03392997787440949,0.019487934586715494,0.01491166303120603
48.63411094628397,30.88841339627031,8.044914465475575,0.03315206143114041,0.040512065414514076,0.015088337090732845,0.033929977893853325,0.019487934585485978,0.014911662909267168
48.63883920861833,30.892166443051543,8.035320719552507,0.033152061412411504,0.04051206541540636,0.015088337209422084,0.03392997791258223,0.01948793458459369,0.014911662790577929
48.64356767136186,30.895919701046836,8.025734753278464,0.03315206139433308,0.040512065415978904,0.015088337324828838,0.03392997793066066,0.01948793458402115,0.014911662675171175
48.64829633450853,30.89967317025141,8.016156567278447,0.03315206137684862,0.04051206541624891,0.015088337436912472,0.03392997794814512,0.019487934583751143,0.014911662563087541
48.65302519805235,30.903426850660523,8.006586162177568,0.03315206135990939,0.040512065416233145,0.015088337545625358,0.033929977965084346,0.019487934583766908,0.014911662454374655
48.65775426198732,30.90718074226941,7.997023538600962,0.03315206134347376,0.04051206541594804,0.015088337650913747,0.033929977981519976,0.019487934584052014,0.014911662349086266
48.66248352630741,30.910934845073292,7.987468697169389,0.03315206132750703,0.04051206541540986,0.015088337752719325,0.033929977997486704,0.019487934584590194,0.014911662247280688
48.66721299100662,30.914689159067407,7.977921638506874,0.03315206131198073,0.04051206541463509,0.015088337850991743,0.03392997801301301,0.019487934585364963,0.01491166214900827
48.67194265607887,30.918443684246952,7.968382363239826,0.033152061296872426,0.040512065413639775,0.015088337945681304,0.03392997802812131,0.019487934586360278,0.014911662054318708
48.67667252151814,30.92219842060713,7.958850871994381,0.033152061282164746,0.04051206541244018,0.015088338036735774,0.03392997804282899,0.019487934587559874,0.014911661963264239
48.68140258731836,30.925953368143162,7.949327165396339,0.03315206126784537,0.04051206541105251,0.015088338124116071,0.03392997805714837,0.019487934588947542,0.014911661875883941
48.68613285347347,30.929708526850213,7.939811244071278,0.033152061253917176,0.04051206540949187,0.015088338209019947,0.03392997807107656,0.019487934590508182,0.014911661790980066
48.69086331997758,30.93346389672363,7.930303108644615,0.03315206124038905,0.04051206540777064,0.015088338292966005,0.033929978084604684,0.019487934592229417,0.014911661707034007
48.69559398682506,30.937219477758926,7.920802759742585,0.03315206122725933,0.04051206540590119,0.015088338376024246,0.0339299780977344,0.019487934594098866,0.014911661623975767
48.70032485401024,30.94097526995163,7.911310197993984,0.033152061214529294,0.04051206540389518,0.015088338458274078,0.03392997811046444,0.019487934596104872,0.014911661541725935
48.705055921527496,30.944731273297258,7.901825424027821,0.033152061202201655,0.040512065401764275,0.015088338539804,0.03392997812279208,0.01948793459823578,0.014911661460196013
48.7097871893712,30.948487487791347,7.892348438460958,0.03315206119027975,0.04051206539951968,0.015088338620561123,0.03392997813471399,0.019487934600480372,0.01491166137943889
48.71451865753575,30.95224391342945,7.882879241918598,0.03315206117876074,0.04051206539717195,0.015088338699857734,0.033929978146233,0.019487934602828105,0.014911661300142279
48.71925032601537,30.956000550206998,7.873417835025913,0.03315206116765129,0.040512065394731234,0.015088338777919708,0.033929978157342444,0.01948793460526882,0.014911661222080305
48.72398219480438,30.95975739811947,7.863964218408071,0.033152061156957624,0.04051206539220714,0.01508833885494762,0.03392997816803611,0.01948793460779291,0.014911661145052393
48.72871426389712,30.96351445716237,7.854518392690018,0.033152061146686396,0.040512065389609275,0.015088338931136078,0.03392997817830734,0.019487934610390778,0.014911661068863935
48.7334465332879,30.967271727331198,7.8450803584964515,0.03315206113684349,0.04051206538694663,0.015088339006650145,0.033929978188150245,0.019487934613053426,0.014911660993349868
48.73817900297114,30.971029208621513,7.835650116451912,0.03315206112743391,0.04051206538422786,0.015088339081643573,0.03392997819755983,0.019487934615772196,0.01491166091835644
48.74291167294122,30.974786901028864,7.826227667180966,0.03315206111846175,0.04051206538146168,0.015088339156261496,0.033929978206531985,0.01948793461853837,0.014911660843738517
48.74764454319258,30.97854480454883,7.816813011308939,0.033152061109933906,0.040512065378655704,0.015088339230642067,0.03392997821505983,0.01948793462134435,0.014911660769357946
48.752377613719645,30.98230291917698,7.807406149462047,0.03315206110185476,0.04051206537581825,0.015088339304917903,0.03392997822313898,0.019487934624181802,0.01491166069508211
48.757110884516884,30.986061244908935,7.798007082265361,0.03315206109422514,0.04051206537295676,0.015088339379217025,0.0339299782307686,0.01948793462704329,0.014911660620782988
48.76184435557877,30.989819781740312,7.788615810343989,0.03315206108701757,0.04051206537007673,0.01508833945246775,0.033929978237976166,0.01948793462992332,0.014911660547532263
48.76657802689965,30.993578529666593,7.779232334323041,0.03315206108023938,0.040512065367183436,0.015088339524281763,0.033929978244754355,0.019487934632816617,0.01491166047571825
48.77131189847374,30.99733748868323,7.769856654827674,0.033152061073901395,0.040512065364281924,0.015088339594909822,0.03392997825109234,0.01948793463571813,0.01491166040509019
48.77604597029536,31.00109665878567,7.760488772483043,0.03315206106800861,0.04051206536137847,0.01508833966457257,0.03392997825698513,0.019487934638621585,0.014911660335427443
48.78078024235882,31.00485603996944,7.751128687914319,0.033152061062561355,0.04051206535848134,0.015088339733465739,0.03392997826243238,0.01948793464151871,0.014911660266534274
48.78551471465849,31.008615632230047,7.741776401746668,0.033152061057556026,0.04051206535559543,0.0150883398017643,0.03392997826743771,0.019487934644404625,0.014911660198235713
48.79024938718874,31.01237543556302,7.732431914605268,0.03315206105298518,0.04051206535272539,0.015088339869625433,0.033929978272008554,0.019487934647274663,0.01491166013037458
48.794984259943966,31.016135449963926,7.72309522711531,0.033152061048831116,0.04051206534987539,0.015088339937191012,0.03392997827616262,0.01948793465012466,0.014911660062809001
48.79971933291863,31.019895675428348,7.713766339902003,0.0331520610450699,0.04051206534704932,0.01508834000458957,0.033929978279923834,0.019487934652950734,0.014911659995410442
48.804454606107136,31.023656111951855,7.7044452535905705,0.03315206104168916,0.04051206534425045,0.015088340071938086,0.033929978283304574,0.019487934655749606,0.014911659928061927
48.80919007950398,31.02741675953007,7.695131968806246,0.033152061033518254,0.04051206534120927,0.015088339651319865,0.03392997829147548,0.019487934658790784,0.014911660348680147
48.813925753028514,31.031177618099726,7.685826486179986,0.0331520610302371,0.040512065338202174,0.015088339725218836,0.033929978294756635,0.01948793466179788,0.014911660274781177
48.818661626751386,31.034938687716135,7.676528806330964,0.033152061027272695,0.04051206533523527,0.015088339796952552,0.03392997829772104,0.019487934664764783,0.014911660203047461
48.8233977006667,31.03869996837464,7.667238929884478,0.0331520610246121,0.04051206533230889,0.015088339866685646,0.033929978300381636,0.019487934667691165,0.014911660133314367
48.828133974768654,31.0424614600706,7.6579568574658285,0.03315206102224866,0.040512065329423586,0.015088339934579906,0.03392997830274508,0.019487934670576468,0.014911660065420107
48.8328704490514,31.046223162799407,7.648682589700321,0.03315206102017809,0.04051206532657975,0.015088340000793343,0.033929978304815644,0.019487934673420304,0.01491165999920667
48.83760712350917,31.049985076556467,7.639416127213272,0.03315206101839774,0.04051206532377766,0.015088340065478378,0.033929978306596,0.019487934676222396,0.014911659934521634
48.84234399813617,31.053747201337195,7.630157470629996,0.03315206101690632,0.04051206532101792,0.01508834012875361,0.033929978308087416,0.019487934678982133,0.014911659871246402
48.847081072926684,31.05750953713703,7.6209066205758145,0.033152061015704504,0.04051206531830098,0.015088340190725316,0.03392997830928923,0.01948793468169907,0.014911659809274697
48.85181834787495,31.06127208395142,7.61166357767609,0.033152061014794454,0.040512065315627066,0.015088340251495566,0.03392997831019928,0.019487934684372987,0.014911659748504447
48.85655582297525,31.065034841775812,7.602428342556202,0.03315206101418078,0.040512065312996504,0.015088340311161796,0.03392997831081296,0.01948793468700355,0.014911659688838216
48.861293498221904,31.06879781060571,7.593200915841505,0.033152061013901224,0.040512065310409684,0.015088340369816391,0.03392997831109251,0.01948793468959037,0.014911659630183621
48.8660313736092,31.072560990436557,7.583981298157342,0.03315206101400109,0.04051206530786716,0.015088340427546379,0.03392997831099265,0.01948793469213289,0.014911659572453634
48.870769449131465,31.07632438126388,7.57476949012907,0.03315206101449475,0.04051206530536916,0.015088340484404827,0.03392997831049899,0.019487934694630893,0.014911659515595185
48.87550772478304,31.08008798308316,7.565565492382046,0.03315206101539836,0.04051206530291607,0.015088340540461792,0.03392997830959538,0.019487934697083986,0.01491165945953822
48.88024620055826,31.083851795889906,7.55636930554164,0.03315206101673007,0.04051206530050844,0.015088340595789465,0.033929978308263664,0.019487934699491616,0.014911659404210548
48.88498487645148,31.087615819679637,7.547180930233232,0.033152061018507484,0.04051206529814594,0.01508834065045539,0.03392997830648625,0.019487934701854115,0.014911659349544623
48.88972375245706,31.091380054447875,7.538000367082189,0.033152061020746526,0.040512065295828126,0.015088340704523237,0.03392997830424721,0.019487934704171928,0.014911659295476776
48.894462828569374,31.09514450019016,7.52882761671391,0.0331520610234729,0.04051206529355417,0.015088340758053737,0.033929978301520836,0.019487934706445886,0.014911659241946276
48.899202104782816,31.098909156902018,7.519662679753779,0.03315206102181106,0.04051206529101414,0.015088340352303845,0.03392997830318267,0.01948793470898591,0.014911659647696168
48.9039415810211,31.102674024523587,7.510505556831612,0.03315206102080914,0.04051206528826362,0.015088340022917826,0.033929978304184594,0.019487934711736432,0.014911659977082187
48.9086812572905,31.10643910305973,7.501356248571772,0.03315206101996099,0.04051206528537027,0.015088339777941856,0.03392997830503275,0.019487934714629784,0.014911660222058157
48.91342113359856,31.110204392516295,7.492214755602976,0.03315206101943102,0.040512065282410636,0.015088339628582567,0.033929978305562714,0.019487934717589417,0.014911660371417446
48.91816120995449,31.113969892900457,7.483081078550862,0.03315206101946183,0.04051206527946605,0.015088339581564414,0.033929978305531905,0.019487934720534006,0.014911660418435599
48.92290148636855,31.11773560422021,7.473955218034892,0.033152061019682766,0.04051206527657397,0.015088339586171479,0.03392997830531097,0.01948793472342608,0.014911660413828534
48.92764196284318,31.121501526477395,7.46483717468279,0.033152061019654344,0.04051206527372969,0.015088339593312128,0.03392997830533939,0.01948793472627036,0.014911660406687885
48.9323826393732,31.125267659667916,7.455726949122987,0.03315206101938045,0.04051206527092871,0.015088339602376794,0.033929978305613284,0.019487934729071343,0.01491166039762322
48.9371235159534,31.12903400378761,7.446624541983189,0.03315206101887408,0.04051206526816692,0.015088339613640034,0.03392997830611966,0.019487934731833134,0.014911660386359979
48.94186459257857,31.132800558832336,7.437529953890303,0.033152061018147994,0.040512065265441266,0.015088339627309835,0.03392997830684574,0.019487934734558787,0.014911660372690178
48.94660586924354,31.136567324797994,7.428443185467826,0.033152061017214574,0.04051206526274953,0.0150883396434605,0.03392997830777916,0.019487934737250523,0.014911660356539513
48.95134734594316,31.140334301680486,7.419364237341071,0.033152061016077095,0.0405120652600891,0.015088339661316244,0.03392997830891664,0.01948793473991095,0.014911660338683769
48.95608902267213,31.14410148947561,7.410293110135854,0.033152061014746825,0.04051206525745771,0.015088339680961321,0.03392997831024691,0.019487934742542345,0.014911660319038691
48.96083089942523,31.14786888817919,7.401229804478007,0.0331520610132377,0.04051206525485351,0.015088339702746853,0.03392997831175604,0.01948793474514654,0.01491166029725316
48.96557297619724,31.151636497787088,7.392174320993359,0.033152061011570366,0.04051206525228024,0.015088339727142672,0.03392997831342337,0.019487934747719815,0.014911660272857341
48.97031525298301,31.15540431829522,7.3831266603077434,0.03315206100977025,0.04051206524974471,0.01508833975480757,0.033929978315223486,0.019487934750255342,0.014911660245192443
48.97505772977753,31.15917234969958,7.374086823047,0.03315206100786483,0.04051206524725309,0.015088339786656538,0.033929978317128906,0.01948793475274696,0.014911660213343475
48.979800406575905,31.162940591996282,7.365054809836938,0.03315206100588186,0.04051206524480744,0.015088339823988828,0.033929978319111875,0.019487934755192615,0.014911660176011185
48.984543283373434,31.166709045181584,7.356030621303406,0.033152061003850986,0.040512065242404416,0.01508833986866906,0.03392997832114275,0.019487934757595637,0.014911660131330953
48.98928636016572,31.170477709251976,7.347014258072196,0.03315206100180906,0.04051206524003853,0.01508833992337126,0.03392997832318467,0.019487934759961523,0.014911660076628752
48.99402963694875,31.174246584204262,7.338005720769139,0.03315206099978596,0.04051206523770978,0.01508833998933315,0.03392997832520778,0.01948793476229027,0.014911660010666863
48.9987731137187,31.17801567003539,7.329005010019973,0.03315206099767448,0.04051206523541734,0.015088340054124419,0.033929978327319255,0.019487934764582715,0.014911659945875594
49.00351679046989,31.18178496674083,7.320012126450543,0.03315206099548046,0.040512065233159866,0.015088340117815291,0.03392997832951328,0.019487934766840187,0.014911659882184722
49.0082606671966,31.185554474316053,7.311027070686649,0.033152060993209054,0.040512065230935534,0.015088340180461998,0.03392997833178468,0.01948793476906452,0.014911659819538015
49.013004743893184,31.18932419275657,7.302049843354057,0.033152060990862986,0.040512065228743344,0.015088340242113793,0.03392997833413075,0.01948793477125671,0.01491165975788622
49.01774902055396,31.193094122057865,7.293080445078525,0.03315206098844686,0.04051206522658085,0.015088340302823994,0.03392997833654687,0.019487934773419202,0.014911659697176019
49.02249349717323,31.19686426221542,7.284118876485749,0.03315206098596518,0.04051206522444617,0.01508834036264288,0.033929978339028555,0.019487934775553883,0.014911659637357133
49.02723817374533,31.20063461322473,7.2751651382013875,0.03315206098342238,0.04051206522233708,0.01508834042163218,0.033929978341571354,0.019487934777662974,0.014911659578367834
49.031983050264586,31.204405175081284,7.266219230851032,0.03315206098082174,0.040512065220252025,0.015088340479696594,0.033929978344171996,0.01948793477974803,0.014911659520303419
49.03672812672531,31.208175947780575,7.257281154781385,0.033152060978119346,0.04051206521818612,0.015088340532404501,0.03392997834687439,0.01948793478181393,0.014911659467595512
49.04147340312114,31.211946931317545,7.248350910885941,0.033152060975266795,0.04051206521613138,0.015088340575573081,0.03392997834972694,0.019487934783868677,0.014911659424426932
49.046218879445064,31.215718125686642,7.239428499790435,0.03315206097230311,0.04051206521408374,0.01508834061373776,0.033929978352690626,0.019487934785916317,0.014911659386262252
49.050964555690776,31.21948953088286,7.230513922120565,0.03315206096931522,0.040512065212045256,0.015088340655252316,0.033929978355678514,0.019487934787954797,0.014911659344747696
49.05571043185326,31.223261146902203,7.221607178501975,0.03315206096629969,0.0405120652100171,0.015088340698820563,0.033929978358694046,0.019487934789982952,0.01491165930117945
49.06045650792727,31.22703297374052,7.212708269560347,0.033152060963250685,0.040512065207999604,0.01508834074316115,0.03392997836174305,0.01948793479200045,0.014911659256838863
49.065202783907395,31.2308050113935,7.203817195921346,0.033152060960159824,0.04051206520599204,0.01508834078695663,0.03392997836483391,0.01948793479400801,0.014911659213043382
49.069949259788046,31.23457725985667,7.194933958210683,0.033152060957015894,0.04051206520399259,0.015088340828831703,0.03392997836797784,0.019487934796007467,0.01491165917116831
49.07469593556334,31.238349719125402,7.186058557054066,0.03315206095380491,0.040512065201998515,0.01508834086737039,0.03392997837118883,0.01948793479800154,0.014911659132629623
49.079442811227246,31.242122389194897,7.177190993077209,0.03315206095051054,0.040512065200005776,0.015088340901199038,0.033929978374483194,0.019487934799994278,0.014911659098800975
49.0841898867735,31.245895270060167,7.168331266905845,0.03315206094711748,0.04051206519801004,0.015088340929160587,0.03392997837787626,0.019487934801990014,0.014911659070839425
49.08893716219565,31.249668361716108,7.159479379165697,0.0331520609436145,0.040512065196007196,0.015088340950670992,0.03392997838137923,0.019487934803992857,0.01491165904932902
49.09368463748717,31.253441664157535,7.150635330482698,0.03315206094012402,0.0405120651940003,0.015088340977788772,0.03392997838486972,0.01948793480599975,0.01491165902221124
49.098432312643375,31.257215177380733,7.141799121482567,0.03315206093669104,0.04051206519199546,0.01508834101354227,0.033929978388302695,0.019487934808004592,0.014911658986457743
49.10318018766007,31.260988901382333,7.132970752790905,0.03315206093332712,0.040512065189999,0.01508834105739075,0.033929978391666615,0.01948793481000105,0.014911658942609263
49.10792826253296,31.264762836158916,7.1241502250333575,0.033152060929972194,0.04051206518801176,0.015088341102196118,0.03392997839502154,0.019487934811988294,0.014911658897803895
49.11267653725665,31.268536981706198,7.115337538835657,0.03315206092660755,0.04051206518603301,0.015088341145791884,0.033929978398386185,0.019487934813967045,0.014911658854208129
49.117425011825404,31.272311338019627,7.106532694823567,0.033152060923235915,0.04051206518406214,0.015088341188299575,0.03392997840175782,0.019487934815937913,0.014911658811700437
49.122173686233545,31.27608590509466,7.097735693622893,0.03315206091986661,0.04051206518209982,0.01508834122976796,0.033929978405127126,0.019487934817900232,0.014911658770232053
49.126922560475336,31.279860682926778,7.088946535859435,0.03315206091650125,0.04051206518014816,0.015088341270027866,0.03392997840849249,0.019487934819851893,0.014911658729972146
49.13167163454506,31.283635671511423,7.080165222159021,0.03315206091314199,0.040512065178209156,0.015088341309024408,0.03392997841185175,0.019487934821790898,0.014911658690975604
49.136420908436975,31.287410870844035,7.0713917531475055,0.03315206090979678,0.0405120651762767,0.015088341347988712,0.03392997841519696,0.019487934823723352,0.0149116586520113
49.14117038214555,31.291186280920208,7.062626129450715,0.03315206090612588,0.04051206517432854,0.015088341354949061,0.03392997841886786,0.019487934825671516,0.014911658645050951
49.1459200556603,31.294961901731668,7.053868351694662,0.033152060902595315,0.040512065172378264,0.015088341377615139,0.03392997842239842,0.01948793482762179,0.014911658622384874
49.15066992897809,31.2987377332759,7.0451184205051565,0.03315206089903533,0.04051206517042377,0.01508834139772465,0.03392997842595841,0.01948793482957628,0.014911658602275363
49.155420002093,31.302513775548192,7.036376336508093,0.033152060895465685,0.04051206516846356,0.015088341417395512,0.03392997842952805,0.01948793483153649,0.0149116585826045
49.16017027499942,31.30629002854409,7.027642100329368,0.03315206089190936,0.04051206516649708,0.015088341438791855,0.03392997843308437,0.019487934833502973,0.014911658561208158
49.16492074769208,31.310066492259395,7.018915712594806,0.03315206088839445,0.04051206516452477,0.01508834146405183,0.033929978436599284,0.019487934835475285,0.014911658535948183
49.169671420166026,31.313843166690177,7.010197173929965,0.03315206088489603,0.04051206516254552,0.015088341489860727,0.03392997844009771,0.019487934837454535,0.014911658510139286
49.17442229241579,31.31762005183208,7.001486484959603,0.033152060881399825,0.040512065160557775,0.015088341514796655,0.03392997844359391,0.019487934839442278,0.014911658485203358
49.17917336443571,31.321397147680614,6.992783646315299,0.03315206087790451,0.040512065158560207,0.015088341538767425,0.033929978447089226,0.019487934841439847,0.014911658461232588
49.183924636220084,31.325174454231234,6.984088658620969,0.03315206087441175,0.04051206515655198,0.015088341562002214,0.03392997845058199,0.019487934843448074,0.014911658437997799
49.18867610776326,31.328951971479448,6.975401522500653,0.0331520608709196,0.040512065154532206,0.015088341584336251,0.03392997845407414,0.019487934845467847,0.014911658415663762
49.19342777905956,31.332729699420753,6.966722238576329,0.03315206086742761,0.040512065152500054,0.015088341605792643,0.03392997845756612,0.0194879348475,0.01491165839420737
49.198179650103306,31.336507638050634,6.958050807477548,0.03315206086393907,0.04051206515045497,0.015088341626701224,0.033929978461054666,0.019487934849545085,0.014911658373298789
49.202931720888856,31.3402857873646,6.949387229830476,0.03315206086045769,0.040512065148396836,0.015088341647395198,0.03392997846453605,0.019487934851603217,0.014911658352604815
49.207683991410654,31.34406414735824,6.940731506261627,0.033152060856987575,0.04051206514632555,0.015088341668213046,0.03392997846800616,0.019487934853674505,0.014911658331786967
49.21243646166317,31.347842718027145,6.932083637396752,0.03315206085352562,0.04051206514424088,0.015088341688770796,0.033929978471468114,0.01948793485575917,0.014911658311229217
49.21718913164081,31.351621499366892,6.923443623857561,0.033152060850062115,0.040512065142141895,0.015088341708130643,0.03392997847493162,0.019487934857858158,0.01491165829186937
49.22194200133785,31.355400491372922,6.914811466275168,0.033152060846600495,0.0405120651400277,0.015088341726707907,0.03392997847839324,0.019487934859972356,0.014911658273292105
49.22669507074864,31.359179694040726,6.90618716526836,0.033152060843144204,0.0405120651378979,0.015088341744890335,0.03392997848184953,0.019487934862102152,0.014911658255109678
49.231448339867555,31.362959107365853,6.897570721466554,0.03315206083969707,0.04051206513575256,0.015088341762990495,0.033929978485296663,0.01948793486424749,0.014911658237009517
49.236201808689046,31.366738731343883,6.888962135507556,0.03315206083626204,0.04051206513359179,0.01508834178122874,0.033929978488731694,0.019487934866408263,0.014911658218771273
49.24095547720759,31.370518565970432,6.880361408003327,0.033152060832841335,0.040512065131415975,0.015088341799717825,0.0339299784921524,0.019487934868584078,0.014911658200282188
49.245709345417694,31.37429861124112,6.871768539584852,0.033152060829436336,0.04051206512922506,0.015088341818476514,0.0339299784955574,0.019487934870774992,0.014911658181523499
49.25046341331384,31.378078867151558,6.863183530897329,0.03315206082604777,0.040512065127019714,0.015088341837448727,0.03392997849894597,0.01948793487298034,0.014911658162551286
49.25521768089051,31.381859333697378,6.85460638254573,0.03315206082267552,0.040512065124799934,0.01508834185652709,0.033929978502318214,0.01948793487520012,0.014911658143472922
49.2599721481422,31.38564001087418,6.846037095157073,0.033152060819318985,0.04051206512256583,0.01508834187557627,0.03392997850567475,0.01948793487743422,0.014911658124423743
49.26472681506332,31.38942089867754,6.837475669357731,0.033152060815977324,0.04051206512031741,0.01508834189445328,0.03392997850901641,0.019487934879682645,0.014911658105546732
49.269481681648344,31.393201997103045,6.828922105773877,0.03315206081264943,0.04051206511805433,0.015088341913022787,0.033929978512344305,0.019487934881945723,0.014911658086977225
49.27423674789165,31.396983306146232,6.8203764050315945,0.03315206080933403,0.04051206511577654,0.015088341931167065,0.03392997851565971,0.019487934884223512,0.014911658068832948
49.27899201378763,31.400764825802653,6.811838567757542,0.033152060806030115,0.040512065113483486,0.015088341948791134,0.03392997851896362,0.019487934886516567,0.014911658051208879
49.28374747933066,31.404546556067828,6.803308594577881,0.03315206080273664,0.040512065111174944,0.015088341965824079,0.0339299785222571,0.01948793488882511,0.014911658034175934
49.288503144515104,31.408328496937273,6.7947864861192455,0.03315206079945282,0.04051206510885058,0.015088341982217729,0.033929978525540916,0.019487934891149472,0.014911658017782284
49.293259009335316,31.41211064840649,6.786272243020761,0.03315206079617783,0.04051206510650979,0.015088341997943872,0.03392997852881591,0.019487934893490266,0.014911658002056141
49.29801507378564,31.415893010471006,6.777765865937406,0.03315206079291072,0.04051206510415212,0.015088342012991057,0.033929978532083016,0.019487934895847936,0.014911657987008956
49.302771337860435,31.419675583126317,6.7692673554146525,0.03315206078965138,0.04051206510177724,0.01508834202736109,0.03392997853534235,0.019487934898222814,0.014911657972638923
49.307527801554045,31.423458366367935,6.760776712094998,0.03315206078639904,0.0405120650993846,0.015088342041066086,0.033929978538594696,0.019487934900615456,0.014911657958933927
49.31228446486082,31.427241360191356,6.752293936624926,0.03315206078315358,0.04051206509697375,0.015088342054125722,0.033929978541840156,0.019487934903026305,0.01491165794587429
49.3170413277751,31.4310245645921,6.74381902966231,0.033152060779914505,0.040512065094544636,0.015088342066565341,0.03392997854507923,0.019487934905455417,0.014911657933434672
49.321798390291264,31.434807979565683,6.735351991775433,0.03315206077668187,0.04051206509209654,0.015088342078414044,0.03392997854831187,0.019487934907903515,0.014911657921585969
49.326555652403655,31.438591605107604,6.726892823592674,0.033152060773455394,0.040512065089629345,0.015088342089707815,0.03392997855153834,0.019487934910370708,0.014911657910292198
49.33131311410664,31.4423754412134,6.718441525764062,0.03315206077023508,0.04051206508714267,0.015088342100479366,0.033929978554758655,0.019487934912857385,0.014911657899520647
49.3360707753946,31.44615948787858,6.709998098915569,0.033152060767020985,0.040512065084636284,0.015088342110762196,0.03392997855797275,0.01948793491536377,0.014911657889237817
49.340828636261904,31.44994374509869,6.701562543673257,0.03315206076381311,0.040512065082109916,0.015088342120590709,0.03392997856118063,0.019487934917890137,0.014911657879409304
49.34558669670294,31.45372821286925,6.693134860663263,0.033152060760611446,0.04051206507956334,0.015088342130000099,0.03392997856438229,0.01948793492043671,0.014911657869999914
49.35034495671209,31.457512891185804,6.684715050512402,0.033152060757416446,0.040512065076996395,0.0150883421390261,0.03392997856757729,0.019487934923003658,0.014911657860973912
49.35510341628374,31.461297780043882,6.676303113848103,0.03315206075422811,0.040512065074408965,0.015088342147704964,0.03392997857076563,0.01948793492559109,0.014911657852295049
49.3598620754123,31.465082879439027,6.667899051297937,0.03315206075104671,0.040512065071800996,0.015088342156073645,0.03392997857394703,0.019487934928199058,0.014911657843926368
49.36462093409215,31.4688681893668,6.659502863488168,0.033152060747872636,0.040512065069172265,0.015088342164169821,0.0339299785771211,0.01948793493082779,0.014911657835830192
49.36937999231773,31.472653709822737,6.651114551044945,0.03315206074470617,0.04051206506652283,0.015088342172032088,0.03392997858028757,0.019487934933477224,0.014911657827967925
49.37413925008343,31.476439440802405,6.64273411459431,0.03315206074154792,0.040512065063852576,0.015088342179700037,0.03392997858344582,0.019487934936147477,0.014911657820299976
49.37889870738367,31.48022538230137,6.634361554762241,0.033152060738398326,0.040512065061161506,0.015088342187214415,0.03392997858659541,0.019487934938838547,0.014911657812785598
49.383658364212906,31.48401153431519,6.62599687217463,0.033152060735251954,0.0405120650584494,0.01508834219406524,0.03392997858974178,0.019487934941550655,0.014911657805934772
49.38841822056545,31.487797896839375,6.617640067457319,0.03315206073210475,0.04051206505571536,0.015088342199935378,0.03392997859288899,0.01948793494428469,0.014911657800064634
49.39317827643561,31.491584469869387,6.6092911412361355,0.03315206072895671,0.04051206505295918,0.015088342204927108,0.033929978596037025,0.019487934947040875,0.014911657795072905
49.3979385318177,31.495371253400705,6.600950094136688,0.033152060725807675,0.04051206505018001,0.015088342209131564,0.03392997859918606,0.01948793494982004,0.014911657790868449
49.402698986706056,31.499158247428813,6.592616926784049,0.03315206072265764,0.04051206504737781,0.015088342212630335,0.0339299786023361,0.019487934952622243,0.014911657787369678
49.40745964109501,31.502945451949223,6.58429163980445,0.03315206071950699,0.04051206504455224,0.015088342215497097,0.033929978605486744,0.019487934955447817,0.014911657784502916
49.41222049497892,31.506732866957428,6.575974233824224,0.033152060716355514,0.040512065041702905,0.015088342217797826,0.03392997860863822,0.01948793495829715,0.014911657782202187
49.41698154835212,31.51052049244894,6.567664709470436,0.033152060713203424,0.040512065038829814,0.015088342219592238,0.03392997861179031,0.01948793496117024,0.014911657780407775
49.421742801209014,31.514308328419297,6.559363067369523,0.03315206071005089,0.040512065035932576,0.015088342220934498,0.033929978614942846,0.019487934964067477,0.014911657779065515
49.42650425354397,31.51809637486402,6.5510693081480325,0.0331520607068983,0.0405120650330113,0.015088342221874135,0.033929978618095435,0.01948793496698875,0.014911657778125878
49.43126590535137,31.521884631778637,6.542783432432297,0.033152060703745656,0.040512065030065825,0.015088342222456488,0.03392997862124808,0.01948793496993423,0.014911657777543524
49.43602775662559,31.525673099158695,6.5345054408486565,0.033152060700593566,0.040512065027096145,0.015088342222723386,0.03392997862440017,0.01948793497290391,0.014911657777276627
49.44078980736107,31.52946177699973,6.526235334023459,0.03315206069744209,0.040512065024102206,0.015088342222713158,0.03392997862755165,0.019487934975897847,0.014911657777286855
49.445552057552185,31.53325066529731,6.517973112583067,0.03315206069429166,0.04051206502108429,0.015088342222461443,0.03392997863070207,0.019487934978915766,0.01491165777753857
49.45031450719333,31.537039764046966,6.509718777157945,0.03315206069114279,0.04051206501803556,0.01508834222200181,0.033929978633850943,0.019487934981964494,0.014911657777998202
49.45507715627896,31.54082907324426,6.501472328375855,0.033152060687995755,0.04051206501494986,0.015088342221365722,0.03392997863699798,0.019487934985050193,0.01491165777863429
49.45984000480348,31.544618592884767,6.493233766862433,0.03315206068485094,0.04051206501182725,0.015088342220582807,0.0339299786401428,0.019487934988172806,0.014911657779417206
49.464603052761305,31.54840832296403,6.485003093242772,0.033152060681708895,0.04051206500866833,0.015088342219681167,0.03392997864328484,0.019487934991331723,0.014911657780318846
49.46936630014688,31.552198263477635,6.476780308141445,0.03315206067857007,0.04051206500547344,0.015088342218687364,0.033929978646423664,0.019487934994526612,0.014911657781312648
49.47412974695461,31.555988414421137,6.468565412182277,0.03315206067543203,0.04051206500224286,0.015088342217367143,0.03392997864956171,0.019487934997757195,0.01491165778263287
49.478893393178936,31.559778775790093,6.4603584059878445,0.033152060672285544,0.040512064998975916,0.015088342214865519,0.03392997865270819,0.019487935001024137,0.014911657785134494
49.483657238814075,31.563569347579936,6.452159290180707,0.033152060669129624,0.040512064995672226,0.01508834221122976,0.03392997865586411,0.019487935004327828,0.014911657788770252
49.48842128385432,31.567360129786103,6.44396806539035,0.033152060665963046,0.04051206499233134,0.015088342206513075,0.03392997865903069,0.01948793500766871,0.014911657793486938
49.49318552829395,31.571151122404046,6.435784732248495,0.03315206066278509,0.04051206498895288,0.01508834220077429,0.03392997866220865,0.019487935011047175,0.014911657799225722
49.49794997212726,31.574942325429227,6.427609291381423,0.033152060659595306,0.04051206498553672,0.015088342194077703,0.03392997866539843,0.01948793501446333,0.01491165780592231
49.50271461534854,31.57873373885711,6.419441743415014,0.0331520606563932,0.04051206498208226,0.015088342186492798,0.033929978668600536,0.01948793501791779,0.014911657813507215
49.5074794579521,31.582525362683167,6.4112820889731115,0.033152060653178606,0.04051206497858967,0.015088342178093808,0.03392997867181513,0.019487935021410385,0.014911657821906205
49.512244499932265,31.586317196902876,6.403130328681513,0.033152060649951354,0.04051206497505855,0.015088342168959601,0.03392997867504238,0.019487935024941505,0.014911657831040412
49.517009741283346,31.59010924151172,6.3949864631708175,0.0331520606467115,0.040512064971488904,0.015088342159173249,0.033929978678282235,0.01948793502851115,0.014911657840826764
49.5217751819997,31.59390149650521,6.386850493206668,0.033152060643459325,0.04051206496788079,0.015088342148821751,0.03392997868153441,0.019487935032119263,0.014911657851178262
49.5265408220757,31.597693961878853,6.378722419328369,0.033152060640195435,0.04051206496423432,0.01508834213799555,0.0339299786847983,0.019487935035765735,0.014911657862004463
49.53130666150571,31.601486637628184,6.3706022421377275,0.03315206063692028,0.04051206496054954,0.015088342126787849,0.03392997868807346,0.01948793503945051,0.014911657873212164
49.53607270028411,31.605279523748713,6.362489962236071,0.033152060633634906,0.04051206495682674,0.01508834211529514,0.03392997869135883,0.01948793504317331,0.014911657884704874
49.54083893840529,31.609072620236,6.354385580249498,0.03315206063034021,0.04051206495306636,0.015088342103616273,0.03392997869465353,0.01948793504693369,0.01491165789638374
49.54560537586367,31.612865927085593,6.346289096818886,0.03315206062703735,0.04051206494926851,0.015088342091852128,0.03392997869795639,0.019487935050731542,0.014911657908147885
49.55037201265371,31.616659444293063,6.338200512569325,0.03315206062372783,0.04051206494543402,0.015088342080105024,0.033929978701265906,0.01948793505456603,0.014911657919894988
49.55513884876982,31.620453171853995,6.3301198281293685,0.03315206062041309,0.04051206494156323,0.015088342068478394,0.03392997870458064,0.019487935058436823,0.014911657931521619
49.55990588420647,31.624247109763974,6.322047044126844,0.03315206061709486,0.0405120649376568,0.015088342057076251,0.03392997870789888,0.019487935062343253,0.014911657942923762
49.56467311895816,31.628041258018612,6.313982161198933,0.033152060613775014,0.0405120649337154,0.015088342046002637,0.03392997871121872,0.019487935066284656,0.014911657953997376
49.56944055301937,31.631835616613518,6.305925180012699,0.03315206061045578,0.04051206492973991,0.015088342035361177,0.033929978714537956,0.019487935070260143,0.014911657964638836
49.574208186384595,31.635630185544326,6.297876101207153,0.03315206060713899,0.040512064925731284,0.015088342025254525,0.03392997871785475,0.01948793507426877,0.014911657974745487
49.578976019048376,31.639424964806675,6.289834925400639,0.033152060603827305,0.040512064921690294,0.015088342015783754,0.03392997872116643,0.01948793507830976,0.014911657984216259
49.583744051005255,31.643219954396223,6.281801653208981,0.033152060600523,0.04051206491761805,0.01508834200704788,0.03392997872447073,0.019487935082382002,0.014911657992952132
49.58851228224977,31.647015154308633,6.2737762852234376,0.033152060597228805,0.04051206491351561,0.015088341999143218,0.03392997872776493,0.019487935086484443,0.014911658000856795
49.59328071277651,31.65081056453958,6.265758821997273,0.03315206059394715,0.04051206490938436,0.015088341992162718,0.033929978731046584,0.019487935090615693,0.014911658007837295
49.598049342580055,31.654606185084756,6.25774926362631,0.0331520605906811,0.04051206490522513,0.015088341986195478,0.03392997873431264,0.019487935094774922,0.014911658013804535
49.602818171655,31.65840201593986,6.249747611259403,0.03315206058743342,0.04051206490103959,0.01508834198132597,0.03392997873756032,0.019487935098960463,0.014911658018674043
49.60758719999595,31.66219805710059,6.241753865586744,0.033152060584207055,0.04051206489682868,0.015088341977633493,0.03392997874078668,0.019487935103171372,0.01491165802236652
49.61235642759752,31.66599430856266,6.23376802721695,0.03315206058100323,0.04051206489259379,0.015088341974958036,0.03392997874399051,0.019487935107406262,0.014911658025041977
49.61712585445433,31.669790770321793,6.225790096783506,0.03315206057782638,0.040512064888336086,0.015088341973347866,0.033929978747167355,0.019487935111663968,0.014911658026652147
49.62189548056096,31.673587442373666,6.217820074912164,0.0331520605746799,0.04051206488405712,0.015088341972906386,0.03392997875031384,0.019487935115942934,0.014911658027093627
49.62666530591204,31.677384324714,6.209857962230037,0.03315206057156678,0.04051206487975795,0.015088341973728298,0.03392997875342696,0.019487935120242106,0.014911658026271715
49.6314353305022,31.68118141733853,6.201903759382502,0.03315206056849035,0.040512064875440346,0.015088341975898673,0.03392997875650339,0.019487935124559708,0.01491165802410134
49.6362055543261,31.684978720242984,6.193957466992174,0.03315206056545256,0.04051206487110537,0.01508834197937213,0.03392997875954118,0.019487935128894684,0.014911658020627883
49.640975977378346,31.68877623342309,6.18601908567267,0.033152060562456065,0.04051206486675474,0.015088341984157677,0.03392997876253767,0.019487935133245315,0.014911658015842336
49.645746599653606,31.69257395687459,6.1780886160521655,0.03315206055950354,0.04051206486238973,0.015088341990317167,0.0339299787654902,0.019487935137610324,0.014911658009682846
49.65051742114651,31.696371890593205,6.170166058757442,0.03315206055659842,0.04051206485801173,0.01508834199790117,0.03392997876839532,0.019487935141988322,0.014911658002098843
49.65528844185174,31.70017003457469,6.162251414413338,0.03315206055374326,0.040512064853622465,0.015088342006948391,0.03392997877125048,0.01948793514637759,0.014911657993051622
49.660059661763924,31.703968388814797,6.154344683645955,0.03315206055094122,0.040512064849223206,0.015088342017485143,0.033929978774052516,0.019487935150776847,0.01491165798251487
49.664831080877754,31.707766953309264,6.146445867083252,0.033152060548195084,0.04051206484481562,0.01508834202952515,0.03392997877679865,0.019487935155184433,0.014911657970474862
49.66960269918788,31.71156572805385,6.138554965353382,0.03315206054550751,0.040512064840401374,0.01508834204306933,0.033929978779486225,0.01948793515959868,0.014911657956930682
49.674374516688985,31.71536471304431,6.130671979084245,0.033152060542881,0.040512064835981576,0.015088342058105969,0.033929978782112735,0.019487935164018477,0.014911657941894044
49.679146533375715,31.71916390827639,6.122796908903373,0.03315206054031811,0.04051206483155795,0.015088342074611086,0.03392997878467563,0.019487935168442105,0.014911657925388927
49.683918749242736,31.722963313745836,6.1149297554379825,0.03315206052333569,0.04051206482603559,0.015088340753430976,0.033929978801658045,0.019487935173964466,0.014911659246569037
49.68869116407741,31.72676292928533,6.107070519305997,0.0331520605063656,0.04051206481957126,0.0150883396330979,0.03392997881862814,0.019487935180428795,0.014911660366902113
49.69346377790545,31.730562754915034,6.099219201134673,0.03315206048968539,0.04051206481233277,0.015088338706815294,0.03392997883530835,0.019487935187667282,0.01491166129318472
49.69823659075146,31.734362790654274,6.09137580155104,0.03315206047354957,0.04051206480448066,0.015088337967008494,0.033929978851444165,0.01948793519551939,0.014911662032991518
49.70300960263889,31.738163036521406,6.083540321181798,0.03315206045735836,0.04051206479610431,0.015088337328498791,0.03392997886763538,0.019487935203895745,0.014911662671501222
49.707782813577964,31.741963492524437,6.075712760653917,0.033152060440080844,0.040512064787199764,0.01508833667957947,0.03392997888491289,0.01948793521280029,0.014911663320420543
49.712556223561556,31.745764158657714,6.067893120593643,0.03315206042169799,0.04051206477776148,0.015088336019254772,0.03392997890329574,0.019487935222238573,0.01491166398074524
49.71732983258245,31.749565034915484,6.060081401627276,0.033152060402191486,0.04051206476778324,0.015088335346705561,0.03392997892280225,0.019487935232216813,0.014911664653294451
49.72210364063325,31.753366121291904,6.052277604381028,0.03315206038154145,0.040512064757258326,0.015088334661114894,0.03392997894345229,0.019487935242741727,0.014911665338885119
49.72687764770647,31.757167417781005,6.044481729481104,0.03315206035972729,0.040512064746179965,0.015088333961666797,0.03392997896526645,0.019487935253820088,0.014911666038333216
49.73165185379448,31.76096892437674,6.036693777553701,0.03315206033672735,0.0405120647345405,0.015088333247544924,0.033929978988266385,0.019487935265459555,0.014911666752455088
49.73642625888956,31.76477064107297,6.028913749224993,0.03315206031251883,0.04051206472233221,0.015088332517931402,0.03392997901247491,0.019487935277667845,0.01491166748206861
49.74120086298379,31.768572567863416,6.021141645121163,0.033152060287077845,0.0405120647095466,0.015088331772005359,0.03392997903791589,0.01948793529045345,0.014911668227994654
49.74597566606919,31.772374704741765,6.0133774658683725,0.03315206026037909,0.04051206469617502,0.015088331008941441,0.033929979064614646,0.019487935303825032,0.014911668991058571
49.75075066813764,31.776177051701545,6.005621212092777,0.03315206023239953,0.04051206468220819,0.015088330227908411,0.03392997909259421,0.01948793531779186,0.014911669772091601
49.75552586918089,31.779979608736213,5.997872884420576,0.033152060203115674,0.04051206466763635,0.015088329428067634,0.03392997912187806,0.019487935332363704,0.014911670571932378
49.76030126919055,31.783782375839124,5.990132483478003,0.03315206017249955,0.04051206465244944,0.015088328608571316,0.03392997915249418,0.01948793534755061,0.014911671391428696
49.765076868158104,31.78758535300353,5.982400009891311,0.033152060140521356,0.040512064636636924,0.015088327768561144,0.03392997918447238,0.01948793536336313,0.014911672231438869
49.76985266607493,31.791388540222563,5.974675464286808,0.03315206010714916,0.04051206462018753,0.015088326907166619,0.033929979217844575,0.019487935379812527,0.014911673092833394
49.774628662932244,31.795191937489278,5.966958847290658,0.03315206007235105,0.04051206460308965,0.015088326023503254,0.033929979252642684,0.019487935396910405,0.014911673976496759
49.77940485872112,31.798995544796597,5.959250159529032,0.033152060036093944,0.040512064585331076,0.015088325116671172,0.03392997928889979,0.019487935414668978,0.01491167488332884
49.784181253432536,31.80279936213735,5.9515494016280766,0.0331520599983432,0.04051206456689738,0.015088324185753219,0.03392997932665054,0.019487935433102677,0.014911675814246794
49.78895784705729,31.806603389504254,5.943856574213929,0.03315205995906262,0.04051206454777306,0.01508832322981335,0.03392997936593112,0.01948793545222699,0.014911676770186663
49.79373463958606,31.810407626889926,5.936171677912714,0.03315205991821413,0.040512064527944314,0.015088322247895067,0.03392997940677961,0.01948793547205574,0.014911677752104946
49.79851163100936,31.81421207428682,5.928494713350524,0.033152059875758144,0.04051206450739692,0.015088321239019487,0.03392997944923559,0.019487935492603137,0.014911678760980526
49.80328882131758,31.81801673168735,5.920825681153448,0.033152059831652425,0.04051206448611594,0.015088320202183939,0.03392997949334131,0.019487935513884114,0.014911679797816074
49.80806621050095,31.821821599083734,5.913164581947536,0.033152059785852894,0.040512064464085784,0.01508831913636001,0.03392997953914084,0.01948793553591427,0.014911680863640003
49.81284379854951,31.82562667646811,5.905511416358834,0.03315205973831242,0.04051206444129035,0.01508831804049196,0.033929979586681314,0.0194879355587097,0.014911681959508052
49.817621585453175,31.829431963832484,5.897866185013356,0.03315205968898094,0.040512064417712934,0.015088316913494923,0.0339299796360128,0.01948793558228712,0.01491168308650509
49.8223995712017,31.83323746116872,5.8902288885370995,0.033152059655940425,0.04051206439473248,0.015088317428647288,0.03392997966905331,0.01948793560526757,0.014911682571352725
49.82717775604406,31.83704316867272,5.882599527572229,0.03315205962402473,0.04051206437235122,0.015088317932982334,0.033929979700969004,0.019487935627648834,0.014911682067017679
49.8319561399729,31.840849086338658,5.874978102746073,0.033152059593192174,0.04051206435055427,0.015088318426696792,0.03392997973180156,0.019487935649445787,0.01491168157330322
49.836734722980935,31.844655214160724,5.867364614685959,0.03315205956339645,0.040512064329327246,0.01508831890998294,0.033929979761597284,0.019487935670672807,0.014911681090017073
49.84151350506088,31.848461552133145,5.859759064019217,0.03315205953483802,0.04051206430865606,0.015088319383028598,0.03392997979015572,0.019487935691343994,0.014911680616971415
49.84629248620547,31.852268100250164,5.852161451373164,0.033152059507577825,0.04051206428852633,0.015088319846017176,0.03392997981741591,0.019487935711473725,0.014911680153982837
49.8510716664075,31.856074858506034,5.844571777375133,0.03315205948131522,0.040512064268924286,0.015088320299127739,0.033929979843678515,0.019487935731075767,0.014911679700872274
49.855851045659776,31.859881826895055,5.836990042652452,0.033152059455990646,0.04051206424983539,0.01508832074253516,0.03392997986900309,0.019487935750164664,0.014911679257464852
49.86063062395516,31.86368900541156,5.8294162478324445,0.03315205943151606,0.04051206423124576,0.015088321176410055,0.03392997989347768,0.019487935768754294,0.014911678823589958
49.86541040128651,31.86749639404985,5.821850393542436,0.03315205940784077,0.04051206421314146,0.015088321600918858,0.033929979917152964,0.01948793578685859,0.014911678399081155
49.87019037764671,31.871303992804307,5.814292480409755,0.03315205938493032,0.04051206419550896,0.015088322016223982,0.033929979940063415,0.019487935804491097,0.014911677983776031
49.87497055302869,31.8751118016693,5.806742509061735,0.0331520593627902,0.040512064178335194,0.015088322422483702,0.03392997996220354,0.01948793582166486,0.01491167757751631
49.87975092742542,31.87891982063924,5.799200480124949,0.033152059341407136,0.040512064161607686,0.015088322819852368,0.0339299799835866,0.019487935838392367,0.014911677180147645
49.88453150082984,31.88272804970852,5.7916663942250475,0.03315205932075371,0.04051206414531394,0.015088323208480331,0.033929980004240023,0.01948793585468611,0.014911676791519682
49.88931227323498,31.886536488871585,5.784140251989225,0.033152059300802394,0.04051206412944214,0.015088323588514044,0.03392998002419134,0.019487935870557915,0.014911676411485969
49.89409324463385,31.89034513812291,5.776622054045133,0.033152059281524704,0.04051206411398034,0.015088323960096087,0.03392998004346903,0.019487935886019714,0.014911676039903926
49.89887441501949,31.89415399745696,5.769111801020851,0.03315205926289083,0.040512064098917,0.015088324323365238,0.033929980062102905,0.019487935901083053,0.014911675676634775
49.90365578438501,31.89796306686823,5.761609493544811,0.03315205924485959,0.04051206408423963,0.01508832467824428,0.03392998008013415,0.019487935915760424,0.014911675321755732
49.908437352723425,31.901772346351194,5.754115132245586,0.03315205922737913,0.04051206406993557,0.015088325023975974,0.03392998009761461,0.01948793593006448,0.014911674976024039
49.913219120027705,31.905581835900264,5.746628717751461,0.033152059210402485,0.040512064055992,0.015088325360619534,0.03392998011459125,0.01948793594400805,0.014911674639380479
49.918001086290786,31.909391535509826,5.73915025069036,0.033152059193884365,0.04051206404239632,0.015088325688227142,0.03392998013110937,0.01948793595760373,0.014911674311772871
49.92278325150566,31.913201445174302,5.7316797316897885,0.03315205917778263,0.04051206402913593,0.015088326006843622,0.0339299801472111,0.019487935970864123,0.01491167399315639
49.92756561566527,31.9170115648881,5.724217161376924,0.033152059162059544,0.040512064016198,0.015088326316506362,0.03392998016293419,0.01948793598380205,0.01491167368349365
49.93234817876263,31.92082189464564,5.71676254037874,0.03315205914666497,0.04051206400356905,0.015088326617378009,0.03392998017832877,0.019487935996431005,0.014911673382622004
49.93713094079072,31.924632434441378,5.709315869322124,0.033152059131539124,0.04051206399123508,0.015088326909580965,0.03392998019345461,0.019487936008764972,0.014911673090419048
49.94191390174258,31.92844318426976,5.701877148832954,0.03315205911665159,0.040512063979181556,0.015088327193154671,0.03392998020834215,0.019487936020818497,0.014911672806845341
49.94669706161124,31.932254144125253,5.6944463795376725,0.03315205910198066,0.040512063967394374,0.015088327468131837,0.03392998022301308,0.01948793603260568,0.014911672531868175
49.95148042038976,31.936065314002335,5.687023562063134,0.03315205908750257,0.04051206395585888,0.015088327734538151,0.033929980237491164,0.019487936044141174,0.014911672265461862
49.95626397807116,31.93987669389547,5.679608697038312,0.033152059073207396,0.040512063944561416,0.01508832799239189,0.03392998025178634,0.019487936055438637,0.014911672007608123
49.96104773464852,31.94368828379914,5.672201785090861,0.03315205905909391,0.04051206393348805,0.015088328241703489,0.03392998026589983,0.019487936066512,0.014911671758296524
49.96583169011488,31.947500083707837,5.664802826849108,0.03315205904516755,0.04051206392262541,0.015088328482475044,0.03392998027982619,0.019487936077374646,0.014911671517524969
49.97061584446332,31.951312093616025,5.65741182294015,0.033152059031440084,0.040512063911960494,0.01508832871469959,0.03392998029355365,0.01948793608803956,0.014911671285300424
49.97540019768687,31.955124313518198,5.650028773990439,0.03315205901792695,0.040512063901481044,0.015088328938360498,0.03392998030706679,0.01948793609851901,0.014911671061639514
49.98018474977858,31.958936743408835,5.64265368062667,0.03315205900464646,0.04051206389117484,0.015088329153430599,0.033929980320347275,0.01948793610882521,0.014911670846569414
49.984969500731545,31.962749383282414,5.635286543476609,0.033152058991617106,0.04051206388103068,0.015088329359871089,0.03392998033337663,0.019487936118969373,0.014911670640128924
49.9897544505388,31.966562233133416,5.627927363167255,0.033152058978855925,0.04051206387103756,0.015088329557630356,0.03392998034613781,0.01948793612896249,0.014911670442369657
49.994539599193374,31.970375292956305,5.6205761403255226,0.03315205896635848,0.040512063861184944,0.015088329746642593,0.03392998035863526,0.01948793613881511,0.01491167025335742
49.99932494668832,31.97418856274554,5.613232875578549,0.03315205895413764,0.04051206385146233,0.015088329926825989,0.033929980370856094,0.01948793614853772,0.014911670073174024
50.00411049301664,31.978002042495582,5.605897569583884,0.03315205894220369,0.04051206384186057,0.015088330098080832,0.03392998038279005,0.019487936158139485,0.01491166990191918
50.00889623817136,31.98181573220088,5.598570222965137,0.033152058930821904,0.04051206383237188,0.015088330260286942,0.03392998039417183,0.019487936167628173,0.014911669739713071
50.01368218214547,31.985629631855844,5.591250836347848,0.03315205892003009,0.04051206382299,0.015088330413300821,0.033929980404963644,0.019487936177010057,0.014911669586699192
50.01846832493195,31.989443741454906,5.583939410356434,0.033152058909801496,0.04051206381370881,0.015088330556952106,0.03392998041519224,0.019487936186291244,0.014911669443047906
50.02325466652371,31.99325806099244,5.576635945615331,0.03315205890013456,0.0405120638045226,0.015088330691039417,0.033929980424859174,0.01948793619547745,0.014911669308960596
50.0280412069137,31.99707259046282,5.569340442749097,0.033152058891028124,0.04051206379542688,0.015088330815325152,0.03392998043396561,0.019487936204573175,0.014911669184674861
50.03282794609477,32.00088732986039,5.562052902382448,0.03315205888248146,0.04051206378641731,0.015088330929529284,0.033929980442512275,0.019487936213582746,0.014911669070470729
50.03761488405978,32.00470227917945,5.5547733251402995,0.03315205887449485,0.0405120637774905,0.015088331033331945,0.03392998045049889,0.01948793622250955,0.014911668966668068
50.042402020801504,32.00851743841427,5.547501711647776,0.0331520588670674,0.040512063768643136,0.015088331126376087,0.033929980457926334,0.019487936231356917,0.014911668873623926
50.04718935631267,32.01233280755907,5.540238062530221,0.033152058860195066,0.040512063759872374,0.015088331208207836,0.03392998046479867,0.01948793624012768,0.014911668791792176
50.05197689058595,32.016148386608016,5.532982378413189,0.033152058853867905,0.04051206375117539,0.015088331278289735,0.03392998047112583,0.019487936248824667,0.014911668721710278
50.0567646236139,32.01996417555521,5.5257346599410875,0.033152058848068766,0.04051206374254901,0.015088331335983807,0.03392998047692497,0.019487936257451044,0.014911668664016206
50.06155255538903,32.02378017439468,5.518494907714891,0.033152058842770504,0.04051206373398997,0.01508833138053059,0.03392998048222323,0.019487936266010086,0.014911668619469423
50.06634068590368,32.02759638312036,5.511263122360793,0.03315205883793493,0.04051206372549376,0.015088331411023129,0.03392998048705881,0.01948793627450629,0.014911668588976884
50.071129015150106,32.03141280172608,5.504039304505133,0.03315205883351274,0.04051206371705551,0.01508833142637464,0.03392998049148099,0.01948793628294454,0.014911668573625372
50.07591754312031,32.03522943020549,5.496823454774357,0.0331520588294425,0.0405120637086685,0.015088331425277934,0.03392998049555124,0.019487936291331553,0.014911668574722078
50.0807062698062,32.03904626855217,5.489615573795022,0.03315205882565153,0.04051206370032451,0.015088331406154884,0.033929980499342205,0.019487936299675546,0.014911668593845129
50.08549519519935,32.042863316759444,5.482415662193768,0.03315205882205602,0.04051206369201349,0.015088331367092395,0.03392998050293772,0.019487936307986564,0.014911668632907618
50.090284319291094,32.04668057482041,5.475223720597292,0.033152058818561425,0.04051206368372312,0.015088331305761926,0.03392998050643231,0.019487936316276933,0.014911668694238087
50.09507364207238,32.05049804272789,5.468039749632319,0.03315205881506206,0.04051206367543808,0.015088331219317352,0.03392998050993168,0.019487936324561972,0.01491166878068266
50.099863163533726,32.05431572047438,5.460863749925583,0.03315205881144029,0.040512063667139886,0.01508833110426494,0.03392998051355345,0.019487936332860167,0.014911668895735072
50.10465288366511,32.0581336080519,5.453695722103831,0.033152058807502105,0.04051206365880494,0.015088330956297483,0.03392998051749163,0.01948793634119511,0.01491166904370253
50.10944280245583,32.06195170545199,5.446535666793752,0.03315205880299987,0.040512063650403274,0.015088330770081773,0.03392998052199386,0.01948793634959678,0.01491166922991824
50.114232919894405,32.06577001266554,5.439383584621978,0.03315205879779626,0.040512063641900076,0.015088330538984951,0.03392998052719748,0.019487936358099978,0.014911669461015062
50.11902323596828,32.069588529682605,5.432239476215049,0.03315205879172911,0.04051206363325438,0.015088330254720936,0.033929980533264625,0.019487936366745673,0.014911669745279077
50.12381375066364,32.07340725649227,5.425103342198419,0.03315205878460026,0.04051206362441728,0.015088329906891629,0.03392998054039348,0.01948793637558277,0.014911670093108384
50.12860446396507,32.077226193082296,5.417975183196978,0.03315205877616645,0.04051206361533022,0.0150883294823881,0.03392998054882729,0.019487936384669835,0.014911670517611914
50.13339537585511,32.081045339438916,5.410854999836525,0.03315205876612676,0.04051206360592169,0.015088328964604741,0.03392998055886698,0.019487936394078365,0.014911671035395271
50.13818648631373,32.08486469554627,5.403742792742659,0.03315205875410582,0.04051206359610382,0.01508832833239955,0.03392998057088792,0.019487936403896233,0.014911671667600462
50.14297779531766,32.08868426138598,5.396638562540584,0.03315205873963184,0.04051206358576842,0.015088327558702513,0.033929980585361896,0.019487936414231632,0.0149116724412975
50.14776930283942,32.092504036936326,5.389542309854968,0.03315205872227711,0.04051206357477982,0.01508832660862594,0.033929980602716625,0.01948793642522023,0.014911673391374072
50.15256100884615,32.09632402217136,5.382454035309805,0.03315205870147864,0.04051206356296738,0.01508832543683325,0.0339299806235151,0.01948793643703267,0.014911674563166763
50.15735291329797,32.100144217059615,5.375373739528235,0.03315205867626292,0.04051206355011422,0.01508832398373594,0.03392998064873082,0.019487936449885834,0.014911676016264072
50.16214501614577,32.10396462156232,5.368301423132224,0.03315205864534443,0.04051206353594239,0.015088322169678883,0.03392998067964931,0.019487936464057665,0.01491167783032113
50.16693731732813,32.107785235631034,5.3612370867422205,0.03315205860699161,0.0405120635200894,0.015088319885322651,0.03392998071800213,0.01948793647991065,0.014911680114677361
50.1717298167667,32.11160605920395,5.354180730976556,0.03315205855877523,0.04051206350207276,0.01508831697411446,0.033929980766218504,0.019487936497927294,0.014911683025885553
50.1765225143589,32.11542709220016,5.347132356450574,0.0331520584971311,0.040512063481224325,0.015088313196270672,0.03392998082786264,0.019487936518775728,0.01491168680372934
50.18131540996499,32.11924833450948,5.340091963775063,0.03315205841636071,0.04051206345656283,0.01508830814889095,0.03392998090863303,0.019487936543437223,0.014911691851109063
50.18610850338283,32.12306978597255,5.333059553562119,0.033152058306229915,0.04051206342651009,0.015088301067984575,0.03392998101876382,0.01948793657348996,0.014911698932015438
50.19090179429186,32.126891446336636,5.326035126404808,0.03315205814587058,0.040512063388206065,0.015088290316923353,0.03392998117912316,0.019487936611793988,0.01491170968307666
50.1956952821177,32.130713315149,5.319018682861311,0.033152057889072106,0.040512063335853166,0.015088272152870758,0.03392998143592163,0.019487936664146888,0.014911727847129255
50.2004889657055,32.13453539149935,5.31201022342165,0.03315205742555433,0.040512063256481656,0.015088237450950698,0.03392998189943941,0.019487936743518397,0.014911762549049315
50.205282842484884,32.13835767336167,5.305009748410584,0.033152056482921355,0.04051206311919614,0.015088163418697176,0.03392998284207238,0.019487936880803913,0.014911836581302837
50.21007690634936,32.142180155922745,5.298017257737058,0.03315205437654212,0.04051206284777836,0.015087992450504503,0.03392998494845162,0.01948793715222169,0.01491200754949551
50.21487114225479,32.146002827324516,5.29103275025615,0.03315204951472456,0.04051206226128501,0.015087591456762722,0.03392998981026918,0.019487937738715044,0.01491240854323729
50.21966551450794,32.14982565943239,5.284056222370719,0.03315204725714055,0.04051206159746901,0.015087491622324742,0.03392999206785319,0.019487938402531046,0.014912508377675271
50.22446006991277,32.15364868913777,5.27708767985054,0.033152035388858914,0.040512060169592634,0.015086514727999573,0.03393000393613482,0.01948793983040742,0.01491348527200044
50.22925467230697,32.15747180911073,5.270127107411886,0.03315199630675908,0.04051205610243025,0.015083160724053121,0.03393004301823466,0.019487943897569804,0.014916839275946892
50.23404895272876,32.16129472851028,5.26317446184462,0.033151933462396366,0.040512048054636596,0.015078105609499903,0.03393010586259737,0.019487951945363458,0.01492189439050011
50.23884264744963,32.165117239437066,5.25622971045753,0.03315184360761686,0.04051203466567016,0.015071299110116704,0.033930195717376876,0.019487965334329893,0.014928700889883309
50.24363548509787,32.16893912795854,5.249292818331002,0.033151724920598036,0.040512014655913864,0.015062828136992806,0.0339303144043957,0.01948798534408619,0.014937171863007206
50.24842720794865,32.17276019089175,5.242363750810298,0.03315157624453502,0.04051198686359986,0.015052825469791906,0.03393046308045872,0.019488013136400195,0.014947174530208107
50.253217579024195,32.17658024140103,5.235442474437212,0.03315139671899475,0.04051195024807647,0.01504142880037583,0.033930642605998984,0.019488049751923586,0.014958571199624182
50.25800638283311,32.180399109581764,5.228528957162089,0.03315118565195746,0.04051190388280873,0.015028768331289535,0.033930853673036276,0.019488096117191323,0.014971231668710477
50.262793424186796,32.18421664152828,5.221623168327868,0.03315094248107392,0.04051184694653387,0.015014964527406582,0.03393109684391982,0.019488153053466184,0.01498503547259343
50.26757852667039,32.18803269812923,5.214725078604386,0.03315066658764404,0.040511778702199575,0.015000112559078155,0.033931372737349697,0.01948822129780048,0.014999887440921858
50.27236152869778,32.191847151958285,5.207834659617626,0.03315035790811072,0.04051169852380243,0.014984342951350316,0.03393168141688302,0.019488301476197623,0.015015657048649697
50.277142289001176,32.19565989160273,5.200951884711729,0.033150016125226445,0.04051160586042146,0.014967741520709676,0.03393202319976729,0.01948839413957859,0.015032258479290336
50.28192067966962,32.19947081617585,5.194076728208674,0.03314964102689588,0.040511500231479425,0.014950389553883905,0.033932398298097854,0.01948849976852063,0.015049610446116107
50.28669658543936,32.20327983475805,5.187209165399824,0.033149232522583116,0.04051138122430431,0.014932366164941605,0.03393280680241062,0.019488618775695743,0.015067633835058408
50.29146990335261,32.207086866128336,5.180349172577976,0.033148790591379096,0.04051124848833604,0.01491374396395137,0.03393324873361464,0.019488751511664015,0.015086256036048643
50.29624054174289,32.21089183796485,5.173496726987074,0.033148315275486784,0.04051110172974992,0.014894589578367909,0.03393372404950695,0.019488898270250132,0.015105410421632104
50.30100841930239,32.21469468611007,5.1666518067672484,0.0331478066742224,0.040510940706516285,0.01487496413295189,0.033934232650771334,0.019489059293483768,0.015125035867048123
50.305773464224615,32.218495353895186,5.159814390900305,0.03314726493849324,0.04051076522385749,0.014854923691388383,0.0339347743865005,0.01948923477614256,0.01514507630861163
50.31053561341615,32.22229379151903,5.152984459170469,0.03314669026571643,0.04051057513007594,0.014834519662584422,0.03393534905927731,0.01948942486992411,0.01516548033741559
50.315294811771935,32.226089955477036,5.1461619921224315,0.03314608289514903,0.040510370312717314,0.014813799174451872,0.033935956429844705,0.01948962968728274,0.01518620082554814
50.320051011509015,32.22988380803617,5.139346971022026,0.03314544310359541,0.0405101506950471,0.014792805417797192,0.03393659622139833,0.019489849304952955,0.015207194582202821
50.324804171553836,32.23367531675221,5.132539377819392,0.03314477120146625,0.040509916232812304,0.014771577962704757,0.033937268123527486,0.01949008376718775,0.015228422037295256
50.32955425697902,32.23746445402587,5.12573919511447,0.033144067529162546,0.04050966691126706,0.014750153049632023,0.03393797179583119,0.019490333088732992,0.01524984695036799
50.33430123848542,32.24125119669458,5.118946406124619,0.03314333245375789,0.040509402742439915,0.014728563857228233,0.033938706871235846,0.01949059725756014,0.01527143614277178
50.33904509192591,32.24503552565729,5.112160994654312,0.03314256636595991,0.040509123762623445,0.014706840748740124,0.03393947295903382,0.01949087623737661,0.015293159251259889
50.34378579786744,32.24881742552938,5.105382945066762,0.033141769677323574,0.04050883003007122,0.014685011498719897,0.03394026964767016,0.019491169969928834,0.015314988501280116
50.34852334118858,32.25259688432534,5.0986122422569995,0.03314094281770341,0.040508521622879434,0.01466310150159772,0.033941096507290325,0.01949147837712062,0.015336898498402293
50.35325771070919,32.25637389316704,5.091848871626881,0.03314008623292003,0.04050819863704569,0.014641133963571987,0.03394195309207371,0.019491801362954364,0.015358866036428026
50.35798889885022,32.26014844601558,5.085092819061578,0.03313920038262763,0.04050786118468508,0.014619130079145282,0.033942838942366105,0.019492138815314974,0.015380869920854731
50.36271690132071,32.26392053942458,5.0783440709074705,0.03313828573836497,0.040507509392394114,0.014597109193530161,0.033943753586628767,0.01949249060760594,0.015402890806469852
50.36744171683016,32.26769017231356,5.071602613951356,0.03313734278177566,0.04050714339974826,0.014575088952053714,0.03394469654321808,0.019492856600251796,0.0154249110479463
50.372163346824124,32.27145734575944,5.0648684354009585,0.033136372002842196,0.04050676335792708,0.014553085437598826,0.03394566732215154,0.019493236642072975,0.015446914562401187
50.37688179524103,32.27522206280495,5.058141522866528,0.03313537389865123,0.040506369428449596,0.014531113297036699,0.033946665426342504,0.019493630571550458,0.015468886702963314
50.38159706828877,32.27898432828255,5.0514218643436335,0.033134348971973926,0.0405059617820171,0.014509185857513193,0.03394769035301981,0.019494038217982956,0.01549081414248682
50.38630917423931,32.28274414865244,5.044709448196896,0.03313329773000201,0.0405055405974486,0.014487315233452813,0.03394874159499173,0.019494459402551456,0.0155126847665472
50.391018123239846,32.28650153185386,5.038004263144697,0.03313222068323113,0.04050510606070923,0.014465512424967172,0.03394981864176261,0.019494893939290825,0.01553448757503284
50.39572392713943,32.29025648716828,5.031306298244772,0.033131118344443544,0.040504658364020285,0.01444378740836677,0.03395092098055019,0.019495341635979768,0.015556212591633242
50.400426599329414,32.29400902509375,5.024615542880653,0.03312999122778637,0.04050419770504243,0.014422149219417618,0.033952048097207366,0.01949580229495762,0.015577850780582395
50.40512615459711,32.29775915722946,5.017931986748903,0.033128839847934966,0.04050372428613014,0.014400606029925114,0.03395319947705877,0.019496275713869915,0.015599393970074898
50.409822608991064,32.30150689616958,5.011255619847072,0.03312766471933459,0.04050323831364733,0.014379165218170245,0.03395437460565914,0.019496761686352726,0.015620834781829768
50.41451597969753,32.30525225540586,5.00458643246229,0.033126466355515305,0.040502739997343495,0.014357833433697093,0.03395557296947843,0.019497260002656558,0.01564216656630292
50.41920628492684,32.30899524923808,4.9979244151605755,0.03312524526847199,0.04050222954978239,0.014336616656900253,0.033956794056521744,0.019497770450217666,0.01566338334309976
50.423893543809115,32.31273589269183,4.991269558776665,0.033124001968106664,0.04050170718581986,0.01431552025382997,0.03395803735688707,0.019498292814180196,0.015684479746170044
50.42857777629855,32.31647420144302,4.9846218544044465,0.03312273696172391,0.04050117312212831,0.014294549026596493,0.03395930236326983,0.019498826877871744,0.01570545097340352
50.43325900308541,32.32021019174853,4.977981293387896,0.03312145075358025,0.04050062757676148,0.01427370725972843,0.033960588571413486,0.01949937242323857,0.015726292740271583
50.43793724551532,32.32394388038258,4.9713478673125335,0.03312014384447787,0.040500070768758556,0.01425299876280825,0.03396189548051587,0.019499929231241497,0.015747001237191763
50.44261252551524,32.327675284578326,4.964721567997276,0.03311881673140277,0.04049950291778359,0.014232426909682572,0.03396322259359097,0.01950049708221646,0.01576757309031744
50.44728486552543,32.3314044219743,4.9581023874867665,0.033117469907200825,0.04049892424379603,0.014211994674565173,0.03396456941779291,0.019501075756204023,0.01578800532543484
50.45195428843715,32.33513131056518,4.951490318044106,0.033116103860295676,0.04049833496675337,0.014191704665637295,0.03396593546469806,0.019501665033246685,0.015808295334362718
50.45662081753548,32.338855968656816,4.944885352143927,0.03311471907442359,0.040497735306338656,0.014171559154549679,0.03396732025057014,0.019502264693661397,0.015828440845450334
50.46128447644685,32.342578414824786,4.938287482465885,0.033113316028412776,0.04049712548171441,0.014151560104984529,0.03396872329658096,0.01950287451828564,0.015848439895015484
50.46594528909095,32.346298667876496,4.931696701888387,0.033111895195986785,0.04049650571129959,0.014131709198446321,0.03397014412900695,0.019503494288700463,0.01586829080155369
50.47060327963673,32.35001674681644,4.925113003482608,0.033110457045591124,0.040495876212567616,0.014112007857976033,0.03397158227940261,0.019504123787432437,0.01588799214202398
50.475258472461945,32.35373267081443,4.918536380506895,0.03310900204024364,0.04049523720186399,0.01409245726995735,0.033973037284750096,0.019504762798136066,0.015907542730042662
50.47991089211635,32.357446459176415,4.911966826401417,0.03310753063736288,0.04049458889424046,0.014073058404168726,0.033974508687630856,0.019505411105759596,0.015926941595831287
50.48456056328778,32.3611581313178,4.905404334783036,0.03310604328873967,0.040493931503307545,0.014053812032217984,0.033975996036254064,0.019506068496692508,0.01594618796778203
50.48920751077127,32.364867706739126,4.898848899440455,0.03310454044041433,0.040493265241102194,0.014034718744495266,0.033977498884579405,0.01950673475889786,0.015965281255504747
50.49385175944075,32.36857520500368,4.892300514348565,0.0331030225325919,0.04049259031796831,0.014015778965756558,0.03397901679240184,0.01950740968203174,0.015984221034243455
50.49849333422321,32.372280645717176,4.885759173628036,0.033101489999580014,0.040491906942450195,0.013996992969452914,0.03398054932541372,0.019508093057549858,0.0160030070305471
50.50313226007508,32.375984048509075,4.879224871556017,0.03309994326973964,0.04049121532119798,0.013978360890901827,0.033982096055254096,0.01950878467880207,0.016021639109098186
50.50776856196067,32.379685433015624,4.8726976025640845,0.03309838276544802,0.04049051565888395,0.013959882739397071,0.033983656559545716,0.0195094843411161,0.01604011726060294
50.512402264832524,32.383384818864315,4.866177361234329,0.03309680890307193,0.04048980815810305,0.013941558409339055,0.03398523042192181,0.019510191841897007,0.016058441590660957
50.51703339361352,32.387082225659796,4.859664142295649,0.03309522209295135,0.040489093018301,0.013923387690465264,0.03398681723204239,0.01951090698169905,0.01607661230953475
50.521661973180585,32.39077767297105,4.8531579406199565,0.033093622739382045,0.04048837043784953,0.01390537027719252,0.03398841658561169,0.019511629562150523,0.016094629722807494
50.52628802834987,32.39447118031959,4.846658751218964,0.03309201124062122,0.04048764061289001,0.013887505777329251,0.033990028084372514,0.019512359387110045,0.016112494222670762
50.5309115838631,32.398162767168856,4.840166569240869,0.033090387988912784,0.04048690373729058,0.013869793720016045,0.03399165133608095,0.019513096262709473,0.016130206279983968
50.535532664375495,32.40185245291449,4.833681389967168,0.033088753370489055,0.0404861600015512,0.013852233563025222,0.03399328595450468,0.019513839998448856,0.01614776643697479
50.54015129444463,32.40554025687575,4.827203208809472,0.03308710776558893,0.04048540959486824,0.013834824699400373,0.033994931559404806,0.019514590405131815,0.01616517530059964
50.54476749852042,32.40922619828743,4.8207320213066716,0.03308545154848569,0.040484652704115665,0.01381756646368372,0.03399658777650805,0.01951534729588439,0.016182433536316293
50.54938130093588,32.41291029629267,4.814267823122129,0.033083785087517914,0.04048388951377757,0.013800458137576632,0.03399825423747582,0.019516110486222482,0.01619954186242338
50.55399272589904,32.41659256993657,4.807810610040947,0.03308210874512446,0.040483120205936474,0.013783498955136558,0.033999930579869275,0.01951687979406358,0.016216501044863454
50.55860179748555,32.420273038160275,4.80136037796734,0.03308042287788332,0.04048234496026215,0.013766688107549177,0.034001616447110417,0.019517655039737902,0.016233311892450836
50.563208539632036,32.42395171979583,4.7949171229220795,0.03307872783655408,0.040481563954003874,0.01375002474751285,0.03400331148843966,0.01951843604599618,0.016249975252487163
50.56781297613014,32.427628633561405,4.788480841040001,0.03307702396612355,0.0404807773619868,0.013733507993260279,0.03400501535887018,0.019519222638013256,0.016266492006739734
50.57241513062124,32.43130379805715,4.78205152856766,0.03307531160585375,0.04047998535661029,0.013717136932255361,0.034006727719139984,0.01952001464338976,0.016282863067744652
50.577015026591724,32.43497723176148,4.77562918186098,0.03307359108933272,0.04047918810784845,0.013700910624582195,0.034008448235661015,0.0195208118921516,0.016299089375417818
50.58161268736879,32.438648953027716,4.769213797383033,0.03307186274452806,0.04047838578325419,0.013684828106056965,0.03401017658046568,0.019521614216745864,0.016315171893943048
50.586208136116724,32.442318980081176,4.7628053717018695,0.03307012689384037,0.0404775785479643,0.013668888391081428,0.03401191243115337,0.019522421452035754,0.016331111608918585
50.59080139583366,32.44598733101661,4.756403901488409,0.03306838385430594,0.04047676656470822,0.013653090475261878,0.0340136554706878,0.01952323343529183,0.016346909524738135
50.59539248934871,32.449654023795915,4.75000938351438,0.03306663393780923,0.04047594999382903,0.013637433353027126,0.034015405387184505,0.019524050006171023,0.016362566646972887
50.59998143932195,32.45331907624815,4.743621814650753,0.033064877450414476,0.040475128993285314,0.013621915991339273,0.03401716187457926,0.01952487100671474,0.01637808400866074
50.604568268240186,32.456982506066154,4.737241191865439,0.03306311469282275,0.04047430371866079,0.01360653734180238,0.03401892463217099,0.019525696281339266,0.016393462658197633
50.60915299841458,32.4606443308047,4.730867512221376,0.033061345960463506,0.040473474323179104,0.013591296345787658,0.03402069336453023,0.01952652567682095,0.016408703654212355
50.61373565197923,32.46430456787935,4.724500772874659,0.033059571543556265,0.04047264095693831,0.013576191936115763,0.03402246778143747,0.019527359043061743,0.01642380806388425
50.61831625088998,32.467963234565524,4.718140971072653,0.03305779172717149,0.04047180376542936,0.013561223038554962,0.034024247597822244,0.019528196234570694,0.01643877696144505
50.62289481692363,32.47162034799788,4.711788104151863,0.03305600679128656,0.0404709628952003,0.013546388573097423,0.03402603253370717,0.01952903710479975,0.01645361142690259
50.62747137167686,32.475275925169406,4.705442169536817,0.03305421701085837,0.04047011849049359,0.013531687455469309,0.03402782231413537,0.019529881509506464,0.016468312544530704
50.63204593656558,32.478929982931014,4.699103164738403,0.03305242265588615,0.040469270693280435,0.013517118598308182,0.03402961666910759,0.01953072930671962,0.01648288140169183
50.636618532824635,32.48258253799116,4.692771087352274,0.03305062399147529,0.040468419643279796,0.013502680912239703,0.034031415333518444,0.019531580356720257,0.01649731908776031
50.64118918150753,32.486233606915754,4.686445935057225,0.03304882127790115,0.040467565478521095,0.013488373306860861,0.034033218047092584,0.01953243452147896,0.01651162669313915
50.64575790348637,32.48988320612799,4.680127705613775,0.03304701477067373,0.040466708334629176,0.013474194691668398,0.034035024554320004,0.019533291665370878,0.016525805308331615
50.650324719451945,32.493531351908516,4.673816396862721,0.03304520472060046,0.040465848345126454,0.01346014397686187,0.03403683460439327,0.0195341516548736,0.016539856023138143
50.65488964991395,32.49717806039551,4.667512006723624,0.0330433913995552,0.04046498564315193,0.013446222452121875,0.03403864792543854,0.019535014356848124,0.016553777547878137
50.659452715581466,32.50082334788518,4.661214533256962,0.03304157502488042,0.04046412035799357,0.013432426471894923,0.034040464300113316,0.019535879642006482,0.01656757352810509
50.66401393657402,32.504467230208746,4.654923974532127,0.03303975583349611,0.04046325262566919,0.013418754967014897,0.03404228349149763,0.019536747374330865,0.016581245032985116
50.6685733328327,32.5081097230571,4.648640328694832,0.033037934057906226,0.04046238257661555,0.01340520687103497,0.03404410526708751,0.0195376174233845,0.016594793128965044
50.67313092412104,32.51175084198145,4.642363593965173,0.03303610992625672,0.040461510324255656,0.013391781120591452,0.03404592939873702,0.019538489675744397,0.01660821887940856
50.67768673002724,32.51539060239514,4.636093768633835,0.033034283662351116,0.04046063599672495,0.01337847665498839,0.03404775566264262,0.019539364003275106,0.016621523345011623
50.68224076996284,32.51902901957252,4.629830851063535,0.03303245548575423,0.04045975971643173,0.013365292417757128,0.034049583839239506,0.019540240283568322,0.016634707582242884
50.68679306316398,32.52266610864998,4.623574839687161,0.033030625611840614,0.04045888149761112,0.013352227356839788,0.03405141371315312,0.019541118502388932,0.016647772643160225
50.69134362870341,32.52630188463564,4.617325732988805,0.03302879425161437,0.04045800151595763,0.013339280418714967,0.03405324507337937,0.019541998484042422,0.016660719581285045
50.69589248547294,32.52993636239513,4.61108352952978,0.03302696161201907,0.04045711990417289,0.013326450558655528,0.03405507771297467,0.019542880095827164,0.016673549441344485
50.700439652189445,32.53356955665642,4.604848227940463,0.033025127896153694,0.04045623677215954,0.013313736738837734,0.03405691142884004,0.019543763227840516,0.01668626326116228
50.70498514739815,32.53720148201247,4.598619826915731,0.03302329330315468,0.04045535222793334,0.013301137927023338,0.03405874602183906,0.019544647772066714,0.016698862072976675
50.709528989473675,32.54083215292208,4.592398325213866,0.033021458028254125,0.04045446637765249,0.013288653096830548,0.03406058129673961,0.019545533622347566,0.016711346903169465
50.71407119662105,32.54446158371056,4.586183721655448,0.03301962226283689,0.04045357932564719,0.013276281227978845,0.03406241706215685,0.01954642067435286,0.016723718772021168
50.718611786876764,32.54808978857068,4.579976015122147,0.03301778619449708,0.04045269117445133,0.013264021306508451,0.03406425313049666,0.019547308825548726,0.01673597869349156
50.723150778109826,32.5517167815635,4.57377520455567,0.033015950007094896,0.040451802024834616,0.01325187232497465,0.03406608931789884,0.019548197975165438,0.016748127675025364
50.72768818802297,32.5553425766192,4.567581288956729,0.03301411388080666,0.040450911975838166,0.01323983328262019,0.034067925444187075,0.019549088024161887,0.016760166717379822
50.73222403415367,32.558967187538045,4.561394267383985,0.033012277992163164,0.04045002112481377,0.013227903185532117,0.03406976133283057,0.01954997887518628,0.016772096814467896
50.73675833387546,32.56259062799124,4.555214138953039,0.03301044251415458,0.0404491295674696,0.013216081046778363,0.034071596810839155,0.019550870432530454,0.01678391895322165
50.74129110439904,32.56621291152194,4.5490409028354275,0.03300860761625579,0.04044823740237813,0.013204365886526806,0.034073431708737945,0.019551762597621924,0.016795634113473207
50.745822362772984,32.56983405154576,4.5428745582583865,0.0330067734645047,0.040447344729317936,0.013192756732477093,0.034075265860489035,0.019552655270682118,0.01680724326752292
50.75035212588481,32.57345406135155,4.536715104504349,0.0330049402215572,0.040446451628211866,0.013181252620077341,0.03407709910343654,0.019553548371788187,0.01681874737992267
50.75488041046413,32.577072954104,4.530562540907057,0.03300310804666701,0.04044555818389928,0.01316985259135662,0.03407893127832673,0.019554441816100776,0.016830147408643394
50.75940723308311,32.58069074284391,4.524416866851648,0.03300127709576112,0.040444664433510635,0.013158555695473008,0.03408076222923262,0.019555335566489418,0.016841444304527005
50.76393261016264,32.58430744049322,4.518278081766127,0.0329994475214041,0.04044377008959571,0.013147360986183312,0.034082591803589635,0.019556229910404344,0.0168526390138167
50.76845655800753,32.58792305988339,4.512146185067018,0.03299761947218294,0.04044287515488476,0.013136267503939196,0.0340844198528108,0.019557124845115292,0.016863732496060817
50.77297909277337,32.59153761372866,4.506021176206351,0.032995793093334114,0.04044198124465398,0.013125274292932455,0.03408624623165962,0.019558018755346074,0.016874725707067557
50.77750023029493,32.5951511144873,4.499903054937098,0.032993968530186324,0.04044108740103719,0.01311438049691964,0.03408807079480741,0.019558912598962863,0.016885619503080374
50.7820199863767,32.598763574596205,4.493791820889677,0.03299214592285621,0.04044019370248575,0.013103585201310955,0.03408989340213753,0.019559806297514304,0.016896414798689058
50.78653837667281,32.602375006373954,4.48768747374106,0.032990325408443655,0.04043930022658898,0.013092887499162216,0.03409171391655008,0.019560699773411072,0.016907112500837797
50.79105541668828,32.605985422021845,4.48159001321407,0.03298850712107948,0.04043840704911755,0.01308228649120903,0.034093532203914256,0.0195615929508825,0.016917713508790982
50.795571121780256,32.60959483362482,4.475499439076496,0.032986691191971285,0.040437514244291484,0.013071781285835436,0.03409534813302245,0.01956248575570857,0.016928218714164577
50.80008550715941,32.6132032531526,4.469415751140271,0.03298487774944958,0.040436621884369695,0.01306137099905437,0.034097161575544155,0.01956337811563036,0.016938629000945643
50.80459858789126,32.616810692460675,4.463338949260608,0.03298306691901204,0.04043573004190226,0.013051054754460202,0.0340989724059817,0.01956426995809779,0.01694894524553981
50.80911037889726,32.62041716329122,4.4572690333355,0.032981258823370996,0.040434838788513894,0.013040831683307691,0.03410078050162274,0.01956516121148616,0.016959168316692322
50.81362089495603,32.62402267727401,4.451206003305018,0.03297945358249921,0.0404339481945879,0.013030700924508518,0.03410258574249453,0.019566051805412155,0.016969299075491495
50.81813015070465,32.627627245927485,4.4451498591506144,0.03297765131367347,0.040433058329261085,0.013020661624602976,0.034104388011320264,0.01956694167073897,0.016979338375397036
50.822638160639954,32.63123088065971,4.439100600894385,0.03297585213151716,0.040432169260356976,0.013010712937725481,0.03410618719347658,0.019567830739643077,0.01698928706227453
50.827144939119776,32.63483359276938,4.433058228598363,0.03297405614804366,0.040431281054399915,0.013000854025564633,0.034107983176950074,0.01956871894560014,0.01699914597443538
50.83165050036425,32.638435393446855,4.427022742363794,0.03297226347269622,0.04043039377584362,0.01299108405731611,0.03410977585229752,0.019569606224156433,0.017008915942683903
50.83615485845708,32.64203629377519,4.420994142330307,0.032970474212386136,0.04042950748525859,0.012981402209589446,0.0341115651126076,0.019570492514741467,0.017018597790410567
50.8406580273472,32.64563630473137,4.414972428674858,0.032968688471528285,0.04042862224483795,0.012971807666208209,0.03411335085346545,0.0195713777551621,0.017028192333791804
50.84516002084959,32.64923543718697,4.408957601612084,0.03296690635209243,0.04042773811533085,0.012962299618370629,0.03411513297290131,0.019572261884669206,0.017037700381629384
50.84966085264655,32.6528337019092,4.402949661392342,0.03296512795364065,0.04042685515638056,0.012952877264581691,0.03411691137135309,0.019573144843619494,0.01704712273541832
50.85416053628893,32.65643110956186,4.396948608301722,0.03296335337336642,0.04042597342640558,0.012943539810605809,0.034118685951627314,0.019574026573594472,0.017056460189394204
50.858659085197374,32.660027670706235,4.390954442661381,0.0329615827061307,0.040425092982512956,0.012934286469411915,0.03412045661886304,0.019574907017487098,0.017065713530588097
50.86315651266351,32.663623395802176,4.384967164826897,0.032959816044499435,0.04042421388040113,0.012925116461111129,0.0341222232804943,0.019575786119598926,0.017074883538888884
50.867652831851146,32.66721829520894,4.378986775187601,0.03295805347878017,0.04042333617435567,0.012916029012890913,0.03412398584621357,0.01957666382564438,0.0170839709871091
50.872148055797624,32.67081237918623,4.373013274165931,0.03295629509705744,0.040422459914474795,0.012907023358947722,0.034125744227936294,0.019577540085525258,0.01709297664105229
50.876642197415165,32.67440565789536,4.367046662216343,0.032954540985223046,0.04042158515281752,0.012898098740258199,0.03412749833977069,0.019578414847182535,0.017101901259741814
50.88113526949175,32.6779981413999,4.361086939825397,0.032952791227017775,0.04042071194122221,0.01288925440472155,0.03412924809797596,0.019579288058777844,0.017110745595278462
50.885627284692205,32.68158983966646,4.355134107510883,0.03295104590406883,0.04041984032981466,0.01288048960715886,0.034130993420924904,0.019580159670185393,0.017119510392841153
50.890118255559415,32.68518076256576,4.349188165821358,0.03294930509592231,0.040418970367171125,0.012871803609218836,0.034132734229071426,0.019581029632828928,0.017128196390781177
50.894608194515484,32.68877091987346,4.343249115335521,0.03294756888007816,0.04041810210045654,0.012863195679295322,0.03413447044491558,0.01958189789954351,0.01713680432070469
50.899097113863014,32.69236032127118,4.337316956661566,0.03294583733202139,0.04041723557192711,0.012854665092454677,0.03413620199297235,0.01958276442807294,0.017145334907545336
50.903585025786505,32.69594897634766,4.33139169043603,0.03294411052524859,0.04041637082647692,0.012846211130159345,0.03413792879974514,0.01958362917352313,0.017153788869840668
50.90807194235312,32.699536894599284,4.3254733173238264,0.032942388531307765,0.04041550790812598,0.012837833080446656,0.03413965079368597,0.019584492091874073,0.017162166919553357
50.91255787551375,32.70312408543098,4.31956183801774,0.0329406714198312,0.04041464685866952,0.012829530237885918,0.034141367905162534,0.01958535314133053,0.017170469762114095
50.917042837104276,32.70671055815715,4.313657253237698,0.03293895925856466,0.0404137877194386,0.012821301903452043,0.03414308006642908,0.019586212280561455,0.01717869809654797
50.92152683884653,32.710296322002485,4.307759563730338,0.03293725211339965,0.040412930532213065,0.012813147384509137,0.034144787211594085,0.01958706946778699,0.017186852615490876
50.92600989234925,32.7138813861027,4.301868770268727,0.032935550048407536,0.0404120753377204,0.012805065994840624,0.0341464892765862,0.019587924662279654,0.01719493400515939
50.93049200910921,32.71746575950537,4.295984873651855,0.03293385312586938,0.04041122217565751,0.012797057054587127,0.03414818619912435,0.01958877782434254,0.017202942945412886
50.93497320051219,32.72104945117078,4.290107874704069,0.03293216140630645,0.04041037108470802,0.01278911989018365,0.03414987791868729,0.019589628915292034,0.017210880109816362
50.93945347783415,32.72463246997276,4.2842377742745015,0.032930474948508814,0.040409522102555995,0.012781253834298553,0.03415156437648492,0.01959047789744406,0.01721874616570146
50.9439328522422,32.72821482469952,4.278374573236864,0.03292879380956487,0.040408675259456794,0.012773458225773755,0.034153245515428865,0.01959132474054326,0.017226541774226257
50.94841133479641,32.73179652405506,4.272518272487789,0.032927118044876746,0.04040783059030273,0.012765732409189677,0.03415492128011699,0.019592169409697324,0.017234267590810336
50.95288893645012,32.73537757665939,4.266668872947216,0.032925447708199496,0.040406988129673416,0.012758075735162556,0.03415659161679424,0.019593011870326638,0.017241924264837456
50.95736566805094,32.73895799104932,4.260826375558066,0.03292378284010694,0.0404061479106988,0.012750486485686018,0.034158256484886795,0.019593852089301256,0.017249513514313995
50.96184154016685,32.742537775541,4.254990781251465,0.03292212350268925,0.040405309966466796,0.012742965223045764,0.03415991582230449,0.019594690033533257,0.01725703477695425
50.966316563457326,32.7461169385233,4.249162091018361,0.03292046974500523,0.04040447432926908,0.012735511305016198,0.034161569579988504,0.019595525670730973,0.017264488694983815
50.97079074847733,32.749695488302834,4.243340305871121,0.03291882161480303,0.04040364103060978,0.012728124117470617,0.03416321771019071,0.01959635896939027,0.017271875882529396
50.975264105681916,32.75327343310761,4.2375254268438045,0.03291717915809106,0.04040281010119218,0.012720803029667362,0.03416486016690268,0.019597189898807876,0.01727919697033265
50.97973664542354,32.756850781084864,4.231717454991018,0.03291554241938044,0.04040198157092756,0.012713547417062099,0.0341664969056133,0.019598018429072495,0.017286452582937914
50.98420837795306,32.76042754030196,4.2259163913875195,0.03291391144171646,0.040401155468948236,0.01270635666166503,0.03416812788327728,0.019598844531051818,0.017293643338334982
50.98867931342089,32.76400371874716,4.220122237127846,0.03291228626670378,0.04040033182361846,0.01269923015192171,0.03416975305828995,0.01959966817638159,0.017300769848078303
50.99314946187806,32.76757932433052,4.214334993325906,0.032910666934533206,0.04039951066254588,0.012692167282599927,0.03417137239046053,0.019600489337454174,0.017307832717400086
50.9976188332772,32.77115436488468,4.208554661114644,0.032909053484005524,0.04039869201259483,0.012685167454681415,0.03417298584098821,0.019601307987405225,0.017314832545318598
51.002087437473676,32.77472884816575,4.202781241645131,0.03290744595255651,0.04039787589989807,0.012678230075258486,0.03417459337243722,0.01960212410010198,0.017321769924741527
51.006555284226536,32.778302781854016,4.197014736087173,0.03290584437628147,0.04039706234986862,0.012671354557435129,0.03417619494871227,0.019602937650131436,0.017328645442564884
51.01102238319953,32.781876173554814,4.191255145628631,0.03290424878995907,0.04039625138721009,0.0126645403202328,0.03417779053503467,0.019603748612789962,0.017335459679767212
51.01548874396215,32.78544903079924,4.185502471474923,0.03290265922707425,0.040395443035925294,0.012657786788499395,0.03417938009791949,0.01960455696407476,0.017342213211500618
51.01995437599051,32.78902136104497,4.179756714848891,0.03290107571984219,0.04039463731932319,0.012651093392822103,0.03418096360515155,0.019605362680676863,0.01734890660717791
51.02441928866836,32.792593171676984,4.174017876991483,0.03289949829923039,0.04039383426008386,0.012644459569443524,0.03418254102576335,0.019606165739916193,0.01735554043055649
51.02888349128804,32.79616447000831,4.168285959158904,0.03289792699498123,0.040393033882772045,0.012637884760183356,0.034184112330012506,0.01960696611722801,0.017362115239816657
51.03334699305108,32.79973526328052,4.162560962624008,0.032896361835640264,0.040392236209576604,0.01263136841251114,0.03418567748935347,0.01960776379042345,0.017368631587488872
51.03780980306939,32.80330555866465,4.156842888675667,0.03289480284857316,0.040391441261737604,0.012624909979357418,0.03418723647642058,0.01960855873826245,0.017375090020642595
51.04227193036613,32.80687536326191,4.151131738666907,0.032893250059987,0.04039064905942785,0.012618508919020263,0.034188789265006736,0.0196093509405722,0.01738149108097975
51.04673338387673,32.81044468410447,4.14542751395043,0.032891703494949576,0.04038985959667368,0.012612164695068324,0.03419033583004416,0.01961014040332637,0.01738783530493169
51.051194172452426,32.814013528158306,4.139730215857608,0.032890163176404474,0.040389072880791965,0.012605876686853153,0.03419187614858926,0.019610927119208088,0.01739412331314686
51.05565430484506,32.81758190231113,4.134039845729756,0.032888629126505475,0.04038828892116547,0.012599644319843159,0.03419341019848826,0.01961171107883458,0.017400355680156854
51.06011378971435,32.821149813378184,4.128356404919612,0.0328871013719349,0.040387507730721695,0.012593467561636408,0.034194937953058835,0.01961249226927836,0.017406532438363605
51.06457263571605,32.82471726817187,4.1226798948096395,0.03288557992941438,0.04038672932721027,0.012587345490227185,0.03419645939557936,0.019613270672789784,0.017412654509772828
51.069030851356004,32.82828427338641,4.117010316782878,0.03288406481849898,0.04038595373482856,0.012581277597012962,0.034197974506494755,0.019614046265171492,0.01741872240298705
51.07348844505701,32.8318508356506,4.111347672237269,0.03288255605773943,0.04038518094942162,0.012575263378510768,0.034199483267254305,0.019614819050578436,0.017424736621489245
51.07794542516255,32.83541696153092,4.105691962581298,0.03288105366482941,0.040384410945850546,0.012569302334589035,0.03420098566016433,0.019615589054149507,0.017430697665410978
51.082401799939575,32.838982657533684,4.1000431892310045,0.032879557656204594,0.040383644192792,0.012563393967249224,0.03420248166878914,0.019616355807208052,0.01743660603275079
51.08685757752619,32.842547930062764,4.094401353685379,0.03287806804842103,0.04038288034268944,0.012557537810428794,0.03420397127657271,0.01961711965731061,0.01744246218957122
51.091312766023925,32.84611278549409,4.0887664573997915,0.03287658485622086,0.04038211903470901,0.012551733379257073,0.03420545446877288,0.019617880965291046,0.01744826662074294
51.09576737349586,32.84967723017427,4.083138501783207,0.032875108092509486,0.040381360805553324,0.012545980171062801,0.03420693123248425,0.01961863919444673,0.01745401982893721
51.10022140786819,32.85324127034089,4.077517488337773,0.03287363777061414,0.040380605564216965,0.01254027772061448,0.0342084015543796,0.01961939443578309,0.017459722279385533
51.104674877003006,32.856804912181374,4.071903418561838,0.032872173902660895,0.04037985333658811,0.012534625559814959,0.03420986542233284,0.01962014666341194,0.017465374440185054
51.10912778868547,32.860368161822564,4.06629629396757,0.03287071649991291,0.04037910412973322,0.012529023225341086,0.034211322825080825,0.01962089587026683,0.017470976774658926
51.113580150626476,32.86393102533286,4.060696116077856,0.03286926557276054,0.040378357938528175,0.012523470257553702,0.034212773752233194,0.019621642061471878,0.01747652974244631
51.11803197046456,32.8674935087238,4.055102886424176,0.0328678211307149,0.04037761475071233,0.012517966199844181,0.034214218194278834,0.01962238524928772,0.01748203380015583
51.12248325576717,32.87105561795098,4.049516606545314,0.03286638318241475,0.040376874547411123,0.012512510598398856,0.03421565614257899,0.01962312545258893,0.017487489401601157
51.12693401403174,32.87461735891502,4.043937277986443,0.03286495173562609,0.040376137343184515,0.012507103001766953,0.034217087589367645,0.01962386265681554,0.01749289699823306
51.13138425268242,32.87817873745883,4.038364902303965,0.03286352679732879,0.04037540314754551,0.012501742962975633,0.034218512527664946,0.019624596852454546,0.01749825703702438
51.13583397907141,32.8817397593687,4.032799481064102,0.032862108373721,0.04037467196954814,0.012496430039224814,0.03421993095127274,0.019625328030451916,0.0175035699607752
51.14028320047958,32.885300430374805,4.0272410158432,0.032860696470235484,0.040373943817775926,0.012491163791847407,0.03422134285475825,0.019626056182224128,0.017508836208152606
51.1447319241172,32.88886075615172,4.021689508227316,0.03285929109155372,0.04037321870049637,0.012485943786267911,0.034222748233440015,0.01962678129950368,0.0175140562137321
51.149180157124576,32.892420742319004,4.016144959812109,0.032857892241621,0.04037249662604592,0.012480769591969886,0.034224147083372736,0.019627503373954136,0.017519230408030127
51.1536279065727,32.89598039444163,4.010607372202697,0.03285649992366185,0.040371777601328374,0.012475640782485975,0.034225539401331884,0.01962822239867168,0.017524359217514038
51.15807517946399,32.89953971803064,4.005076747013285,0.03285511414019138,0.040371061632754224,0.012470556935298013,0.03422692518480236,0.01962893836724583,0.017529443064702
51.16252198273301,32.90309871854364,3.999553085867073,0.03285373489302984,0.04037034872625095,0.01246551763179643,0.034228304431963896,0.019629651273749105,0.017534482368203583
51.16696832324712,32.90665740138536,3.9940363903959417,0.03285236218331633,0.04036963888727563,0.012460522457180566,0.034229677141677406,0.019630361112724426,0.017539477542819447
51.17141420780705,32.91021577190813,3.9885266622403135,0.03285099601152319,0.040368932120862566,0.012455571000531108,0.034231043313470544,0.019631067879137487,0.017544428999468904
51.175859643147604,32.91377383541236,3.983023903048954,0.03284963637746802,0.040368228431583775,0.012450662854742854,0.03423240294752572,0.01963177156841628,0.01754933714525716
51.180304635938306,32.9173315971471,3.977528114478808,0.032848283280326684,0.04036752782358893,0.012445797616466449,0.03423375604466705,0.01963247217641112,0.017554202383533564
51.18474919278402,32.92088906231049,3.9720392981948107,0.03284693671864353,0.040366830300629986,0.012440974886073,0.03423510260635021,0.019633169699370068,0.017559025113927013
51.189193320225556,32.92444623605031,3.966557455869725,0.03284559669034942,0.04036613586608229,0.012436194267619716,0.034236442634644315,0.019633864133917767,0.017563805732380297
51.19363702474027,32.92800312346436,3.9610825891839943,0.03284426319277245,0.0403654445229627,0.012431455368816374,0.03423777613222129,0.019634555477037352,0.01756854463118364
51.1980803127427,32.93155972960104,3.955614699825566,0.03284293622264883,0.04036475627394148,0.012426757800994163,0.0342391031023449,0.01963524372605857,0.01757324219900585
51.20252319058519,32.935116059459766,3.95015378948976,0.03284161577613631,0.04036407112111601,0.012422101179072727,0.034240423548857424,0.019635928878884046,0.017577898820927286
51.206965664558425,32.93867211799145,3.9446998598790968,0.03284030184882475,0.040363389066023714,0.012417485121516213,0.03424173747616899,0.01963661093397634,0.0175825148784838
51.21140774089211,32.942227910099035,3.939252912704722,0.03283899443574817,0.040362710110908306,0.012412909250289247,0.034243044889245566,0.019637289889091747,0.017587090749710765
51.21584942575544,32.9457834406378,3.9338129496888854,0.03283769353139787,0.0403620342576832,0.012408373190887216,0.034244345793595865,0.019637965742316854,0.017591626809112797
51.22029072525764,32.94933871441585,3.9283799725452875,0.03283639912973457,0.040361361507444016,0.012403876572302124,0.034245640195259164,0.019638638492556038,0.01759612342769789
51.22473164544862,32.952893736194625,3.922953983000302,0.032835111224198354,0.04036069186033192,0.012399419027010403,0.03424692810079538,0.019639308139668132,0.01760058097298961
51.22917219231965,32.956448510689384,3.917534982797278,0.03283382980771837,0.040360025316807935,0.012395000190838078,0.03424820951727536,0.01963997468319212,0.017604999809161935
51.23361237180377,32.96000304256958,3.912122973679671,0.03283255487272507,0.04035936187703021,0.012390619702949267,0.034249484452268664,0.019640638122969845,0.017609380297050746
51.23805218977647,32.96355733645936,3.9067179573974826,0.03283128641116018,0.0403587015408608,0.012386277205851726,0.03425075291383356,0.019641298459139256,0.017613722794148287
51.24249165205606,32.96711139693791,3.901319935707182,0.03283002441448829,0.04035804430787576,0.01238197234536599,0.034252014910505446,0.01964195569212429,0.017618027654634022
51.246930764404425,32.97066522853993,3.8959289103719037,0.03282876887370684,0.0403573901773866,0.012377704770600052,0.0342532704512869,0.019642609822613455,0.01762229522939996
51.25136953252738,32.974218835756076,3.8905448831611604,0.03282751977935655,0.04035673914843502,0.012373474133921189,0.034254519545637185,0.019643260851565036,0.017626525866078824
51.25580796207534,32.977772223033355,3.8851678558506766,0.0328262771215313,0.040356091219791834,0.012369280090909554,0.034255762203462436,0.01964390878020822,0.01763071990909046
51.26024605864376,32.98132539477554,3.8797978302232403,0.03282504088988819,0.040355446389978455,0.012365122300340495,0.034256998435105546,0.019644553610021598,0.017634877699659518
51.26468382777374,32.984878355343604,3.874434808066738,0.03282381107365756,0.0403548046572717,0.012361000424157033,0.034258228251336176,0.01964519534272835,0.01763899957584298
51.26912127495247,32.988431109056116,3.869078757367655,0.03282258766165236,0.04035416601970854,0.012356914127441214,0.03425945166334138,0.019645833980291516,0.0176430858725588
51.273558405613805,32.99198366018965,3.863729713022897,0.032821370642277414,0.040353530475089716,0.012352863078386386,0.03426066868271632,0.019646469524910337,0.017647136921613626
51.27799522513874,32.9955360129792,3.8583876767947203,0.032820160003539545,0.04035289802098252,0.012348846948268787,0.03426187932145419,0.019647101979017534,0.017651153051731226
51.2824317382842,32.99908817116381,3.853052650520249,0.03281895574895455,0.04035226864419861,0.012344865436898472,0.03426308357603919,0.019647731355801445,0.01765513456310154
51.286867950911486,33.00264013936133,3.8477246358952453,0.032817757849570806,0.04035164235265065,0.01234091819560823,0.03426428147542293,0.0196483576473494,0.017659081804391782
51.291303868245905,33.006191921684234,3.8424036346931754,0.0328165662922566,0.04035101914321493,0.01233700490476479,0.03426547303273714,0.019648980856785125,0.017662995095235223
51.29573949546191,33.00974352220489,3.837089648691011,0.032815381063518,0.04035039901254295,0.012333125247706446,0.034266658261475735,0.019649600987457105,0.017666874752293567
51.300174837683585,33.013294944956115,3.831782679669063,0.03281420214950692,0.04034978195706318,0.01232927891071594,0.034267837175486815,0.019650218042936873,0.017670721089284074
51.304609899985145,33.016846193931435,3.8264827294108645,0.03281302953602966,0.04034916797298188,0.012325465582993377,0.03426900978896408,0.019650832027018172,0.017674534417006636
51.309044687391435,33.02039727308551,3.8211897997030695,0.03281186320855556,0.04034855705628548,0.012321684956627978,0.03427017611643818,0.01965144294371457,0.017678315043372035
51.31347920487837,33.02394818633449,3.8159038923353377,0.032810703152224396,0.040347949202740596,0.012317936726571076,0.03427133617276934,0.019652050797259457,0.017682063273428937
51.31791345737343,33.02749893755644,3.810625009100196,0.03280954935185515,0.040347344407895225,0.012314220590609146,0.03427248997313859,0.01965265559210483,0.017685779409390867
51.32234744975609,33.03104953059159,3.8053531517935504,0.03280840179195377,0.04034674266707822,0.012310536249336007,0.03427363753303997,0.019653257332921836,0.017689463750664006
51.32678118685834,33.03459996924285,3.8000883222135453,0.032807260456720444,0.04034614397539826,0.012306883406126637,0.03427477886827329,0.01965385602460179,0.017693116593873376
51.331214673465105,33.038150257276044,3.794830522160697,0.03280612533005767,0.04034554832774012,0.012303261767109136,0.03427591399493607,0.01965445167225993,0.017696738232890877
51.335647914314734,33.041700398420346,3.789579753437965,0.03280499639557749,0.040344955718758624,0.012299671041138084,0.034277042929416246,0.01965504428124143,0.01770032895886193
51.34008091409942,33.045250396368615,3.784336017850622,0.032803873636608916,0.04034436614286935,0.01229611093976695,0.03427816568838482,0.019655633857130705,0.017703889060233062
51.34451367746563,33.048800254777724,3.7790993172061738,0.032802757036205166,0.04034377959461549,0.012292581177220194,0.03427928228878857,0.01965622040538456,0.01770741882277982
51.34894620901459,33.05234997726892,3.773869653314274,0.03280164657715118,0.04034319607376491,0.012289081470386876,0.03428039274784256,0.019656803926235145,0.017710918529613137
51.35337851330207,33.05589956742766,3.7686470279874715,0.032800542241982755,0.04034261559488861,0.012285611539106477,0.03428149708301098,0.019657384405111444,0.017714388460893536
51.357810594837275,33.05944902880272,3.7634314430433493,0.03279944401302276,0.040342038138160785,0.012282171106977387,0.034282595311970976,0.019657961861839268,0.017717828893022626
51.36224245808717,33.062998364909646,3.758222900299341,0.032798351872319165,0.04034146368860908,0.012278759899278666,0.03428368745267457,0.019658536311390973,0.017721240100721347
51.366674107476186,33.06654757923053,3.7530214015733447,0.03279726580166037,0.040340892173421794,0.012275377643304539,0.03428477352333337,0.01965910782657826,0.017724622356695474
51.371105547392716,33.07009667521926,3.7478269486749864,0.032796185782460074,0.04034032360522949,0.012272024065059346,0.03428585354253366,0.019659676394770564,0.017727975934940667
51.3755367821797,33.07364565629391,3.7426395434182815,0.032795111795928256,0.04033975803073664,0.012268698894400437,0.03428692752906548,0.019660241969263414,0.017731301105599576
51.37996781613172,33.077194525834344,3.73745918762668,0.032794043823177244,0.04033919544965481,0.0122654018669777,0.03428799550181649,0.019660804550345246,0.017734598133022313
51.38439865350082,33.080743287186934,3.7322858831260692,0.03279298184513263,0.040338635859266725,0.012262132721277082,0.03428905747986111,0.01966136414073333,0.01773786727872293
51.388829298497335,33.08429194366522,3.727119631744353,0.032791925842520164,0.040338079255411385,0.012258891198379966,0.03429011348247357,0.019661920744588668,0.017741108801620047
51.3932597552904,33.0878404985503,3.721960435310745,0.03279087579586554,0.04033752563102655,0.012255677041840066,0.0342911635291282,0.019662474368973504,0.017744322958159947
51.39769002800865,33.09138895509138,3.7168082956577164,0.03278983168549515,0.040336974976833195,0.012252489997500733,0.034292207639498584,0.019663025023166858,0.01774751000249928
51.402120120740804,33.09493731650629,3.711663214615042,0.03278879349159547,0.04033642728223985,0.012249329813366419,0.03429324583339827,0.019663572717760203,0.017750670186633594
51.406550037536164,33.09848558598182,3.706525194014909,0.0327877611941057,0.040335882535005696,0.012246196239532908,0.034294278130888034,0.019664117464994357,0.017753803760467105
51.410979782405136,33.10203376667414,3.7013942356898966,0.03278673477277261,0.04033533892699409,0.012243089028101582,0.03429530455222113,0.019664661073005962,0.01775691097189843
51.41540935951174,33.10558186186473,3.6962703412051265,0.03278571420348164,0.04033479892096037,0.012240007830738281,0.034296325121512095,0.019665201079039685,0.017759992169261732
51.41983877269964,33.10912987457681,3.691153512491879,0.03278469946691398,0.04033426214683594,0.012236952450148615,0.034297339858079756,0.01966573785316411,0.017763047549851398
51.42426802582064,33.11267780784093,3.6860437514296933,0.03278369054291003,0.040333728527478296,0.012233922667132642,0.03429834878208371,0.019666271472521757,0.01776607733286737
51.42869712269956,33.11622566466661,3.6809410598892773,0.032782687411021194,0.04033319800570029,0.012230918259084046,0.03429935191397254,0.019666801994299765,0.017769081740915967
51.43312606713165,33.11977344804018,3.6758454397358875,0.03278169005055137,0.04033267052760087,0.012227939001546229,0.034300349274442365,0.019667329472399186,0.017772060998453784
51.43755486288178,33.123321160924206,3.670756892828571,0.032780698440568246,0.04033214604297891,0.012224984668701207,0.03430134088442549,0.019667853957021142,0.017775015331298806
51.441983513683866,33.126868806256994,3.6656754210209517,0.03277971255991341,0.04033162450582323,0.012222055033841855,0.034302326765080327,0.019668375494176826,0.017777944966158157
51.446412023240214,33.130416386952064,3.6606010261618476,0.032778732387324705,0.04033110587651734,0.012219149869833905,0.03430330693766903,0.019668894123482716,0.017780850130166108
51.45084039522079,33.13396390589755,3.6555337100960337,0.032777757901262305,0.04033059012365364,0.012216268949665834,0.03430428142373143,0.01966940987634641,0.01778373105033418
51.45526863326229,33.13751136595547,3.6504734746654695,0.032776789080010416,0.04033007722009946,0.012213412047057684,0.03430525024498332,0.019669922779900595,0.01778658795294233
51.45969674096783,33.141058769961425,3.6454203217098593,0.03277582590164718,0.04032956714248742,0.01221057893679748,0.034306213423346554,0.019670432857512632,0.017789421063202533
51.464124721906686,33.144606120724426,3.6403742530671925,0.03277486834409399,0.040329059877401596,0.012207769395021266,0.03430717098089975,0.019670940122598457,0.017792230604978747
51.4685525796134,33.148153421026166,3.6353352705751885,0.032773916385196666,0.04032855541670449,0.012204983199821808,0.03430812293979707,0.01967144458329556,0.017795016800178205
51.47298031758758,33.15170067362082,3.630303376072103,0.03277297000272206,0.04032805375331194,0.012202220131542568,0.03430906932227168,0.01967194624668811,0.017797779868457445
51.47740793929408,33.15524788123522,3.6252785713969127,0.03277202917441224,0.04032755488010825,0.012199479972807577,0.034310010150581494,0.0196724451198918,0.017800520027192436
51.481835448163466,33.15879504656915,3.620260858389342,0.03277109387776411,0.04032705879002413,0.012196762508486114,0.034310945447229624,0.019672941209975925,0.0178032374915139
51.48626284759226,33.162342172295645,3.615250238889943,0.03277016409017042,0.04032656547608604,0.012194067525661295,0.03431187523482332,0.019673434523914013,0.017805932474338718
51.49069014094334,33.16588926106121,3.6102467147401915,0.03276923978892138,0.040326074931141376,0.012191394813606038,0.03431279953607236,0.019673925068858678,0.017808605186393975
51.49511733154628,33.16943631548617,3.6052502877825923,0.03276832095120635,0.0403255871439262,0.012188744163743548,0.03431371837378738,0.019674412856073853,0.017811255836256465
51.4995444226982,33.172983338165245,3.600260959860199,0.03276740755410784,0.04032510210298229,0.012186115369383237,0.034314631770885895,0.019674897897017762,0.017813884630616776
51.50397141766396,33.17653033166783,3.5952787328166655,0.03276649957460348,0.04032461979934726,0.012183508225699552,0.034315539750390256,0.019675380200652792,0.01781649177430046
51.50839831967632,33.18007729853798,3.5903036084968427,0.0327655969898219,0.040324140224064886,0.01218092252986356,0.03431644233517184,0.019675859775935167,0.017819077470136453
51.512825131936154,33.183624241294716,3.5853355887470153,0.0327646997768557,0.040323663368205365,0.012178358081021828,0.03431733954813804,0.01967633663179469,0.017821641918978184
51.517251857612855,33.187171162432215,3.5803746754151913,0.032763807912767506,0.04032318922287936,0.012175814680276877,0.03431823141222623,0.01967681077712069,0.017824185319723136
51.521678499844526,33.19071806442007,3.5754208703514525,0.03276292137462905,0.040322717779228356,0.01217329213066859,0.034319117950364686,0.019677282220771697,0.017826707869331423
51.52610506173839,33.19426494970352,3.5704741754083713,0.032762040139404036,0.04032224902840614,0.012170790237155275,0.0343199991855897,0.01967775097159391,0.017829209762844737
51.530531546371066,33.197811820703734,3.565534592441539,0.03276116418398961,0.0403217829576083,0.012168308806593982,0.034320875141004126,0.019678217042391755,0.01783169119340603
51.53495795678922,33.201358679818306,3.560602123310776,0.03276029348524495,0.040321319556743174,0.012165847647496023,0.034321745839748785,0.01967868044325688,0.01783415235250399
51.539384296009686,33.20490552942132,3.5556767698789287,0.032759428019998815,0.040320858815772964,0.012163406570178288,0.03432261130499492,0.01967914118422709,0.017836593429821725
51.54381056701959,33.208452371863494,3.5507585340137986,0.03275856776505026,0.04032040072236698,0.012160985386750915,0.034323471559943475,0.019679599277633075,0.017839014613249098
51.548236772776946,33.211999209472644,3.5458474175889325,0.03275771270046263,0.04031994526258187,0.01215858391096749,0.03432432662453111,0.019680054737418184,0.017841416089032523
51.552662916211126,33.21554604455404,3.5409434224845953,0.03275686278915141,0.04031949242667254,0.012156201958124467,0.03432517653584233,0.01968050757332751,0.017843798041875546
51.55708900022262,33.219092879390175,3.5360465505898793,0.03275601801645861,0.04031904220493138,0.012153839345309454,0.034326021308535126,0.019680957795068676,0.01784616065469056
51.561515027683264,33.22263971624104,3.531156803838,0.03275517835875874,0.04031859457037901,0.012151495891386616,0.034326860966234995,0.019681405429621046,0.017848504108613397
51.565941001438496,33.22618655734584,3.526274184151424,0.03275434379236747,0.040318149505718714,0.012149171415997355,0.03432769553262627,0.01968185049428134,0.017850828584002658
51.5703669243063,33.22973340492222,3.521398693462527,0.03275351429355439,0.04031770703241716,0.012146865740166247,0.03432852503143935,0.019682292967582893,0.017853134259833765
51.57479279907338,33.23328026116308,3.5165303337281513,0.03275268983862273,0.040317267171613935,0.01214457868850305,0.03432934948637101,0.019682732828386118,0.017855421311496963
51.57921862849571,33.23682712823708,3.511669106933434,0.03275187040390698,0.040316829875823135,0.01214231008900448,0.03433016892108676,0.01968317012417692,0.017857689910995532
51.58364441530646,33.240374008295014,3.506815015086355,0.032751055965644316,0.04031639513170476,0.012140059769035753,0.03433098335934942,0.01968360486829529,0.01785994023096426
51.58807016221225,33.24392090346677,3.501968060228015,0.03275024650006303,0.040315962927714166,0.012137827557423132,0.03433179282493071,0.019684037072285887,0.01786217244257688
51.592495871893135,33.247467815861334,3.497128244439348,0.032749441983365934,0.040315533252683056,0.012135613284553683,0.0343325973416278,0.019684466747316998,0.01786438671544633
51.59692154700286,33.25101474756697,3.492295569877416,0.03274864239173303,0.04031510609547584,0.012133416782381778,0.03433339693326071,0.019684893904524214,0.017866583217618234
51.60134719016905,33.2545617006514,3.4874700387828694,0.03274784770132949,0.04031468142722333,0.012131237884419763,0.034334191623664245,0.019685318572776722,0.01786876211558025
51.605772803995436,33.25810867716355,3.4826516534400733,0.03274705788827481,0.04031425918934184,0.012129076424724147,0.034334981436718925,0.019685740810658214,0.017870923575275866
51.61019839106501,33.26165567913615,3.477840416218924,0.03274627292858656,0.040313839274451146,0.012126932236284138,0.034335766396407175,0.019686160725548907,0.017873067763715875
51.614623953945184,33.2652027085899,3.473036329588468,0.032745492798089804,0.04031342163956003,0.012124805148461516,0.03433654652690393,0.01968657836044002,0.017875194851538496
51.619049495180136,33.268749767527275,3.4682393961531206,0.03274471747254293,0.04031300624878298,0.012122694991001146,0.03433732185245081,0.019686993751217075,0.017877305008998867
51.62347501729018,33.27229685793202,3.4634496186903396,0.032743946927654755,0.04031259307651902,0.01212060159450331,0.03433809239733898,0.019687406923481032,0.017879398405496703
51.6279005227708,33.27584398176833,3.4586670002032527,0.03274318113910618,0.04031218333203712,0.012118524791035791,0.034338858185887555,0.019687816667962932,0.017881475208964222
51.632326013960665,33.27939114087398,3.453891544171439,0.032742420085000556,0.04031177601547531,0.012116464483870402,0.03433961923999318,0.019688223984524744,0.01788353551612961
51.63675149329008,33.28293833716137,3.4491232543448422,0.032741663741506555,0.040311371115934524,0.0121144205173606,0.03434037558348718,0.01968862888406553,0.017885579482639413
51.64117696316528,33.28648557252387,3.4443621351328026,0.03274091208480495,0.04031096862254385,0.01211239273740497,0.034341127240188785,0.0196890313774562,0.017887607262595043
51.645602425968484,33.29003284883606,3.4396081918680386,0.03274016509109151,0.04031056852444548,0.012110380991427638,0.034341874233902225,0.019689431475554575,0.017889619008572374
51.65002788405835,33.29358016795387,3.4348614315416643,0.03273942273658048,0.040310170810784474,0.012108385128358767,0.034342616588413255,0.01968982918921558,0.017891614871641245
51.65445333977008,33.2971275317148,3.4301218635033006,0.03273868499750726,0.04030977547069914,0.012106404998614699,0.034343354327486475,0.019690224529300915,0.017893595001385314
51.65887879541569,33.3006749419381,3.425389501033859,0.03273795185013134,0.040309382493317114,0.012104440454078463,0.034344087474862395,0.01969061750668294,0.01789555954592155
51.66330425328426,33.30422240042495,3.42066436397588,0.032737223270738025,0.04030899186775144,0.012102491348080134,0.03434481605425571,0.01969100813224861,0.01789750865191988
51.66772971564217,33.30776990895865,3.4159464826208152,0.03273649923564148,0.04030860358309951,0.01210055753537799,0.034345540089352256,0.019691396416900542,0.017899442464622023
51.6721551847333,33.3113174693048,3.411235903740085,0.032735779696971,0.040308217628078624,0.012098638872140063,0.034346259628022735,0.01969178237192143,0.01790136112785995
51.67658066277933,33.314865083211515,3.406532706437348,0.03273506465034337,0.040307833991807374,0.012096735215905756,0.034346974674650366,0.01969216600819268,0.017903264784094257
51.68100615197991,33.31841275240956,3.4018370134581524,0.03273435407977665,0.04030745266338154,0.012094846425592984,0.034347685245217086,0.019692547336618516,0.01790515357440703
51.685431654512854,33.32196047861251,3.3971474470309264,0.032733647961493695,0.04030707363192326,0.012092972361480853,0.03434839136350004,0.01969292636807679,0.01790702763851916
51.68985717253439,33.325508263516944,3.392465070566865,0.03273294625700629,0.04030669688637273,0.012091112885195009,0.034349093067987446,0.019693303113627325,0.017908887114805004
51.69428270817939,33.32905610880262,3.3877898978831134,0.03273224894435889,0.040306322415668894,0.012089267859681362,0.03434979038063485,0.01969367758433116,0.01791073214031865
51.69870826356154,33.33260401613262,3.3831219659702327,0.03273155601424127,0.04030595020887151,0.012087437149192061,0.034350483310752467,0.019694049791128543,0.017912562850807952
51.70313384077362,33.33615198715358,3.3784613941982062,0.032730867483247494,0.04030558025535408,0.012085620619276392,0.03435117184174624,0.019694419744645975,0.01791437938072362
51.70755944188758,33.339700023495695,3.3738090015020257,0.032730183318093964,0.04030521254423608,0.012083818136784413,0.03435185600689977,0.019694787455763973,0.0179161818632156
51.71198506895487,33.343248126773055,3.3691673424557314,0.03272950346386172,0.04030484706451659,0.012082029569837435,0.034352535861132016,0.019695152935483462,0.017917970430162578
51.71641072400637,33.34679629858353,3.364541938110877,0.03272882789561704,0.04030448380518109,0.012080254787812612,0.034353211429376695,0.019695516194818963,0.0179197452121874
51.72083640905284,33.35034454050916,3.359939890365559,0.03272815658896672,0.04030412275520723,0.012078493661323984,0.03435388273602702,0.019695877244792825,0.01792150633867603
51.7252621260853,33.353892854116445,3.3553660454899044,0.0327274895201054,0.04030376390334134,0.012076746062196095,0.034354549804888335,0.019696236096658715,0.017923253937803918
51.72968787707508,33.35744124095637,3.3508216670275957,0.032726826665633035,0.04030340723781206,0.01207501186345264,0.0343552126593607,0.019696592762187992,0.017924988136547373
51.73411366397406,33.360989702564595,3.3463060200687513,0.032726168002453704,0.040303052747672485,0.012073290939272785,0.03435587132254003,0.019696947252327568,0.017926709060727228
51.73853948871471,33.36453824046154,3.3418176040061596,0.032725513507976645,0.04030270042199091,0.012071583165026517,0.03435652581701709,0.019697299578009142,0.017928416834973496
51.74296535321032,33.36808685615251,3.3373548871010463,0.032724863160068396,0.04030235024985118,0.012069888417263253,0.03435717616492534,0.01969764975014887,0.01793011158273676
51.74739125935524,33.371635551127845,3.3329164258866095,0.03272421690877342,0.04030200222041225,0.012068206573699461,0.03435782241622032,0.019697997779587806,0.017931793426300552
51.751817209024985,33.375184326863106,3.328500879670182,0.0327235747581236,0.04030165632278354,0.012066537513209602,0.03435846456687014,0.019698343677216512,0.01793346248679041
51.75624320407639,33.37873318481914,3.3241083174374193,0.03272293668521625,0.040301312546085266,0.012064881115811103,0.03435910263977748,0.019698687453914787,0.01793511888418891
51.760669246347945,33.38228212644233,3.319735858363071,0.03272230266720427,0.04030097087944834,0.012063237262651752,0.034359736657789464,0.019699029120551714,0.01793676273734826
51.765095337659794,33.38583115316463,3.315382573225909,0.03272167268129689,0.040300631312013835,0.012061605835999273,0.03436036664369685,0.01969936868798622,0.01793839416400074
51.76952147981406,33.38938026640379,3.31104757448992,0.03272104670476178,0.04030029383293332,0.012059986719228248,0.034360992620231956,0.019699706167066733,0.017940013280771765
51.773947674594936,33.39292946756345,3.3067300230501635,0.03272042471492648,0.04029995843136841,0.012058379796809002,0.03436161461006726,0.019700041568631643,0.01794162020319101
51.77837392376889,33.39647875803328,3.302429131049153,0.03271980668917801,0.04029962509649149,0.012056784954297232,0.034362232635815726,0.019700374903508566,0.01794321504570278
51.78280022908483,33.400028139189146,3.298144162278742,0.032719192604962866,0.04029929381748609,0.012055202078322405,0.03436284672003087,0.01970070618251396,0.017944797921677608
51.787226592274294,33.403577612393214,3.2938744311006154,0.03271858243978343,0.04029896458354698,0.012053631056576135,0.03436345688521031,0.019701035416453072,0.017946368943423878
51.79165301505159,33.40712717899409,3.28961930048011,0.03271797617108807,0.040298637383879954,0.012052071777802556,0.034364063153905666,0.0197013626161201,0.017947928222197457
51.79607949911397,33.41067684032696,3.2853781795417616,0.03271737377651179,0.04029831220796559,0.012050524131786498,0.03436466554848194,0.01970168779203446,0.017949475868213514
51.800506046141805,33.414226597713686,3.2811505208848617,0.03271677523377453,0.0402979890450732,0.012048988009359024,0.034365264091219205,0.019702010954926852,0.01795101199064099
51.804932657798716,33.417776452462974,3.2769358178286545,0.03271618052065922,0.04029766788447636,0.012047463302372684,0.034365858804334515,0.01970233211552369,0.01795253669762733
51.8093593357318,33.42132640587051,3.2727336017974356,0.032715589614910445,0.040297348715460035,0.012045949903690373,0.03436644971008329,0.019702651284540018,0.01795405009630964
51.813786081571735,33.42487645921903,3.268543439378142,0.03271500249431697,0.040297031527320504,0.012044447707175408,0.03436703683067677,0.01970296847267955,0.017955552292824604
51.81821289693299,33.42842661377853,3.264364929944409,0.032714419136838924,0.04029671630936482,0.012042956607681697,0.03436762018815481,0.01970328369063523,0.017957043392318316
51.82263978341392,33.431976870806295,3.2601977033012615,0.032713839520469135,0.040296403050911034,0.012041476501042973,0.0343681998045246,0.01970359694908902,0.01795852349895704
51.827066742597,33.43552723154712,3.256041417422664,0.03271326362317967,0.040296091741290396,0.012040007284063722,0.03436877570181407,0.019703908258709657,0.01795999271593629
51.831493776048916,33.43907769723338,3.2518957563380972,0.0327126914226582,0.04029578236984116,0.012038548854508502,0.034369347902335534,0.019704217630158893,0.01796145114549151
51.83592088532076,33.442628269085134,3.2477604281660817,0.032712122897839535,0.04029547492591257,0.012037101111093025,0.0343699164271542,0.019704525074087487,0.017962898888906988
51.84034807194814,33.446178948310276,3.2436351632891327,0.032711558026409626,0.04029516939805122,0.012035663953474711,0.03437048129858411,0.01970483060194883,0.017964336046525302
51.844775337451466,33.449729736104736,3.239519712658736,0.032710996789150515,0.04029486577537067,0.012034237282196401,0.03437104253584322,0.019705134224629384,0.01796576271780361
51.84920268333602,33.45328063365248,3.235413846226712,0.03271043916315525,0.04029456404726439,0.012032820998712758,0.03437160016183849,0.01970543595273566,0.017967179001287255
51.853630111092016,33.45683164212569,3.2313173514928053,0.03270988512716089,0.04029426420315041,0.012031415005396381,0.03437215419783285,0.019705735796849644,0.01796858499460363
51.85805762219481,33.4603827626848,3.2272300321604828,0.03270933465997877,0.04029396623247067,0.012030019205529638,0.034372704665014964,0.019706033767529385,0.017969980794470375
51.862485218105064,33.46393399647865,3.223151706895857,0.03270878773988534,0.04029367012452889,0.012028633503295263,0.0343732515851084,0.019706329875471162,0.01797136649670475
51.86691290026879,33.46748534464462,3.2190822081791417,0.03270824434479691,0.04029337586861098,0.012027257803758844,0.034373794980196826,0.019706624131389072,0.01797274219624117
51.87134067011764,33.47103680830869,3.215021381244479,0.03270770445353022,0.04029308345423255,0.012025892012858724,0.03437433487146352,0.019706916545767506,0.01797410798714129
51.875768529068914,33.4745883885856,3.210969083100121,0.03270716804533408,0.04029279287093557,0.012024536037409286,0.03437487127965966,0.019707207129064486,0.017975463962590726
51.88019647852576,33.47814008657892,3.206925181624407,0.03270663509943195,0.040292504108289884,0.012023189785093834,0.03437540422556179,0.01970749589171017,0.01797681021490618
51.88462451987728,33.481691903381176,3.202889554729836,0.03270610559495252,0.04029221715589343,0.012021853164454567,0.03437593373004122,0.019707782844106625,0.017978146835545446
51.88905265449866,33.48524384007392,3.198862089596396,0.03270557951104058,0.040291932003372666,0.012020526084886282,0.03437645981395315,0.019708067996627388,0.01797947391511373
51.89348088375136,33.48879589772788,3.19484268194915,0.03270505682568514,0.040291648640385536,0.012019208456626455,0.034376982499308595,0.019708351359614518,0.017980791543373557
51.89790920898315,33.49234807740306,3.1908312354072095,0.03270453751049962,0.04029136705654701,0.012017900190749227,0.034377501814494116,0.01970863294345304,0.017982099809250786
51.90233763152838,33.495900380148804,3.186827660876274,0.03270402155283164,0.040291087241560664,0.012016601199151586,0.034378017772162095,0.01970891275843939,0.017983398800848427
51.906766152707974,33.49945280700398,3.182831875986298,0.032703508933635106,0.040290809185175025,0.012015311394549942,0.03437853039135863,0.01970919081482503,0.01798468860545007
51.911194773829635,33.50300535899699,3.178843804570559,0.03270299963162737,0.04029053287687667,0.012014030690474048,0.034379039693366364,0.01970946712312338,0.017985969309525965
51.91562349618799,33.506558037145936,3.1748633762768534,0.03270249362326244,0.04029025830628796,0.012012759001240776,0.034379545701731296,0.01970974169371209,0.017987240998759237
51.920052321064716,33.51011084245873,3.170890526021676,0.032701990889585975,0.04028998546326218,0.012011496241954488,0.03438004843540776,0.019710014536737874,0.017988503758045525
51.92448124972861,33.51366377593316,3.166925192952985,0.032701491412516326,0.040289714337705285,0.012010242328512444,0.03438054791247741,0.01971028566229477,0.01798975767148757
51.928910283435705,33.51721683855694,3.162967321926983,0.03270099517267827,0.04028944491956249,0.012008997177597534,0.034381044152315465,0.019710555080437564,0.01799100282240248
51.93333942342949,33.52077003130791,3.159016861408337,0.03270050215034459,0.04028917719881564,0.012007760706670395,0.034381537174649146,0.019710822801184413,0.017992239293329618
51.937768670940905,33.52432335515402,3.1550737637122177,0.032700012325732775,0.040288911165480834,0.012006532833962219,0.03438202699926096,0.01971108883451922,0.017993467166037794
51.94219802718854,33.52787681105352,3.1511379847102594,0.03269952567898854,0.040288646809608974,0.012005313478468255,0.0343825136460052,0.01971135319039108,0.017994686521531758
51.94662749337877,33.531430399954985,3.147209483558661,0.032699042190196925,0.04028838412128355,0.012004102559939854,0.03438299713479681,0.019711615878716504,0.01799589744006016
51.95105707070577,33.53498412279746,3.1432882224474152,0.03269856183915271,0.040288123090618966,0.012002899998876639,0.03438347748584103,0.019711876909381087,0.017997100001123374
51.95548676035179,33.538537980510526,3.1393741663688868,0.03269808460561535,0.040287863707759664,0.012001705716519255,0.034383954719378385,0.01971213629224039,0.017998294283480758
51.95991656348715,33.54209197401441,3.1354672829034858,0.03269761046991565,0.04028760596288433,0.012000519634842402,0.034384428855078086,0.01971239403711572,0.01799948036515761
51.96434648127041,33.54564610422006,3.131567542023216,0.032697139412243004,0.04028734984620508,0.011999341676546066,0.03438489991275073,0.019712650153794975,0.018000658323453947
51.968776514848464,33.54920037202925,3.1276749159091732,0.03269667141308885,0.04028709534796848,0.01199817176505151,0.034385367911904885,0.01971290465203157,0.018001828234948503
51.973206665356685,33.55275477833465,3.123789378783755,0.03269620645320598,0.04028684245845887,0.01199700982449143,0.03438583287178776,0.019713157541541182,0.018002990175508583
51.977636933919,33.55630932401996,3.1199109067554263,0.03269574451299401,0.0402865911679931,0.01199585577970489,0.03438629481199973,0.01971340883200695,0.018004144220295122
51.98206732164804,33.55986400995994,3.116039477686413,0.03269528557314244,0.040286341466923725,0.011994709556228868,0.034386753751851296,0.019713658533076328,0.018005290443771145
51.98649782964519,33.56341883702052,3.1121750710461793,0.032694829614569765,0.04028609334563965,0.011993571080293954,0.03438720971042397,0.019713906654360402,0.01800642891970606
51.990928459000756,33.566973806058904,3.108317667783222,0.03269437661829733,0.04028584679456726,0.011992440278815977,0.03438766270669641,0.019714153205432794,0.018007559721184035
51.99535921079405,33.570528917923625,3.1044672502229513,0.0326939265654298,0.04028560180416907,0.011991317079390412,0.03438811275956394,0.019714398195830984,0.0180086829206096
51.99979008609268,33.57408417345399,3.1006238019637724,0.03269347943716466,0.040285358364928914,0.011990201410319895,0.03438855988782907,0.01971464163507114,0.018009798589680118
52.00422108595373,33.57763957348102,3.096787307781124,0.03269303521466421,0.04028511646737165,0.011989093200561428,0.034389004110329524,0.019714883532628402,0.018010906799438585
52.00865221142362,33.58119511882735,3.092957753538747,0.03269259387923812,0.04028487610205922,0.011987992379732818,0.03438944544575562,0.019715123897940834,0.018012007620267195
52.01308346353815,33.584750810307234,3.0891351261071254,0.032692155412293034,0.04028463725959014,0.011986898878106361,0.0343898839127007,0.019715362740409914,0.01801310112189365
52.01751484332261,33.58830664872665,3.0853194132876576,0.03269171979532187,0.04028439993060051,0.011985812626604378,0.034390319529671864,0.01971560006939954,0.018014187373395635
52.021946351791904,33.59186263488341,3.0815106037432436,0.0326912870099057,0.04028416410576319,0.011984733556791714,0.034390752315088036,0.019715835894236866,0.0180152664432083
52.02637798995065,33.59541876956722,3.077708686933752,0.032690857037700194,0.040283929775594196,0.011983661600870575,0.03439118228729354,0.019716070224405857,0.018016338399129438
52.03080975879327,33.59897505355971,3.073913653056424,0.032690429860447345,0.04028369693077538,0.011982596691662316,0.03439160946454639,0.019716303069224672,0.018017403308337697
52.03524165930408,33.60253148763464,3.070125492991486,0.03269000545999301,0.04028346556209733,0.011981538762611883,0.034392033865000726,0.019716534437902722,0.01801846123738813
52.03967369245743,33.606088072557846,3.0663441982509774,0.03268958381827797,0.04028323566038877,0.011980487747783895,0.03439245550671577,0.01971676433961128,0.018019512252216117
52.04410585921771,33.609644809087335,3.062569760932231,0.03268916491733831,0.04028300721651662,0.011979443581857277,0.03439287440765543,0.019716992783483434,0.018020556418142736
52.048538160539536,33.61320169797342,3.0588021736745272,0.03268874873944205,0.04028278022138759,0.011978406200121194,0.034393290585551684,0.01971721977861246,0.01802159379987882
52.052970597367775,33.61675873995876,3.055041429619182,0.03268833526688042,0.040282554665948156,0.011977375538466409,0.03439370405811332,0.019717445334051897,0.018022624461533604
52.0574031706377,33.62031593577841,3.051287522372699,0.03268792448197072,0.0402823305411828,0.01197635153338212,0.034394114843023016,0.019717669458817255,0.018023648466617893
52.061835881275,33.623873286159906,3.0475404459727393,0.03268751636711764,0.040282107838115866,0.011975334121950447,0.034394522957876095,0.019717892161884187,0.018024665878049566
52.06626873019598,33.62743079182338,3.0438001948565754,0.032687110904814964,0.040281886547809675,0.011974323241837663,0.03439492842017877,0.019718113452190378,0.01802567675816235
52.07070171830755,33.630988453481564,3.040066763831944,0.03268670807763868,0.04028166666136629,0.011973318831291123,0.034395331247355054,0.019718333338633764,0.01802668116870889
52.07513484650737,33.63454627183994,3.0363401480502077,0.03268630786825055,0.04028144816992679,0.011972320829135477,0.034395731456743184,0.01971855183007326,0.018027679170864536
52.07956811568395,33.63810424759671,3.0326203429817173,0.03268591025939849,0.040281231064671186,0.011971329174763366,0.03439612906559525,0.019718768935328868,0.018028670825236646
52.084001526716676,33.64166238144295,3.028907344392705,0.03268551523391605,0.04028101533681899,0.011970343808133437,0.034396524091077685,0.01971898466318106,0.018029656191866576
52.088435080475975,33.64522067406266,3.025201148324342,0.03268512277472274,0.04028080097762876,0.01196936466976295,0.034396916550270995,0.019719199022371292,0.018030635330237063
52.09286877782336,33.648779126132794,3.0215017510726243,0.03268473286482371,0.04028058797839851,0.011968391700721795,0.03439730646017003,0.019719412021601546,0.018031608299278218
52.0973026196115,33.65233773832338,3.0178091491701844,0.032684345487309585,0.040280376330465884,0.011967424842631864,0.03439769383768415,0.01971962366953417,0.01803257515736815
52.10173660668434,33.655896511297556,3.0141233399018414,0.03268396062535639,0.040280166025208064,0.011966464037655701,0.03439807869963735,0.01971983397479199,0.01803353596234431
52.10617073987724,33.659455445711686,3.0104443196811257,0.032683578262224955,0.0402799570540428,0.011965509228494639,0.03439846106276878,0.01972004294595725,0.018034490771505374
52.11060502001692,33.66301454221533,3.0067720856563636,0.03268319838126249,0.040279749408425825,0.011964560358383815,0.034398840943731246,0.01972025059157423,0.018035439641616198
52.115039447921575,33.666573801451364,3.003106635152693,0.03268282096590164,0.040279543079852376,0.011963617371088808,0.0343992183590921,0.019720456920147678,0.018036382628911204
52.11947402440103,33.67013322405604,2.9994479656601967,0.0326824460210699,0.040279338061551095,0.011962682147230515,0.03439959330392384,0.019720661938448958,0.018037317852769498
52.12390875058863,33.673692810922546,2.9957960749233834,0.03268207350996771,0.04027913434496039,0.011961752531140304,0.03439996581502602,0.019720865655039665,0.01803824746885971
52.12834362724936,33.67725256265167,2.9921509607232046,0.032681703416158725,0.04027893192155013,0.011960828480595195,0.03440033590883501,0.01972106807844992,0.018039171519404817
52.13277865514215,33.68081247983941,2.9885126209723607,0.03268133572330201,0.040278730782841,0.011959909952941702,0.03440070360169173,0.019721269217159054,0.01804009004705831
52.137213835019836,33.684372563076984,2.9848810537083037,0.03268097041515011,0.040278530920402955,0.011958996905160293,0.034401068909843624,0.019721469079597098,0.01804100309483972
52.14164916762911,33.68793281295076,2.9812562570847296,0.032680607475549184,0.04027833232585576,0.011958089293927152,0.03440143184944455,0.019721667674144294,0.01804191070607286
52.1460846537104,33.69149323004223,2.9776382293639294,0.03268024688843785,0.040278134990866965,0.01195718707567061,0.03440179243655589,0.019721865009133088,0.018042812924329403
52.150520293997836,33.69505381492787,2.9740269689095618,0.03267988863784699,0.040277938907152255,0.011956290206623338,0.03440215068714675,0.019722061092847798,0.018043709793376675
52.15495608921922,33.69861456817921,2.9704224741801024,0.032679532707898085,0.04027774406647405,0.011955398642867779,0.03440250661709565,0.019722255933526,0.018044601357132234
52.159392040095995,33.70217549036281,2.9668247437224182,0.03267917908280388,0.04027755046064169,0.011954512340381293,0.03440286024218986,0.019722449539358367,0.01804548765961872
52.1638281473432,33.70573658204013,2.9632337761662795,0.0326788277468667,0.04027735808151045,0.011953631255076133,0.034403211578127035,0.019722641918489603,0.01804636874492388
52.168264411669476,33.70929784376766,2.959649570218952,0.032678478684478374,0.04027716692098077,0.011952755342834166,0.03440356064051536,0.019722833079019286,0.018047244657165847
52.172700833777,33.712859276096744,2.9560721247113815,0.03267813188011992,0.04027697697099869,0.011951884559542193,0.034403907444873816,0.019723023029001363,0.01804811544045782
52.177137414361574,33.71642087957374,2.952501438446384,0.032677787318360574,0.040276788223554516,0.011951018861122806,0.03440425200663316,0.019723211776445537,0.018048981138877207
52.181574154112496,33.719982654739894,2.9489375103192104,0.03267744498385766,0.04027660067068306,0.01195015820356022,0.034404594341136074,0.019723399329316993,0.018049841796439793
52.186011053712676,33.72354460213141,2.945380339306618,0.032677104861355666,0.040276414304462715,0.01194930254292871,0.03440493446363807,0.019723585695537338,0.018050697457071302
52.190448113838556,33.727106722279416,2.9418299244394968,0.03267676693568633,0.04027622911701545,0.01194845183541398,0.034405272389307406,0.019723770882984604,0.018051548164586033
52.194885335160215,33.73066901571001,2.938286264798891,0.03267643119176805,0.04027604510050653,0.011947606037335752,0.034405608133225685,0.019723954899493523,0.01805239396266426
52.19932271834129,33.73423148294423,2.9347493595103935,0.032676097614605326,0.04027586224714402,0.01194676510516586,0.03440594171038841,0.01972413775285603,0.018053234894834153
52.203760264039026,33.73779412449808,2.931219207746569,0.03267576618928808,0.04027568054917835,0.011945928995548034,0.034406273135705656,0.019724319450821703,0.01805407100445198
52.20819797290433,33.74135694088258,2.927695808724886,0.03267543690099223,0.040275499998902675,0.011945097665311592,0.03440660242400151,0.019724500001097378,0.01805490233468842
52.21263584558176,33.74491993260374,2.9241791617124515,0.03267510973497795,0.04027532058865163,0.011944271071488155,0.03440692959001579,0.019724679411348423,0.018055728928511858
52.217073882709556,33.748483100162616,2.920669266019809,0.032674784676590685,0.04027514231080226,0.011943449171324068,0.03440725464840305,0.019724857689197794,0.018056550828675945
52.221512084919695,33.752046444055296,2.9171661209851765,0.032674461711259706,0.0402749651577724,0.011942631922291141,0.03440757761373403,0.01972503484222765,0.01805736807770887
52.225950452837864,33.755609964772944,2.913669725981359,0.03267414082449832,0.040274789122021926,0.011941819282100148,0.034407898500495415,0.019725210877978128,0.018058180717899865
52.230388987083565,33.75917366280185,2.9101800804138076,0.03267382200190322,0.040274614196051106,0.011941011208707372,0.03440821732309052,0.019725385803948947,0.01805898879129264
52.23482768827009,33.76273753862339,2.906697183719939,0.032673505229154576,0.040274440372401854,0.011940207660326774,0.03440853409583916,0.0197255596275982,0.01805979233967324
52.2392665570046,33.76630159271416,2.9032210353826517,0.032673190492015225,0.0402742676436561,0.011939408595435089,0.03440884883297851,0.01972573235634395,0.018060591404564924
52.24370559388812,33.769865825545864,2.8997516348943257,0.03267287777633049,0.04027409600243681,0.011938613972779948,0.03440916154866325,0.019725903997563243,0.018061386027220065
52.24814479951565,33.773430237585494,2.896288981773493,0.03267256706802801,0.040273925441406955,0.011937823751386495,0.03440947225696572,0.0197260745585931,0.018062176248613518
52.25258417447609,33.77699482929525,2.8928330755634293,0.03267225835311732,0.04027375595326971,0.011937037890560546,0.034409780971876414,0.019726244046730346,0.018062962109439466
52.25702371935242,33.780559601132616,2.889383915829999,0.03267195161768921,0.04027358753076826,0.011936256349896902,0.034410087707304526,0.01972641246923179,0.01806374365010311
52.26146343472159,33.784124553550406,2.8859415021608905,0.03267164684791618,0.040273420166685725,0.01193547908927952,0.034410392477077556,0.01972657983331433,0.018064520910720493
52.26590332115474,33.78768968699677,2.8825058341689784,0.03267134403005134,0.04027325385384484,0.011934706068890438,0.034410695294942395,0.019726746146155216,0.018065293931109574
52.27034337921703,33.79125500191522,2.8790769114847783,0.032671043150429235,0.040273088585107586,0.011933937249208902,0.0344109961745645,0.019726911414892467,0.01806606275079111
52.27478360946791,33.79482049874472,2.8756547337577074,0.032670744195464674,0.040272924353375705,0.01193317259101212,0.03441129512952906,0.019727075646624348,0.018066827408987893
52.279224012460986,33.79838617791965,2.872239300655039,0.032670447151651516,0.04027276115158973,0.011932412055385214,0.03441159217334222,0.019727238848410322,0.0180675879446148
52.28366458874415,33.8019520398699,2.868830611860961,0.0326701520055635,0.04027259897272972,0.011931655603714716,0.034411887319430234,0.01972740102727033,0.018068344396285296
52.28810533885962,33.80551808502087,2.8654286670993105,0.03266985874385381,0.04027243780981454,0.01193090319769477,0.03441218058113993,0.01972756219018551,0.018069096802305243
52.29254626334394,33.8090843137935,2.8620334660715914,0.0326695673532546,0.04027227765590108,0.011930154799327838,0.034412471971739134,0.019727722344098975,0.018069845200672174
52.29698736272811,33.812650726604346,2.8586450084925263,0.032669277820576936,0.04027211850408563,0.011929410370923266,0.0344127615044168,0.019727881495914423,0.018070589629076747
52.30142863753754,33.816217323865594,2.8552632941299256,0.03266899013271013,0.04027196034750263,0.011928669875099232,0.03441304919228361,0.01972803965249742,0.01807133012490078
52.30587008829215,33.819784105985065,2.851888322743472,0.032668704276621774,0.040271803179325216,0.011927933274784516,0.03441333504837196,0.019728196820674837,0.018072066725215497
52.31031171550641,33.82335107336631,2.8485200941058144,0.03266842023935762,0.0402716469927647,0.011927200533215436,0.034413619085636116,0.019728353007235355,0.018072799466784577
52.31475351968937,33.82691822640861,2.8451586080019333,0.03266813800804047,0.040271491781070645,0.011926471613938866,0.034413901316953266,0.019728508218929408,0.018073528386061147
52.31919550134471,33.830485565507004,2.8418038642286483,0.03266785756987067,0.040271337537530316,0.011925746480808956,0.03441418175512306,0.019728662462469737,0.018074253519191057
52.32363766097082,33.83405309105237,2.83845586259398,0.03266757891212574,0.040271184255469106,0.011925025097988165,0.034414460412868,0.019728815744530948,0.018074974902011848
52.328079999060776,33.83762080343138,2.8351146029166383,0.03266730202215923,0.04027103192824988,0.011924307429946365,0.03441473730283451,0.019728968071750175,0.018075692570053647
52.332522516102465,33.841188703026646,2.831780085025483,0.03266702688740197,0.04027088054927358,0.011923593441459865,0.03441501243759176,0.019729119450726473,0.018076406558540148
52.336965212578576,33.84475679021668,2.828452308759117,0.032666753495360024,0.04027073011197807,0.011922883097610602,0.03441528582963371,0.019729269888021983,0.01807711690238941
52.341408088966666,33.84832506537593,2.825131273965344,0.032666481833615535,0.040270580609838735,0.011922176363783774,0.0344155574913782,0.019729419390161318,0.01807782363621624
52.3458511457392,33.85189352887485,2.821816980500808,0.03266621188982627,0.0402704320363686,0.011921473205668241,0.03441582743516747,0.019729567963631456,0.01807852679433177
52.35029438336362,33.855462181079915,2.818509428230495,0.03266594365172476,0.04027028438511743,0.011920773589255022,0.034416095673268976,0.019729715614882626,0.01807922641074499
52.35473780230234,33.859031022353655,2.815208617027403,0.03266567710711887,0.04027013764967163,0.011920077480832465,0.03441636221787486,0.01972986235032842,0.018079922519167548
52.35918140301284,33.86260005305471,2.811914546772143,0.032665412243890635,0.04026999182365515,0.011919384846989942,0.0344166270811031,0.019730008176344904,0.01808061515301007
52.36362518594768,33.86616927353786,2.808627217352639,0.032665149049996456,0.040269846900728434,0.011918695654612683,0.03441689027499728,0.01973015309927162,0.01808130434538733
52.36806915155458,33.86973868415402,2.8053466286635906,0.03266488751346669,0.040269702874588253,0.011918009870880417,0.03441715181152705,0.0197302971254118,0.018081990129119596
52.37251330027641,33.87330828525034,2.8020727806063563,0.032664627622405296,0.040269559738968286,0.011917327463267957,0.03441741170258844,0.019730440261031768,0.018082672536732056
52.376957632551296,33.87687807717019,2.798805673088871,0.03266436936498962,0.040269417487638126,0.011916648399540888,0.034417669960004116,0.019730582512361927,0.018083351600459124
52.38140214881261,33.88044806025322,2.795545306024677,0.03266411272947006,0.04026927611440395,0.01191597264775901,0.034417926595523674,0.019730723885596102,0.018084027352241003
52.385846849488715,33.88401823483512,2.7922916793328536,0.03266385770417385,0.04026913561309947,0.011915300176277378,0.03441818162081989,0.019730864386900582,0.018084699823722634
52.39029173500336,33.88758860124791,2.789044792937929,0.03266360427750087,0.0402689959775937,0.011914630953735586,0.03441843504749287,0.01973100402240635,0.018085369046264427
52.39473680577595,33.89115915982027,2.7858046467694755,0.03266335243791857,0.040268857201800734,0.011913964949045584,0.03441868688707517,0.01973114279819932,0.01808603505095443
52.3991820622214,33.89472991087727,2.782571240761909,0.032663102173966285,0.04026871927967096,0.011913302131399454,0.03441893715102745,0.019731280720329092,0.01808669786860056
52.40362750475013,33.89830085474045,2.7793445748542247,0.03266285347425474,0.040268582205189696,0.011912642470269366,0.034419185850739,0.019731417794810358,0.018087357529730647
52.40807313376801,33.901871991727795,2.7761246489898292,0.03266260632746565,0.04026844597237811,0.011911985935405038,0.03441943299752809,0.019731554027621945,0.018088014064594975
52.41251894967654,33.90544332215381,2.7729114631161726,0.032662360722352235,0.04026831057529279,0.01191133249683303,0.0344196786026415,0.019731689424707266,0.018088667503166983
52.4169649528728,33.90901484632954,2.769705017184657,0.03266211664773755,0.04026817600802529,0.011910682124851323,0.03441992267725619,0.019731823991974762,0.01808931787514869
52.42141114374952,33.9125865645626,2.7665053111502607,0.03266187409251542,0.04026804226470254,0.011910034790031145,0.03442016523247832,0.019731957735297512,0.018089965209968868
52.42585752269514,33.9161584771572,2.7633123449714594,0.032661633045649396,0.040267909339486097,0.011909390463209775,0.03442040627934434,0.019732090660513957,0.018090609536790238
52.43030409009381,33.9197305844142,2.760126118609887,0.0326613934961727,0.040267777226572765,0.011908749115493389,0.03442064582882104,0.019732222773427288,0.018091250884506624
52.43475084632547,33.92330288663112,2.7569466320303184,0.032661155433188205,0.04026764592019372,0.011908110718253241,0.03442088389180553,0.019732354079806336,0.01809188928174677
52.43919779176586,33.926875384102175,2.7537738852002667,0.032660918845867415,0.04026751541461476,0.011907475243123494,0.03442112047912632,0.01973248458538529,0.01809252475687652
52.44364492678656,33.93044807711832,2.7506078780897534,0.03266068372345077,0.04026738570512639,0.011906842661997319,0.03442135560154297,0.019732614294873663,0.018093157338002694
52.44809225175497,33.93402096596718,2.7474486106742946,0.032660450055249646,0.040267256786158,0.01190621294708371,0.03442158926974409,0.019732743213842052,0.018093787052916303
52.45253976703438,33.93759405093316,2.744296082929253,0.03266021783064399,0.040267128652145545,0.011905586070847851,0.03442182149434975,0.019732871347854508,0.01809441392915216
52.45698747298408,33.94116733229751,2.741150294831516,0.032659987039081684,0.04026700129755639,0.011904962006006957,0.03442205228591205,0.01973299870244366,0.018095037993993056
52.46143536995935,33.94474081033832,2.738011246359865,0.032659757670076506,0.04026687471688828,0.011904340725532515,0.03442228165491723,0.019733125283111774,0.018095659274467497
52.465883458311524,33.948314485330556,2.734878937494831,0.032659529713207736,0.04026674890467008,0.011903722202642894,0.034422509611786,0.019733251095329973,0.01809627779735712
52.470331738388026,33.95188835754612,2.7317533682185506,0.032659303158125486,0.040266623855461925,0.01190310641080175,0.03442273616686825,0.01973337614453813,0.018096893589198262
52.47478021053237,33.955462427253835,2.728634538514554,0.032659077994546426,0.04026649956385375,0.011902493323719725,0.03442296133044731,0.0197335004361463,0.018097506676280288
52.47922887508429,33.95903669471951,2.7255224483676477,0.03265885421225412,0.040266376024466144,0.01190188291534934,0.03442318511273962,0.01973362397553391,0.018098117084650672
52.48367773237965,33.96261116020595,2.7224170977637083,0.032658631801098015,0.0402662532319501,0.011901275159879814,0.03442340752389572,0.019733746768049953,0.0180987248401202
52.488126782750584,33.96618582397299,2.719318486689642,0.03265841075099363,0.04026613118098632,0.011900670031739932,0.03442362857400011,0.019733868819013733,0.01809932996826008
52.49257602652549,33.96976068627752,2.7162266151331194,0.03265819105192186,0.04026600986628592,0.011900067505594462,0.03442384827307188,0.01973399013371413,0.01809993249440555
52.497025464029036,33.973335747373504,2.7131414830825396,0.03265797269395193,0.040265889282589395,0.011899467556341643,0.034424066631041805,0.019734110717410658,0.01810053244365837
52.501475095582286,33.97691100751205,2.7100630905268037,0.032657755667472976,0.04026576942466703,0.011898870159107941,0.03442428365752076,0.019734230575333023,0.018101129840892072
52.50592492150261,33.98048646694137,2.7069914374555473,0.032657539962747506,0.04026565028731871,0.0118982752892512,0.03442449936224623,0.019734349712681343,0.018101724710748814
52.510374942103866,33.98406212590689,2.7039265238585672,0.0326573255699289,0.04026553186537357,0.011897682922357919,0.03442471375506484,0.01973446813462648,0.018102317077642094
52.51482515769628,33.98763798465119,2.7008683497254893,0.03265711247885322,0.040265414153690116,0.011897093034237603,0.03442492684614051,0.019734585846309938,0.01810290696576241
52.51927556858658,33.991214043414075,2.6978169150459683,0.032656900679914835,0.04026529714715582,0.011896505600922092,0.0344251386450789,0.019734702852844233,0.01810349439907792
52.523726175078025,33.99479030243263,2.694772219809514,0.03265669016364814,0.040265180840686976,0.01189592059866354,0.0344253491613456,0.019734819159313077,0.018104079401336473
52.528176977470395,33.998366761941185,2.69173426400542,0.0326564809209306,0.040265065229229124,0.01189533800393449,0.03442555840406314,0.01973493477077093,0.018104661996065523
52.53262797606004,34.00194342217138,2.6887030476227003,0.03265627294219886,0.04026495030775151,0.011894757793422236,0.034425766382794876,0.01973504969224854,0.018105242206577776
52.53707917113995,34.00552028335219,2.6856785706498494,0.03265606621760536,0.04026483607125314,0.011894179944029734,0.034425973107388375,0.019735163928746913,0.01810582005597028
52.541530562999725,34.00909734570994,2.6826608330748387,0.032655860738097675,0.04026472251476976,0.011893604432871907,0.03442617858689606,0.019735277485230296,0.018106395567128106
52.54598215192566,34.01267460946831,2.6796498348849234,0.03265565649440244,0.040264609633365256,0.011893031237275267,0.034426382830591296,0.019735390366634797,0.018106968762724746
52.55043393820073,34.016252074848424,2.67664557606655,0.03265545347722798,0.040264497422129175,0.011892460334773078,0.034426585847765756,0.019735502577870878,0.018107539665226935
52.55488592210469,34.01982974206878,2.673648056719901,0.03265525167733957,0.040264385876178144,0.011891891703107588,0.03442678764765417,0.01973561412382191,0.018108108296892425
52.559338103914,34.023407611345384,2.6706572768499086,0.03265505108560873,0.04026427499065721,0.01189132532022498,0.034426988239385004,0.01973572500934284,0.018108674679775033
52.56379048390198,34.026985682891684,2.667673236428944,0.0326548516929952,0.040264164760739685,0.011890761164275565,0.034427187631998535,0.01973583523926037,0.018109238835724448
52.56824306233875,34.03056395691863,2.664695935428814,0.03265465349053531,0.04026405518162768,0.011890199213608933,0.034427385834458424,0.019735944818372375,0.01810980078639108
52.572695839491274,34.0341424336347,2.6617253738206292,0.03265445646933374,0.04026394624855101,0.011889639446775041,0.03442758285566,0.019736053751449045,0.018110360553224972
52.57714881562346,34.03772111324593,2.6587615515745755,0.03265426062055893,0.04026383795676802,0.011889081842520466,0.03442777870443481,0.01973616204323203,0.018110918157479547
52.58160199099608,34.04129999595592,2.655804468659893,0.03265406593544001,0.040263730301565326,0.01188852637978808,0.03442797338955372,0.019736269698434727,0.018111473620211933
52.586055365866876,34.04487908196585,2.6528541250448403,0.03265387240526496,0.04026362327825772,0.01188797303771421,0.034428166919728775,0.019736376721742332,0.018112026962285803
52.590508940490565,34.048458371474545,2.6499105206964564,0.03265368002137936,0.04026351688218788,0.011887421795626851,0.034428359303614375,0.019736483117812176,0.01811257820437316
52.594962715118896,34.052037864678454,2.6469736555834515,0.03265348877518581,0.040263411108727276,0.01188687263304676,0.034428550549807924,0.019736588891272777,0.018113127366953252
52.5994166900006,34.05561756177169,2.6440435296894007,0.03265329865814298,0.04026330595327493,0.011886325529679616,0.034428740666850755,0.019736694046725123,0.018113674470320397
52.60387086538152,34.059197462946045,2.6411201429579867,0.03265310966176582,0.04026320141125844,0.011885780465418667,0.034428929663227914,0.01973679858874161,0.018114219534581345
52.60832524150459,34.062777568391034,2.638203495351325,0.03265292177762458,0.04026309747813367,0.011885237420342969,0.03442911754736916,0.019736902521866384,0.018114762579657044
52.61277981860982,34.066357878293886,2.635293586852182,0.032652734997345334,0.04026299414938467,0.011884696374716883,0.0344293043276484,0.019737005850615386,0.01811530362528313
52.61723459693441,34.06993839283958,2.6323904174160075,0.0326525493126093,0.04026289142052353,0.011884157308984414,0.034429490012384434,0.019737108579476526,0.0181158426910156
52.621689576712726,34.073519112210896,2.629493986994924,0.03265236471515276,0.04026278928709093,0.011883620203769873,0.03442967460984098,0.019737210712909126,0.01811637979623014
52.626144758176316,34.07710003658836,2.6266042955353583,0.03265218119676566,0.040262687744311965,0.011883085039877214,0.034429858128228075,0.01973731225568809,0.0181169149601228
52.63060014155401,34.08068116615038,2.623721342985567,0.032651998749290645,0.040262586787727095,0.011882551798266146,0.03443004057570309,0.01973741321227296,0.018117448201733867
52.6350557270719,34.084262501073184,2.6208451292930444,0.03265181736462719,0.0402624864129672,0.011882020460074721,0.03443022196036655,0.01973751358703285,0.01811797953992529
52.63951151495332,34.08784404153086,2.617975654406974,0.032651637034729564,0.040262386615703194,0.011881491006613003,0.03443040229026417,0.01973761338429686,0.01811850899338701
52.64396750541897,34.09142578769536,2.615112918271059,0.03265145775160577,0.04026228739163418,0.01188096341936333,0.034430581573387964,0.019737712608365876,0.018119036580636683
52.64842369868681,34.09500773973653,2.6122569208265105,0.03265127950731811,0.04026218873648835,0.011880437679987435,0.03443075981767563,0.019737811263511706,0.018119562320012578
52.65288009497219,34.09858989782215,2.6094076620120616,0.03265110229398238,0.04026209064602182,0.011879913770311931,0.034430937031011355,0.019737909353978234,0.01812008622968808
52.65733669448784,34.1021722621179,2.6065651417638898,0.0326509261037678,0.04026199311601947,0.01187939167233902,0.03443111322122594,0.019738006883980586,0.018120608327660992
52.661793497443874,34.10575483278743,2.6037293600167573,0.032650750928896854,0.04026189614229403,0.011878871368232548,0.03443128839609688,0.019738103857706024,0.018121128631767465
52.666250504047866,34.10933760999238,2.6009003167099856,0.03265057676164479,0.040261799720686664,0.011878352840327143,0.03443146256334895,0.01973820027931339,0.01812164715967287
52.670707714504815,34.11292059389234,2.5980780117707085,0.032650403594339794,0.040261703847066344,0.011877836071120487,0.03443163573065394,0.01973829615293371,0.018122163928879526
52.67516512901722,34.116503784644955,2.5952624451231454,0.03265023141936224,0.040261608517330016,0.011877321043274318,0.034431807905631495,0.019738391482670037,0.018122678956725695
52.67962274778507,34.120087182405875,2.5924536166886343,0.032650060229144684,0.040261513727210485,0.011876807739611292,0.03443197909584905,0.019738486272789568,0.01812319226038872
52.68408057100589,34.123670787328834,2.5896515263855324,0.032649890016171246,0.04026141947261458,0.011876296143102226,0.03443214930882249,0.019738580527385474,0.018123703856897787
52.68853859887481,34.12725459956562,2.5868561741291587,0.03264972077297734,0.04026132574957897,0.011875786236877905,0.034432318552016394,0.019738674250421084,0.018124213763122107
52.692996831584466,34.130838619266115,2.5840675598318894,0.032649552492150236,0.04026123255416103,0.011875278004228058,0.0344324868328435,0.019738767445839023,0.018124721995771954
52.69745526932513,34.13442284657829,2.581285683403071,0.032649385166327705,0.0402611398824394,0.011874771428602299,0.03443265415866603,0.019738860117560653,0.018125228571397714
52.70191391228467,34.13800728164826,2.5785105447489816,0.03264921878819904,0.04026104773051398,0.011874266493605429,0.034432820536794695,0.019738952269486076,0.018125733506394584
52.70637276064859,34.141591924620236,2.575742143772745,0.03264905335050344,0.040260956094506584,0.011873763182999396,0.03443298597449029,0.01973904390549347,0.018126236817000617
52.71083181460008,34.14517677563664,2.5729804803743943,0.03264888884603129,0.040260864969387744,0.011873261480697554,0.03443315047896245,0.01973913503061231,0.01812673851930246
52.715291074320106,34.14876183483813,2.570225554450621,0.032648725267619694,0.0402607743511566,0.011872761370700882,0.03443331405737404,0.01973922564884345,0.01812723862929913
52.7197505399874,34.15234710236359,2.5674773658948427,0.03264856260815596,0.04026068423599838,0.011872262837158337,0.034433476716837774,0.019739315764001675,0.018127737162841676
52.72421021177837,34.155932578350075,2.5647359145972093,0.032648400860576465,0.040260594620230905,0.011871765864368167,0.03443363846441727,0.019739405379769148,0.018128234135631846
52.728670089867194,34.1595182629329,2.5620012004445574,0.03264824001786676,0.04026050550022797,0.011871270436785139,0.03443379930712698,0.01973949449977208,0.018128729563214874
52.73313017442577,34.163104156245545,2.5592732233200426,0.03264808007306175,0.04026041687242027,0.011870776539020154,0.03443395925193199,0.019739583127579785,0.01812922346097986
52.73759046562377,34.16669025841979,2.556551983103643,0.032647921019245185,0.04026032873329011,0.011870284155839995,0.03443411830574855,0.019739671266709946,0.018129715844160017
52.74205096362871,34.170276569585646,2.553837479675978,0.03264776284954973,0.04026024107874149,0.011869793272164975,0.034434276475444,0.019739758921258566,0.018130206727835038
52.74651166860592,34.17386308987146,2.5511297129187915,0.032647605557152515,0.04026015390497645,0.011869303873025039,0.03443443376784122,0.019739846095023605,0.018130696126974974
52.75097258071865,34.1774498194039,2.5484286827012737,0.032647449135277784,0.04026006720827191,0.011868815943584292,0.03443459018971595,0.019739932791728143,0.01813118405641572
52.75543370012801,34.18103675830794,2.545734388888974,0.03264729357719642,0.040259980984873434,0.011868329469139072,0.03443474574779731,0.01974001901512662,0.01813167053086094
52.75989502699299,34.184623906706946,2.543046831343674,0.03264713887622578,0.040259895230985554,0.011867844435115009,0.03443490044876796,0.0197401047690145,0.018132155564885004
52.764356561470564,34.18821126472261,2.5403660099233463,0.032646985025729214,0.040259809942764346,0.011867360827067783,0.03443505429926452,0.019740190057235707,0.01813263917293223
52.768818303715605,34.191798832475044,2.5376919244821594,0.03264683201909019,0.040259725116296996,0.011866878630673795,0.03443520730590355,0.019740274883703057,0.018133121369326217
52.77328025388104,34.19538661008276,2.535024574870383,0.03264667984976183,0.04025964074754074,0.011866397831729901,0.03443535947523191,0.019740359252459316,0.018133602168270112
52.777742412117775,34.19897459766271,2.532363960934324,0.03264652851124816,0.04025955683211868,0.011865918416142159,0.03443551081374557,0.019740443167881372,0.018134081583857854
52.782204778574794,34.20256279533034,2.5297100825163215,0.03264637799709735,0.040259473364773146,0.011865440369908428,0.03443566132789638,0.019740526635226907,0.018134559630091585
52.786667353399274,34.20615120319964,2.527062939454479,0.03264622830089958,0.040259390341038315,0.011864963679071208,0.034435811024094154,0.01974060965896174,0.018135036320928805
52.79113013673648,34.20973982138314,2.524422531582858,0.032646079416297435,0.0402593077584093,0.011864488329790049,0.0344359599086963,0.01974069224159075,0.018135511670209964
52.79559312872962,34.213328649991716,2.521788858731504,0.03264593133699917,0.04025922557897149,0.011864014308493903,0.03443610798799457,0.019740774421028562,0.01813598569150611
52.800056329523656,34.216917689137716,2.5191619207225164,0.03264578405670665,0.040259143315036494,0.011863541599940922,0.034436255268287086,0.01974085668496356,0.01813645840005909
52.80451973931279,34.220506938973536,2.5165417173184554,0.03264563756820199,0.040259060391456436,0.011863070163085486,0.034436401756791746,0.019740939608543617,0.018136929836914527
52.80898335834534,34.22409639969564,2.5139282482110477,0.03264549186320931,0.04025897961018299,0.011862599928427087,0.03443654746178443,0.019741020389817066,0.018137400071572926
52.813447186559074,34.227686071248485,2.5113215134045515,0.032645346938859454,0.04025889921211451,0.011862130980972198,0.03443669238613428,0.019741100787885546,0.018137869019027815
52.817911224094175,34.23127595374067,2.5087215127045486,0.032645202788991134,0.04025881915855467,0.011861663304625153,0.0344368365360026,0.019741180841445383,0.01813833669537486
52.82237547109211,34.234866047281926,2.5061282459026155,0.03264505940741702,0.040258739511162545,0.01186119688174457,0.034436979917576716,0.01974126048883751,0.018138803118255442
52.82683992768479,34.23845635197423,2.50354171279078,0.032644916788116596,0.04025866030535458,0.011860731698652885,0.03443712253687714,0.019741339694645477,0.018139268301347128
52.83130459399796,34.242046867914624,2.500961913170875,0.03264477492519818,0.040258581538425764,0.011860267743933818,0.03443726439979555,0.01974141846157429,0.018139732256066195
52.835769470146204,34.245637595191226,2.498388846841959,0.032644633812842994,0.04025850320698471,0.011859805006557707,0.03443740551215074,0.019741496793015345,0.018140194993442306
52.8402345562471,34.24922853389457,2.495822513598024,0.03264449344523701,0.040258425307326484,0.011859343475381243,0.034437545879756726,0.01974157469267357,0.01814065652461877
52.84469985242137,34.25281968411774,2.493262913227638,0.0326443538165922,0.04025834783536608,0.01185888313912603,0.03443768550840154,0.01974165216463397,0.018141116860873982
52.84916535878827,34.25641104595262,2.490710045514087,0.0326442149211606,0.040258270786432626,0.011858423986514911,0.03443782440383314,0.019741729213567427,0.0181415760134851
52.8536310754656,34.260002619490024,2.488163910237444,0.03264407675323283,0.040258194155283145,0.011857966006241755,0.034437962571760905,0.01974180584471691,0.018142033993758258
52.85809700256981,34.26359440481965,2.4856245071728873,0.032643939307136716,0.04025811492477527,0.01185750918695793,0.03443810001785702,0.019741885075224785,0.018142490813042082
52.86256314053647,34.267186402290484,2.4830918357510248,0.03264380257146271,0.040258037421461224,0.011857053356306678,0.034438236753531026,0.01974196257853883,0.018142946643693335
52.86702948931028,34.270778611853245,2.480565895876995,0.03264366654308848,0.04025796133556858,0.011856598585164621,0.03443837278190526,0.01974203866443147,0.01814340141483539
52.8714960488815,34.2743710334955,2.4780466874215974,0.032643531218372546,0.04025788634387106,0.011856144922072882,0.03443850810662119,0.01974211365612899,0.01814385507792713
52.87596281928346,34.277963667239646,2.475534210218379,0.03264339659312138,0.04025781172654358,0.011855692394175527,0.03443864273187236,0.019742188273456474,0.018144307605824486
52.880429800630864,34.28155651317414,2.4730284640180926,0.032643262661755046,0.04025773752504114,0.011855240987377072,0.03443877666323869,0.019742262474958916,0.01814475901262294
52.88489699303169,34.285149571381965,2.4705294485716145,0.032643129418906236,0.04025766371137385,0.011854790690598478,0.0344389099060875,0.019742336288626205,0.018145209309401535
52.889364396594985,34.288742841947055,2.468037163622549,0.03264299685918015,0.04025759027450293,0.0118543414914545,0.034439042465813585,0.019742409725497123,0.018145658508545513
52.893832011428806,34.29233632495257,2.465551608908929,0.03264286497719754,0.040257517210781524,0.011853893377303498,0.0344391743477962,0.01974248278921853,0.018146106622696515
52.89829983763944,34.29593002048027,2.463072784164096,0.032642733767615506,0.04025744451845875,0.01185344633568456,0.03443930555737823,0.019742555481541302,0.018146553664315453
52.90276787533123,34.29952392861037,2.460600689116827,0.03264260322513962,0.04025737216913944,0.011853000354455231,0.034439436099854115,0.019742627830860615,0.01814699964554478
52.907236124609426,34.30311804942387,2.458135323488313,0.03264247334445425,0.04025730015829787,0.011852555420276814,0.03443956598053949,0.019742699841702183,0.0181474445797232
52.91170458557747,34.306712383000345,2.4556766869949165,0.03264234412027611,0.040257228498410846,0.01185211152001095,0.034439695204717624,0.019742771501589207,0.018147888479989063
52.9161732583352,34.31030692941646,2.45322477935019,0.032642215547390274,0.04025715718669709,0.01185166864163735,0.03443982377760346,0.019742842813302963,0.018148331358362663
52.92064214298068,34.313901688747535,2.450779600263399,0.03264208762061954,0.0402570862204501,0.011851226773345429,0.034439951704374194,0.019742913779549953,0.018148773226654584
52.92511123961026,34.31749666106746,2.4483411494387615,0.03264196033482414,0.04025701559703582,0.011850785903540342,0.0344400789901696,0.019742984402964237,0.01814921409645967
52.9295805483185,34.321091846448766,2.4459094265755623,0.03264183368490148,0.040256945313891845,0.01185034602082477,0.03444020564009226,0.019743054686108208,0.018149653979175243
52.934050069198314,34.32468724496269,2.4434844313675517,0.032641707665786335,0.04025687536852429,0.011849907114000163,0.0344403316592074,0.01974312463147576,0.01815009288599985
52.93851980234096,34.3282828566791,2.4410661635038986,0.032641582272450176,0.040256805758506875,0.011849469172057377,0.03444045705254356,0.019743194241493178,0.018150530827942636
52.94298974783605,34.33187868166662,2.4386546226682624,0.032641457499901494,0.04025673648147787,0.011849032184174088,0.03444058182509224,0.01974326351852218,0.018150967815825925
52.94745990577157,34.33547471999255,2.4362498085379714,0.032641333343185475,0.04025666753513857,0.011848596139707929,0.03444070598180826,0.019743332464861485,0.018151403860292084
52.95193027623391,34.33907097172295,2.4338517207863086,0.03264120979738383,0.04025659891725114,0.011848161028188135,0.034440829527609906,0.019743401082748913,0.018151838971811877
52.95640085930813,34.34266743692285,2.4314603590813357,0.03264108685761219,0.040256530626074094,0.01184772683930791,0.03444095246738155,0.01974346937392596,0.018152273160692102
52.960871655077554,34.34626411565585,2.4290757230861866,0.03264096451902748,0.040256462661192094,0.01184729356295753,0.034441074805966254,0.01974353733880796,0.018152706437042483
52.965342663623716,34.34986100798419,2.4266978124589733,0.03264084277683649,0.040256395020460745,0.011846861189319526,0.03444119654815725,0.01974360497953931,0.018153138810680487
52.969813885026745,34.353458113968934,2.424326626867808,0.03264072162628329,0.04025632770164439,0.01184642970872124,0.03444131769871045,0.019743672298355663,0.018153570291278773
52.97428531936531,34.357055433670055,2.4219621659743797,0.03264060106264932,0.04025626070238375,0.011845999111628251,0.034441438262344415,0.019743739297616303,0.01815400088837176
52.97875696671669,34.36065296714639,2.4196044294268697,0.03264048108125228,0.040256194020198255,0.011845569388624362,0.034441558243741455,0.0197438059798018,0.01815443061137565
52.98322882715678,34.36425071445571,2.417253416868919,0.03264036167744466,0.040256127652456564,0.011845140530408645,0.034441677647549074,0.01974387234754349,0.018154859469591368
52.987700900760196,34.36784867565475,2.414909127939435,0.03264024284661332,0.040256061595229986,0.011844712527773665,0.034441796478380415,0.019743938404770067,0.018155287472226347
52.99217318760036,34.37144685079931,2.4125715622726522,0.0326401245841752,0.040255995841055214,0.011844285371529269,0.034441914740818536,0.01974400415894484,0.018155714628470744
52.99664568774987,34.37504523994457,2.4102407194976623,0.032640006885568174,0.040255930385499294,0.011843859052319765,0.03444203243942556,0.01974406961450076,0.018156140947680248
53.00111840128022,34.37864384314483,2.407916599238612,0.03263988974626031,0.0402558652207452,0.011843433560803307,0.03444214957873343,0.01974413477925485,0.018156566439196706
53.00559132826209,34.382242660453734,2.405599201114099,0.032639773161744434,0.040255800344663584,0.01184300888748649,0.0344422661632493,0.01974419965533647,0.018156991112513524
53.01006446876475,34.38584169192387,2.4032885247373788,0.03263965712753064,0.040255735878251875,0.011842585022975784,0.034442382197463095,0.01974426412174818,0.01815741497702423
53.0145378228429,34.389440937595964,2.400984569701975,0.03263954163936472,0.04025567175338601,0.011842161964444,0.034442497685629014,0.01974432824661404,0.018157838035556012
53.01901139055806,34.39304039751632,2.3986873356485496,0.03263942669287523,0.04025560798229233,0.011841739705152121,0.03444261263211851,0.019744392017707724,0.01815826029484789
53.02348517196937,34.39664007172934,2.3963968221858467,0.03263931228388678,0.040255544210068495,0.011841318239573483,0.03444272704110696,0.01974445578993156,0.01815868176042653
53.027959167172725,34.40023996030928,2.394113028879651,0.03263919840753021,0.04025547945348834,0.011840897543172045,0.034442840917463524,0.019744520546511712,0.018159102456827968
53.032433376364224,34.40384006341189,2.3918359552888067,0.03263908505706503,0.04025541660613485,0.011840477540562694,0.034442954267928705,0.0197445833938652,0.01815952245943732
53.03690779941891,34.407440380932314,2.3895656010939508,0.032638972231305186,0.040255353943662364,0.011840058314927272,0.03444306709368855,0.01974464605633769,0.01815994168507274
53.04138243641003,34.41104091292647,2.3873019657067154,0.032638859925824715,0.04025529141144013,0.011839639851531351,0.03444317939916902,0.019744708588559923,0.01816036014846866
53.04585728741402,34.41464165945291,2.385045048826051,0.032638748136122886,0.04025522904105311,0.011839222133411473,0.03444329118887085,0.019744770958946944,0.01816077786658854
53.05033235250099,34.41824262056512,2.3827948500118783,0.032638636857792946,0.040255167084439714,0.011838805146138033,0.03444340246720079,0.01974483291556034,0.01816119485386198
53.05480763171174,34.4218437962928,2.3805513688479425,0.03263852608695461,0.040255105490139886,0.011838388889341508,0.034443513238039125,0.019744894509860167,0.018161611110658504
53.0592831250925,34.425445186670075,2.3783146049189643,0.032638415819663535,0.0402550442209923,0.01183797335956327,0.0344436235053302,0.019744955779007756,0.018162026640436743
53.0637588326929,34.42904679173384,2.3760845578025247,0.032638306051939014,0.040254983246777565,0.011837558551247289,0.03444373327305472,0.01974501675322249,0.018162441448752724
53.06823475456477,34.43264861152279,2.373861227007124,0.03263819677977692,0.040254922486691436,0.011837144457272193,0.03444384254521682,0.019745077513308618,0.01816285554272782
53.07271089076735,34.436250646081675,2.3716446121082724,0.03263808799905016,0.04025486188369237,0.011836731066375582,0.03444395132594358,0.01974513811630768,0.01816326893362443
53.07718724136393,34.43985289545858,2.3694347126417914,0.03263797970555382,0.040254801341290614,0.011836318364731285,0.034444059619439915,0.01974519865870944,0.018163681635268727
53.081663806425624,34.44345535970797,2.3672315308283567,0.032637871894924786,0.04025474071272089,0.011835906334033891,0.03444416743006895,0.01974525928727916,0.018164093665966122
53.086140586035896,34.44705803889442,2.3650350631797314,0.03263776456253947,0.04025468052364933,0.01183549494915103,0.03444427476245426,0.01974531947635072,0.018164505050848982
53.09061758021793,34.45066093303357,2.3628453092793524,0.0326376577048334,0.040254620765836524,0.011835084214335836,0.034444381620160336,0.01974537923416353,0.018164915785664176
53.095094788996576,34.45426404214241,2.3606622687034466,0.032637551318264346,0.040254561406841305,0.011834674132744603,0.03444448800672939,0.01974543859315875,0.01816532586725541
53.099572212400695,34.45786736624122,2.358485941018901,0.032637445399265,0.040254502418027305,0.011834264705243729,0.03444459392572874,0.01974549758197275,0.018165735294756284
53.10404985046241,34.46147090535289,2.3563163257835127,0.032637339944247,0.04025444377518356,0.011833855930777078,0.034444699380746735,0.019745556224816496,0.018166144069222935
53.10852770321622,34.46507465950225,2.3541534225460667,0.03263723494960924,0.040254385458083575,0.011833447806742184,0.0344448043753845,0.01974561454191648,0.01816655219325783
53.11300577069835,34.46867862871558,2.351997230847508,0.0326371304117446,0.04025432744980406,0.011833040329318555,0.03444490891324914,0.019745672550195992,0.018166959670681458
53.11748405294624,34.47228281302009,2.3498477502210924,0.032637026327045016,0.04025426973609347,0.011832633493737886,0.03444501299794872,0.01974573026390658,0.018167366506262127
53.12196254999789,34.47588721244354,2.3477049801929026,0.032636922691907155,0.04025421230487536,0.011832227294490766,0.03444511663308658,0.019745787695124695,0.018167772705509247
53.12644126189174,34.479491827014016,2.3455689202819703,0.03263681950273495,0.0402541551457799,0.01183182172550614,0.03444521982225879,0.01974584485422015,0.018168178274493872
53.13092018866622,34.48309665675965,2.343439570000632,0.03263671675594304,0.04025409825014642,0.011831416780282801,0.034445322569050696,0.019745901749853634,0.018168583219717212
53.13539933035956,34.486701701708405,2.3413169288703255,0.03263661444795957,0.04025403840344599,0.01183101245201456,0.03444542487703417,0.019745961596554062,0.018168987547985453
53.13987868735032,34.49030696216485,2.3392009960415208,0.03263651256910166,0.040253980131106704,0.011830608564395162,0.034445526755892075,0.01974601986889335,0.01816939143560485
53.14435825950477,34.49391243801773,2.3370917711360155,0.032636411118313224,0.04025392310398934,0.01183020519247157,0.03444562820668051,0.01974607689601071,0.018169794807528443
53.148838046737595,34.497518129194944,2.3349892537404404,0.03263631009396123,0.04025386710746176,0.011829802388123964,0.03444572923103251,0.019746132892538293,0.01817019761187605
53.15331804899556,34.501124035650264,2.3328934434172033,0.03263620949404966,0.04025381144771256,0.011829400187822081,0.034445829830944075,0.01974618855228749,0.01817059981217793
53.15779826630564,34.5047301574026,2.330804339653226,0.03263610931523786,0.040253756004230146,0.011828998588260253,0.034445930009755876,0.019746243995769908,0.01817100141173976
53.16227869870705,34.50833649448079,2.328721941917883,0.03263600955399154,0.0402537007957432,0.011828597579737574,0.034446029771002196,0.019746299204256856,0.01817140242026244
53.16675934623533,34.51194304691073,2.326646249677771,0.03263591020688633,0.04025364581382107,0.01182819715411118,0.034446129118107405,0.019746354186178983,0.018171802845888832
53.17124020892553,34.515549814717964,2.3245772623946763,0.03263581127053361,0.040253591049667414,0.011827797303182931,0.034446228054460126,0.01974640895033264,0.01817220269681708
53.17572128681219,34.51915679792759,2.3225149795245583,0.032635712741551304,0.04025353649618957,0.011827398018577441,0.03444632658344243,0.019746463503810485,0.01817260198142257
53.180202579929094,34.522763996564194,2.320459400517828,0.032635614616568775,0.04025348214713603,0.011826999291855649,0.03444642470842496,0.01974651785286402,0.018173000708144364
53.184684088309254,34.5263714106517,2.3184105248193365,0.03263551689222921,0.040253427999048574,0.011826601114570824,0.034446522432764526,0.01974657200095148,0.01817339888542919
53.189165811984495,34.52997904021312,2.3163683518688987,0.03263541956519633,0.04025337404848428,0.011826203478428068,0.0344466197597974,0.019746625951515773,0.018173796521571944
53.193647750985605,34.53358688527063,2.314332881101257,0.03263532263215502,0.04025332029214779,0.011825806375276776,0.03444671669283872,0.019746679707852266,0.018174193624723237
53.19812990534227,34.537194945845556,2.312304111946083,0.0326352260898109,0.04025326672721524,0.011825409797105974,0.03444681323518284,0.01974673327278481,0.01817459020289404
53.20261227508304,34.54080322195833,2.310282043828161,0.032635129934893314,0.0402532133579121,0.011825013736068403,0.03444690939010042,0.019746786642087955,0.01817498626393161
53.207094860234676,34.54441171362792,2.3082666761681296,0.03263503416418928,0.040253160181968284,0.01182461818492097,0.034447005160804456,0.01974683981803177,0.018175381815079043
53.2115776608229,34.54802042087251,2.3062580083818447,0.032634938774510125,0.04025310719781772,0.011824223136570625,0.03444710055048361,0.019746892802182336,0.018175776863429388
53.21606067687233,34.55162934370939,2.3042560398806193,0.032634843762692656,0.04025305440467897,0.011823828584094642,0.03444719556230108,0.019746945595321086,0.01817617141590537
53.220543908406476,34.55523848215498,2.302260770071194,0.03263474912559955,0.04025300180257374,0.01182343452077185,0.03444729019939419,0.019746998197426313,0.018176565479228163
53.225027355447644,34.558847836224714,2.3002721983559757,0.03263465486012035,0.040252949392328985,0.011823040940112807,0.03444738446487339,0.01974705060767107,0.018176959059887206
53.22951101801692,34.56245740593312,2.2982903241331223,0.032634560963172354,0.04025289716467878,0.011822647835882646,0.03444747836182138,0.019747102835321273,0.018177352164117366
53.23399489613524,34.56606719129453,2.2963151467955236,0.032634467431669145,0.040252845118797564,0.011822255201514857,0.03444757189332459,0.01974715488120249,0.018177744798485156
53.23847898982251,34.56967719232252,2.294346665731797,0.03263437426254795,0.040252793254843766,0.011821863030619807,0.03444766506244579,0.019747206745156287,0.018178136969380206
53.24296329909742,34.573287409029724,2.2923848803261913,0.03263428145277175,0.04025274157360792,0.011821471317028584,0.034447757872221985,0.019747258426392134,0.01817852868297143
53.247447823977545,34.57689784142782,2.290429790808557,0.03263418899933007,0.04025269003582688,0.011821080054810515,0.034447850325663665,0.019747309964173176,0.018178919945189498
53.25193256448355,34.580508489531056,2.2884813957621146,0.03263409689916652,0.04025263851360572,0.011820689236170447,0.034447942425827216,0.019747361486394333,0.018179310763829566
53.25641752064833,34.58411935336364,2.2865396948144783,0.032634005149015044,0.04025258781319235,0.011820298846955582,0.03444803417597869,0.0197474121868077,0.01817970115304443
53.26090269241663,34.58773043287817,2.2846046870123686,0.032633913747162735,0.04025253726937661,0.011819908916096009,0.034448125577831,0.019747462730623444,0.018180091083904004
53.26538807980903,34.591341728088786,2.2826763714667986,0.032633822690647185,0.04025248690296601,0.011819519435214886,0.03444821663434655,0.019747513097034042,0.018180480564785127
53.26987368284241,34.59495323900667,2.280754747448074,0.03263373197656955,0.04025243674253992,0.011819130397397855,0.03444830734842419,0.019747563257460132,0.018180869602602158
53.27435950152936,34.59856496563954,2.2788398143245185,0.032633641602109076,0.040252386160675835,0.01181874179749854,0.03444839772288466,0.01974761383932422,0.018181258202501473
53.27884553594818,34.60217690804853,2.2769315716379777,0.0326335515632456,0.040252335860890276,0.011818353597500247,0.03444848776174814,0.019747664139109777,0.018181646402499765
53.283331786095644,34.60578906622863,2.275030018862979,0.03263346185732824,0.040252285738737736,0.01181796579885562,0.0344485774676655,0.019747714261262317,0.018182034201144393
53.28781825197995,34.60940144018408,2.273135155345322,0.03263337248154691,0.04025223577446185,0.0118175783972614,0.03444866684344683,0.0197477642255382,0.018182421602738613
53.29230493361058,34.61301402992022,2.2712469804243263,0.032633283433068205,0.04025218594385466,0.011817191387421842,0.03444875589192553,0.019747814056145396,0.01818280861257817
53.29679183099866,34.616626835443704,2.2693654934325713,0.032633194709023094,0.04025213625688273,0.011816804762887524,0.03444884461597064,0.019747863743117322,0.01818319523711249
53.30127894415307,34.62023985675942,2.267490693699879,0.03263310630659355,0.04025208674814945,0.011816418518008659,0.034448933018400185,0.019747913251850602,0.018183581481991354
53.305766273078106,34.6238530938685,2.2656225805554784,0.03263301822307135,0.04025203748669964,0.011816032649205103,0.034449021101922384,0.01974796251330041,0.01818396735079491
53.31025381777007,34.62746654676562,2.2637611533308637,0.03263293045593241,0.04025198847172645,0.011815647156666803,0.03444910886906133,0.0197480115282736,0.01818435284333321
53.314741578225394,34.631080215445564,2.2619064113536167,0.03263284300266561,0.040251939668030035,0.011815262040276435,0.034449196322328124,0.01974806033197002,0.018184737959723578
53.31922955444424,34.63469409990614,2.2600583539426093,0.0326327558607038,0.040251891073887214,0.011814877297818736,0.03444928346428994,0.01974810892611284,0.018185122702181276
53.32371774642657,34.63830820014499,2.2582169804129766,0.03263266902750128,0.04025184268483195,0.011814492926944302,0.034449370297492454,0.019748157315168102,0.01818550707305571
53.328206154172385,34.64192251615982,2.256382290076558,0.03263258250052792,0.04025179449472921,0.011814108925036898,0.03444945682446582,0.019748205505270844,0.018185891074963115
53.33269477768187,34.645537047948494,2.2545542822430447,0.03263249627726422,0.04025174649670371,0.011813725289144088,0.034449543047729514,0.019748253503296342,0.018186274710855925
53.337183616955514,34.649151795509084,2.2527329562573843,0.0326324103552002,0.040251698683790416,0.011813342016248105,0.03444962896979353,0.019748301316209638,0.018186657983751908
53.34167267199395,34.65276675883987,2.2509183114026885,0.03263232473183664,0.040251651049310666,0.011812959103267066,0.0344497145931571,0.019748348950689387,0.018187040896732946
53.34616194279799,34.6563819379392,2.249110346955681,0.03263223940468135,0.040251603587032725,0.011812576546153926,0.034449799920312385,0.01974839641296733,0.018187423453846087
53.3506514293683,34.6599973328054,2.2473090622087564,0.032632154371251276,0.040251556291194646,0.011812194340629745,0.03444988495374246,0.019748443708805408,0.018187805659370268
53.35514113170551,34.663612943436725,2.2455144564290492,0.032632069629073224,0.040251509156451315,0.011811812482228477,0.03444996969592051,0.01974849084354874,0.018188187517771535
53.359631049809934,34.6672287698312,2.2437265288929638,0.0326319851756845,0.040251462177789965,0.01181143096633442,0.03445005414930924,0.019748537822210088,0.018188569033665593
53.364121183681604,34.67084481198663,2.24194527887469,0.03263190102124064,0.04025141535033433,0.011811049788215212,0.0344501383037531,0.019748584649665724,0.0181889502117848
53.36861153332027,34.67446106990064,2.240170705645978,0.03263181715050939,0.04025136866944723,0.011810668943037228,0.034450222174484346,0.019748631330552824,0.018189331056962785
53.37310209872526,34.678077543570474,2.2384028084756187,0.03263173356179211,0.04025132213053334,0.011810288425882928,0.03445030576320163,0.019748677869466713,0.018189711574117085
53.377592879895545,34.68169423299314,2.2366415866291196,0.0326316502488867,0.04025127572889725,0.01180990823176653,0.034450389076107035,0.019748724271102802,0.018190091768233482
53.3820838768297,34.68531113816532,2.234887039369916,0.03263156720939525,0.040251229459725923,0.011809528355637589,0.034450472115598485,0.01974877054027413,0.018190471644362424
53.38657508952589,34.68892825908337,2.233139165958214,0.03263148443729985,0.040251183318330386,0.011809148792372666,0.034450554887693885,0.019748816681669668,0.018190851207627347
53.39106651798185,34.692545595743354,2.2313979656460603,0.03263140193704167,0.04025113729961749,0.011808769536800483,0.034450637387952066,0.019748862700382563,0.01819123046319953
53.39555816219497,34.696163148141025,2.2296634376814746,0.03263131970624855,0.04025109139835359,0.011808390583675388,0.034450719618745185,0.019748908601646464,0.018191609416324625
53.400050022162205,34.69978091627182,2.2279355813083095,0.03263123774255944,0.04025104560926124,0.01180801192768554,0.0344508015824343,0.019748954390738815,0.018191988072314473
53.40454209788017,34.70339890013092,2.22621439576636,0.03263115604362349,0.04025099992720038,0.011807633563456328,0.03445088328137025,0.01974900007279967,0.018192366436543685
53.409034389345024,34.70701709971313,2.224499880291283,0.032631074607101185,0.04025095434744208,0.011807255485561559,0.03445096471789255,0.019749045652557973,0.018192744514438454
53.41352689655244,34.710635515012896,2.2227920341147582,0.03263099343066456,0.04025090886604432,0.011806877688551369,0.03445104589432918,0.019749091133955732,0.018193122311448644
53.418019619497585,34.714254146024246,2.221090856464402,0.03263091251199929,0.04025086338154671,0.011806500166998343,0.03445112681299445,0.019749136618453345,0.01819349983300167
53.42251255818533,34.71787299274915,2.219396346554242,0.03263083184860238,0.040250817923725646,0.011806122910361448,0.034451207476391355,0.019749182076274407,0.018193877089638565
53.427005712615546,34.72149205518552,2.217708503599776,0.032630751438050776,0.04025077254108134,0.011805745910261872,0.03445128788694296,0.019749227458918717,0.01819425408973814
53.43149908278143,34.72511133332587,2.216027326816483,0.03263067127804131,0.04025072727207052,0.011805369161321091,0.034451368046952424,0.019749272727929534,0.01819463083867892
53.43599266867113,34.72873082715862,2.2143528154184073,0.03263059136637175,0.04025068214044886,0.011804992660417409,0.034451447958621984,0.019749317859551196,0.018195007339582604
53.44048647026976,34.73235053666973,2.212684968618513,0.03263051170090808,0.040250637158132874,0.011804616405750111,0.034451527624085654,0.01974936284186718,0.018195383594249902
53.44498048756079,34.73597046184385,2.211023785627693,0.03263043227955914,0.04025059229740141,0.01180424039611433,0.034451607045434596,0.019749407702598643,0.018195759603885683
53.44947472053045,34.73959060266784,2.209369265650814,0.03263035310019291,0.040250547506961776,0.011803864628778762,0.034451686224800826,0.019749452493038278,0.01819613537122125
53.453969169169895,34.74321095913261,2.2077214078844363,0.032630274160588224,0.0402505027865252,0.011803489098355276,0.03445176516440551,0.019749497213474854,0.018196510901644737
53.458463833469324,34.746831531228295,2.2060802115215212,0.03263019545853679,0.040250458139365675,0.011803113799682942,0.034451843866456944,0.01974954186063438,0.01819688620031707
53.46295871341769,34.75045231894403,2.204445675751946,0.032630116991847924,0.040250415059962075,0.0118027387279925,0.03445192233314581,0.01974958494003798,0.018197261272007513
53.46745380884467,34.75407332213944,2.2028177999088676,0.03263003876124443,0.04025037175745477,0.011802363956666236,0.03445200056374931,0.01974962824254528,0.018197636043333777
53.471949119783034,34.7576945408391,2.201196583151658,0.03262996076399566,0.040250328951017156,0.011801989460268704,0.03445207856099808,0.019749671048982897,0.01819801053973131
53.47644464618475,34.761315975001935,2.199582024705338,0.032629882998752024,0.040250285898707105,0.011801615252521443,0.03445215632624171,0.019749714101292948,0.01819838474747857
53.48094038808274,34.76493762465272,2.197974123720213,0.032629805462618566,0.040250243299774724,0.011801241306969669,0.03445223386237517,0.01974975670022533,0.018198758693030344
53.48543634543125,34.768559489752256,2.1963728794100024,0.03262972815418402,0.04025019874720476,0.011800867635835849,0.03445231117080971,0.019749801252795296,0.018199132364164164
53.48993251844186,34.77218157047065,2.194778290750924,0.0326296510675515,0.04025015635449353,0.011800494125521942,0.034452388257442235,0.019749843645506526,0.01819950587447807
53.49442890686953,34.77580386660692,2.1931903571100437,0.03262957420476004,0.040250113834769286,0.011800120883623831,0.0344524651202337,0.019749886165230768,0.01819987911637618
53.49892551073106,34.779426378172765,2.1916090776357477,0.032629497563494536,0.04025007112060214,0.011799747891189143,0.0344525417614992,0.019749928879397916,0.01820025210881087
53.503422330047,34.78304910518298,2.1900344514655448,0.032629421141488035,0.0402500282239292,0.01179937512699021,0.0344526181835057,0.01974997177607085,0.018200624873009802
53.50791936483279,34.78667204764825,2.1884664777336442,0.032629344936312255,0.04024998494675114,0.011799002571835533,0.03445269438868148,0.019750015053248915,0.01820099742816448
53.512416615121325,34.79029520559356,2.1869051555506918,0.032629268945115086,0.040249941619085905,0.011798630197469878,0.03445277037987865,0.01975005838091415,0.018201369802530135
53.51691408090547,34.79391857901135,2.18535048405446,0.032629193165682524,0.04024989861775957,0.01179825799466297,0.03445284615931121,0.01975010138224048,0.018201742005337043
53.52141176213645,34.79754216786026,2.183802462415723,0.03262911759652948,0.04024985619809124,0.011797885974253589,0.03445292172846426,0.019750143801908815,0.018202114025746424
53.52590965874039,34.801165972078465,2.1822610898284296,0.032629042236686445,0.0402498144473884,0.01179751415943927,0.03445299708830729,0.019750185552611654,0.018202485840560743
53.530407770638405,34.80478999160002,2.1807263654929803,0.03262896708538632,0.04024977305257571,0.011797142576179469,0.03445307223960742,0.019750226947424343,0.018202857423820544
53.534906097789275,34.80841422638953,2.1791982885783394,0.03262889214128967,0.04024973190355857,0.011796771232189598,0.03445314718370407,0.01975026809644148,0.018203228767810414
53.539404640164854,34.812038676422226,2.177676858240449,0.03262881740287066,0.04024969094242542,0.011796400128782976,0.03445322192212308,0.019750309057574633,0.018203599871217037
53.54390339774358,34.81566334167867,2.1761620736267906,0.032628742868515914,0.040249650129366155,0.011796029264046673,0.03445329645647782,0.0197503498706339,0.01820397073595334
53.54840237050776,34.819288222142596,2.1746539338780706,0.03262866853656349,0.0402496079725812,0.011795658634015604,0.03445337078843025,0.01975039202741885,0.01820434136598441
53.55290155859706,34.82291331792575,2.1731524379882234,0.032628594402547284,0.04024956686065084,0.011795288157699486,0.03445344492244645,0.01975043313934921,0.018204711842300526
53.557400961883346,34.826538628922265,2.1716575851722713,0.032628520466349176,0.0402495262480253,0.011794917883360533,0.03445351885864456,0.01975047375197475,0.01820508211663948
53.561900580305064,34.83016415508028,2.1701693745929425,0.03262844672697868,0.04024948588491506,0.01179454782744857,0.03445359259801506,0.019750514115084994,0.018205452172551442
53.566400413830124,34.833789896371876,2.1686878053877545,0.03262837318299444,0.04024944562547794,0.01179417799218685,0.034453666141999295,0.01975055437452211,0.018205822007813163
53.57090046244224,34.83741585278197,2.1672128766775556,0.03262829983270088,0.0402494054558169,0.011793808372092277,0.034453739492292856,0.019750594544183153,0.018206191627907736
53.57540072612566,34.84104202429595,2.165744587578658,0.03262822667439741,0.04024936516954131,0.01179343896121305,0.03445381265059633,0.019750634830458746,0.018206561038786963
53.57990120488535,34.84466841091608,2.1642829371844114,0.03262815370599437,0.04024932408172821,0.011793069743120999,0.03445388561899937,0.019750675918271843,0.018206930256879014
53.584401898795925,34.848295012701264,2.1628279245188344,0.032628080924100744,0.0402492823763238,0.011792700666990306,0.03445395840089299,0.01975071762367625,0.018207299333009706
53.58890280790332,34.8519218296873,2.1613795486171767,0.03262800832577184,0.04024924143912212,0.011792331695391074,0.034454030999221896,0.019750758560877935,0.01820766830460894
53.5934039320998,34.855548861785046,2.159937808641055,0.03262793591065061,0.04024920121959569,0.011791962864958018,0.03445410341434313,0.019750798780404366,0.018208037135041995
53.59790527128965,34.85917610891502,2.1585027037472004,0.03262786367825965,0.040249161359558916,0.011791594206791128,0.034454175646734087,0.019750838640441137,0.018208405793208884
53.60240682542067,34.86280357103309,2.157074233057962,0.03262779162756124,0.04024912157995014,0.01179122573113818,0.034454247697432494,0.01975087842004991,0.018208774268861833
53.60690859447256,34.866431248121,2.1556523956671247,0.03262771975707085,0.04024908188942339,0.01179085743302534,0.034454319567922886,0.019750918110576665,0.018209142566974673
53.611410578422934,34.87005914015886,2.1542371906662066,0.03262764806486945,0.04024904229196474,0.011790489308168658,0.034454391260124284,0.01975095770803531,0.018209510691831354
53.61591277724801,34.87368724712561,2.1528286171441096,0.03262757654912407,0.04024900278942506,0.011790121352694236,0.034454462775869665,0.019750997210574994,0.018209878647305777
53.62041519092308,34.8773155689995,2.151426674186905,0.03262750520851121,0.04024896338251621,0.011789753562994512,0.03445453411648253,0.01975103661748384,0.0182102464370055
53.62491781942272,34.880944105758154,2.150031360877804,0.03262743404137525,0.04024892407130265,0.011789385935651639,0.03445460528361849,0.019751075928697404,0.018210614064348374
53.62942066272086,34.88457285737873,2.1486426762971265,0.03262736304602848,0.040248884855469236,0.011789018467391554,0.03445467627896526,0.019751115144530818,0.01821098153260846
53.63392372079086,34.888201823837896,2.147260619522176,0.03262729222071292,0.04024884573447435,0.011788651155045633,0.034454747104280814,0.019751154265525706,0.01821134884495438
53.63842699360556,34.89183100511193,2.1458851896274247,0.032627221563615805,0.04024880670764169,0.01178828399546103,0.03445481776137793,0.01975119329235836,0.018211716004538983
53.6429304811373,34.8954604011767,2.1445163856843537,0.0326271510731998,0.040248767774215155,0.011787916985554266,0.034454888251793936,0.019751232225784898,0.018212083014445747
53.64743418335793,34.899090012007676,2.1431542067615394,0.03262708074830961,0.040248728933376554,0.011787550122321772,0.034454958576684125,0.0197512710666235,0.01821244987767824
53.65193810023883,34.90271983757997,2.141798651924638,0.032627010589528604,0.04024869018429417,0.011787183402831261,0.03445502873546513,0.019751309815705886,0.01821281659716875
53.65644223175093,34.906349877868344,2.1404497202364112,0.032626940593995346,0.04024865152611623,0.011786816824216659,0.03445509873099839,0.019751348473883823,0.018213183175783354
53.66094657786471,34.90998013284717,2.139107410756759,0.032626870759373316,0.0402486129579831,0.011786450383674152,0.03445516856562042,0.019751387042016955,0.01821354961632586
53.66545113855025,34.913610602490536,2.1377718927317373,0.03262680108434485,0.040248574479029964,0.011786084078457729,0.03445523824064889,0.01975142552097009,0.018213915921542284
53.6699559137772,34.91724128677216,2.136442980823297,0.03262673156761958,0.04024853608839041,0.01178571790587693,0.034455307757374154,0.019751463911609646,0.018214282094123083
53.67446090351483,34.920872185665466,2.13512067514583,0.03262666220787608,0.04024849778519507,0.011785351863291632,0.03445537711711766,0.019751502214804983,0.01821464813670838
53.67896610773194,34.924503299143545,2.133804975732082,0.032626593003773574,0.040248459568573036,0.011784985948110512,0.03445544632122016,0.019751540431427017,0.0182150140518895
53.683471526397014,34.92813462717918,2.132495882538993,0.03262652395395288,0.04024842143765045,0.011784620157789236,0.03445551537104086,0.019751578562349603,0.018215379842210777
53.68797715947816,34.93176616974487,2.131193395453046,0.03262645505705292,0.04024838339155046,0.011784254489825348,0.03445558426794082,0.019751616608449596,0.018215745510174665
53.69248300694305,34.9353979268128,2.129897514295406,0.03262638631171094,0.04024834542939171,0.011783888941760044,0.034455653013282794,0.019751654570608346,0.01821611105823997
53.69698906875908,34.93902989835488,2.12860823882656,0.032626317716567044,0.040248307550287854,0.011783523511172622,0.03445572160842669,0.0197516924497122,0.01821647648882739
53.70149534489322,34.94266208434274,2.127325568750555,0.032626249270267915,0.04024826975334672,0.01178315819567921,0.03445579005472582,0.019751730246653332,0.018216841804320802
53.70600183531212,34.946294484747725,2.126049503719033,0.03262618097146808,0.04024823203766992,0.011782792992930738,0.03445585835352566,0.019751767962330136,0.018217207007069275
53.71050853998209,34.94992709954089,2.124780043335004,0.03262611281883099,0.04024819440266947,0.011782427900611507,0.03445592650616275,0.019751805597330585,0.018217572099388506
53.71501545886906,34.95355992869305,2.1235171871561964,0.0326260448110296,0.04024815684822958,0.011782062916453964,0.03445599451396414,0.019751843151770476,0.01821793708354605
53.71952259193858,34.957192972174646,2.1222609346982635,0.032625976946748014,0.040248119373452074,0.011781698038259458,0.03445606237824572,0.01975188062654798,0.018218301961740554
53.72402993915584,34.960826229955885,2.121011285437769,0.032625909224679395,0.040248081977435124,0.011781333263853049,0.03445613010031434,0.01975191802256493,0.018218666736146964
53.72853750048574,34.96445970200672,2.119768238814766,0.03262584164352711,0.04024804465927745,0.011780968591086655,0.03445619768146663,0.019751955340722605,0.018219031408913358
53.73304527589291,34.96809338829689,2.1185317942354214,0.03262577420200358,0.04024800741808615,0.01178060401783395,0.03445626512299016,0.019751992581913902,0.018219395982166063
53.73755326534162,34.97172728879585,2.1173019510742868,0.032625706898831486,0.04024797025298493,0.011780239541990103,0.03445633242616225,0.01975202974701512,0.01821976045800991
53.74206146879588,34.97536140347285,2.1160787086764614,0.032625639732742906,0.04024793316312508,0.011779875161476633,0.03445639959225083,0.01975206683687497,0.01822012483852338
53.746569886219376,34.9789957322969,2.114862066359617,0.03262557270247951,0.04024789614769886,0.01177951087423492,0.034456466622514226,0.019752103852301195,0.018220489125765092
53.75107851757477,34.98263027523615,2.113652023416185,0.032625505806762656,0.04024785920590418,0.01177914667824606,0.03445653351823108,0.019752140794095874,0.018220853321753952
53.755587362824926,34.98626503225896,2.112448579114518,0.032625439044343285,0.040247822336483885,0.011778782571510195,0.03445660028065045,0.01975217766351617,0.018221217428489818
53.76009642193277,34.9899000033337,2.1112517327005556,0.03262537238095248,0.04024778556626274,0.011778418552018027,0.03445666694404126,0.019752214433737314,0.018221581447981985
53.76460569485799,34.99353518842614,2.1100614834019096,0.032625305849083075,0.04024774861412245,0.011778054619167248,0.03445673347591066,0.019752251385877606,0.018221945380832764
53.769115181589875,34.99717058752612,2.1088778304013833,0.032625239447013954,0.04024771100642094,0.011777690757040507,0.03445679987797978,0.019752288993579115,0.018222309242959506
53.77362488216491,35.00080620066197,2.1077007728195394,0.03262517317217861,0.04024767358367909,0.011777326927220756,0.034456866152815124,0.019752326416320964,0.018222673072779257
53.77813479652363,35.004442027784016,2.106530309833697,0.0326251070235718,0.04024763606954146,0.011776963137051184,0.03445693230142194,0.019752363930458594,0.01822303686294883
53.78264492463716,35.00807806886743,2.1053664405809283,0.03262504099969782,0.04024759822982449,0.01177659937917503,0.03445699832529592,0.019752401770175565,0.018223400620824982
53.78715526650001,35.01171432390648,2.1042091641618725,0.0326249750986255,0.040247560271983895,0.011776235634679083,0.03445706422636824,0.019752439728016158,0.01822376436532093
53.791665822081235,35.01535079287477,2.103058479680733,0.032624909318817175,0.04024752194089615,0.011775871896540863,0.03445713000617656,0.019752478059103906,0.01822412810345915
53.79617659137564,35.01898747576686,2.1019143862031977,0.03262484365825907,0.04024748371054876,0.011775508145078363,0.034457195666734663,0.019752516289451294,0.01822449185492165
53.80068757432424,35.02262437253358,2.1007768828264726,0.03262477811584458,0.040247445998686404,0.011775144386228828,0.03445726120914916,0.01975255400131365,0.018224855613771185
53.805198770824944,35.02626148309068,2.0996459686745093,0.03262471269127892,0.04024740904268237,0.011774780646848282,0.03445732663371481,0.019752590957317684,0.01822521935315173
53.80971018075547,35.02989880733738,2.0985216428840463,0.032624647384746186,0.040247372957439964,0.011774416963983313,0.03445739194024755,0.01975262704256009,0.0182255830360167
53.81422180398815,35.03353634516847,2.0974039045947874,0.032624582196678964,0.040247334205531615,0.011774053377888817,0.03445745712831477,0.019752665794468438,0.018225946622111196
53.818733640776685,35.03717409678894,2.0962927526220856,0.03262451712074205,0.0402472964158046,0.011773689744529567,0.03445752220425169,0.019752703584195452,0.018226310255470446
53.82324569096474,35.0408120620705,2.095188186087423,0.03262445215754117,0.04024725924574929,0.011773326116084525,0.034457587167452564,0.019752740754250764,0.018226673883915488
53.827757954441694,35.04445024092192,2.0940902040770846,0.03262438730704609,0.04024722237345457,0.011772962523368735,0.03445765201794765,0.01975277762654548,0.018227037476631278
53.83227043113662,35.048088633284195,2.092998805642923,0.03262432256862574,0.04024718569423569,0.011772598978429645,0.034457716756367995,0.019752814305764366,0.018227401021570368
53.836783120991846,35.05172723910904,2.091913989820835,0.032624257941467505,0.0402471491088881,0.011772235487043092,0.03445778138352623,0.01975285089111195,0.01822776451295692
53.84129602396122,35.05536605835758,2.090835755631179,0.03262419342458506,0.04024711253034785,0.011771872049440836,0.03445784590040868,0.019752887469652203,0.018228127950559177
53.845809140007844,35.059005090998426,2.0897641020798723,0.03262412901683864,0.04024707588769355,0.01177150866132965,0.03445791030815509,0.019752924112306502,0.018228491338670362
53.85032246910149,35.062644337005665,2.088699028159792,0.03262406471696333,0.040247039130243245,0.011771145315027431,0.034457974608030406,0.019752960869756808,0.01822885468497258
53.85483601121591,35.06628379635662,2.0876405328526992,0.032624000523606755,0.040247002231003415,0.011770782000749998,0.03445803880138698,0.01975299776899664,0.018229217999250015
53.85934976632586,35.06992346902948,2.086588615131496,0.032623936435371814,0.04024696518670279,0.0117704187079598,0.03445810288962192,0.019753034813297266,0.018229581292040213
53.86386373440454,35.07356335500117,2.085543273962482,0.03262387245086151,0.04024692801228119,0.011770055426633494,0.03445816687413222,0.019753071987718862,0.01822994457336652
53.868377915421654,35.07720345424582,2.0845045083040796,0.03262380856871394,0.04024689095106876,0.011769692148157693,0.034458230756279795,0.019753109048931294,0.01823030785184232
53.872892309319596,35.08084376671535,2.0834723171338476,0.03262374478800273,0.04024685367199404,0.011769328876774433,0.03445829453699101,0.01975314632800601,0.01823067112322558
53.877406916076524,35.08448429239076,2.082446699396112,0.032623681107192604,0.04024681897997928,0.011768965599479257,0.03445835821780113,0.01975318102002077,0.018231034400520756
53.88192173537177,35.08812503100988,2.0814276542776664,0.03262361753013315,0.0402467833841465,0.011768602447497889,0.03445842179486058,0.019753216615853553,0.018231397552502124
53.88643676727767,35.091765982630044,2.0804151806626026,0.032623554054062365,0.0402467468840893,0.011768239364391558,0.03445848527093137,0.01975325311591075,0.018231760635608454
53.890952011856214,35.095407147300335,2.0794092774265978,0.03262349067621345,0.04024671021004089,0.011767876297670316,0.034458548648780285,0.01975328978995916,0.018232123702329697
53.89546746908259,35.09904852499935,2.078409943501616,0.032623427395204074,0.040246673733238814,0.011767513235782144,0.03445861192978966,0.01975332626676124,0.01823248676421787
53.89998313889062,35.10269011567197,2.0774171778475123,0.03262336421035267,0.04024663722367067,0.01176715018683138,0.03445867511464107,0.019753362776329386,0.018232849813168632
53.90449902123985,35.1063319192841,2.0764309794008007,0.03262330112054135,0.040246602676537235,0.01176678714651895,0.03445873820445239,0.019753397323462818,0.018233212853481062
53.90901511587825,35.10997393562933,2.075451347269305,0.03262323812845108,0.04024656598811893,0.011766424212517633,0.034458801196542654,0.01975343401188112,0.01823357578748238
53.91353142300521,35.11361616486851,2.074478280205308,0.032623175228899626,0.0402465304089909,0.011766061265947036,0.03445886409609411,0.019753469591009154,0.018233938734052976
53.91804794245495,35.11725860686553,2.0735117772334366,0.032623112423022294,0.04024649552262288,0.011765698362562936,0.03445892690197144,0.01975350447737717,0.018234301637437077
53.92256467411595,35.12090126152832,2.072551837342642,0.03262304971117652,0.040246461155220126,0.011765335532838817,0.034458989613817215,0.019753538844779928,0.018234664467161196
53.927081617900626,35.124544128784166,2.0715984595060095,0.032622987093398004,0.0402464271586111,0.01176497279614959,0.03445905223159573,0.019753572841388956,0.018235027203850424
53.93159877374056,35.12818720857595,2.0706516426819634,0.032622924569433,0.040246392995383906,0.011764610162814472,0.03445911475556074,0.019753607004616147,0.01823538983718554
53.93611614162604,35.13183050089429,2.0697113857798968,0.03262286213802146,0.040246359296640166,0.011764247615012373,0.03445917718697228,0.019753640703359887,0.01823575238498764
53.940633721477354,35.13547400567287,2.068777687759849,0.032622799799066016,0.040246325782548664,0.011763885168132857,0.03445923952592772,0.01975367421745139,0.018236114831867156
53.94515151324717,35.1391177228717,2.067850547556105,0.032622737551965264,0.040246292341101775,0.011763522822227902,0.03445930177302847,0.01975370765889828,0.01823647717777211
53.94966951690001,35.14276165246045,2.0669299640904253,0.032622675395915623,0.04024625889817973,0.0117631605716116,0.03445936392907811,0.01975374110182032,0.018236839428388413
53.954187732407206,35.14640579441431,2.0660159362749835,0.03262261332997907,0.040246225464905305,0.011762798407171815,0.03445942599501467,0.019753774535094748,0.018237201592828198
53.95870615973718,35.15005014870617,2.065108463019613,0.0326225513532411,0.040246192048322194,0.01176243632095534,0.034459487971752634,0.01975380795167786,0.018237563679044673
53.96322479885618,35.15369471530715,2.064207543231641,0.03262248946480467,0.040246158653807707,0.01176207430587669,0.034459549860189065,0.019753841346192347,0.018237925694123323
53.96774364972853,35.15733949418683,2.0633131758910177,0.03262242766378687,0.04024612528681454,0.011761712355569859,0.03445961166120687,0.019753874713185515,0.018238287644430154
53.97226271231686,35.160984485313406,2.0624253598232998,0.03262236594931989,0.04024609195527079,0.011761350464338141,0.03445967337567385,0.019753908044729263,0.01823864953566187
53.97678198658185,35.16462968865354,2.061544093928834,0.03262230432055563,0.04024605867618364,0.011760988627244305,0.03445973500443811,0.019753941323816415,0.018239011372755708
53.98130147248148,35.16827510417169,2.0606693771063966,0.032622242776684074,0.04024602444223607,0.011760626840512232,0.03445979654830966,0.01975397555776398,0.01823937315948778
53.98582117007941,35.17192073191836,2.0598012081656725,0.0326221813149743,0.04024599118876493,0.011760265049351147,0.03445985801001944,0.019754008811235124,0.018239734950648866
53.99034107922477,35.17556657176956,2.0589395860761215,0.032622119936362715,0.04024595802479314,0.011759903301116217,0.03445991938863102,0.019754041975206915,0.018240096698883795
53.99486119986952,35.17921262368485,2.058084509732329,0.03262205864007056,0.04024592486512635,0.011759541594346487,0.034459980684923175,0.019754075134873705,0.018240458405653526
53.999381531974294,35.182858887630914,2.0572359780230496,0.03262199742519467,0.04024589172225401,0.011759179923413993,0.034460041899799065,0.01975410827774604,0.01824082007658602
54.0039020754974,35.186505363572515,2.0563939898363444,0.032621936290880615,0.04024585863121288,0.011758818283743429,0.03446010303411312,0.01975414136878717,0.018241181716256584
54.00842283039263,35.19015205147076,2.0555585440587874,0.032621875236440556,0.04024582503116986,0.011758456673157523,0.03446016408855318,0.019754174968830196,0.01824154332684249
54.012943796672445,35.19379895133453,2.054729639527537,0.032621814260016924,0.04024579189547528,0.011758095060736891,0.03446022506497681,0.019754208104524773,0.018241904939263122
54.01746497424077,35.19744606308444,2.053907275163779,0.03262175336166706,0.040245758927832,0.011757733467305777,0.034460285963326676,0.019754241072168055,0.018242266532694236
54.02198636303679,35.201093386669726,2.053091449859036,0.03262169254086722,0.04024572599281634,0.011757371897029474,0.034460346784126517,0.019754274007183714,0.01824262810297054
54.026507963014666,35.20474092205184,2.052282162512117,0.03262163179683353,0.04024569311011894,0.011757010346818766,0.03446040752816021,0.019754306889881112,0.018242989653181246
54.03102977412601,35.208388669190136,2.051479411729354,0.03262157112882552,0.040245660281971296,0.011756648814757895,0.034460468196168215,0.019754339718028757,0.018243351185242118
54.03555179632175,35.21203662804342,2.0506831965985586,0.032621510536113285,0.040245627403033335,0.011756287299127983,0.03446052878888045,0.01975437259696672,0.01824371270087203
54.0400740295636,35.2156847985793,2.0498935159808136,0.03262145001777722,0.04024559442303499,0.011755925792959275,0.034460589307216516,0.01975440557696506,0.018244074207040738
54.044596473817336,35.2193331807687,2.0491103687306267,0.03262138957280897,0.04024556124323153,0.011755564287190753,0.03446064975218477,0.019754438756768522,0.01824443571280926
54.04911912905743,35.222981774589655,2.0483337536916313,0.03262132920002009,0.040245528032274436,0.011755202768356808,0.03446071012497365,0.019754471967725618,0.018244797231643205
54.05364199523804,35.2266305800037,2.0475636697181,0.032621268898541,0.040245494015886396,0.011754841232442415,0.034460770426452736,0.019754505984113657,0.018245158767557598
54.05816507239435,35.23027959703835,2.046800115597529,0.03262120866608198,0.040245459772488223,0.011754479636625029,0.034460830658911756,0.01975454022751183,0.018245520363374984
54.06268836049253,35.23392882566503,2.046043090159297,0.03262114850141201,0.040245424997266466,0.01175411797019306,0.034460890823581725,0.019754575002733588,0.018245882029806954
54.067211859528875,35.23757826587975,2.045292592203237,0.03262108840271699,0.04024538886773138,0.01175375620768044,0.034460950922276745,0.019754611132268673,0.018246243792319573
54.07173556958176,35.241227917745405,2.0445486204486865,0.03262102836661934,0.040245353127108974,0.011753394283739733,0.034461010958374394,0.01975464687289108,0.01824660571626028
54.0762594905335,35.24487778116543,2.0438111737651856,0.032620968393040684,0.04024531788613561,0.011753032225791597,0.03446107093195305,0.01975468211386444,0.018246967774208415
54.0807836222599,35.24852785603787,2.043080251055256,0.03262090848200583,0.040245283324806924,0.011752670064823223,0.03446113084298791,0.01975471667519313,0.01824732993517679
54.08530796462314,35.25217814224959,2.042355851217773,0.0326208486339985,0.04024524884765829,0.011752307838730033,0.034461190690995236,0.019754751152341765,0.01824769216126998
54.08983251755521,35.255828639744195,2.0416379730993897,0.032620788848421345,0.040245214329853174,0.011751945552648135,0.03446125047657239,0.01975478567014688,0.018248054447351877
54.09435728100209,35.2594793484767,2.040926615491398,0.03262072912445241,0.04024517976131148,0.011751583205004655,0.03446131020054133,0.019754820238688575,0.018248416794995358
54.098882254910514,35.26313026840272,2.0402217771917166,0.032620669461260576,0.040245145127751625,0.011751220793793975,0.03446136986373316,0.01975485487224843,0.018248779206206038
54.10340743922825,35.26678139947869,2.0395234570823515,0.03262060985799614,0.040245109828106196,0.011750858316396315,0.034461429466997595,0.019754890171893857,0.018249141683603698
54.10793283396595,35.270432741712305,2.0388316539429345,0.032620550312688734,0.04024507360348345,0.011750495740010851,0.034461489012305,0.019754926396516603,0.018249504259989162
54.112458439155404,35.274084295128546,2.0381463665157393,0.03262049082287943,0.040245037891221414,0.011750133021055764,0.0344615485021143,0.01975496210877864,0.01824986697894425
54.11698425466854,35.27773605962233,2.0374675936593447,0.032620431388797444,0.04024500477623888,0.011749770191441591,0.03446160793619629,0.019754995223761174,0.01825022980855842
54.12151028016309,35.28138803491403,2.036795334425553,0.03262037201459572,0.040244969544348086,0.01174940738587854,0.034461667310398014,0.019755030455651967,0.018250592614121472
54.12603651581902,35.28504022114899,2.036129587499919,0.032620312695683495,0.04024493355141151,0.011749044492110526,0.03446172662931024,0.019755066448588543,0.018250955507889487
54.130562961652245,35.288692618339226,2.0354703518036406,0.032620253429953505,0.040244901831818725,0.01174868147397004,0.03446178589504023,0.01975509816818133,0.018251318526029972
54.135089617140736,35.29234522605876,2.034817626096818,0.03262019422475826,0.04024487039507468,0.01174831855150845,0.03446184510023548,0.01975512960492537,0.018251681448491562
54.13961648222421,35.295998044257075,2.034171409458394,0.03262013507996453,0.04024483896079639,0.011747955728045607,0.03446190424502921,0.01975516103920366,0.018252044271954405
54.144143556875974,35.29965107291091,2.033531700727038,0.03262007599471484,0.04024480752941617,0.011747592992445884,0.0344619633302789,0.019755192470583882,0.01825240700755413
54.148670841064785,35.30330431199341,2.0328984987347747,0.03262001696839184,0.04024477610149696,0.011747230334498579,0.034462022356601896,0.019755223898503094,0.018252769665501434
54.153198334757434,35.30695776147613,2.032271802311682,0.0326199580003792,0.04024474467769845,0.011746867744706714,0.034462081324614535,0.0197552553223016,0.0182531322552933
54.15772603791888,35.31061142132915,2.031651610269322,0.03261989909006213,0.04024471325884699,0.011746505214233871,0.034462140234931604,0.019755286741153066,0.01825349478576614
54.162253950512294,35.31426529152115,2.031037921426644,0.0326198402368279,0.040244681845821306,0.011746142734875821,0.034462199088165835,0.019755318154178747,0.018253857265124192
54.16678207249923,35.317919372019475,2.0304307345880943,0.032619781440067,0.040244650439149265,0.011745780299012243,0.03446225788492674,0.019755349560850788,0.01825421970098777
54.17131040383974,35.3215736627903,2.029830048581541,0.03261972269917185,0.04024461904221244,0.011745417899548596,0.03446231662582189,0.019755380957787616,0.018254582100451416
54.17583894449217,35.32522816379843,2.029235862239132,0.03261966401354327,0.04024458766256939,0.011745055530028366,0.034462375311450466,0.019755412337430667,0.018254944469971647
54.18036769441289,35.328882875007025,2.02864817437725,0.032619605382605554,0.040244555421099226,0.011744693184823005,0.03446243394238818,0.019755444578900827,0.018255306815177008
54.18489665364974,35.33253779645385,2.0280669837386407,0.03261954680400053,0.04024452342875656,0.011744330814004923,0.034462492520993204,0.01975547657124349,0.01825566918599509
54.18942582212446,35.33619292807403,2.0274922891478653,0.03261948827775274,0.040244491736104504,0.011743968428023423,0.034462551047241,0.01975550826389555,0.01825603157197659
54.19395519975514,35.3398482697997,2.026924089432088,0.032619429803803224,0.040244460216353806,0.011743606038454639,0.03446260952119051,0.019755539783646248,0.018256393961545374
54.1984847864753,35.34350382157556,2.026362383487039,0.032619371381788276,0.04024442866188582,0.011743243649407736,0.03446266794320546,0.01975557133811423,0.018256756350592276
54.203014582241174,35.347159583364764,2.0258071700993883,0.03261931301101029,0.04024439726145057,0.011742881254402898,0.03446272631398345,0.019755602738549483,0.018257118745597115
54.20754458698788,35.35081555511331,2.025258448043445,0.03261925469116411,0.04024436237854745,0.011742518856990486,0.034462784633829624,0.019755637621452604,0.018257481143009527
54.21207480103443,35.35447173707986,2.0247162158187995,0.03261919641499461,0.04024432630090086,0.011742156277411223,0.034462842909999125,0.019755673699099197,0.01825784372258879
54.216605224425535,35.358128129300155,2.0241804721309875,0.03261913817976564,0.04024429150089631,0.011741793464286401,0.0344629011452281,0.01975570849910374,0.01825820653571361
54.22113585693549,35.361784731589815,2.02365121586313,0.03261907998725999,0.04024425801212245,0.011741430493497532,0.034462959337733745,0.019755741987877606,0.01825856950650248
54.22566669834907,35.36544154377276,2.0231284459036045,0.032619021839324025,0.04024422508644515,0.011741067437138937,0.03446301748566971,0.019755774913554902,0.018258932562861076
54.23019774854329,35.36909856574786,2.02261216115377,0.032618963736424644,0.04024419262515194,0.011740704324664418,0.03446307558856909,0.01975580737484811,0.018259295675335595
54.234729007410984,35.37275579742679,2.022102360365257,0.032618905678859555,0.04024416016279758,0.011740341178475652,0.03446313364613418,0.01975583983720247,0.01825965882152436
54.239260474898174,35.37641323876451,2.0215990423273493,0.0326188476660651,0.04024412755193263,0.011739977996039909,0.03446319165892864,0.019755872448067424,0.018260022003960104
54.24379215096592,35.3800708897282,2.021102205811974,0.03261878969720389,0.040244095096725885,0.01173961476757271,0.03446324962778985,0.01975590490327417,0.018260385232427304
54.24832403554139,35.38372875025749,2.0206118496207526,0.03261873177201219,0.04024406296845667,0.011739251499200888,0.03446330755298155,0.01975593703154338,0.018260748500799125
54.25285612853477,35.387386820278124,2.020127972575656,0.032618673890554784,0.04024403114196623,0.011738888205171029,0.03446336543443895,0.019755968858033823,0.018261111794828984
54.25738842986152,35.39104509972013,2.0196505734801082,0.03261861605285904,0.04024399958519653,0.011738524897443418,0.0344634232721347,0.01975600041480352,0.018261475102556594
54.261920939442646,35.39470358851802,2.0191796511332223,0.03261855825890009,0.04024396820800019,0.011738161585510422,0.03446348106609365,0.019756031791999862,0.01826183841448959
54.26645365721043,35.39836228661545,2.0187152043284873,0.03261850050849091,0.04024393686940164,0.011737798273655134,0.034463538816502826,0.01975606313059841,0.01826220172634488
54.2709865831127,35.40202119396875,2.018257231860559,0.032618442801184366,0.0402439055664599,0.011737434958772185,0.03446359652380937,0.01975609443354015,0.018262565041227828
54.27551971709626,35.4056803105334,2.017805732532434,0.03261838513645654,0.04024387428887294,0.011737071637794895,0.034463654188537196,0.019756125711127115,0.018262928362205118
54.2800530591072,35.40933963626432,2.017360705125479,0.03261832751366106,0.04024384303302525,0.011736708307332928,0.034463711811332676,0.019756156966974803,0.018263291692667084
54.284586609092585,35.412999171117235,2.0169221484179913,0.03261826993228628,0.0402438117967176,0.011736344964044944,0.034463769392707455,0.019756188203282454,0.01826365503595507
54.28912036699688,35.41665891504576,2.016490061187695,0.032618212391682,0.040243780577759625,0.011735981604703648,0.034463826933311736,0.01975621942224043,0.018264018395296365
54.29365433276614,35.4203188680048,2.0160644422096685,0.032618154891320084,0.04024374937538644,0.011735618226168337,0.03446388443367365,0.019756250624613614,0.018264381773831675
54.29818850634571,35.423979029948725,2.0156452902576074,0.03261809743066452,0.04024371818829936,0.011735254825452283,0.03446394189432922,0.019756281811700693,0.01826474517454773
54.3027228876803,35.42763940083136,2.0152326041039355,0.03261804000916796,0.040243687015008967,0.011734891399697363,0.03446399931582578,0.019756312984991087,0.01826510860030265
54.30725747671404,35.431299980606084,2.0148263825198045,0.03261798262626964,0.040243655854164784,0.011734527946152193,0.0344640566987241,0.01975634414583527,0.01826547205384782
54.31179227339043,35.43496076922577,2.0144266242751576,0.032617925281393734,0.04024362470453918,0.011734164462161481,0.0344641140436,0.01975637529546087,0.018265835537838532
54.31632727765227,35.4386217666427,2.0140333281387495,0.03261786797394711,0.04024359356501278,0.011733800945185842,0.034464171351046624,0.019756406434987273,0.01826619905481417
54.32086248944173,35.4422829728087,2.013646492878177,0.03261781070331726,0.04024356243455879,0.011733437392791118,0.034464228621676474,0.019756437565441265,0.018266562607208894
54.325397908700275,35.44594438767497,2.013266117259885,0.0326177534688698,0.040243531312228964,0.011733073802636926,0.03446428585612393,0.01975646868777109,0.018266926197363087
54.32993353536863,35.44960601119216,2.0128922000487695,0.03261769626994654,0.04024350019714079,0.011732710172490522,0.0344643430550472,0.019756499802859262,0.01826728982750949
54.33446936985489,35.453267843688295,2.01252473995579,0.03261763911378973,0.04024346910933607,0.011732346488389382,0.034464400211204005,0.01975653089066398,0.01826765351161063
54.3390054116698,35.456929884766964,2.0121637357823468,0.03261758199370546,0.040243438029745005,0.011731982759596596,0.03446445733128828,0.01975656197025505,0.018268017240403417
54.34354166075613,35.46059213438045,2.011809186288034,0.032617524909231366,0.04024340695793743,0.011731618984139568,0.03446451441576237,0.01975659304206262,0.018268381015860445
54.3480781170563,35.464254592480785,2.011461090231086,0.032617467859907434,0.04024337589354371,0.011731255160138579,0.0344645714650863,0.019756624106456344,0.018268744839861434
54.35261478051239,35.46791725901973,2.0111194463694133,0.032617410845275696,0.040243344836248474,0.011730891285794867,0.03446462847971804,0.01975665516375158,0.018269108714205146
54.35715165106615,35.47158013394878,2.0107842534631146,0.03261735386488185,0.040243313785785495,0.011730527359396399,0.03446468546011189,0.01975668621421456,0.018269472640603614
54.36168872865905,35.47524321721919,2.010455510267539,0.03261729691827431,0.040243282741934006,0.011730163379306734,0.03446474240671943,0.019756717258066048,0.01826983662069328
54.36622601323225,35.47890650878199,2.010133215534838,0.03261724000500554,0.04024325170451426,0.011729799343975979,0.03446479931998819,0.019756748295485793,0.018270200656024034
54.37076350472667,35.482570008587984,2.009817368015654,0.03261718312463269,0.040243220673384816,0.011729435251920009,0.03446485620036105,0.019756779326615237,0.018270564748080004
54.375301203082955,35.48623371658779,2.0095079664582625,0.03261712627671837,0.04024318964844065,0.01172907110172959,0.03446491304827537,0.019756810351559406,0.018270928898270422
54.37983910824154,35.48989763273186,2.0092050096080376,0.032617069460831594,0.040243158629610754,0.0117287068920566,0.03446496986416214,0.0197568413703893,0.018271293107943412
54.38437722014271,35.49356175697048,2.008908496210181,0.03261701267654371,0.04024312761685661,0.011728342621162659,0.034465026648450026,0.019756872383143442,0.018271657378837354
54.38891553872642,35.497226089253715,2.0086184250105514,0.03261695592343672,0.040243096610170837,0.011727978287676008,0.03446508340155702,0.019756903389829217,0.018272021712324005
54.39345406393251,35.50089062953154,2.008334794753811,0.03261689920110322,0.040243065609575523,0.011727613890460696,0.034465140123890514,0.01975693439042453,0.018272386109539317
54.39799279570059,35.5045553777537,2.0080576041833527,0.03261684250914387,0.04024303461511858,0.011727249428435012,0.03446519681584986,0.019756965384881475,0.018272750571565
54.402531733969965,35.508220333869744,2.00778685204138,0.03261678584716615,0.040243003626867224,0.011726884900565088,0.034465253477827584,0.01975699637313283,0.018273115099434925
54.40707087867945,35.511885497828814,2.007522537068796,0.03261672921478098,0.040242972644896735,0.011726520305880075,0.034465310110212755,0.019757027355103318,0.018273479694119937
54.411610229768385,35.515550869580466,2.0072646580053215,0.032616672611612274,0.040242941669330956,0.011726155643435626,0.03446536671338146,0.019757058330669097,0.018273844356564387
54.41614978717273,35.51921644907149,2.0070132135908367,0.03261661603709948,0.04024291070007896,0.011725790912359847,0.03446542328789426,0.019757089299921093,0.018274209087640166
54.42068955083056,35.52288223625047,2.0067682025629585,0.03261655949083503,0.0402428797372405,0.011725426111805382,0.03446547983415871,0.019757120262759553,0.01827457388819463
54.425229520679835,35.52654823106582,2.0065296236580568,0.03261650297241753,0.0402428487768014,0.01172506124096439,0.03446553635257621,0.019757151223198655,0.018274938759035624
54.42976969665877,35.530214433466185,2.006297475611109,0.03261644648144091,0.04024281780681033,0.01172469629885893,0.03446559284355283,0.019757182193189726,0.018275303701141082
54.43431007870659,35.53388084340108,2.0060717571553806,0.032616390017478236,0.04024278682807142,0.011724331283952026,0.0344656493075155,0.019757213171928634,0.018275668716047987
54.43885066676216,35.53754746081965,2.0058524670223576,0.03261633358010735,0.04024275584141407,0.01172396619483014,0.03446570574488639,0.019757244158585985,0.018276033805169872
54.44339146076396,35.541214285670804,2.0056396039423645,0.032616277168911634,0.040242724847689704,0.011723601030199218,0.0344657621560821,0.01975727515231035,0.018276398969800794
54.447932460650236,35.54488131790322,2.0054331666444987,0.0326162207834827,0.0402426938477749,0.011723235788869892,0.03446581854151104,0.01975730615222515,0.01827676421113012
54.45247366635877,35.54854855746521,2.0052331538567256,0.03261616442341447,0.04024266284255612,0.011722870469759512,0.03446587490157926,0.019757337157443933,0.0182771295302405
54.457015077826995,35.55221600430481,2.005039564305092,0.03261610808830634,0.040242631832933695,0.011722505071875722,0.0344659312366874,0.019757368167066358,0.01827749492812429
54.46155669499207,35.55588365836982,2.0048523967142127,0.032616051777762944,0.04024260081981945,0.0117221395943257,0.03446598754723079,0.0197573991801806,0.018277860405674314
54.46609851779084,35.55955151960782,2.004671649808822,0.03261599549139421,0.0402425698041346,0.011721774036294347,0.034466043833599525,0.019757430195865455,0.018278225963705666
54.4706405461599,35.56321958796615,2.0044973223124956,0.032615939228813895,0.04024253878680695,0.011721408397047092,0.03446610009617984,0.019757461213193106,0.01827859160295292
54.4751827800356,35.56688786339197,2.0043294129479055,0.03261588298963952,0.040242507768768976,0.0117210426759276,0.034466156335354214,0.019757492231231077,0.018278957324072413
54.47972521935401,35.570556345832195,2.004167920437311,0.03261582677349728,0.04024247675095638,0.011720676872339526,0.034466212551496456,0.019757523249043674,0.018279323127660486
54.48426786405098,35.574225035233596,2.004012843500779,0.032615770580018744,0.0402424457343053,0.011720310985758028,0.03446626874497499,0.019757554265694754,0.018279689014241984
54.488810714062126,35.57789393154272,2.0038641808573985,0.03261571440884059,0.04024241471975115,0.011719945015718367,0.034466324916153146,0.0197575852802489,0.018280054984281646
54.493353769322894,35.581563034705994,2.0037219312251544,0.03261565825960516,0.04024238370822664,0.011719578961809994,0.034466381065388574,0.019757616291773417,0.01828042103819002
54.497897029768495,35.58523234466965,2.003586093320943,0.03261560213195985,0.04024235270066001,0.01171921282367254,0.03446643719303388,0.019757647299340042,0.018280787176327473
54.50244049533395,35.58890186137977,2.0034566658606643,0.03261554602555716,0.04024232169797354,0.011718846600996972,0.034466493299436574,0.019757678302026516,0.01828115339900304
54.50698416595412,35.59257158478229,2.0033336475591055,0.03261548994005481,0.04024229070108232,0.011718480293513488,0.03446654938493893,0.019757709298917736,0.018281519706486525
54.51152804156371,35.59624151482302,2.003217037130038,0.03261543387511573,0.04024225971089185,0.01171811390099712,0.03446660544987801,0.019757740289108205,0.018281886099002893
54.5160721220972,35.59991165144762,2.0031068332862088,0.032615377830407744,0.040242228728298246,0.011717747423263182,0.03446666149458599,0.019757771271701807,0.01828225257673683
54.52061640748895,35.603581994601626,2.0030030347393306,0.032615321805603836,0.040242197754184916,0.01171738086015539,0.0344667175193899,0.019757802245815137,0.018282619139844622
54.52516089767322,35.60725254423046,2.002905640200092,0.03261526580038204,0.04024216678942277,0.011717014211550456,0.034466773524611694,0.01975783321057728,0.018282985788449557
54.52970559258404,35.610923300279424,2.0028146483781515,0.032615209814424784,0.0402421358348678,0.011716647477357144,0.03446682951056895,0.019757864165132255,0.01828335252264287
54.53425049215538,35.614594262693736,2.0027300579819274,0.0326151538474197,0.040242104891360486,0.011716280657504838,0.03446688547757404,0.019757895108639567,0.018283719342495175
54.53879559632104,35.61826543141845,2.0026518677190035,0.03261509789905914,0.04024207395972401,0.011715913751951426,0.034466941425934594,0.01975792604027604,0.018284086248048587
54.54334090501473,35.621936806398594,2.0025800762961614,0.03261504196904014,0.04024204304076329,0.01171554676067145,0.0344669973559536,0.019757956959236767,0.018284453239328563
54.54788641817002,35.62560838757905,2.002514682419353,0.03261498605706431,0.04024201213526313,0.011715179683662376,0.034467053267929426,0.019757987864736926,0.018284820316337637
54.55243213572038,35.62928017490462,2.0024556847926167,0.03261493016283751,0.04024198124398731,0.011714812520934079,0.03446710916215623,0.01975801875601274,0.018285187479065934
54.556978057599196,35.632952168320045,2.002403082118354,0.03261487428607035,0.04024195036767697,0.01171444527250784,0.034467165038923386,0.019758049632323083,0.018285554727492173
54.561524183739735,35.636624367769976,2.0023568730993753,0.03261481842647784,0.04024191950704914,0.011714077938424751,0.03446722089851589,0.019758080492950914,0.018285922061575262
54.566070514075136,35.64029677319895,2.0023170564375414,0.03261476258377888,0.0402418886627951,0.011713710518731518,0.03446727674121486,0.019758111337204953,0.018286289481268495
54.57061704853852,35.64396938455147,2.0022836308336815,0.03261470675769701,0.040241857835579264,0.011713343013483195,0.03446733256729673,0.01975814216442079,0.018286656986516818
54.57516378706288,35.64764220177195,2.002256594987543,0.032614650947959456,0.04024182702603696,0.01171297542273983,0.03446738837703428,0.019758172973963095,0.018287024577260183
54.57971072958114,35.65131522480476,2.002235947597971,0.0326145951542976,0.04024179623477331,0.01171260774656531,0.03446744417069614,0.019758203765226745,0.018287392253434703
54.58425787602613,35.654988453594186,2.002221687362707,0.03261453937644654,0.04024176546236091,0.011712239985027545,0.0344674999485472,0.01975823453763914,0.018287760014972468
54.588805226330614,35.65866188808445,2.0022138129790505,0.03261448361414537,0.04024173470933823,0.011711872138193795,0.03446755571084836,0.019758265290661825,0.018288127861806218
54.5933527804273,35.662335528219714,2.002212323144095,0.032614427867136864,0.04024170397620769,0.011711504206130909,0.03446761145785687,0.019758296023792365,0.018288495793869104
54.59790053824882,35.666009373944114,2.0022172165527343,0.03261437213516705,0.04024167326343342,0.011711136188903591,0.03446766718982669,0.019758326736566634,0.01828886381109642
54.602448499727736,35.66968342520169,2.0022284918988897,0.03261431641795881,0.04024164257143931,0.011710768086565355,0.034467722907034926,0.019758357428560747,0.018289231913434657
54.606996664796576,35.67335768193648,2.002246147875642,0.03261426071525719,0.04024161190060649,0.011710399899176056,0.034467778609736544,0.019758388099393565,0.018289600100823956
54.61154503338776,35.677032144092436,2.002270183175228,0.03261420502681983,0.040241581251271086,0.011710031626778819,0.034467834298173905,0.019758418748728968,0.018289968373221194
54.61609360543373,35.68070681161348,2.0023005964888783,0.03261414935240764,0.04024155062372231,0.011709663269405438,0.0344678899725861,0.019758449376277742,0.018290336730594575
54.62064238086682,35.68438168444352,2.0023373865066247,0.03261409369178453,0.04024152001819914,0.011709294827079123,0.03446794563320921,0.019758479981800914,0.01829070517292089
54.62519135961932,35.68805676252637,2.0023805519175544,0.0326140380447168,0.040241489434888755,0.011708926299814362,0.03446800128027694,0.019758510565111298,0.01829107370018565
54.62974054162353,35.691732045805864,2.002430091409884,0.03261398241097374,0.040241458873923275,0.011708557687606216,0.034468056914019995,0.01975854112607678,0.018291442312393796
54.634289926811626,35.695407534225744,2.0024860036708945,0.03261392679032693,0.04024142833537725,0.011708188990432737,0.034468112534666806,0.019758571664622804,0.018291811009567276
54.638839515115826,35.69908322772979,2.002548287386917,0.03261387118255016,0.04024139781926522,0.011707820208254748,0.03446816814244358,0.01975860218073483,0.018292179791745265
54.64338930646826,35.70275912626167,2.002616941243284,0.03261381558741966,0.040241367325539734,0.011707451341014904,0.03446822373757408,0.01975863267446032,0.01829254865898511
54.647939300801056,35.70643522976511,2.002691963923834,0.032613760004713555,0.04024133685408793,0.011707082388633251,0.03446827932028018,0.019758663145912125,0.01829291761136676
54.65248949804631,35.71011153818377,2.0027733541119934,0.032613704434211965,0.04024130640473028,0.011706713351003768,0.03446833489078177,0.019758693595269772,0.018293286648996245
54.65703989813606,35.71378805146128,2.0028611104902314,0.03261364887569651,0.040241275977217994,0.011706344227999536,0.034468390449297226,0.01975872402278206,0.018293655772000476
54.661590501002365,35.717464769541245,2.0029552317400103,0.03261359332895025,0.040241245571231876,0.011705975019463861,0.034468445996043484,0.019758754428768177,0.01829402498053615
54.66614130657723,35.7211416923673,2.0030557165418412,0.032613537793758085,0.04024121518638046,0.011705605725214292,0.03446850153123565,0.01975878481361959,0.01829439427478572
54.670692314792674,35.72481881988302,2.0031625635752297,0.032613482269905625,0.040241184822199794,0.011705236345037846,0.03446855705508811,0.01975881517780026,0.018294763654962166
54.67524352558064,35.728496152031965,2.0032757715186844,0.03261342675717982,0.04024115447815296,0.011704866878687908,0.03446861256781392,0.01975884552184709,0.018295133121312104
54.67979493887311,35.7321736887577,2.003395339049748,0.03261337125536834,0.04024112415363096,0.011704497325889199,0.0344686680696254,0.019758875846369095,0.018295502674110814
54.68434655460203,35.73585143000378,2.003521264845539,0.03261331576425969,0.040241093847953935,0.011704127686328003,0.03446872356073405,0.01975890615204612,0.01829587231367201
54.68889837269937,35.739529375713744,2.003653547583092,0.03261326028364264,0.0402410635603736,0.011703757959659819,0.034468779041351094,0.01975893643962645,0.018296242040340194
54.69345039309701,35.74320752583111,2.0037921859371077,0.032613204813306595,0.04024103329007733,0.011703388145499385,0.03446883451168714,0.01975896670992272,0.018296611854500627
54.69800261572688,35.7468858802994,2.003937178581312,0.03261314935304105,0.04024100303619288,0.011703018243427434,0.03446888997195269,0.019758996963807174,0.01829698175657258
54.70255504052088,35.75056443906212,2.0040885241884263,0.03261309390263545,0.0402409727903158,0.011702648252984525,0.03446894542235829,0.019759027209684255,0.018297351747015488
54.70710766741166,35.7542432020634,2.0042462214295913,0.03261303846186531,0.04024094253417421,0.011702278173310897,0.03446900086312843,0.019759057465825847,0.018297721826689116
54.711660496333636,35.75792216924878,2.004410268973754,0.032612983030472276,0.040240912267742845,0.011701908002683108,0.03446905629452146,0.019759087732257208,0.018298091997316905
54.716213527220845,35.76160134056354,2.0045806654887652,0.03261292760819945,0.040240881990985744,0.011701537739468706,0.03446911171679429,0.01975911800901431,0.018298462260531306
54.72076676000701,35.765280715952656,2.004757409641407,0.032612872194790976,0.04024085170385727,0.011701167382124317,0.03446916713020276,0.01975914829614278,0.018298832617875696
54.72532019462554,35.76896029536091,2.0049405000974705,0.032612816789992394,0.040240821406300475,0.011700796929189287,0.03446922253500134,0.019759178593699578,0.018299203070810725
54.72987383100951,35.77264007873278,2.0051299355216803,0.032612761393550904,0.040240791098248185,0.011700426379277415,0.03446927793144283,0.019759208901751868,0.018299573620722598
54.73442766909179,35.776320066012545,2.0053257145777357,0.032612706005214764,0.0402407607796213,0.01170005573107015,0.03446933331977897,0.019759239220378755,0.018299944268929863
54.738981708804886,35.78000025714429,2.0055278359283317,0.03261265062473351,0.04024073045032911,0.01169968498331072,0.03446938870026023,0.019759269549670944,0.018300315016689293
54.74353595008113,35.783680652071844,2.0057362982351674,0.032612595251858445,0.0402407001102692,0.011699314134800999,0.03446944407313529,0.019759299889730852,0.018300685865199014
54.74809039285259,35.7873612507389,2.0059511001589163,0.03261253988634205,0.040240669759326386,0.011698943184399686,0.034469499438651685,0.019759330240673667,0.018301056815600326
54.75264503705107,35.791042053088916,2.0061722403592848,0.03261248452793819,0.04024063939737238,0.011698572131016972,0.034469554797055546,0.019759360602627674,0.01830142786898304
54.75719988260818,35.7947230590652,2.006399717494961,0.032612429176402224,0.040240609024265184,0.011698200973604814,0.03446961014859151,0.01975939097573487,0.0183017990263952
54.76175492945531,35.79840426861087,2.0066335302236733,0.03261237401218098,0.0402405786530588,0.011697846126369503,0.03446966531281276,0.019759421346941253,0.01830215387363051
54.76631018061613,35.80208568414691,2.006873678905695,0.03261231886490973,0.040240548282719446,0.011697490093045021,0.03446972046008401,0.019759451717280607,0.018302509906954992
54.77086563581733,35.80576730545246,2.007120162091987,0.03261226373347281,0.040240517912104035,0.011697132949130433,0.034469775591520924,0.01975948208789602,0.01830286705086958
54.7754212947998,35.809449132318065,2.0073729783398986,0.03261220861682035,0.04024048754012105,0.011696774764877217,0.03446983070817339,0.019759512459879003,0.018303225235122796
54.77997715731776,35.813131164544885,2.007632126212669,0.032612153513964015,0.04024045716572472,0.011696415605634627,0.03446988581102972,0.019759542834275334,0.018303584394365385
54.78453322313776,35.816813401944025,2.0078976042789223,0.032612098423972724,0.04024042678790957,0.01169605553220534,0.03446994090102101,0.019759573212090487,0.018303944467794674
54.789089492037824,35.820495844335724,2.0081694111123185,0.03261204334596868,0.040240396405704426,0.011695694601152148,0.03446999597902506,0.019759603594295627,0.018304305398847864
54.79364596380668,35.82417849154882,2.008447545291079,0.03261198827912365,0.04024036601816833,0.011695332865094568,0.03447005104587009,0.019759633981831726,0.018304667134905445
54.79820263824304,35.82786134342014,2.0087320053976674,0.03261193322265593,0.04024033562438456,0.011694970372975788,0.034470106102337805,0.019759664375615493,0.018305029627024225
54.802759515154804,35.83154439979388,2.009022790018379,0.03261187817582656,0.04024030522345606,0.011694607170324098,0.03447016114916718,0.01975969477654399,0.018305392829675915
54.807316594358554,35.83522766052117,2.0093198977430924,0.03261182313793687,0.04024027481450071,0.011694243299485874,0.03447021618705687,0.019759725185499344,0.01830575670051414
54.811873875678856,35.83891112545956,2.009623327164915,0.0326117681083255,0.04024024439664625,0.011693878799843849,0.034470271216668236,0.0197597556033538,0.018306121200156164
54.81643135894777,35.84259479447256,2.009933076879904,0.03261171308636546,0.04024021396902566,0.011693513708020298,0.03447032623862828,0.01975978603097439,0.018306486291979715
54.820989044004264,35.846278667429274,2.0102491454868394,0.03261165807146266,0.04024018353077241,0.011693148058068412,0.03447038125353108,0.019759816469227642,0.0183068519419316
54.82554693069379,35.84996274420396,2.0105715315870425,0.0326116030630525,0.04024015308101586,0.011692781881653472,0.03447043626194124,0.019759846918984192,0.01830721811834654
54.83010501886781,35.85364702467568,2.010900233783989,0.032611548060598794,0.04024012261887555,0.011692415208210925,0.03447049126439494,0.019759877381124502,0.018307584791789087
54.83466330838338,35.857331508727995,2.0112352506832187,0.03261149306359101,0.04024009214345753,0.011692048065099957,0.034470546261402724,0.019759907856542525,0.018307951934900056
54.83922179910279,35.86101619624868,2.0115765808920694,0.03261143807154282,0.040240061653848136,0.011691680477744042,0.034470601253450917,0.019759938346151917,0.01830831952225597
54.843780490893124,35.864701087129305,2.0119242230194105,0.032611383083990475,0.0402400311491089,0.011691312469769767,0.03447065624100326,0.019759968850891152,0.018308687530230246
54.84833938362607,35.86838618126514,2.01227817567567,0.03261132810049072,0.040240000628271544,0.01169094406312468,0.034470711224503015,0.01975999937172851,0.018309055936875332
54.85289847717741,35.87207147855477,2.012638437472513,0.03261127312061973,0.04023997009033187,0.011690575278189362,0.034470766204374004,0.019760029909668186,0.01830942472181065
54.85745777142691,35.87575697889993,2.01300500702277,0.03261121814397122,0.04023993953424332,0.011690206133886105,0.034470821181022515,0.019760060465756735,0.018309793866113908
54.86201726625795,35.87944268220528,2.0133778829402886,0.032611163170155555,0.040239908958911164,0.011689836647773677,0.03447087615483818,0.01976009104108889,0.018310163352226336
54.86657696155731,35.88312858837818,2.013757063839769,0.03261110819879842,0.040239878363185266,0.011689466836144566,0.034470931126195314,0.019760121636814787,0.018310533163855447
54.871136857214935,35.88681469732853,2.0141425483366637,0.032611053229539,0.04023984774585271,0.011689096714102683,0.034470986095454736,0.019760152254147345,0.01831090328589733
54.875696953123665,35.89050100896858,2.014534335047101,0.03261099826202962,0.04023981710563018,0.011688726295647649,0.034471041062964114,0.01976018289436987,0.018311273704352364
54.88025724917917,35.89418752321278,2.014932422662732,0.032610943295934336,0.04023978644115467,0.011688355593739687,0.0344710960290594,0.019760213558845385,0.018311644406260326
54.88481774527959,35.89787423997765,2.0153368097294537,0.03261088833092751,0.040239755750974826,0.011687984620381252,0.034471150994066224,0.019760244249025227,0.01831201537961876
54.889378441325476,35.90156115918157,2.0157474948646303,0.0326108333666939,0.04023972503354062,0.011687613386660585,0.03447120595829983,0.019760274966459435,0.018312386613339428
54.893939337219635,35.90524828074475,2.0161644766858626,0.03261077840292603,0.04023969428719165,0.01168724190282111,0.034471260922067704,0.0197603057128084,0.018312758097178902
54.898500432866896,35.90893560458903,2.0165877538108434,0.032610723439325084,0.040239663510145296,0.011686870178314136,0.03447131588566865,0.019760336489854757,0.018313129821685876
54.90306172817403,35.912623130637826,2.0170173248573406,0.03261066847559868,0.04023963270048253,0.011686498221839037,0.034471370849395055,0.019760367299517523,0.018313501778160976
54.90762322304967,35.91631085881599,2.01745318844308,0.032610613511460385,0.04023960185613312,0.011686126041399902,0.03447142581353335,0.01976039814386693,0.01831387395860011
54.91218491740409,35.91999878904973,2.0178953431857014,0.0326105585466292,0.04023957097485764,0.011685753644334822,0.03447148077836454,0.019760429025142412,0.01831424635566519
54.916746811149174,35.92368692126655,2.0183437877026282,0.0326105035808284,0.040239540053014666,0.011685381037360651,0.03447153574416534,0.019760459946985387,0.018314618962639362
54.92130890419844,35.92737525539526,2.0187985206109844,0.03261044861378215,0.04023950908715379,0.01168500822654616,0.034471590711211586,0.019760490912846262,0.018314991773453852
54.925871196466815,35.9310637913658,2.0192595405275098,0.03261039364521606,0.04023947807429368,0.011684635217364514,0.034471645679777674,0.019760521925706376,0.0183153647826355
54.93043368787065,35.93475252910923,2.0197268460678615,0.03261033867485269,0.04023944701117871,0.01168426201475637,0.034471700650141046,0.019760552988821345,0.018315737985243642
54.93499637832742,35.93844146855757,2.0202004358437375,0.03261028370241298,0.04023941589424462,0.011683888623155024,0.03447175562258076,0.01976058410575543,0.01831611137684499
54.93955926775586,35.94213060964381,2.020680308470678,0.032610228727624035,0.0402393847195765,0.011683515046508067,0.0344718105973697,0.019760615280423555,0.018316484953491946
54.944122356075795,35.94581995230183,2.0211664625635923,0.032610173750211746,0.04023935348286095,0.011683141288287763,0.03447186557478199,0.019760646517139102,0.01831685871171225
54.94868564320812,35.94950949646637,2.0216588967366977,0.03261011876989928,0.04023932217932741,0.011682767351507924,0.03447192055509446,0.019760677820672645,0.01831723264849209
54.95324912907481,35.95319924207305,2.022157609603431,0.032610063786406684,0.040239290803678884,0.01168239323873544,0.03447197553858705,0.01976070919632117,0.018317606761264572
54.957812813598764,35.95688918905822,2.0226625997761984,0.03261000879944881,0.04023925935000644,0.011682018952097369,0.03447203052554493,0.019760740649993613,0.018317981047902644
54.962376696703956,35.96057933735911,2.0231738658666787,0.03260995380873405,0.040239227811684986,0.011681644493269236,0.03447208551625969,0.019760772188315068,0.018318355506730777
54.96694077831527,35.964269686913696,2.023691406485539,0.03260989881396337,0.040239196181244274,0.011681269863485957,0.03447214051103037,0.01976080381875578,0.018318730136514055
54.97150505835861,35.967960237660776,2.024215220242333,0.0326098438148279,0.040239164450206144,0.011680895063522559,0.03447219551016584,0.01976083554979391,0.018319104936477454
54.97606953676086,35.97165098953994,2.0247453057454194,0.032609788811007234,0.04023913260888029,0.01168052009368245,0.0344722505139865,0.019760867391119763,0.018319479906317562
54.980634213449946,35.97534194249162,2.025281661601861,0.03260973380216908,0.040239100646102754,0.011680144953995067,0.03447230552282465,0.0197608993538973,0.018319855046004946
54.985199088354946,35.97903309645719,2.0258242864172673,0.03260967878796722,0.04023906854889908,0.011679769644198028,0.034472360537026514,0.01976093145110097,0.018320230355801985
54.98976416140617,35.982724451379056,2.0263731787956822,0.03260962376803084,0.04023903630204845,0.01167939416303198,0.0344724155569629,0.019760963697951606,0.018320605836968033
54.99432943253531,35.9864160072007,2.0269283373393425,0.032609568741964357,0.04023900388751128,0.011679018508571809,0.03447247058302938,0.01976099611248877,0.018320981491428204
54.99889490167548,35.99010776386682,2.027489760648484,0.032609513709341675,0.04023897128367715,0.011678642678137306,0.03447252561565206,0.019761028716322904,0.018321357321862707
55.003460568761554,35.993799721323526,2.0280574473209807,0.03260945866969989,0.0402389384643671,0.011678266668177818,0.03447258065529385,0.01976106153563295,0.018321733331822194
55.00802643373041,35.997491879518584,2.028631395952031,0.0326094036225299,0.04023890539750041,0.011677890474099527,0.03447263570246384,0.01976109460249964,0.018322109525900486
55.01259249652136,36.00118423840176,2.029211605133677,0.03260934856726644,0.04023887204330823,0.011677514090066884,0.0344726907577273,0.019761127956691826,0.01832248590993313
55.01715875707676,36.004876797925306,2.0297980734542507,0.03260929350327246,0.04023883835192277,0.011677137508709183,0.03447274582172127,0.019761161648077286,0.01832286249129083
55.02172521534274,36.008569558044584,2.0303907994975723,0.032609238429821386,0.040238804260111616,0.011676760720735917,0.03447280089517235,0.019761195739888437,0.018323239279264096
55.0262918712702,36.012262518718856,2.0309897818419547,0.032609183346071324,0.04023876968683815,0.011676383714434503,0.03447285597892241,0.019761230313161904,0.01832361628556551
55.030858724816326,36.01595567991256,2.0315950190588903,0.03260912825103257,0.040238734527202114,0.01167600647496781,0.034472911073961165,0.01976126547279794,0.018323993525032202
55.03542577594634,36.01964904159672,2.032206509711297,0.03260907314352274,0.04023869864415136,0.011675628983444875,0.034472966181471,0.019761301355848693,0.018324371016555138
55.0399930246362,36.023342603751175,2.0328242523511566,0.0326090180221032,0.04023866185711544,0.011675251215304619,0.03447302130289054,0.01976133814288461,0.018324748784695394
55.044560470876064,36.0270363663674,2.0334482455162988,0.03260896288500259,0.04023862392639921,0.011674873138950222,0.034473076439991146,0.019761376073600845,0.01832512686104979
55.04912811467503,36.03073032945243,2.0340784877261564,0.032608907730009185,0.04023858453173634,0.011674494713716815,0.03447313159498455,0.01976141546826371,0.018325505286283197
55.05369595606797,36.03442449303444,2.034714977471732,0.03260885255431911,0.04023854324281795,0.011674115886266663,0.034473186770674624,0.019761456757182105,0.01832588411373335
55.0582639951246,36.03811885717015,2.035357713206726,0.03260879735433092,0.040238499478831624,0.011673736586181399,0.034473241970662816,0.01976150052116843,0.018326263413818614
55.062832231962034,36.041813421955155,2.036006693351823,0.032608742125378176,0.04023845244872448,0.011673356719866433,0.03447329719961556,0.01976154755127557,0.01832664328013358
55.06740066676244,36.045508187538395,2.036661917255882,0.0326086868613365,0.040238401072632324,0.011672976162030224,0.034473352463657236,0.01976159892736773,0.01832702383796979
55.071969299796734,36.04920315414155,2.03732338218455,0.03260863155405758,0.04023834388658776,0.01167259474395932,0.03447340777093616,0.019761656113412296,0.018327405256040694
55.076538131456715,36.052898322085376,2.037991086319563,0.03260857619267615,0.04023827889751819,0.011672212237999635,0.03447346313231758,0.019761721102481866,0.018327787762000378
55.08110716229921,36.05659369182594,2.0386650276977973,0.03260852076262838,0.04023820339524464,0.011671828336154398,0.03447351856236536,0.01976179660475541,0.018328171663845615
55.08567639310577,36.060289264003465,2.0393452040865863,0.03260846524431982,0.040238113704216094,0.011671442621085756,0.03447357408067392,0.01976188629578396,0.018328557378914256
55.09024582496271,36.06398503950801,2.040031613162895,0.03260840961133288,0.04023800486094431,0.011671054527191443,0.03447362971366086,0.019761995139055744,0.01832894547280857
55.09481545936751,36.067681019566656,2.040724252140393,0.03260835382803523,0.04023787020360914,0.011670663288830548,0.034473685496958506,0.019762129796390915,0.018329336711169465
55.09938529836829,36.07137720585787,2.0414231177464925,0.03260829784642444,0.040237700864149795,0.011670267872396674,0.0344737414785693,0.01976229913585026,0.01832973212760334
55.103955344743255,36.07507360065864,2.0421282060766455,0.032608241602029076,0.04023748516236425,0.011669866888645256,0.03447379772296466,0.019762514837635803,0.018330133111354757
55.108525602226834,36.07877020703005,2.0428395123741985,0.032608185008680846,0.04023720791874813,0.011669458481924598,0.03447385431631289,0.019762792081251923,0.018330541518075415
55.113096075786444,36.08246702904424,2.043557030785037,0.03260812795200713,0.040236849730587776,0.011669040194017488,0.03447391137298661,0.019763150269412277,0.018330959805982525
55.11766677194876,36.086164072052455,2.044280754067596,0.03260807028156948,0.040236386294806525,0.011668608802567822,0.03447396904342426,0.019763613705193528,0.01833139119743219
55.122237699165886,36.0898613429858,2.0450106731974707,0.03260801180173595,0.04023578790863086,0.011668160138102034,0.03447402752325779,0.019764212091369193,0.01833183986189798
55.12680886819846,36.09355885067045,2.045746776961825,0.03260795226160512,0.04023501932491791,0.011667688889621386,0.034474087063388614,0.019764980675082144,0.018332311110378627
55.131380292476514,36.09725660612527,2.046489051523621,0.03260789134464137,0.040234040163999785,0.011667188416632682,0.034474147980352365,0.01976595983600027,0.01833281158336733
55.13595198838098,36.10095462279506,2.0472374799737265,0.03260782865904538,0.040232806059185555,0.011666650593829903,0.03447421066594836,0.019767193940814498,0.01833334940617011
55.14052397537519,36.10465291666186,2.0479920419050694,0.03260776373022228,0.04023127061009707,0.011666065721409657,0.03447427559477145,0.019768729389902984,0.018333934278590355
55.14509627591464,36.108351506175595,2.048752713225296,0.03260769599685448,0.04022938802301701,0.01166542253526464,0.034474343328139256,0.019770611976983044,0.018334577464735373
55.14966891508205,36.11205041196038,2.049519466000496,0.03260762481186935,0.04022711606055718,0.011664708343086881,0.034474414513124385,0.019772883939442876,0.01833529165691313
55.1542419199396,36.11574965628975,2.0502922685327682,0.03260754944891081,0.040224418693328434,0.011663909292640676,0.034474489876082925,0.01977558130667162,0.018336090707359337
55.158815318655094,36.119449262376506,2.0510710856170857,0.03260746911380352,0.04022126776047952,0.011663010748749418,0.034474570211190214,0.019778732239520536,0.018336989251250595
55.16338913952644,36.12314925357875,2.051855878932988,0.03260738295922222,0.040217643339225506,0.011661997724120868,0.03447465636577152,0.019782356660774547,0.018338002275879145
55.16796341005019,36.1268496526405,2.052646607499501,0.03260729010020541,0.04021353259830057,0.011660855298391712,0.034474749224788326,0.01978646740169948,0.0183391447016083
55.17253815619035,36.13055048109476,2.053443228103215,0.03260718962772474,0.04020892792258113,0.011659568953625285,0.034474849697268994,0.019791072077418925,0.018340431046374728
55.17711340190801,36.134251758878435,2.0542456956485315,0.03260708061893092,0.040203824978391645,0.011658124797070325,0.03447495870606282,0.01979617502160841,0.018341875202929687
55.1816891689362,36.13795350414691,2.0550539634156544,0.03260696214392622,0.040198221248870236,0.011656509676031969,0.034475077181067515,0.019801778751129817,0.018343490323968044
55.186265476730114,36.141655733231346,2.0558679832437123,0.032606833269876734,0.04019211520224314,0.011654711214802715,0.034475206055117,0.019807884797756914,0.018345288785197297
55.19084234251167,36.14535846067295,2.0566877056684185,0.03260669306359354,0.04018550594772874,0.011652717809241646,0.0344753462614002,0.019814494052271314,0.018347282190758367
55.1954197813491,36.14906169928577,2.0575130800389028,0.03260654059345597,0.04017839314746774,0.011650518605240974,0.03447549873153777,0.019821606852532314,0.01834948139475904
55.199997806241726,36.15276546022387,2.0583440546269625,0.03260637493113583,0.04017077698971466,0.011648103474397195,0.03447566439385791,0.01982922301028539,0.018351896525602818
55.204576428202984,36.15646975304709,2.059180576732055,0.03260619515322699,0.04016265801466434,0.011645462990026466,0.034475844171766745,0.01983734198533571,0.018354537009973547
55.20915565635714,36.1601745857981,2.060022592773582,0.03260600034255773,0.04015403704214232,0.011642588396574075,0.03447603898243601,0.019845962957857732,0.018357411603425938
55.21373549803798,36.16387996508107,2.0608700483756635,0.0326057895893162,0.0401449151577018,0.01163947157756147,0.03447624973567753,0.019855084842298254,0.018360528422438543
55.21831595888253,36.1675858961365,2.0617228884480037,0.032605561992114784,0.04013529365985319,0.011636105025037917,0.03447647733287895,0.019864706340146865,0.018363894974962096
55.222897042924856,36.171292382916036,2.0625810572599774,0.03260531665892169,0.04012517395050891,0.011632481808582167,0.034476722666072046,0.019874826049491146,0.018367518191417846
55.22747875269531,36.174999428162,2.0634444985055054,0.03260505270776154,0.04011455743291553,0.011628595541159192,0.0344769866172322,0.01988544256708452,0.01837140445884082
55.23206108932392,36.17870703349024,2.0643131553584655,0.03260476926719713,0.04010344551399875,0.011624440342408525,0.034477270057796605,0.019896554486001305,0.018375559657591488
55.2366440526366,36.182415199467314,2.065186970524395,0.03260446547678214,0.04009185761468931,0.011620010804531226,0.034477573848211596,0.019908142385310745,0.018379989195468786
55.24122763936042,36.18612392414428,2.066065887321994,0.03260414052029731,0.04007978540084084,0.011615302820871108,0.03447789880469643,0.019920214599159214,0.018384697179128905
55.245811846276965,36.1898332056271,2.0669498482245547,0.03260379357566706,0.04006723253724048,0.011610312171553755,0.034478245749326675,0.01993276746275957,0.018389687828446258
55.25039666894462,36.19354304103405,2.067838795534765,0.03260342383706838,0.040054202948797135,0.011605035104513606,0.03447861548792536,0.019945797051202918,0.018394964895486407
55.25498210176081,36.19725342654522,2.0687326714468792,0.0326030305157306,0.04004070079081684,0.011599468316196015,0.034479008809263134,0.019959299209183212,0.018400531683803997
55.25956813802357,36.20096435745158,2.0696314181049256,0.032602612840642864,0.04002673045026767,0.011593608932130253,0.03447942648435087,0.019973269549732386,0.01840639106786976
55.264154769989375,36.20467582820106,2.0705349776591038,0.0326021700592421,0.04001229653714106,0.011587454488876554,0.03447986926575164,0.019987703462858997,0.01841254551112346
55.268741988928426,36.20838783244257,2.071443292319711,0.03260170143805741,0.03999740386624323,0.011581002916771749,0.03448033788693633,0.020002596133756823,0.018418997083228264
55.27332978517863,36.21210036306897,2.0723563044076636,0.03260120626329244,0.039982057444087116,0.011574252522959544,0.0344808330617013,0.020017942555912938,0.01842574747704047
55.27791814819763,36.21581341225862,2.0732739564032845,0.0326006838413575,0.039966262456072765,0.011567201974950071,0.034481355483636233,0.020033737543927288,0.01843279802504994
55.28250706661319,36.219526971515464,2.0741961909944138,0.03260013349935342,0.03995002425403288,0.011559850284657544,0.03448190582564031,0.020049975745967175,0.01844014971534247
55.287096528271775,36.22324103170784,2.0751229511185927,0.03259955458550717,0.0399333483443185,0.011552196792927356,0.03448248473948656,0.020066651655681556,0.018447803207072656
55.29168652028547,36.22695558310589,2.0760541800003574,0.03259894646956074,0.03991624037641045,0.011544241154526867,0.034483092855432995,0.020083759623589603,0.018455758845473146
55.296277029077274,36.230670615417665,2.076989821165615,0.03259830854311768,0.03989870613215096,0.011535983323617292,0.034483730781876054,0.02010129386784909,0.01846401667638272
55.300868040424575,36.2343861178239,2.077929818564278,0.032597640219940605,0.039880751515551705,0.011527423539671275,0.03448439910505313,0.02011924848444835,0.018472576460328738
55.30545953950143,36.23810207901172,2.0788741165439726,0.03259694093621829,0.03986238254317037,0.011518562313863244,0.03448509838877545,0.020137617456829682,0.01848143768613677
55.310051510919,36.24181848720693,2.079822659745597,0.0325962101507945,0.03984360533503717,0.011509400415914153,0.034485829174199234,0.020156394664962884,0.01849059958408586
55.31464393876449,36.245535330205165,2.0807753936174023,0.03259544734534864,0.03982442610604786,0.011499938861386845,0.0344865919796451,0.020175573893952192,0.018500061138613168
55.31923680663855,36.24925259540177,2.08173226383482,0.03259465202436512,0.03980485115780297,0.01149017889943018,0.034487387300628614,0.020195148842197086,0.018509821100569833
55.32383009769117,36.25297026982045,2.0826932165926717,0.03259382371554076,0.03978488687084819,0.011480122000958388,0.03448821560945298,0.020215113129151863,0.018519877999041624
55.32842379465633,36.256688340141054,2.083658198789842,0.03259296196984335,0.03976453969726984,0.011469769847255902,0.03448907735515039,0.020235460302730213,0.01853023015274411
55.333017879885034,36.26040679272593,2.0846271577407105,0.032592066361483596,0.03974381615361644,0.011459124318996539,0.03448997296351014,0.020256183846383613,0.018540875681003474
55.337612335377216,36.264125613645476,2.0856000414265297,0.03259113648793871,0.03972272281411149,0.011448187485669649,0.034490902837055026,0.020277277185888565,0.018551812514330364
55.342207142812214,36.267844788702526,2.0865767984493377,0.03259017184312912,0.03970126684551667,0.011436950079613685,0.03449186748186461,0.020298733154483384,0.018563049920386328
55.34680228130351,36.27156430162928,2.087557376749495,0.03258917219960222,0.03967945486487856,0.011425427476108141,0.03449286712539151,0.020320545135121493,0.018574572523891872
55.351397732201676,36.27528413794333,2.088541726420049,0.032588137226144565,0.03965729353114589,0.011413622157686508,0.03449390209884917,0.020342706468854166,0.018586377842313505
55.355993476608305,36.279004282952116,2.0895297982177987,0.03258706661444771,0.03963478953910582,0.011401536761261384,0.034494972710546024,0.020365210460894234,0.01859846323873863
55.3605894954023,36.28272472177402,2.0905215435821263,0.03258596007901249,0.03961194961366021,0.011389174069225946,0.03449607924598125,0.02038805038633984,0.018610825930774066
55.36518576926512,36.28644543935855,2.0915169146519603,0.032584817357029894,0.039588780504307586,0.011376537000899987,0.03449722196796384,0.020411219495692468,0.018623462999100025
55.36978227870487,36.290166420505734,2.0925158642806627,0.03258363820824006,0.03956528897982586,0.011363628604278989,0.034498401116753674,0.02043471102017419,0.018636371395721024
55.37437900407955,36.293887649884695,2.0935183461528437,0.032582422414769496,0.03954148182315881,0.011350452048077934,0.03449961691022424,0.020458518176841245,0.01864954795192208
55.37897592561913,36.297609112051404,2.0945243144972574,0.03258116978094988,0.03951736582649673,0.011337010614083258,0.034500869544043855,0.020482634173503322,0.018662989385916755
55.383573023446885,36.301330791465844,2.0955337243793166,0.032579880133115635,0.03949294778655538,0.011323307689779363,0.0345021591918781,0.020507052213444676,0.01867669231022065
55.38817027759973,36.30505267250824,2.0965465316262635,0.03257855331938536,0.03946823450004888,0.011309346761245405,0.034503486005608375,0.02053176549995117,0.018690653238754608
55.392767668047625,36.30877473949481,2.0975626928490136,0.03257718920942565,0.039443232759352354,0.01129513140632505,0.034504850115568086,0.0205567672406477,0.018704868593674963
55.39736517471232,36.312496976692685,2.0985821654316634,0.032575787694197944,0.03941794934835369,0.011280665288042134,0.03450625163079579,0.020582050651646366,0.01871933471195788
55.401962777485096,36.31621936833426,2.099604907536254,0.032574348685692034,0.039392391038490016,0.011265952148277851,0.0345076906393017,0.020607608961510038,0.018734047851722162
55.40656045624382,36.31994189863094,2.1006308781323666,0.03257287211664378,0.03936656458496529,0.011250995801673422,0.034509167208349956,0.020633435415034762,0.01874900419832659
55.411158190869244,36.3236645517862,2.1016600369872958,0.03257135794023125,0.039340476723142614,0.011235800129782161,0.03451068138476249,0.02065952327685744,0.01876419987021785
55.41575596126053,36.32738731200816,2.102692344672611,0.03256980612978444,0.039314134165108705,0.011220369075435693,0.034512233195209296,0.020685865834891348,0.01877963092456432
55.42035374735009,36.3311101635215,2.103727762567339,0.03256821667846005,0.03928754359640463,0.011204706637338482,0.03451382264653369,0.020712456403595425,0.01879529336266153
55.42495152911777,36.33483309057894,2.1047662528608733,0.03256658959891051,0.039260711672916504,0.011188816864868376,0.034515449726083225,0.02073928832708355,0.018811183135131637
55.42954928660426,36.33855607747204,2.1058077785661347,0.03256492492294444,0.0392336450179232,0.0111727038530876,0.0345171144020493,0.02076635498207685,0.018827296146912413
55.43414699992406,36.34227910854172,2.106852303522113,0.032563222701178396,0.03920635021929186,0.011156371737953433,0.03451881662381534,0.02079364978070819,0.01884362826204658
55.43874464927763,36.346002168187994,2.107899792380476,0.032561483002680025,0.039178833826819526,0.011139824691721006,0.03452055632231371,0.020821166173180528,0.018860175308279006
55.44334221496304,36.349725240879515,2.108950210616148,0.03255970591460339,0.039151102349713585,0.011123066918534721,0.03452233341039035,0.02084889765028647,0.01887693308146529
55.44793967738711,36.353448311162495,2.110003524528614,0.03255789154181826,0.03912316225420698,0.011106102650201372,0.034524147783175474,0.020876837745793075,0.01889389734979864
55.452537017075784,36.35717136366918,2.1110597012420333,0.03255604000653162,0.039095018861952546,0.011088936142138163,0.03452599931846212,0.020904981138047507,0.01891106385786185
55.45713421479961,36.36089438322021,2.112118708646662,0.032554151445839674,0.03906667981349471,0.011071571616815525,0.03452788787915406,0.020933320186505344,0.018928428383184488
55.46173125132458,36.3646173546213,2.1131805154784007,0.032552226015770236,0.0390381512607047,0.011054013376911406,0.0345298133092235,0.020961848739295352,0.018945986623088606
55.4663281075846,36.36834026280384,2.114245091365194,0.03255026388823479,0.03900943951928898,0.011036265728619994,0.03453177543675895,0.020990560480711073,0.01896373427138002
55.47092476466571,36.372063092811985,2.1153124067197555,0.03254826525099297,0.03898055083634183,0.011018332989016298,0.03453377407400077,0.02101944916365822,0.018981667010983715
55.47552120381596,36.37578582981079,2.1163824327748966,0.03254623030722914,0.03895149139748372,0.011000219481948438,0.034535809017764596,0.021048508602516336,0.018999780518051575
55.480117406454,36.379508459093095,2.117455141580749,0.03254415927514004,0.03892226732960552,0.010981929534543536,0.0345378800498537,0.021077732670394533,0.019018070465456477
55.48471335417648,36.38323096608568,2.118530505954386,0.03254205238752711,0.03889288469962787,0.01096346747407826,0.03453998693746663,0.02110711530037218,0.019036532525921752
55.48930902876519,36.38695333635498,2.119608499618645,0.03253990989138644,0.038863349513336976,0.010944837625007399,0.034542129433607294,0.021136650486663078,0.019055162374992614
55.49390441219356,36.39067555561255,2.1206890970543717,0.03253773204749938,0.038833667714290476,0.010926044306138326,0.03454430727749436,0.021166332285709577,0.019073955693861687
55.498499486632895,36.39439760972003,2.121772273546037,0.03253551913002228,0.03880384521037905,0.010907091827949196,0.03454652019497145,0.021196154789621002,0.019092908172050817
55.50309423445515,36.39811948469157,2.122858005178905,0.03253327142611617,0.03877388782732022,0.010887984491325345,0.034548767898877564,0.021226112172679834,0.019112015508674668
55.50768863824049,36.40184116669991,2.1239462688333774,0.03253098923551129,0.03874380131387534,0.010868726584219425,0.03455105008948245,0.021256198686124717,0.019131273415780588
55.51228268078356,36.40556264208166,2.1250370421808085,0.03252867287008099,0.038713591352970644,0.010849322378780571,0.03455336645491275,0.02128640864702941,0.019150677621219442
55.51687634509806,36.409283897341,2.126130303676304,0.03252632265343447,0.03868326356093149,0.010829776129198831,0.03455571667155927,0.021316736439068562,0.01917022387080118
55.521469614421065,36.413004919153266,2.127226032552624,0.03252393892051181,0.03865282252168262,0.01081009206965948,0.03455810040448193,0.021347177478317436,0.019189907930340533
55.526062472318756,36.416725694451415,2.1283242087640324,0.03252152201587094,0.03862227447028621,0.010790274367757598,0.034560517309122796,0.021377725529713842,0.019209725632242415
55.53065490249983,36.42044621027377,2.129424813076372,0.03251907229557088,0.03859162481924133,0.010770327205040682,0.03456296702942285,0.02140837518075872,0.01922967279495933
55.53524688890578,36.424166453837714,2.130527826970026,0.032516590125801326,0.03856087891207388,0.010750254738009134,0.03456544919919241,0.021439121087926172,0.01924974526199088
55.53983841571406,36.427886412542364,2.131633232739438,0.03251407588249089,0.03853004202344984,0.010730061096447134,0.03456796344250285,0.021469957976550214,0.01926993890355288
55.54442946734079,36.43160607397087,2.1327410133987015,0.03251152995096007,0.03849911935856348,0.010709750384613963,0.034570509374033664,0.02150088064143657,0.01929024961538605
55.54902002844391,36.43532542589298,2.1338511527003385,0.03250895272553722,0.03846811605246714,0.010689326682208254,0.034573086599456515,0.021531883947532915,0.01931067331779176
55.55361008392639,36.439044456267844,2.1349636351970247,0.03250634460912166,0.03843703716978214,0.010668794036950466,0.034575694715872074,0.021562962830217913,0.019331205963049547
55.55819961893824,36.44276315324567,2.1360784460420934,0.03250370601279884,0.0384058877045545,0.010648156463147262,0.0345783333121949,0.021594112295445556,0.01935184353685275
55.5627886188781,36.44648150516913,2.1371955711718873,0.032501037355463336,0.038374672579826186,0.010627417940504397,0.0345810019695304,0.021625327420173868,0.019372582059495616
55.56737706939468,36.4501995005746,2.138314997225295,0.03249833906344579,0.03834339664754943,0.010606582413001983,0.034583700261547945,0.02165660335245062,0.01939341758699803
55.571964956388,36.45391712819334,2.1394367115536106,0.03249561157014241,0.0383120646896713,0.01058565378784463,0.03458642775485132,0.021687935310328754,0.019414346212155383
55.5765522660103,36.45763437695228,2.1405607022051094,0.03249285531565388,0.03828068141752711,0.010564635934535063,0.03458918400933986,0.021719318582472946,0.01943536406546495
55.58113898466682,36.461351235974746,2.1416869579169457,0.03249007074642546,0.038249251469236134,0.010543532683984877,0.03459196857856828,0.02175074853076392,0.019456467316015136
55.585725099016656,36.46506769458132,2.1428154681092613,0.03248725831489113,0.03821777941169613,0.010522347827568106,0.034594781010102604,0.021782220588303924,0.019477652172431907
55.59031059597328,36.46878374229031,2.14394622287421,0.0324844184791237,0.038186269740638934,0.01050108511633404,0.034597620845870036,0.02181373025936112,0.019498914883665973
55.59489546270477,36.472499368818134,2.1450792129680147,0.03248155170249156,0.038154726880723466,0.010479748260277519,0.034600487622502174,0.021845273119276587,0.019520251739722494
55.599479686634076,36.4762145640795,2.1462144298040764,0.032478658453319986,0.038123155185668334,0.010458340927668057,0.03460338087167375,0.02187684481433172,0.019541659072331956
55.60406325543888,36.479929318187544,2.1473518654436585,0.032475739204558485,0.038091558938415315,0.010436866744431582,0.03460630012043525,0.021908441061584738,0.01956313325556843
55.60864615705155,36.48364362145382,2.1484915125888433,0.03247279443345341,0.03805994235132809,0.010415329293584838,0.034609244891540325,0.021940057648671962,0.019584670706415175
55.6132283796588,36.4873574643882,2.149633364573556,0.03246982462078912,0.038028309566422225,0.010393732114721894,0.034612214704204614,0.02197169043357783,0.01960626788527812
55.61780991170125,36.49107083769856,2.1507774153554293,0.032466830251200784,0.037996664655622736,0.010372078703546929,0.03461520907379295,0.022003335344377317,0.019627921296453084
55.62239074187292,36.49478373229053,2.1519236595074496,0.0324638118128891,0.037965011621051925,0.010350372511455826,0.03461822751210464,0.022034988378948128,0.019649627488544187
55.626970859120476,36.498496139267004,2.153072092209468,0.03246076979710022,0.03793335439534545,0.010328616945160116,0.03462126952789352,0.0220666456046546,0.019671383054839897
55.63155025264257,36.502208049927646,2.1542227092409196,0.03245770469782855,0.03790169684198841,0.010306815366364165,0.03462433462716519,0.022098303158011645,0.019693184633635848
55.63612891188876,36.505919455768236,2.1553755069686176,0.03245461701152447,0.0378700427556824,0.010284971091463549,0.03462742231346927,0.022129957244317655,0.019715028908536464
55.640706826558684,36.50963034848,2.156530482341677,0.032451507236809174,0.03783839586273158,0.010263087391295042,0.03463053208818456,0.022161604137268476,0.01973691260870497
55.64528398660077,36.51334071994879,2.157687632846167,0.03244837587419519,0.03780675982144949,0.01024116749092669,0.034633663450798546,0.022193240178550566,0.019758832509073322
55.649860382211195,36.517050562254255,2.158846956631164,0.03244522342581302,0.03777513822259049,0.010219214569480654,0.03463681589918072,0.022224861777409566,0.01978078543051936
55.65443600383247,36.52075986766886,2.160008452323737,0.032442050395144195,0.037743534589797456,0.010197231759991258,0.03463998892984954,0.022256465410202597,0.019802768240008754
55.659010842152156,36.524468628656926,2.1611721191062037,0.03243885728675994,0.03771195238006614,0.010175222149295969,0.0346431820382338,0.022288047619933915,0.019824777850704044
55.66358488810126,36.52817683787352,2.162337956703001,0.03243564460606657,0.03768039498423187,0.010153188777959635,0.034646394718927165,0.022319605015768185,0.019846811222040378
55.66815813285285,36.53188448816331,2.1635059653677913,0.032432412859057014,0.03764886572746767,0.010131134640229036,0.03464962646593672,0.02235113427253238,0.019868865359770976
55.672730567820366,36.535591572559426,2.164676145908226,0.03242916255206829,0.03761736786979952,0.0101090626840128,0.034652876772925445,0.02238263213020053,0.019890937315987213
55.67730218465589,36.53929808428214,2.165848499598598,0.03242589419154457,0.03758590460663608,0.010086975810893913,0.03465614513344917,0.022414095393363975,0.0199130241891061
55.68187297524848,36.54300401673757,2.167023028239781,0.032422608285292476,0.037554479069309976,0.010064876876167597,0.03465943103970126,0.022445520930690077,0.019935123123832416
55.686442931722354,36.54670936351638,2.1681997341300367,0.03241930533945786,0.03752309432564699,0.010042768688902116,0.034662733985535876,0.022476905674353065,0.019957231311097896
55.69101204643489,36.550414118392254,2.169378620054604,0.03241598585951011,0.037491753380528514,0.010020654012025884,0.034666053465483626,0.02250824661947154,0.01997934598797413
55.6955803119749,36.55411827532059,2.170559689274969,0.03241265035013541,0.03746045917644392,0.00999853556243796,0.03466938897485833,0.022539540823556137,0.020001464437562053
55.70014772116049,36.557821828436886,2.1717429455167014,0.03240929931478859,0.037429214594092486,0.009976416011137967,0.03467274001020515,0.022570785405907567,0.020023583988862045
55.70471426703712,36.56152477205527,2.1729283929577834,0.03240593325496666,0.037398022452988455,0.009954297983377762,0.03467610607002708,0.022601977547011598,0.02004570201662225
55.70927994287552,36.56522710066692,2.1741160362309078,0.03240255267180314,0.037366885512082504,0.009932184058833941,0.034679486653190594,0.02263311448791755,0.02006781594116607
55.71384474216953,36.56892880893841,2.1753058804134313,0.032399158064942424,0.037335806470042754,0.00991007677838459,0.03468288126005131,0.0226641935299573,0.020089923221615423
55.71840865863535,36.57262989171123,2.17649793106981,0.032395749932384255,0.037304787965484476,0.009887978646053043,0.03468628939260948,0.022695212034515577,0.02011202135394697
55.72297168621104,36.576330344001434,2.177692194161528,0.032392328770051326,0.037273832578248234,0.009865892106431295,0.03468971055494241,0.02272616742175182,0.020134107893568717
55.72753381905146,36.58003016099566,2.1788886760956174,0.032388895071780166,0.03724294283003493,0.00984381955937743,0.03469314425321357,0.022757057169965123,0.020156180440622583
55.73209505152598,36.58372933804943,2.180087383688444,0.03238544932915083,0.03721212118504025,0.0098217633602675,0.03469658999584291,0.022787878814959805,0.020178236639732512
55.73665537821624,36.58742787068539,2.181288324157568,0.03238199203132558,0.03718137005060029,0.009799725820266066,0.03470004729366816,0.02281862994939976,0.020200274179733947
55.74121479391379,36.591125754591495,2.182491505110488,0.03237852366489402,0.03715069177783514,0.009777709206607983,0.034703515660099715,0.02284930822216491,0.02022229079339203
55.7457732936178,36.59482298561929,2.1836969345419797,0.03237504463491858,0.03712008898953528,0.009755708681732311,0.034706994690075155,0.02287991101046477,0.0202442913182677
55.75033087109519,36.598519558626684,2.1849046199401974,0.032371555498011406,0.03708956392210139,0.009733733760895764,0.03471048382698233,0.022910436077898666,0.02026626623910425
55.75488752177208,36.60221546980152,2.186114570116519,0.03236805673273674,0.03705911875792989,0.00971178657483733,0.034713982592257,0.022940881242070166,0.020288213425162682
55.759443241274305,36.60591071548908,2.1873267942330807,0.032364548814501515,0.03702875562599833,0.009689869211924128,0.03471749051049222,0.02297124437400172,0.020310130788075885
55.76399802542487,36.60960529219017,2.188541301809948,0.032361032215427576,0.03699847660251998,0.00966798371847754,0.03472100710956616,0.023001523397480073,0.020332016281522473
55.76855187024172,36.613299196559346,2.1897581027188355,0.03235750740423071,0.03696828371159422,0.009646132099110596,0.034724531920763024,0.023031716288405835,0.020353867900889416
55.77310477193526,36.61699242540308,2.190977207175554,0.032353974846102584,0.03693817892586282,0.009624316317074798,0.03472806447889115,0.023061821074137234,0.020375683682925215
55.77765672690593,36.62068497567782,2.1921986257324853,0.03235043500259954,0.03690816416716236,0.009602538294611475,0.034731604322394194,0.023091835832837693,0.020397461705388538
55.78220773174179,36.624376844488154,2.193422369271067,0.03234688833153432,0.03687824130718337,0.009580799913319393,0.03473515099345942,0.023121758692816685,0.02041920008668062
55.78675778321614,36.62806802908494,2.194648448994374,0.032343335286873,0.03684841216812251,0.009559103014517338,0.03473870403812074,0.02315158783187754,0.020440896985482675
55.79130687828501,36.631758526863436,2.1958768764199013,0.03233977631863705,0.03681867852334242,0.009537449399627411,0.03474226300635669,0.023181321476657635,0.020462550600372602
55.79585501408472,36.63544833536132,2.1971076633694997,0.03233621187280922,0.03678904209802286,0.009515840830552735,0.03474582745218452,0.02321095790197719,0.020484159169447277
55.80040218792951,36.63913745225688,2.198340821961645,0.03233264239124323,0.03675950456981614,0.009494279030071766,0.03474939693375051,0.023240495430183916,0.020505720969928247
55.80494839730891,36.642825875367066,2.199576364612077,0.03232906831525445,0.036730067569501756,0.00947276568222677,0.034752971009739286,0.023269932430498297,0.020527234317773244
55.80949363988549,36.6465136026456,2.2008143040254673,0.03232549008374902,0.03670073268163532,0.009451302432727744,0.034756549241244716,0.023299267318364736,0.02054869756727227
55.81403791349226,36.65020063218105,2.202054653188657,0.03232190812514263,0.03667150144520159,0.009429890889353025,0.03476013119985111,0.02332849855479846,0.020570109110646988
55.81858121613022,36.65388696219491,2.2032974253629325,0.03231832282395036,0.03664237535425896,0.009408532622362159,0.034763716501043374,0.023357624645741093,0.020591467377637854
55.82312354596599,36.65757259103975,2.2045426340757897,0.032314734630189024,0.03661335585858794,0.009387229164900819,0.03476730469480471,0.023386644141412116,0.020612770835099194
55.82766490132928,36.66125751719727,2.205790293112898,0.0323111439591422,0.03658444436433245,0.009365982013421516,0.03477089536585154,0.023415555635667606,0.020634017986578497
55.832205280710454,36.66494173927636,2.20704041651091,0.0323075512214433,0.036555642234641694,0.00934479262809862,0.03477448810355044,0.02344435776535836,0.020655207371901393
55.83674468275811,36.66862525601127,2.2082930186961396,0.0323039568230184,0.036526950790306045,0.009323662433252236,0.03477808250197534,0.023473049209694008,0.020676337566747777
55.84128310627662,36.67230806625966,2.2095481140091486,0.03230036116503221,0.036498371310393296,0.009302592817768011,0.03478167815996153,0.023501628689606757,0.020697407182232
55.845820550223706,36.67599016900074,2.2108057171945457,0.03229676464383818,0.036469905032878336,0.009281585135521887,0.034785274681155554,0.023530094967121717,0.020718414864478125
55.850357013708035,36.67967156333337,2.2120658432630416,0.03229316765093143,0.03644155315527198,0.009260640705810147,0.034788871674062305,0.023558446844728076,0.020739359294189866
55.85489249598662,36.68335224847405,2.2133285074112448,0.03228957057297466,0.03641331683523624,0.009239760813783054,0.03479246875201908,0.02358668316476381,0.02076023918621696
55.85942699646273,36.687032223755295,2.214593725052243,0.032285973791755185,0.03638519719121974,0.00921894671086039,0.03479606553323855,0.02361480280878031,0.020781053289139623
55.86396051468337,36.69071148862363,2.215861511815615,0.032282377684018815,0.03635719530306469,0.009198199615167352,0.03479966164097492,0.02364280469693536,0.02080180038483266
55.868493050336824,36.69439004263775,2.2171318835297957,0.03227878262151096,0.0363293122126202,0.009177520711959444,0.03480325670348278,0.02367068778737985,0.02082247928804057
55.87302460325034,36.69806788546665,2.218404856220375,0.03227518897095616,0.036301548924350946,0.00915691115406244,0.03480685035403758,0.023698451075649107,0.020843088845937573
55.87755517338779,36.701745016887806,2.2196804460997965,0.03227159709400995,0.03627390640593825,0.009136372062295492,0.034810442230983785,0.023726093594061803,0.02086362793770452
55.88208476084729,36.70542143678533,2.220958669565316,0.03226800734724622,0.036246385588880325,0.009115904525905945,0.03481403197774752,0.023753614411119728,0.020884095474094068
55.886613365858835,36.709097145148135,2.2222395431940023,0.03226442008213676,0.03621898736908413,0.009095509602997397,0.03481761924285698,0.02378101263091592,0.020904490397002616
55.89114098878208,36.71277214206816,2.2235230837369113,0.03226083564503207,0.03619171260745868,0.00907518832096009,0.034821203679961665,0.023808287392541372,0.020924811679039923
55.89566763010388,36.716446427738504,2.224809308113356,0.03225725437714844,0.03616456213049374,0.009054941676900762,0.0348247849478453,0.023835437869506315,0.02094505832309925
55.90019329043618,36.720120002451715,2.226098233405714,0.03225367661455397,0.03613753673084413,0.009034770638066222,0.034828362710439764,0.02386246326915592,0.02096522936193379
55.904717970513616,36.723792866597954,2.227389876853299,0.032250102688159255,0.036110637167899806,0.009014676142274046,0.03483193663683448,0.023889362832100247,0.020985323857725967
55.90924167119128,36.72746502066323,2.228684255847272,0.032246532923731974,0.036083864168359014,0.008994659098334058,0.03483550640126176,0.02391613583164104,0.021005340901665955
55.91376439344256,36.73113646522772,2.2299813879256414,0.032242967641860354,0.036057218426789495,0.00897472038647524,0.03483907168313338,0.02394278157321056,0.021025279613524774
55.91828613835679,36.734807200963914,2.231281290768071,0.032239407157948874,0.036030700606187405,0.008954860858763965,0.03484263216704486,0.02396929939381265,0.021045139141236048
55.922806907137144,36.738477228634984,2.232583982190805,0.03223585178223004,0.036004311338532824,0.00893508133952644,0.034846187542763696,0.02399568866146723,0.021064918660473574
55.92732670109841,36.74214654909302,2.233889480141716,0.032232301819765385,0.03597805122533376,0.00891538262576285,0.03484973750522835,0.02402194877466629,0.021084617374237162
55.93184552166482,36.745815163277356,2.2351978029622033,0.03222875757044957,0.03595192083817372,0.008895765487564725,0.03485328175454416,0.02404807916182633,0.021104234512435288
55.936363370367886,36.74948307221285,2.236508968551518,0.03222521932901773,0.03592592071924333,0.008876230668537384,0.03485681999597601,0.02407407928075672,0.02112376933146263
55.940880248844316,36.753150277008245,2.237822995227147,0.03222168738505243,0.03590005138187491,0.008856778886196931,0.0348603519399413,0.024099948618125144,0.021143221113803082
55.94539615883386,36.75681677885451,2.2391399014180604,0.03221816202299477,0.03587431331106844,0.00883741083238633,0.03486387730199897,0.024125686688931613,0.021162589167613682
55.949911102177204,36.760482579023176,2.240459705660148,0.03221464352215614,0.035848706964009935,0.008818127173681044,0.0348673958028376,0.024151293035990118,0.02118187282631897
55.95442508081398,36.76414767886475,2.241782426591662,0.03221113215673249,0.03582323277058841,0.008798928551791645,0.034870907168261245,0.024176767229411644,0.021201071448208368
55.95893809678056,36.76781207980703,2.243108082948825,0.03220762819582035,0.03579789113390236,0.008779815583964526,0.03487441112917339,0.024202108866097694,0.021220184416035487
55.96345015220821,36.77147578335362,2.2444366935614144,0.03220413190343313,0.0357726824307652,0.008760788863376459,0.034877907421560606,0.024227317569234852,0.021239211136623554
55.96796124932092,36.775138791082206,2.2457682773484677,0.03220064353852198,0.03574760701220192,0.008741848959536384,0.03488139578647176,0.024252392987798133,0.02125815104046363
55.97247139043348,36.77880110464312,2.2471028533140314,0.032197163354995006,0.035722665203940795,0.008722996418671802,0.03488487596999873,0.024277334796059258,0.02127700358132821
55.97698057794952,36.782462725757725,2.2484404405429697,0.032193691601740515,0.03569785730689867,0.008704231764119622,0.03488834772325322,0.02430214269310138,0.02129576823588039
55.981488814359494,36.7861236562169,2.249781058196828,0.032190228522650355,0.035673183597662694,0.008685555496710524,0.03489181080234338,0.02432681640233736,0.02131444450328949
55.98599610223882,36.7897838978795,2.25112472550974,0.03218677435664502,0.035648644328965196,0.008666968095148657,0.034895264968348716,0.024351355671034858,0.021333031904851356
55.99050244424595,36.793443452670886,2.2524714617844905,0.032183329337700295,0.03562423973015,0.008648470016395994,0.03489870998729344,0.024375760269850055,0.02135152998360402
55.99500784312042,36.797102322581416,2.2538212863884546,0.03217989369487517,0.03559997000763998,0.008630061696044931,0.034902145630118564,0.024400029992360073,0.02136993830395508
55.99951230168111,36.800760509665004,2.255174218749819,0.03217646765234078,0.03557583534538722,0.00861174354868828,0.03490557167265296,0.024424164654612834,0.021388256451311732
56.00401582282425,36.80441801603763,2.2565302783532726,0.03217305142941074,0.03555183590533417,0.008593515968295044,0.034908987895583,0.02444816409466588,0.02140648403170497
56.008518409521685,36.8080748438759,2.2578894847370785,0.0321696452405727,0.035527971827852,0.008575379328562116,0.03491239408442104,0.024472028172148053,0.021424620671437897
56.013020064819045,36.811730995415694,2.2592518574892675,0.0321662492955207,0.03550424323218465,0.008557333983291164,0.03491579002947304,0.024495756767815402,0.02144266601670885
56.01752079183399,36.81538647295068,2.26061741624384,0.032162863799189145,0.035480650216880294,0.008539380266736417,0.03491917552580459,0.02451934978311976,0.021460619733263596
56.0220205937544,36.81904127883101,2.261986180676561,0.03215948895178694,0.03545719286022492,0.008521518493964354,0.034922550373206795,0.024542807139775136,0.02147848150603566
56.026519473836636,36.82269541546182,2.263358170501879,0.03215612494883324,0.03543387122066122,0.008503748961201527,0.034925914376160494,0.024566128779338836,0.021496251038798486
56.03101743540391,36.82634888530205,2.264733405469556,0.03215277198119426,0.0354106853372082,0.008486071946179174,0.034929267343799475,0.02458931466279185,0.02151392805382084
56.03551448184446,36.830001690862964,2.2661119053611856,0.032149430235120235,0.03538763522987237,0.008468487708482145,0.0349326090898735,0.02461236477012768,0.021531512291517868
56.04001061660994,36.833653834706894,2.2674936899869222,0.032146099892283675,0.03536472090005649,0.00845099648988376,0.03493593943271006,0.024635279099943563,0.021549003510116252
56.04450584321379,36.83730531944591,2.2688787791821654,0.03214278112981861,0.03534194233095661,0.008433598514687814,0.03493925819517513,0.024658057669043443,0.0215664014853122
56.04900016522953,36.84095614774056,2.2702671928043197,0.03213947412036011,0.03531929948795942,0.008416293990052191,0.034942565204633624,0.024680700512040632,0.02158370600994782
56.05349358628922,36.84460632229858,2.271658950729391,0.03213617903208432,0.035296792319033765,0.00839908310632484,0.034945860292909414,0.024703207680966288,0.021600916893675173
56.05798611008181,36.84825584587365,2.273054072849504,0.03213289602875047,0.03527442075540704,0.00838196603736472,0.03494914329624327,0.02472557924459301,0.021618033962635293
56.06247774035161,36.85190472126412,2.2744525790695467,0.03212962526974161,0.03525218471325725,0.008364942940874663,0.03495241405525212,0.024747815286742803,0.02163505705912535
56.066968480896456,36.85555295131162,2.275854489304214,0.032126366910110005,0.03523008409063755,0.008348013958796044,0.03495567241488373,0.024769915909362505,0.02165198604120397
56.07145833556653,36.85920053890013,2.277259823475041,0.032123121100616436,0.035208118769684105,0.008331179217524416,0.0349589182243773,0.02479188123031595,0.021668820782475597
56.07594730826274,36.86284748695465,2.2786686015075435,0.03211988798777482,0.03518628861697454,0.00831443882822739,0.034962151337218916,0.024813711383025516,0.021685561171772623
56.080435402935336,36.86649379844016,2.280080843328354,0.032116667713895486,0.0351645934838925,0.008297792887143253,0.03496537161109825,0.02483540651610755,0.02170220711285676
56.0849226235823,36.87013947636035,2.2814965688624853,0.03211346041712909,0.0351430332069711,0.008281241475889087,0.034968578907864645,0.024856966793028956,0.021718758524110926
56.089408974248116,36.873784523756584,2.282915798030703,0.0321102662315122,0.03512160760824912,0.00826478466175036,0.03497177309348154,0.024878392391750936,0.021735215338249653
56.09389445902211,36.87742894370668,2.2843385507472314,0.032107085287011394,0.0351003164956063,0.008248422497986074,0.03497495403798234,0.024899683504393755,0.02175157750201394
56.09837908203721,36.88107273932387,2.28576484691612,0.03210391770956911,0.035079159663103154,0.008232155024111627,0.03497812161542463,0.0249208403368969,0.021767844975888385
56.10286284746853,36.88471591375567,2.2871947064292963,0.032100763621149275,0.035058136891309766,0.008215982266188346,0.03498127570384446,0.024941863108690288,0.021784017733811667
56.107345759531896,36.888358470182816,2.28862814916405,0.03209762313978315,0.03503724794763852,0.008199904237105302,0.03498441618521059,0.024962752052361536,0.02180009576289471
56.11182782248272,36.89200041181821,2.290065194980596,0.0320944963796157,0.0350164926079613,0.008183920936859441,0.034987542945378036,0.02498350739203875,0.02181607906314057
56.11630904061211,36.89564174190396,2.29150586372052,0.0320913834509729,0.03499587052400077,0.008168032353802451,0.03499065587402084,0.02500412947599928,0.02183196764619756
56.1207894182581,36.89928246372043,2.292950175200201,0.03208828446030332,0.03497538107159415,0.00815223845977165,0.03499375486469042,0.025024618928405906,0.021847761540228362
56.125268959831935,36.90292258060793,2.294398149197801,0.03208519950997918,0.0349550243007653,0.008136539198641914,0.03499683981501456,0.02504497569923475,0.0218634608013581
56.1297476697394,36.906562095902345,2.2958498054754797,0.03208212869899085,0.034934799978399045,0.008120934518814502,0.034999910626002884,0.02506520002160101,0.02187906548118551
56.13422555241206,36.91020101296072,2.2973051637688395,0.03207907212272654,0.03491470798318436,0.008105424360053355,0.0350029672022672,0.025085292016815697,0.021894575639946658
56.13870261229347,36.913839335149994,2.298764243789829,0.032076029873139456,0.03489474858487801,0.00809000865916868,0.03500600945185428,0.025105251415122043,0.021909991340831332
56.143178853795916,36.91747706581164,2.300227065241184,0.03207300203915736,0.034874921523451285,0.008074687367959632,0.035009037285836375,0.025125078476548768,0.02192531263204038
56.1476542813609,36.92111420831105,2.30169364779773,0.032069988706231844,0.03485522638450439,0.008059460428154086,0.03501205061876189,0.025144773615495664,0.021940539571845927
56.152128899473695,36.924750766049556,2.3031640110990876,0.0320669899562539,0.034835658741240005,0.008044327765066465,0.03501504936873984,0.025164341258760048,0.021955672234933547
56.15660271309545,36.92838674281782,2.304638174595005,0.032064005864065326,0.034816221540854286,0.008029289106924666,0.03501803346092841,0.025183778459145767,0.021970710893075347
56.16107572682266,36.93202214210896,2.306116157799057,0.03206103650415004,0.034796914414865654,0.008014344332017427,0.035021002820843694,0.0252030855851344,0.021985655667982586
56.16554794527738,36.935656967437254,2.307597980182532,0.03205808194767079,0.03477773698509723,0.007999493308553818,0.035023957377322945,0.025222263014902824,0.022000506691446195
56.17001937310614,36.93929122233732,2.3090836611724948,0.032055142262515324,0.03475868886419281,0.007984735894898419,0.03502689706247841,0.025241311135807243,0.022015264105101594
56.1744900149789,36.94292491036319,2.3105732201499625,0.03205221751334403,0.034739769656043695,0.007970071939808296,0.03502982181164971,0.025260230343956358,0.022029928060191717
56.17895987558782,36.94655803508748,2.312066676448191,0.03204930776163717,0.03472097895612042,0.007955501282681875,0.03503273156335657,0.025279021043879635,0.022044498717318138
56.18342895964622,36.950190600100456,2.3135640493508665,0.0320464130657418,0.03470231635074161,0.007941023753796635,0.03503562625925194,0.02529768364925844,0.022058976246203378
56.18789727188759,36.95382260900931,2.3150653580904814,0.03204353348091632,0.03468378141751377,0.007926639174506873,0.03503850584407742,0.025316218582486283,0.02207336082549314
56.19236481706464,36.95745406543735,2.3165706218465543,0.032040669059378635,0.03466537372603373,0.007912347357449591,0.0350413702656151,0.02533462627396632,0.022087652642550422
56.19683159994823,36.961084973023205,2.318079859744114,0.032037819850358085,0.03464709283784284,0.007898148107283148,0.03504421947463565,0.025352907162157212,0.022101851892716864
56.20129762532656,36.96471533542018,2.3195930908521047,0.0320349859001372,0.03462893830662156,0.00788404122045857,0.035047053424856534,0.025371061693378494,0.022115958779541443
56.20576289800417,36.96834515629543,2.3211103341818764,0.03203216725208491,0.034610909678286506,0.007870026484659814,0.03504987207290883,0.025389090321713548,0.0221299735153402
56.21022742280057,36.97197443932887,2.3226316086855507,0.03202936394668959,0.03459300649109587,0.00785610367967432,0.03505267537830414,0.025406993508904185,0.022143896320325693
56.21469120454992,36.975603188212986,2.3241569332546117,0.0320265760216506,0.03457522827586346,0.007842272577569476,0.03505546330334314,0.025424771724136597,0.022157727422430537
56.219154248100125,36.97923140665203,2.3256863267183587,0.032023803511905424,0.03455757455618075,0.007828532942761451,0.03505823581308831,0.025442425443819305,0.02217146705723856
56.2236165583117,36.98285909836122,2.327219807842545,0.03202104644967141,0.034540044848680895,0.007814884532381675,0.03506099287532233,0.025459955151319158,0.022185115467618338
56.228078140057036,36.98648626706607,2.328757395327987,0.032018304864490144,0.03452263866336913,0.0078013270964229706,0.03506373446050359,0.02547736133663092,0.022198672903577042
56.23253899821952,36.99011291650173,2.330299107809214,0.032015578783271936,0.03450535550398531,0.007787860377885446,0.0350664605417218,0.02549464449601474,0.022212139622114567
56.236999137692635,36.993739050412266,2.3318449638531713,0.03201286823033983,0.034488194868407485,0.007774484112951799,0.035069171094653906,0.02551180513159257,0.022225515887048214
56.24145856337911,36.99736467255,2.3333949819580164,0.03201017322747429,0.03447115624907682,0.007761198031179001,0.035071866097519444,0.025528843750923236,0.022238801968821012
56.245917280190106,37.00098978667483,2.3349491805518467,0.032007493793957675,0.03445423913343809,0.007748001855711249,0.03507454553103606,0.025545760866561962,0.022251998144288763
56.25037529304424,37.00461439655349,2.336507577991545,0.03200482994661791,0.03443744300438406,0.007734895303466084,0.03507720937837583,0.025562556995615993,0.02226510469653393
56.2548326068668,37.00823850595887,2.338070192561693,0.03200218169987351,0.034420767340702596,0.007721878085362434,0.035079857625120225,0.025579232659297457,0.02227812191463758
56.25928922658855,37.01186211866917,2.339637042473306,0.03199954906578689,0.03440421161751689,0.007708949906542056,0.035082490259206844,0.025595788382483164,0.022291050093457956
56.26374515714525,37.01548523846735,2.341208145863072,0.03199693205409199,0.034387775306714274,0.007696110466580489,0.03508510727090175,0.02561222469328578,0.022303889533419524
56.26820040347666,37.0191078691405,2.3427835207923042,0.031994330672242,0.03437145787735951,0.007683359459710319,0.03508770865275174,0.02562854212264054,0.022316640540289694
56.272654970525565,37.02273001447894,2.3443631852459976,0.03199174492545526,0.03435525879609336,0.00767069657507289,0.03509029439953848,0.025644741203906696,0.022329303424927123
56.27710886323692,37.02635167827564,2.3459471571319366,0.0319891748166114,0.03433917752750448,0.007658121496938883,0.03509286450838234,0.02566082247249557,0.02234187850306113
56.281562086556946,37.02997286432537,2.3475354542798232,0.031986620346547034,0.03432321353449025,0.007645633904949406,0.0350954189784467,0.025676786465509804,0.022354366095050607
56.2860146454323,37.03359357642417,2.349128094440563,0.03198408151403426,0.03430736627858627,0.007633233474350971,0.03509795781095948,0.025692633721413782,0.02236676652564904
56.29046654480914,37.03721381836846,2.3507250952854144,0.03198155831578442,0.03429163522027984,0.007620919876236643,0.03510048100920932,0.025708364779720216,0.02237908012376337
56.29491778963235,37.04083359395456,2.3523265081586175,0.03197905074649143,0.03427601981929662,0.007608692777779744,0.0351029885785023,0.025723980180703432,0.02239130722222027
56.29936838484467,37.04445290697788,2.3539323128754024,0.0319765587988729,0.03426051953485981,0.00759655184245786,0.035105480526120836,0.02573948046514024,0.022403448157542152
56.30381833538593,37.04807176123235,2.3555425271798964,0.03197408246371258,0.034245133825948904,0.007584496730284412,0.03510795686128115,0.02575486617405115,0.0224155032697156
56.30826764619218,37.05169016050975,2.3571571687110855,0.03197162172990137,0.03422986215150697,0.007572527098050515,0.03511041759509237,0.02577013784849308,0.022427472901949498
56.31271632219489,37.055308108598965,2.3587762550039075,0.031969176584486725,0.03421470397063875,0.007560642599525512,0.03511286274050701,0.025785296029361304,0.0224393574004745
56.31716436831963,37.05892560928504,2.3603998034899227,0.031966747012735997,0.03419965870280872,0.007548842885714523,0.03511529231225774,0.02580034129719133,0.02245115711428549
56.32161178949113,37.06254266635324,2.3620278314978895,0.031964332998074274,0.034184725635900526,0.007537127603177159,0.03511770632691946,0.025815274364099527,0.022462872396822854
56.326058590645644,37.06615928359922,2.363660356249258,0.0319619345220577,0.034169904197800804,0.007525496388431842,0.035120104802936036,0.02583009580219925,0.02247450361156817
56.330504776713994,37.06977546481515,2.3652973948630693,0.031959551564519184,0.034155193815526286,0.007513948874931627,0.03512248776047455,0.025844806184473768,0.022486051125068386
56.33495035262065,37.07339121378904,2.3669389643563985,0.03195718410361387,0.034140597963475794,0.0075024846932476505,0.03512485522137987,0.02585940203652426,0.022497515306752362
56.3393953228411,37.077006533942374,2.368585081779504,0.03195483211933259,0.03412611231486562,0.007491103654170869,0.03512720720566115,0.025873887685134433,0.022508896345829144
56.343839692290686,37.080621429057146,2.3702357639820395,0.03195249558674035,0.03411173628987818,0.007479805384380228,0.03512954373825339,0.025888263710121873,0.022520194615619785
56.34828346587746,37.08423590291038,2.3718910277132066,0.03195017447932974,0.03409746930705959,0.007468589507847019,0.035131864845663996,0.025902530692940462,0.022531410492152994
56.3527266485018,37.08784995927381,2.373550889622116,0.03194786876905581,0.03408331078343946,0.007457455645921943,0.03513417055593793,0.025916689216560596,0.02254254435407807
56.35716924505589,37.09146360191353,2.3752153662581676,0.031945578426371635,0.034069260134646784,0.007446403417467148,0.0351364608986221,0.02593073986535327,0.022553596582532864
56.361611260423224,37.095076834589534,2.376884474071248,0.03194330342026297,0.034055316775023936,0.0074354324389615326,0.03513873590473077,0.025944683224976117,0.02256456756103848
56.366052699478246,37.09868966105548,2.3785582294120466,0.0319410437182826,0.034041480117728506,0.0074245423246017545,0.035140995606711134,0.025958519882271547,0.02257545767539826
56.370493567085845,37.10230208505823,2.380236648532267,0.03193879928658366,0.03402774957485305,0.007413732686411857,0.03514324003841007,0.025972250425147003,0.022586267313588156
56.374933868100996,37.10591411033761,2.381919747584862,0.03193657008995415,0.03401412455753178,0.007403003134347677,0.035145469235039584,0.025985875442468276,0.022596996865652336
56.379373607368244,37.109525740625976,2.383607542713037,0.031934356091848914,0.0340006044760407,0.007392353276385218,0.03514768323314482,0.025999395523959357,0.022607646723614795
56.38381278972142,37.11313697964798,2.3853000499436,0.031932157254423166,0.033987188739901086,0.007381782718644113,0.03514988207057057,0.026012811260098967,0.0226182172813559
56.38825141998311,37.116747831120186,2.3869972851160464,0.03192997353856403,0.033973876757978694,0.007371291065461118,0.03515206578642971,0.02602612324202136,0.022628708934538895
56.39268950296444,37.1203582987508,2.388699263973212,0.03192780490392255,0.03396066793857977,0.007360877919495891,0.035154234421071184,0.026039332061420284,0.022639122080504122
56.39712704346452,37.12396838623935,2.390406002161354,0.031925651308945424,0.033947561689548544,0.0073505428818229565,0.03515638801604831,0.02605243831045151,0.022649457118177056
56.401564046270224,37.127578097276405,2.3921175152300824,0.03192351275863653,0.033934557418359934,0.007340285552022957,0.03515852656635721,0.02606544258164012,0.022659714447977056
56.40600051615574,37.13118743554327,2.3938338186324435,0.03192138916250953,0.033921654532210244,0.00733010552826948,0.03516065016248421,0.02607834546778981,0.022669894471730533
56.410436457882255,37.13479640471173,2.3955549277248718,0.031919280475576406,0.03390885243810593,0.007320002407422477,0.03516275884941733,0.026091147561894124,0.022679997592577536
56.41487187619765,37.13840500844377,2.397280857767239,0.03191718665176446,0.03389615054295325,0.00730997578511252,0.035164852673229274,0.0261038494570468,0.022690024214887493
56.41930677583609,37.14201325039128,2.3990116239227994,0.03191510764394517,0.03388354825363987,0.007300025255822254,0.03516693168104856,0.02611645174636018,0.02269997474417776
56.42374116151777,37.145621134195835,2.400747241258312,0.03191304340396339,0.03387104497712168,0.00729015041296617,0.035168995921030344,0.026128955022878375,0.022709849587033842
56.42817503794862,37.14922866348846,2.4024877247439598,0.031910993882665495,0.03385864012050155,0.007280350848978476,0.03517104544232824,0.026141359879498505,0.022719649151021537
56.43260840981992,37.15283584188931,2.4042330892533856,0.031908959029928186,0.03384633309111035,0.0072706261553907095,0.03517308029506555,0.026153666908889706,0.022729373844609303
56.437041281808064,37.15644267300752,2.4059833495637717,0.03190693879468559,0.03383412329658275,0.007260975922911875,0.035175100530308145,0.0261658767034173,0.022739024077088138
56.44147365857427,37.160049160440906,2.407738520355784,0.03190493312495646,0.03382201014493402,0.007251399741485226,0.03517710620003728,0.02617798985506603,0.022748600258514787
56.4459055447643,37.163655307775784,2.4094986162136864,0.031902941967871634,0.033809993044632225,0.00724189720039236,0.0351790973571221,0.02619000695536783,0.022758102799607653
56.45033694500817,37.16726111858674,2.411263651625328,0.031900965269685166,0.03379807140466967,0.00723246788830275,0.03518107405530857,0.02620192859533038,0.022767532111697263
56.4547678639199,37.170866596436376,2.4130336409822144,0.03189900297584447,0.03378624463463209,0.007223111393351127,0.035183036349149266,0.026213755365367963,0.022776888606648886
56.45919830609725,37.174471744875184,2.414808598579545,0.03189705503098711,0.03377451214476551,0.00721382730321142,0.03518498429400663,0.02622548785523454,0.022786172696788592
56.46362827612151,37.178076567441295,2.4165885386162875,0.031895121378962166,0.033762873346040445,0.007204615205162766,0.03518691794603157,0.026237126653959608,0.022795384794837247
56.46805777855724,37.18168106766028,2.418373475195245,0.031893201962856554,0.03375132765021521,0.007195474686147951,0.03518883736213718,0.02624867234978484,0.02280452531385206
56.47248681795199,37.18528524904501,2.4201634223231334,0.03189129672501956,0.03373987446989518,0.007186405332850712,0.03519074259997418,0.026260125530104872,0.0228135946671493
56.47691539883617,37.18888911509539,2.4219583939106575,0.03188940560708753,0.033728513218591216,0.0071774067317490545,0.03519263371790621,0.026271486781408837,0.02282259326825096
56.48134352572277,37.19249266929829,2.4237584037726165,0.03188752855000854,0.03371724331077569,0.0071684784691769254,0.0351945107749852,0.026282756689224362,0.022831521530823087
56.485771203107156,37.19609591512731,2.4255634656280325,0.031885665494065685,0.033706064161935945,0.007159620131393742,0.03519637383092805,0.02629393583806411,0.02284037986860627
56.49019843546688,37.19969885604259,2.427373593234381,0.03188381637890053,0.0336949751886258,0.007150831304632808,0.035198222946093205,0.026305024811374256,0.022849168695367204
56.49462522726148,37.20330149549073,2.4291888001442192,0.03188198114353552,0.03368397580851523,0.007142111575156561,0.035200058181458216,0.02631602419148482,0.022857888424843452
56.49905158293233,37.20690383690459,2.431009099768411,0.031880159726396295,0.03367306544043874,0.007133460529322011,0.03520187959859744,0.02632693455956131,0.022866539470678002
56.50347750690243,37.21050588370316,2.4328345054239473,0.031878352065334514,0.03366224350444169,0.007124877753630854,0.03520368725965922,0.026337756495558362,0.02287512224636916
56.50790300357616,37.214107639291385,2.434665030333967,0.031876558097648944,0.03365150942182504,0.007116362834780017,0.03520548122734479,0.02634849057817501,0.022883637165219996
56.512328077339276,37.21770910706009,2.4365006876277806,0.03187477771765185,0.03364086261519078,0.007107915359705709,0.03520726160734189,0.026359137384809272,0.022892084640294304
56.5167527325586,37.22131029038577,2.438341490340906,0.03187301090685485,0.033630302508485144,0.007099534915643489,0.03520902841813889,0.02636969749151491,0.022900465084356524
56.52117697358197,37.224911192630564,2.440187451415135,0.03187125760087367,0.03361982852704137,0.007091221090176111,0.035210781724120066,0.02638017147295868,0.0229087789098239
56.525600804738005,37.22851181714203,2.4420385836985954,0.03186951773485869,0.0336094400976239,0.007082973471270022,0.03521252159013505,0.026390559902376154,0.02291702652872999
56.53002423033604,37.23211216725309,2.4438948999458394,0.03186779124351585,0.033599136648472416,0.007074791647333385,0.035214248081477884,0.026400863351527637,0.022925208352666628
56.53444725466595,37.23571224628192,2.4457564128179285,0.0318660780611269,0.03358891760936278,0.007066675207258857,0.035215961263866835,0.026411082390637275,0.022933324792741155
56.53886988199801,37.239312057531826,2.4476231348825586,0.03186437812156806,0.033578782411634756,0.007058623740449785,0.035217661203425676,0.026421217588365298,0.022941376259550228
56.543292116582805,37.24291160429112,2.4494950786141634,0.031862691358329975,0.033568730488229725,0.007050636836894497,0.03521934796666376,0.026431269511770328,0.022949363163105516
56.547713962651045,37.24651088983303,2.4513722563940497,0.03186101770453531,0.033558761273736526,0.00704271408717605,0.035221021620458426,0.026441238726263527,0.022957285912823963
56.55213542441355,37.25010991741567,2.4532546805105455,0.0318593570919658,0.03354887420443631,0.007034855082556982,0.035222682233027935,0.026451125795563746,0.02296514491744303
56.556556506061035,37.25370869028184,2.455142363159143,0.031857709452862204,0.033539068718349385,0.007027059415009966,0.03522432987213153,0.026460931281650668,0.022972940584990047
56.56097721176408,37.257307211659025,2.45703531644268,0.031856074719439464,0.03352934425528503,0.0070193266771926,0.03522596460555427,0.02647065574471502,0.022980673322807413
56.56539754567298,37.260905484759235,2.458933552371487,0.03185445282360816,0.03351970025688983,0.007011656462535938,0.03522758650138558,0.026480299743110225,0.022988343537464075
56.569817511917634,37.26450351277899,2.460837082863587,0.031852843696991706,0.03351013616669546,0.007004048365279313,0.03522919562800203,0.026489863833304594,0.0229959516347207
56.57423711460753,37.26810129889919,2.462745919744889,0.03185124727094241,0.03350065143016612,0.0069965019805142345,0.03523079205405133,0.026499348569833936,0.02300349801948578
56.57865635783155,37.27169884628508,2.4646600747493723,0.03184966347655782,0.033491245494745525,0.006989016904203893,0.035232375848435915,0.026508754505254528,0.02301098309579612
56.58307524565791,37.27529615808611,2.466579559519302,0.03184809224469681,0.03348191780990012,0.006981592733245105,0.03523394708029692,0.026518082190099934,0.023018407266754908
56.58749378213411,37.27889323743591,2.468504385605463,0.031846533505994534,0.03347266782716202,0.006974229065482396,0.0352355058189992,0.026527332172838036,0.023025770934517617
56.59191197128682,37.28249008745222,2.470434564498984,0.03184498719087875,0.03346349500016871,0.006966925499761467,0.03523705213411499,0.026536504999831345,0.023033074500238546
56.59632981712176,37.28608671123678,2.4723701075634894,0.031843453229583984,0.033454398784698636,0.006959681635960599,0.03523858609540975,0.026545601215301418,0.023040318364039414
56.60074732362378,37.28968311187535,2.4743110260709895,0.03184193155216675,0.03344537863870556,0.006952497075019576,0.03524010777282699,0.026554621361294495,0.023047502924980437
56.60516449475656,37.29327929243755,2.476257331203566,0.03184042208851984,0.03343643402234808,0.006945371418978823,0.0352416172364739,0.02656356597765197,0.02305462858102119
56.60958133446274,37.29687525597689,2.4782090340535907,0.03183892476838612,0.03342756439801692,0.006938304271011629,0.03524311455660761,0.026572435601983135,0.023061695728988384
56.61399784666375,37.300471005530646,2.48016614562395,0.031837439521373134,0.03341876923035886,0.00693129523545824,0.0352445998036206,0.026581230769641195,0.023068704764541773
56.61841403525982,37.30406654411986,2.482128676828267,0.03183596627696583,0.03341004800568281,0.006924343917844557,0.035246073048027904,0.02658995199431724,0.023075656082155456
56.62282990412771,37.30766187474754,2.4840966384916507,0.031834504964551646,0.03340140019842025,0.006917449925789951,0.03524753436044209,0.026598599801579803,0.023082550074210062
56.6272454571225,37.31125700039999,2.4860700413506907,0.03183305551342436,0.03339282528578158,0.006910612868336913,0.03524898381156938,0.026607174714218473,0.0230893871316631
56.63166069807744,37.314851924046835,2.488048896053756,0.03183161785279803,0.03338432274857256,0.0069038323559917,0.0352504214721957,0.026615677251427494,0.023096167644008313
56.63607563079567,37.31844664863425,2.490033213155427,0.031830191912232575,0.033375892071435764,0.006897108001174351,0.03525184741276116,0.02662410792856429,0.02310289199882566
56.640490259025285,37.322041177064904,2.492023003098969,0.0318287776228981,0.03336753274306298,0.006890439419464704,0.03525326170209564,0.026632467256937076,0.02310956058053531
56.64490458653326,37.32563551225748,2.4940182762700154,0.03182737491384724,0.033359244256579434,0.0068838262262176375,0.0352546644111465,0.02664075574342062,0.023116173773782375
56.6493186170661,37.32922965711497,2.496019042968759,0.031825983714006634,0.033351026109687654,0.006877268038492097,0.0352560556109871,0.0266489738903124,0.023122731961507915
56.653732354349074,37.33282361452408,2.498025313410556,0.031824603952217034,0.03334287780483369,0.006870764475160461,0.0352574353727767,0.02665712219516636,0.023129235524839552
56.658145802084825,37.33641738735405,2.500037097724393,0.03182323555731592,0.03333479884930457,0.006864315157067584,0.035258803767677815,0.026665201150695483,0.02313568484293243
56.662558963948946,37.34001097845315,2.502054405950027,0.031821878458391184,0.033326788755238146,0.006857919707326576,0.03526016086660255,0.026673211244761907,0.023142080292673436
56.666971843599725,37.343604390656495,2.504077248046561,0.03182053258421541,0.0333188470394728,0.006851577750916271,0.035261506740778326,0.026681152960527255,0.02314842224908374
56.67138444467207,37.34719762678111,2.5061056338883145,0.0318191978636016,0.03331097322331317,0.006845288915052296,0.035262841461392136,0.026689026776686886,0.023154711084947717
56.675796770777325,37.35079068962581,2.508139573265177,0.03181787422541865,0.033303166832148734,0.006839052828928993,0.035264165099575084,0.02669683316785132,0.02316094717107102
56.680208825503044,37.35438358197101,2.510179075882941,0.03181656159861335,0.033295427394893495,0.006832869124361388,0.03526547772638039,0.026704572605106558,0.023167130875638625
56.68462061241312,37.357976306578834,2.512224151363773,0.03181525991221962,0.03328775444329085,0.006826737435598501,0.03526677941277412,0.026712245556709202,0.02317326256440151
56.68903213504791,37.361568866193196,2.5142748092466682,0.03181396909536638,0.033280147511089875,0.006820657399226049,0.03526807022962736,0.02671985248891018,0.023179342600773964
56.69344339692452,37.365161263539974,2.51633105898785,0.03181268907728535,0.03327260613310784,0.006814628654107507,0.035269350247708386,0.026727393866892213,0.023185371345892505
56.697854401537086,37.36875350132736,2.5183929099611984,0.03181141978731644,0.033265129844219476,0.006808650841289517,0.035270619537677295,0.026734870155780577,0.023191349158710496
56.70226515235723,37.37234558224611,2.5204603714586016,0.03181016115491281,0.03325771817829898,0.006802723603863185,0.03527187817008093,0.026742281821701075,0.023197276396136828
56.70667565283517,37.37593750897051,2.5225334526906495,0.03180891310961992,0.03325037066716535,0.0067968465867840056,0.03527312621537382,0.0267496293328347,0.023203153413216007
56.71108590639912,37.379529284157826,2.5246121627860902,0.03180767558113462,0.03324308683956839,0.006791019436699325,0.035274363743859116,0.02675691316043166,0.023208980563300688
56.715495916456604,37.383120910449435,2.526696510792484,0.03180644849927816,0.03323586622027869,0.006785241801691044,0.035275590825715575,0.026764133779721366,0.02321475819830897
56.71990568639528,37.386712390471494,2.528786505676421,0.03180523179399508,0.03322870832931907,0.006779513331006987,0.035276807530998655,0.026771291670680986,0.023220486668993026
56.724315219583644,37.39030372683545,2.5308821563236004,0.03180402539535515,0.0332216126813934,0.006773833674788676,0.035278013929638585,0.026778387318606656,0.023226166325211337
56.72872451937184,37.393894922138756,2.5329834715389006,0.031802829233555374,0.03321457878556511,0.006768202483767402,0.03527921009143836,0.026785421214434946,0.02323179751623261
56.733133589092354,37.39748597896542,2.535090460046345,0.03180164323892226,0.033207606145213286,0.006762619409002767,0.035280396086071475,0.026792393854786767,0.023237380590997246
56.73754243206072,37.40107689988659,2.5372031304890585,0.03180046734191366,0.03320069425830058,0.00675708410160801,0.03528157198308007,0.026799305741699475,0.023242915898392003
56.741951051576095,37.404667687461014,2.5393214914291833,0.0317993014731211,0.033193842617974034,0.006751596212511229,0.035282737851872636,0.02680615738202602,0.023248403787488783
56.74635945092179,37.40825834423546,2.5414455513477408,0.03179814556327276,0.03318705071346145,0.006746155392263607,0.035283893761720975,0.0268129492865386,0.023253844607736406
56.750767633365456,37.41184887274497,2.5435753186445185,0.03179699954323695,0.0331803180312642,0.006740761290895916,0.03528503978175679,0.026819681968735853,0.023259238709104096
56.75517560215942,37.415439275512966,2.545710801637923,0.0317958633440264,0.03317364405656259,0.006735413557843267,0.03528617598096734,0.026826355943437463,0.023264586442156746
56.75958336054063,37.41902955505136,2.5478520085660685,0.0317947368968034,0.033167028274780186,0.006730111841925089,0.03528730242819034,0.026832971725219867,0.023269888158074924
56.763990911730446,37.4226197138603,2.5499989475857503,0.03179362013288617,0.033160470173217105,0.0067248557914043675,0.03528841919210757,0.02683952982678295,0.023275144208595645
56.76839825893432,37.42620975442797,2.552151626770816,0.031792512983755405,0.033153969242657066,0.006719645054108214,0.03528952634123833,0.026846030757342987,0.0232803549458918
56.772805405341316,37.429799679230115,2.5543100541134045,0.031791415381062005,0.03314752497887802,0.006714479277633537,0.03529062394393173,0.026852475021122035,0.023285520722366476
56.777212354123435,37.433389490729596,2.5564742375239495,0.03179032725663633,0.03314113688398068,0.006709358109554954,0.035291712068357406,0.02685886311601937,0.02329064189044506
56.78161910843496,37.43697919137576,2.558644184831221,0.03178924854249632,0.033134804467495005,0.0067042811977376104,0.03529279078249742,0.02686519553250505,0.023295718802262402
56.786025671411615,37.44056878360381,2.5608199037823938,0.03178817917085758,0.03312852724721482,0.00669924819064948,0.03529386015413616,0.02687147275278523,0.023300751809350533
56.790432046169784,37.44415826983413,2.563001402043167,0.03178711907414222,0.03312230474977462,0.006694258737671321,0.035294920250851514,0.02687769525022543,0.02330574126232869
56.7948382358057,37.44774765247164,2.5651886871978924,0.031786068184989025,0.03311613651094475,0.006689312489446438,0.03529597114000471,0.026883863489055304,0.023310687510553575
56.799244243394625,37.451336933905125,2.567381766749715,0.03178502643626269,0.033110022075690804,0.006684409098195128,0.03529701288873105,0.02688997792430925,0.023315590901804885
56.80365007199025,37.454926116506684,2.5695806481207275,0.03178399376106267,0.0331039609980186,0.0066795482180493915,0.03529804556393107,0.026896039001981453,0.02332045178195062
56.80805572462392,37.45851520263119,2.571785338652103,0.03178297009273168,0.03309795284065736,0.006674729505294734,0.03529906923226206,0.02690204715934269,0.02332527049470528
56.81246120430424,37.462104194615875,2.5739958456041934,0.031781955364864056,0.03309199717459843,0.006669952618653718,0.03530008396012968,0.026908002825401622,0.023330047381346294
56.816866514016596,37.46569309477994,2.5762121761566057,0.03178094951131327,0.033086093578544695,0.006665217219461776,0.035301089813680464,0.026913906421455358,0.023334782780538237
56.82127165672273,37.46928190542425,2.5784343374078635,0.0317799524661978,0.03308024163831541,0.00666052297187119,0.035302086858795934,0.026919758361684643,0.023339477028128823
56.82567663536068,37.472870628831245,2.580662336375436,0.03177896416390824,0.0330744409462142,0.00665586954296956,0.035303075161085495,0.026925559053785852,0.023344130457030453
56.83008145284455,37.476459267264715,2.582896179996375,0.031777984539112514,0.03306869110039268,0.0066512566028856385,0.03530405478588122,0.026931308899607376,0.023348743397114374
56.83448611206447,37.48004782296982,2.5851358751264946,0.0317770135267606,0.033062991704244926,0.0066466838248583765,0.035305025798233136,0.026937008295755127,0.023353316175141636
56.838890615886726,37.48363629817315,2.587381428539906,0.03177605106208936,0.033057342365820364,0.006642150885265513,0.035305988262904375,0.02694265763417969,0.0233578491147345
56.84329496715381,37.487224695082716,2.589632846928417,0.031775097080625536,0.03305174269729022,0.006637657463625386,0.0353069422443682,0.026948257302709833,0.023362342536374626
56.847699168684585,37.49081301588818,2.591890136901347,0.03177415151818991,0.033046192314459655,0.006633203242590119,0.03530788780680383,0.0269538076855404,0.023366796757409894
56.852103223274575,37.49440126276099,2.5941533049675436,0.03177321431090002,0.033040690836335374,0.006628787907898635,0.035308825014093714,0.02695930916366468,0.023371212092101377
56.85650713369621,37.49798943785463,2.5964223575377416,0.031772285395172795,0.03303523788475038,0.006624411148331288,0.03530975392982094,0.026964762115249674,0.023375588851668724
56.86091090269912,37.50157754330479,2.5986973009450254,0.03177136470772629,0.03302983308404056,0.006620072655629215,0.035310674617267446,0.026970166915959493,0.023379927344370798
56.86531453301047,37.50516558122971,2.6009781414298723,0.03177045218558261,0.033024476060781405,0.006615772124436585,0.03531158713941113,0.02697552393921865,0.023384227875563428
56.86971802733529,37.508753553730386,2.6032648851348297,0.03176954776606894,0.0330191664435705,0.0066115092522047725,0.0353124915589248,0.02698083355642955,0.02338849074779524
56.874121388356826,37.51234146289086,2.605557538100131,0.03176865138681939,0.03301390386286379,0.006607283739093896,0.035313387938174345,0.026986096137136262,0.023392716260906117
56.878524618736876,37.51592931077849,2.6078561062584416,0.031767762985776604,0.03300868795084738,0.006603095287905161,0.03531427633921713,0.02699131204915267,0.02339690471209485
56.882927721116154,37.51951709944426,2.610160595428651,0.03176688250119303,0.033003518341351123,0.006598943603985052,0.03531515682380071,0.02699648165864893,0.02340105639601496
56.88733069811457,37.52310483092296,2.6124710113085494,0.031766009871631695,0.032998394669795705,0.006594828395119816,0.03531602945336204,0.027001605330204348,0.023405171604880197
56.891733552331615,37.52669250723356,2.6147873594662183,0.03176514503596789,0.03299331657316534,0.006590749371479514,0.035316894289025846,0.02700668342683471,0.0234092506285205
56.89613628634666,37.53028013037935,2.6171096453300056,0.0317642879333902,0.03298828369000373,0.006586706245522468,0.035317751391603536,0.027011716309996325,0.023413293754477545
56.90053890271915,37.5338677023482,2.6194378741768416,0.03176343850340135,0.032983295660427014,0.006582698731917226,0.03531860082159238,0.02701670433957304,0.023417301268082787
56.904941403989035,37.53745522511284,2.621772051118709,0.031762596685821654,0.03297835212614464,0.006578726547689463,0.03531944263917208,0.027021647873855414,0.02342127345231055
56.90934379267689,37.54104270063097,2.624112181087104,0.031761762420784934,0.03297345273050317,0.006574789411720121,0.0353202769042088,0.02702654726949688,0.023425210588279892
56.913746071284315,37.544630130845555,2.6264582688150875,0.03176093564874277,0.03296859711853334,0.006570887044932,0.035321103676250964,0.027031402881466715,0.023429112955068013
56.91814824229397,37.548217517684904,2.628810318816875,0.03176011631046455,0.03296378493699709,0.006567019170206294,0.03532192301452919,0.027036215063002966,0.02343298082979372
56.92255030816985,37.55180486306288,2.631168335364572,0.03175930434703855,0.032959015834437055,0.006563185512360466,0.035322734977955184,0.027040984165562998,0.023436814487639547
56.92695227135757,37.55539216887903,2.6335323224618765,0.031758499699873266,0.032954289461227526,0.0065593857980801515,0.03532353962512047,0.027045710538772527,0.02344061420191986
56.93135413428436,37.558979437018735,2.6359022838144446,0.03175770231069813,0.032949605469622,0.00655561975591528,0.035324337014295604,0.027050394530378052,0.023444380244084732
56.93575589935939,37.56256666935333,2.63827822279659,0.03175691212156406,0.0329449635137985,0.006551887116220838,0.035325127203429674,0.027055036486201556,0.023448112883779175
56.9401575689738,37.56615386774024,2.6406601424145344,0.031756129074844486,0.03294036324990307,0.006548187611130428,0.03532591025014925,0.027059636750096983,0.023451812388869585
56.944559145501,37.56974103402309,2.6430480452650995,0.03175535311323635,0.03293580433608723,0.006544520974546754,0.035326686211757385,0.027064195663912827,0.02345547902545326
56.9489606312966,37.57332817003178,2.6454419334901234,0.031754584179760514,0.03293128643254223,0.006540886942119607,0.03532745514523322,0.027068713567457825,0.023459113057880406
56.95336202869873,37.576915277582636,2.6478418087262705,0.031753822217762684,0.03292680920153024,0.006537285251201938,0.03532821710723105,0.027073190798469815,0.023462714748798075
56.95776334002799,37.58050235847844,2.650247672049758,0.031753067170914084,0.032922372307410186,0.006533715640862865,0.03532897215407965,0.027077627692589867,0.023466284359137148
56.96216456758771,37.584089414508576,2.6526595239156623,0.031752318983233885,0.032917975416576484,0.006530177853770899,0.03532972034175985,0.02708202458342357,0.023469822146229113
56.966565713664366,37.5876764474494,2.655077364091125,0.03175157759904773,0.03291361819755423,0.0065266716324791155,0.035330461725946005,0.027086381802445825,0.023473328367520897
56.97096678052738,37.591263459064045,2.6575011915810602,0.03175084296300501,0.03290930032102707,0.00652319672089903,0.035331196361988726,0.027090699678972985,0.023476803279100983
56.97536777042906,37.59485045110244,2.6599310045456,0.03175011502008368,0.03290502145984614,0.006519752864678548,0.035331924304910056,0.027094978540153913,0.023480247135321465
56.979768685604824,37.59843742530138,2.6623667958033135,0.03174939371559021,0.032900781289026515,0.006516339811128778,0.035332645609403524,0.02709921871097354,0.023483660188871235
56.984169528273206,37.60202438338461,2.6648085450822485,0.031748678995159485,0.032896579485763244,0.006512957309198333,0.03533336032983425,0.02710342051423681,0.02348704269080168
56.98857030063603,37.605611327062924,2.667256900514416,0.031747970804755166,0.03289241572944873,0.006509605109470469,0.03533406852023857,0.02710758427055132,0.023490394890529544
56.9929710048784,37.60919825803418,2.669711315203425,0.03174726909067083,0.03288828970166885,0.006506282964171724,0.03533477023432291,0.027111710298331204,0.02349371703582829
56.997371643168876,37.61278517798342,2.6721717935685767,0.031746573799529054,0.03288420108620316,0.006502990627150075,0.03533546552546468,0.027115798913796896,0.023497009372849938
57.00177221765952,37.616372088582885,2.67463833983921,0.03174588487828245,0.03288014956902141,0.006499727853875217,0.03533615444671129,0.027119850430978643,0.023500272146124795
57.006172730486,37.61995899149214,2.677110957997976,0.03174520227421318,0.03287613483828117,0.0064964944014284445,0.035336837050780556,0.027123865161718885,0.023503505598571568
57.010573183767676,37.6235458883581,2.67958965169475,0.03174452593493371,0.0328721565843228,0.006493290028503219,0.03533751339006003,0.027127843415677255,0.023506709971496793
57.01497357960765,37.6271327808151,2.6820744241187975,0.03174385580838629,0.03286821449966493,0.006490114495407789,0.035338183516607446,0.027131785500335126,0.023509885504592223
57.01937392009292,37.630719670484986,2.6845652778132045,0.03174319184284319,0.03286430827899878,0.006486967564045605,0.03533884748215055,0.027135691721001276,0.023513032435954408
57.023774207294395,37.634306558977144,2.687062214410278,0.031742533986906574,0.032860437619182836,0.006483848997916555,0.03533950533808716,0.027139562380817217,0.023516151002083457
57.02817444326704,37.637893447888594,2.6895652342573,0.0317418821895083,0.03285660221923642,0.006480758562107003,0.03534015713548544,0.027143397780763634,0.02351924143789301
57.03257463004991,37.641480338804044,2.692074335880709,0.03174123639991011,0.03285280178033256,0.006477696023301796,0.035340802925083625,0.02714719821966749,0.023522303976698217
57.0369747696663,37.645067233295975,2.6945895050823885,0.03174059656770328,0.03284903600579042,0.006474661149777301,0.03534144275729045,0.02715096399420963,0.02352533885022271
57.041374864123775,37.64865413292469,2.697110717561115,0.03173996264280776,0.032845304601069325,0.0064716537113651,0.035342076682185974,0.027154695398930728,0.023528346288634913
57.045774915414256,37.65224103923835,2.699637941752048,0.031739334575472844,0.03284160727373814,0.00646867347948725,0.03534270474952089,0.027158392726261915,0.023531326520512763
57.05017492551415,37.65582795377309,2.702171129684007,0.031738712316276174,0.03283794373347415,0.006465720227129081,0.03534332700871756,0.027162056266525902,0.023534279772870932
57.054574896384395,37.659414878053084,2.7047102141242734,0.03173809581612336,0.032834313692084394,0.006462793728832343,0.03534394350887038,0.02716568630791566,0.02353720627116767
57.05897482997061,37.66300181359058,2.707255102072423,0.03173748502624796,0.03283071686348932,0.006459893760702454,0.03534455429874578,0.027169283136510736,0.02354010623929756
57.06337472820307,37.66658876188599,2.709805671403536,0.03173687989821061,0.03282715296371247,0.0064570201003941174,0.035345159426783124,0.027172847036287584,0.023542979899605895
57.0677745929969,37.670175724427935,2.712361768627055,0.03173628038389892,0.03282362171087244,0.006454172527118079,0.03534575894109482,0.027176378289127612,0.023545827472881933
57.07217442625209,37.67376270269332,2.714923209300636,0.03173568643552643,0.03282012282517355,0.006451350821622515,0.0353463528894673,0.027179877174826506,0.023548649178377498
57.07657422985364,37.67734969814741,2.717489781738016,0.031735098005632234,0.032816656028896996,0.006448554766186318,0.0353469413193615,0.027183343971103058,0.023551445233813695
57.0809740056716,37.68093671224389,2.7200612540451603,0.03173451504708069,0.032813219292280704,0.0064457841446355635,0.035347524277913045,0.02718678070771935,0.02355421585536445
57.08537375575611,37.68452374658477,2.722637383731833,0.031733937511893295,0.03280981414541306,0.006443038665892298,0.03534810181310044,0.02719018585458699,0.023556961334107715
57.08977348192609,37.68811080258337,2.7252179285296356,0.03173336535368437,0.0328064403221478,0.006440318123900654,0.03534867397130936,0.027193559677852253,0.02355968187609936
57.09417318598665,37.69169788164229,2.7278026564910354,0.031732798526387496,0.03280309744811882,0.006437622313884783,0.03534924079860624,0.02719690255188123,0.02356237768611523
57.098572869741425,37.695284985163596,2.7303913536839146,0.03173223698418792,0.032799785267302206,0.006434951027597162,0.035349802340805814,0.027200214732697847,0.02356504897240285
57.10297253497862,37.698872114537295,2.7329838284408443,0.03173168068159671,0.032796503528486176,0.0064323040586735936,0.03535035864339703,0.027203496471513877,0.02356769594132642
57.107372183470964,37.702459271141365,2.735579912040335,0.03173112957345131,0.03279325198139682,0.00642968120272093,0.035350909751542425,0.027206748018603233,0.023570318797279083
57.11177181697589,37.706046456341824,2.7381794565847217,0.0317305836149151,0.032790030376806,0.006427082257330574,0.03535145571007864,0.027209969623194052,0.02357291774266944
57.11617143723595,37.709633671493165,2.740782324219629,0.03173004276148855,0.03278683846640823,0.006424507023169344,0.035351996563505184,0.027213161533591823,0.02357549297683067
57.12057104597927,37.71322091793863,2.743388397459243,0.031729506968976084,0.032783676002891504,0.006421955301124924,0.03535253235601765,0.02721632399710855,0.02357804469887509
57.12497064491954,37.71680819701022,2.745997572824127,0.031728976193501846,0.03278054273994924,0.006419426893763042,0.03535306313149189,0.027219457260050817,0.02358057310623697
57.1293702357562,37.720395510028865,2.7486097507572147,0.03172845039150801,0.032777438432293304,0.006416921605293183,0.035353588933485725,0.02722256156770675,0.02358307839470683
57.13376982017469,37.723982858304645,2.751224834919669,0.03172792951975273,0.032774362835673476,0.0064144392414889895,0.03535410980524101,0.027225637164326577,0.023585560758511023
57.1381693998467,37.72757024313691,2.753842731699387,0.031727413535309335,0.03277131570689862,0.006411979609646658,0.0353546257896844,0.027228684293101435,0.023588020390353355
57.14256897643027,37.73115766581445,2.7564633498784934,0.03172690239556375,0.032768296803858676,0.00640954251854281,0.03535513692942999,0.027231703196141377,0.023590457481457203
57.14696855157004,37.73474512761564,2.759086017469051,0.03172639605821387,0.032765305885563756,0.006407127778383932,0.03535564326677987,0.027234694114436298,0.02359287222161608
57.151368126897495,37.738332629808625,2.761711328417022,0.031725894481267,0.032762342712151116,0.006404735200742924,0.03535614484372673,0.027237657287848938,0.02359526479925709
57.155767704030964,37.741920173651366,2.764339179284319,0.031725397623039386,0.032759407044926525,0.006402364598570104,0.03535664170195435,0.027240592955073528,0.02359763540142991
57.160167284575884,37.74550776039183,2.7669694612085958,0.03172490544215395,0.03275649864639635,0.00640001578613858,0.035357133882839786,0.027243501353603705,0.023599984213861433
57.16456687012493,37.74909539126806,2.769602074417528,0.03172441789753894,0.03275361728030246,0.0063976885790025875,0.0353576214274548,0.027246382719697593,0.023602311420997425
57.16896646225811,37.752683067508315,2.772236934278973,0.031723934948426735,0.032750762711655945,0.00639538279398448,0.035358104376567,0.027249237288344108,0.023604617206015532
57.17336606254293,37.75627079033112,2.77487395911229,0.031723456554351825,0.03274793470577564,0.006393098249144372,0.03535858277064191,0.027252065294224415,0.02360690175085564
57.17776567253459,37.75985856094552,2.777513070081512,0.03172298267514956,0.03274513302873344,0.006390834763746814,0.03535905664984418,0.02725486697126661,0.0236091652362532
57.18216529377612,37.76344638055109,2.780154190835007,0.03172251327095382,0.032742357449668635,0.0063885921581691985,0.035359526054039914,0.027257642550331418,0.023611407841830814
57.186564927798386,37.767034250338,2.782797247958831,0.03172204830219655,0.03273960773916429,0.006386370254005215,0.03535999102279719,0.027260392260835764,0.023613629745994798
57.19096457612004,37.77062217148696,2.785442170702132,0.03172158772960659,0.03273688366927813,0.006384168874023426,0.03536045159538714,0.027263116330721926,0.023615831125976587
57.19536424024768,37.774210145169334,2.7880888907601737,0.03172113151420897,0.032734185013567785,0.006381987842196832,0.03536090781078477,0.02726581498643227,0.02361801215780318
57.199763921675945,37.77779817254721,2.7907373422131463,0.031720679617321945,0.032731511547114955,0.006379826983668797,0.03536135970767179,0.027268488452885098,0.023620173016331215
57.204163621887545,37.78138625477344,2.7933874614663075,0.0317202320005574,0.03272886304655298,0.006377686124769487,0.035361807324436334,0.027271136953447073,0.023622313875230526
57.20856334235337,37.78497439299173,2.7960391871979593,0.03171978862581776,0.03272623929008783,0.00637556509296823,0.03536225069917598,0.02727376070991222,0.023624434907031783
57.21296308453253,37.78856258833662,2.7986924603021963,0.0317193494552957,0.03272364005752626,0.006373463716905087,0.03536268986969804,0.027276359942473793,0.023626536283094926
57.2173628498725,37.792150841933676,2.8013472239466144,0.03171891445147251,0.03272106513029316,0.006371381826391992,0.03536312487352122,0.027278934869706895,0.02362861817360802
57.221762639809015,37.79573915489934,2.8040034232745645,0.03171848357711626,0.032718514291451894,0.006369319252379262,0.03536355574787747,0.02728148570854816,0.02363068074762075
57.226162455766314,37.79932752834116,2.8066610055834205,0.031718056795280836,0.03271598732572195,0.006367275826993951,0.0353639825297129,0.027284012674278102,0.02363272417300606
57.230562299157114,37.80291596335773,2.8093199202312045,0.03171763406932615,0.032713484019413874,0.006365251385446191,0.035364405255667586,0.02728651598058618,0.02363474861455382
57.234962171383074,37.806504461039104,2.8119801185999607,0.03171721536290467,0.03271100416040029,0.006363245764975614,0.035364823962089065,0.02728899583959976,0.0236367542350244
57.239362073835125,37.810093022467036,2.81464155409296,0.03171680063991378,0.03270854753826263,0.006361258800776516,0.03536523868507996,0.02729145246173742,0.023638741199223497
57.24376200789274,37.81368164871439,2.817304182064932,0.03171638986453024,0.03270611394430145,0.0063592903292103015,0.0353656494604635,0.027293886055698602,0.02364070967078971
57.24816197492412,37.81727034084528,2.819967959873266,0.03171598300120848,0.03270370317153887,0.006357340187813837,0.035366056323785255,0.027296296828461186,0.023642659812186176
57.25256197628615,37.82085909991505,2.8226328467891846,0.031715580014679334,0.03270131501472362,0.006355408215305204,0.0353664593103144,0.027298684985276434,0.02364459178469481
57.256962013324525,37.824447926970365,2.8252988039908686,0.03171518086994751,0.032698949270330846,0.0063534942515699605,0.035366858455046224,0.027301050729669207,0.023646505748430052
57.26136208737378,37.82803682304924,2.8279657945360466,0.03171478553228996,0.03269660573655758,0.006351598137694772,0.03536725379270378,0.02730339426344247,0.02364840186230524
57.26576219975742,37.8316257891811,2.830633783378191,0.03171439396725345,0.03269428421331977,0.006349719715922353,0.035367645357740285,0.027305715786680285,0.02365028028407766
57.270162351787945,37.835214826386874,2.833302737384712,0.03171400614065256,0.032691984502242366,0.006347858829695338,0.035368033184341174,0.027308015497757687,0.023652141170304675
57.27456254476692,37.838803935678996,2.835972625181458,0.03171362201856581,0.03268970640655894,0.006346015323631292,0.035368417306427924,0.027310293593441115,0.02365398467636872
57.278962779985186,37.84239311806154,2.838643417199358,0.031713241567333406,0.03268744973135718,0.0063441890435282505,0.03536879775766033,0.027312550268642877,0.023655810956471762
57.283363058722784,37.84598237453025,2.841315085672851,0.031712864753553116,0.032685214283380004,0.006342379836356632,0.03536917457144062,0.02731478571662005,0.02365762016364338
57.28776338224961,37.84957170607299,2.8439876046020776,0.031712491544056365,0.03268299987095502,0.006340587550250229,0.03536954778093737,0.027317000129045033,0.023659412449749784
57.29216375182513,37.85316111366954,2.8466609496192916,0.03171212190591932,0.03268080630418546,0.00633881203451625,0.035369917419074415,0.027319193695814592,0.023661187965483763
57.29656416869853,37.8567505982917,2.8493350983978383,0.0317117558064588,0.03267863339534316,0.006337053139619686,0.03537028351853494,0.027321366604656894,0.023662946860380327
57.30096463410892,37.86034016090346,2.852010029926371,0.03171139321321931,0.032676480958339915,0.006335310717208449,0.03537064611177443,0.027323519041660138,0.023664689282791564
57.30536514928555,37.86392980246117,2.854685725042217,0.03171103409396431,0.032674348808660436,0.006333584620079685,0.03537100523102943,0.027325651191339617,0.023666415379920328
57.309765715447924,37.867519523913664,2.857362166272924,0.03171067841667036,0.03267223676332959,0.006331874702212498,0.03537136090832338,0.027327763236670466,0.023668125297787515
57.314166333805936,37.87110932620227,2.860039337738513,0.03171032614952696,0.03267014464087964,0.006330180818715954,0.03537171317546678,0.027329855359120414,0.02366981918128406
57.318567005559544,37.87469921026067,2.86271722511699,0.03170997726095176,0.032668072261321734,0.006328502825874924,0.035372062064041976,0.02733192773867832,0.02367149717412509
57.32296773189785,37.87828917701405,2.8653958156753543,0.03170963171963387,0.032666019446111305,0.006326840581159426,0.03537240760535987,0.027333980553888748,0.023673159418840586
57.32736851399739,37.88187922737778,2.8680750982302303,0.0317092894946473,0.03266398601813397,0.006325193943313309,0.03537274983034644,0.02733601398186608,0.023674806056686704
57.33176935301856,37.885469362254526,2.870755063135122,0.03170895055566647,0.03266197180169844,0.0063235627725282545,0.035373088769327266,0.02733802819830161,0.02367643722747176
57.33617025009028,37.889059582521895,2.873435702213769,0.031708614873725616,0.03265997662247133,0.006321946931140167,0.03537342445126812,0.02734002337752872,0.023678053068859846
57.340571206318515,37.89264988903919,2.876117008756593,0.031708282420118694,0.03265800030705324,0.006320346282983454,0.03537375690487504,0.027341999692946817,0.02367965371701656
57.34497222283923,37.89624028269033,2.878798977519991,0.03170795316556768,0.03265604268422179,0.006318760691593678,0.035374086159426055,0.027343957315778267,0.023681239308406335
57.349373300774985,37.89983076434861,2.881481604718036,0.0317076270806122,0.032654103583693084,0.006317190021557423,0.03537441224438154,0.02734589641630697,0.02368280997844259
57.353774441238514,37.90342133487971,2.8841648879180095,0.031707304136037895,0.032652182836500454,0.006315634138580814,0.03537473518895584,0.0273478171634996,0.0236843658614192
57.35817564533289,37.907011995141815,2.8868488260503065,0.03170698430287405,0.032650280274988897,0.006314092909443729,0.035375055022119684,0.027349719725011157,0.023685907090556284
57.362576914151624,37.910602745985656,2.889533419390812,0.03170666755239232,0.032648395732802704,0.0063125662020022885,0.035375371772601416,0.02735160426719735,0.023687433797997724
57.36697824877871,37.91419358825459,2.892218669534461,0.03170635385610532,0.0326465290448803,0.0063110538851899114,0.03537568546888842,0.027353470955119752,0.0236889461148101
57.37137965028866,37.9177845227846,2.89490457936892,0.03170604318576453,0.032644680047452856,0.006309555828977471,0.035375996139229204,0.027355319952547197,0.02369044417102254
57.37578111974676,37.92137555040449,2.897591153051546,0.03170573551335937,0.032642848578041506,0.0063080719043787856,0.03537630381163437,0.027357151421958548,0.023691928095621227
57.38018265820892,37.92496667193579,2.9002783959793903,0.03170543081111504,0.032641034475460684,0.006306601983458754,0.03537660851387869,0.02735896552453937,0.02369339801654126
57.38458426672209,37.928557888193076,2.9029663148028995,0.031705129051501746,0.032639237579835056,0.006305145939280492,0.03537691027349199,0.027360762420164997,0.02369485406071952
57.388985946323984,37.932149199983755,2.905654917465894,0.03170483020721798,0.03263745773258414,0.006303703645933731,0.035377209117775754,0.027362542267415912,0.023696296354066282
57.393387698043085,37.935740608108055,2.908344213052279,0.031704534251191574,0.03263569477643086,0.006302274978511248,0.03537750507380216,0.027364305223569196,0.023697725021488765
57.39778952289895,37.93933211335923,2.9110342118421064,0.031704241156578716,0.03263394855542012,0.006300859813099795,0.03537779816841502,0.02736605144457993,0.023699140186900218
57.402191421902174,37.94292371652364,2.9137248606201576,0.03170395089676176,0.032632218914932676,0.006299458026764564,0.03537808842823198,0.027367781085067378,0.02370054197323545
57.40659339605457,37.946515418380756,2.916416235370502,0.03170366344535047,0.03263050570169829,0.006298069497552995,0.035378375879643265,0.027369494298301766,0.023701930502447018
57.41099544634907,37.9501072197032,2.919108349716256,0.03170337877617907,0.03262880876380758,0.0062966941044599115,0.03537866054881467,0.02737119123619247,0.0237033058955401
57.41539757376966,37.9536991212566,2.921801218338937,0.0317030968633123,0.03262712795072947,0.006295331727475782,0.03537894246168144,0.02737287204927058,0.02370466827252423
57.41979977929181,37.957291123799976,2.924494856955205,0.03170281768103095,0.032625463113330366,0.006293982247505062,0.03537922164396279,0.027374536886669687,0.02370601775249495
57.42420206388233,37.96088322808565,2.927189282293793,0.03170254120383453,0.03262381410388876,0.006292645546395803,0.0353794981211592,0.027376185896111294,0.02370735445360421
57.42860442849947,37.964475434859224,2.9298845120728525,0.03170226740644211,0.03262218077610474,0.0062913215069328385,0.03537977191855163,0.027377819223895317,0.023708678493067174
57.43300687409278,37.96806774485962,2.932580564977606,0.0317019962637905,0.03262056298511551,0.006290010012806234,0.03538004306120324,0.027379437014884545,0.02370998998719378
57.437409401603375,37.97166015881911,2.9352774606109038,0.03170172775103236,0.03261896058750019,0.006288710948599452,0.035380311573961376,0.027381039412499864,0.02371128905140056
57.44181201196375,37.97525267746333,2.9379752195565074,0.03170146184353556,0.032617373441290676,0.00628742419979824,0.035380577481458175,0.027382626558709378,0.023712575800201773
57.44621470609792,37.978845301511285,2.9406738632372944,0.03170119851688069,0.03261580140596304,0.006286149652739138,0.035380840808113045,0.027384198594037013,0.023713850347260874
57.45061748492143,37.982438031675386,2.9433734139499164,0.03170093774686,0.03261424434244181,0.006284887194613217,0.03538110157813373,0.02738575565755824,0.023715112805386795
57.45502034934134,37.986030868661445,2.946073894853581,0.03170067950947536,0.03261270211309375,0.006283636713429679,0.035381359815518376,0.027387297886906303,0.023716363286570334
57.45942330025626,37.98962381316869,2.948775329941547,0.03170042378093685,0.032611184067198984,0.00628239809797973,0.03538161554405689,0.02738881593280107,0.023717601902020283
57.46382633749547,37.993216865019164,2.9514777440451128,0.031700170542419304,0.032609679179240625,0.006281171638644778,0.03538186878257443,0.02739032082075943,0.023718828361355235
57.46822946218222,37.99681002509584,2.9541811628395367,0.03169991976957093,0.032608187328400706,0.006279957141184393,0.03538211955542281,0.027391812671599347,0.02372004285881562
57.472632675412214,38.00040329425971,2.9568856127662926,0.03169967143830299,0.03260670897710588,0.006278754417840003,0.035382367886690747,0.027393291022894173,0.02372124558216001
57.477035978189505,38.003996673297166,2.9595911210042796,0.03169942552507726,0.032605244793222465,0.006277563311471425,0.035382613799916474,0.027394755206777588,0.023722436688528588
57.48143937141014,38.00759016290645,2.962297715458465,0.031699182006988624,0.032603794663512875,0.0062763837022033545,0.03538285731800511,0.027396205336487178,0.02372361629779666
57.485842855957316,38.011183763775634,2.965005424747388,0.03169894086134284,0.03260235845644449,0.006275215472019417,0.0353830984636509,0.027397641543555562,0.023724784527980596
57.49024643270378,38.014777476584605,2.9677142781844155,0.031698702065643014,0.03260093601704761,0.006274058503710225,0.03538333725935072,0.027399063982952443,0.023725941496289787
57.49465010251467,38.01837130200735,2.970424305759118,0.03169846559757339,0.03259952715199155,0.006272912679699899,0.03538357372742035,0.027400472848008506,0.023727087320300114
57.49905386625173,38.021965240715495,2.973135538118622,0.03169823143497713,0.032598131518469686,0.006271777880324174,0.035383807890016605,0.027401868481530367,0.02372822211967584
57.50345772478957,38.025559293391545,2.9758480065488806,0.0316979995557794,0.03259674939078838,0.006270653977465644,0.03538403976921434,0.02740325060921167,0.02372934602253437
57.50786167894485,38.029153460670884,2.978561742956284,0.031697769938299813,0.03259538162622472,0.006269540860941801,0.03538426938669392,0.027404618373775336,0.023730459139058212
57.512265729414814,38.032747743091235,2.981276779852228,0.031697542561528236,0.032594027803187264,0.0062684384618121106,0.0353844967634655,0.02740597219681279,0.023731561538187902
57.51666987692904,38.03634214121708,2.9839931503423203,0.031697317404452696,0.03259268753291272,0.006267346695765334,0.03538472192054104,0.02740731246708733,0.02373265330423468
57.521074122242595,38.039936655634044,2.9867108881068374,0.031697094446083984,0.032591360463739005,0.006266265465391038,0.03538494487890975,0.027408639536261048,0.023733734534608975
57.52547846612908,38.04353128694333,2.989430027381837,0.03169687366552759,0.03259004627505957,0.006265194666692543,0.035385165659466145,0.027409953724940483,0.02373480533330747
57.529882909375786,38.04712603575767,2.9921506029417166,0.0316966550433499,0.032588744668608505,0.006264134308928929,0.03538538428164384,0.02741125533139155,0.023735865691071084
57.534287452805316,38.050720902718766,2.9948726501016765,0.031696438558777795,0.032587455371009655,0.00626308426847641,0.03538560076621594,0.0274125446289904,0.023736915731523603
57.53869209724458,38.054315888472225,2.9975962046798945,0.0316962241905408,0.03258617813398984,0.006262044363337785,0.035385815134452936,0.027413821866010213,0.023737955636662228
57.54309684350946,38.05791099365522,3.0003213029713978,0.031696011917342504,0.0325849127334763,0.006261014394752171,0.03538602740765123,0.027415087266523752,0.023738985605247842
57.547501692398775,38.06150621889151,3.0030479817295985,0.03169580171791825,0.03258365899203469,0.006259994152431662,0.03538623760707549,0.02741634100796536,0.02374000584756835
57.551906644686376,38.065101564785074,3.005776278148943,0.03169559357147872,0.03258241701438652,0.006258983453538237,0.03538644575351502,0.02741758298561353,0.023741016546461775
57.55631170109553,38.06869703189895,3.008506229854114,0.03169538746053335,0.032581187021288927,0.006257982390171141,0.03538665186446038,0.027418812978711127,0.023742017609828872
57.56071686234422,38.072292620791536,3.0112378749318136,0.031695183368958935,0.032579968891875644,0.006256991158388667,0.0353868559560348,0.02742003110812441,0.023743008841611346
57.56512212920557,38.07588833206583,3.0139712519343513,0.03169498127749559,0.03257876250631614,0.006256009663573127,0.03538705804749814,0.027421237493683914,0.023743990336426886
57.56952750244588,38.07948416631957,3.0167063998155674,0.031694781167150354,0.03257756774544146,0.006255037820331204,0.03538725815784338,0.027422432254558593,0.02374496217966881
57.573932982826534,38.08308012414668,3.0194433579181874,0.03169458301833783,0.03257638449354233,0.0062540754770549906,0.03538745630665591,0.02742361550645772,0.023745924522945022
57.578338571089574,38.086676206125745,3.0221821659486494,0.03169438681207787,0.032575212636793194,0.006253122521612878,0.03538765251291587,0.02742478736320686,0.023746877478387135
57.58274426796605,38.09027241282665,3.0249228639699464,0.03169419252972078,0.03257405206267178,0.006252178856749509,0.03538784679527296,0.027425947937328277,0.023747821143250504
57.587150074178766,38.09386874481284,3.0276654923910824,0.03169400015278484,0.03257290265995194,0.0062512443862303285,0.035388039172208896,0.027427097340048112,0.023748755613769684
57.59155599044249,38.09746520264145,3.030410091951244,0.03169380966294838,0.0325717643186772,0.00625031901483733,0.035388229662045356,0.027428235681322855,0.023749680985162683
57.59596201746393,38.10106178686334,3.033156703713126,0.03169362104205592,0.03257063693016182,0.006249402648349452,0.03538841828293782,0.02742936306983823,0.02375059735165056
57.60036815594195,38.104658498023184,3.0359053690465805,0.03169343427211724,0.032569520386972695,0.006248495193534764,0.0353886050528765,0.02743047961302736,0.02375150480646525
57.604774406567444,38.108255336659454,3.0386561296182855,0.03169324933530626,0.03256841458292725,0.006247596558139924,0.035388789989687475,0.0274315854170728,0.02375240344186009
57.60918077002364,38.111852303304595,3.041409027373848,0.03169306621395973,0.03256731941307062,0.006246706650896439,0.035388973111034006,0.027432680586929437,0.023753293349103574
57.613587246985944,38.11544939848494,3.0441641045471934,0.03169288489057648,0.03256623477367665,0.006245825381513692,0.03538915443441726,0.027433765226323403,0.02375417461848632
57.61799383812217,38.11904662272088,3.0469214036137515,0.03169270534781621,0.03256516056223502,0.006244952660706661,0.03538933397717753,0.027434839437765035,0.02375504733929335
57.622400543160005,38.12264397576986,3.049680966832149,0.031692527565868545,0.03256409664434029,0.006244088426275267,0.03538951175912519,0.027435903355659763,0.023755911573724746
57.62680736381561,38.12624145900399,3.0524428376969794,0.03169235153365302,0.032563042959500244,0.006243232561288781,0.03538968779134072,0.02743695704049981,0.023756767438711232
57.63121430072229,38.129839072916226,3.055207059389484,0.03169217723365275,0.03256199940796822,0.006242384979844959,0.035389862091340984,0.02743800059203183,0.023757615020155054
57.6356213545063,38.13343681799401,3.0579736753051545,0.0316920046485587,0.03256096589117713,0.006241545597134433,0.035390034676435034,0.027439034108822924,0.02375845440286558
57.64002852578699,38.137034694719375,3.0607427290452804,0.0316918337612771,0.03255994231173609,0.006240714329442586,0.03539020556371664,0.027440057688263964,0.023759285670557427
57.64443581517712,38.14063270356924,3.063514264403228,0.03169166455493444,0.03255892857341536,0.006239891094190354,0.035390374770059296,0.027441071426584696,0.02376010890580966
57.64884322328295,38.14423084501544,3.066288325348978,0.03169149701287993,0.032557924581125774,0.0062390758099453505,0.035390542312113804,0.02744207541887428,0.023760924190054662
57.65325075070454,38.147829119524985,3.0690649560210232,0.031691331118685995,0.03255693024091055,0.006238268396435473,0.03539070820630774,0.0274430697590895,0.02376173160356454
57.657658398035906,38.15142752756017,3.071844200720844,0.031691166856145536,0.032555945459911584,0.006237468774569113,0.0353908724688482,0.02744405454008847,0.0237625312254309
57.66206616586519,38.15502606957875,3.074626103913255,0.03169100420926774,0.03255497014635195,0.006236676866434206,0.035391035115726,0.027445029853648106,0.023763323133565807
57.666474054760116,38.158624746022085,3.077410710190735,0.031690843162239524,0.03255400420899074,0.006235892595732213,0.03539119616275421,0.027445995791009314,0.0237641074042678
57.6708820652999,38.162223557341065,3.0801980642874875,0.03169068369953326,0.03255304755823252,0.0062351158868675025,0.035391355625460474,0.027446952441767536,0.02376488411313251
57.67529019805943,38.165822503983236,3.0829882110675824,0.03169052580579068,0.03255210010549631,0.006234346665380287,0.035391513519203055,0.027447899894503747,0.023765653334619725
57.6796984536074,38.169421586391344,3.0857811955055254,0.031690369465812884,0.03255116176310746,0.006233584857969744,0.03539166985918085,0.027448838236892592,0.02376641514203027
57.684106832506714,38.17302080500356,3.0885770626760856,0.031690214664559124,0.03255023244429933,0.00623283039247962,0.03539182466043461,0.02744976755570072,0.023767169607520393
57.68851533531478,38.17662016025382,3.0913758577624657,0.03169006138714431,0.03254931206317385,0.00623208319785086,0.03539197793784943,0.0274506879368262,0.023767916802149153
57.69292396258377,38.18021965257198,3.0941776260382774,0.031689909618835166,0.03254840053469349,0.006231343204062496,0.03539212970615857,0.027451599465306564,0.023768656795937516
57.69733271486085,38.18381928238397,3.096982412857751,0.03168975934504753,0.032547497774652046,0.006230610342093483,0.035392279979946206,0.027452502225348008,0.02376938965790653
57.70174159267682,38.187419050102754,3.099790263697278,0.03168961055216479,0.03254660369979573,0.006229884544489507,0.03539242877282894,0.027453396300204325,0.023770115455510506
57.70615059654189,38.19101895612476,3.102601223973169,0.03168946322702043,0.032545718227326714,0.006229165745245249,0.035392576097973305,0.02745428177267334,0.023770834254754764
57.71055972697819,38.194619000856065,3.105415339229432,0.03168931735496755,0.03254484127477192,0.006228453878164744,0.035392721970026186,0.027455158725228135,0.02377154612183527
57.71496898449072,38.198219184688995,3.108232655054679,0.03168917292111145,0.03254397275974563,0.006227748878078483,0.035392866403882284,0.02745602724025442,0.02377225112192153
57.71937836952145,38.201819507964714,3.1110532169988954,0.03168902990909789,0.03254311259764098,0.006227050681721663,0.03539300941589585,0.027456887402359076,0.02377294931827835
57.72378788255692,38.20541997106074,3.113877070796309,0.0316888883032701,0.032542260706603265,0.0062263592252637875,0.035393151021723634,0.027457739293396788,0.023773640774736225
57.7281975248941,38.209020575012914,3.116704262555664,0.03168874809142369,0.032541417035051146,0.006225674422825733,0.035393291233570046,0.027458582964948908,0.02377432557717428
57.73260729644106,38.212621319730076,3.119534837664215,0.031688609262543355,0.03254058148614214,0.006224996229896092,0.03539343006245038,0.027459418513857914,0.02377500377010392
57.73701719770218,38.21622220560496,3.1223688418473463,0.03168847180320988,0.03253975398239778,0.006224324584152785,0.03539356752178385,0.027460246017602274,0.023775675415847228
57.74142722917733,38.21982323302676,3.125206320829802,0.03168833570013502,0.032538934447036205,0.006223659423831185,0.03539370362485872,0.027461065552963848,0.023776340576168828
57.74583739136189,38.22342440238117,3.1280473203439474,0.031688200940159894,0.032538122803971725,0.00622300068771188,0.03539383838483384,0.027461877196028328,0.023776999312288133
57.750247684746675,38.22702571405039,3.1308918858708896,0.03168806754453124,0.03253731897781531,0.006222348315102884,0.035393971780462496,0.027462681022184743,0.02377765168489713
57.75465810981822,38.23062716841325,3.133740063472392,0.03168793559328725,0.03253652243015637,0.006221713394613207,0.03539410373170648,0.027463477569843686,0.023778286605386806
57.75906866948333,38.23422876779975,3.1365919007260894,0.03168780492096812,0.03253573317198405,0.006221082438213746,0.035394234404025615,0.027464266828016004,0.023778917561786267
57.763479363777606,38.237830512226346,3.1394474428590504,0.031687675517835245,0.03253495120576633,0.0062204556490498,0.03539436380715849,0.027465048794233726,0.023779544350950213
57.76789019277941,38.24143240174385,3.1423067351934435,0.03168754737408669,0.0325341765260313,0.006219833213964278,0.03539449195090705,0.027465823473968753,0.023780166786035735
57.77230115660727,38.24503443643548,3.1451698229716536,0.031687420479861894,0.03253340911983532,0.006219215304153168,0.03539461884513184,0.027466590880164732,0.023780784695846845
57.77671225541738,38.24863661641484,3.148036751472172,0.03168729482524513,0.032532648967266486,0.006218602075751513,0.03539474449974861,0.027467351032733567,0.0237813979242485
57.78112348940376,38.25223894182599,3.150907565964644,0.03168717040015173,0.032531896041898434,0.0062179936700638636,0.035394868924842005,0.02746810395810162,0.02378200632993615
57.785534858579425,38.25584141266708,3.153782311521107,0.03168704720458054,0.03253115031044246,0.0062173902234491235,0.03539499212041319,0.027468849689557595,0.02378260977655089
57.7899463632687,38.25944402918681,3.1566610334305985,0.03168692522050098,0.03253041173218696,0.006216791843405511,0.03539511410449275,0.027469588267813094,0.0237832081565945
57.794358004251826,38.263046792003195,3.159543777206869,0.031686804424092996,0.03252968027101116,0.006216198631754842,0.03539523490090074,0.02747031972898889,0.02378380136824517
57.79876978146207,38.26664970104939,3.162430587719661,0.031686684817409216,0.03252895586818788,0.006215610788562774,0.03539535450758452,0.027471044131812172,0.02378438921143724
57.80318169525398,38.27025275659917,3.165321510060659,0.031686566390097204,0.03252823846858055,0.006215028338652943,0.03539547293489653,0.027471761531419503,0.02378497166134707
57.80759374599366,38.27385595893581,3.168216589247982,0.03168644913276136,0.032527528015712015,0.006214451296810669,0.03539559019223237,0.02747247198428804,0.023785548703189344
57.81200593406057,38.27745930835346,3.171115870226962,0.03168633303593715,0.03252682445161281,0.006213879667799384,0.03539570628905658,0.02747317554838724,0.02378612033220063
57.81641825908888,38.28106280454554,3.1740193972557567,0.03168621812834799,0.03252612771580471,0.0062133134817727795,0.03539582119664575,0.027473872284195344,0.023786686518227233
57.82083072230994,38.28466644849222,3.17692721581645,0.031686104349523514,0.03252543774429023,0.006212752684323038,0.03539593497547022,0.027474562255709822,0.023787247315676975
57.825243324575354,38.28827024086867,3.1798393709430632,0.03168599166798658,0.0325247544777677,0.006212197235036056,0.03539604765700716,0.02747524552223235,0.023787802764963957
57.829656065401466,38.291874181269996,3.1827559066841973,0.03168588010470563,0.03252407776362892,0.006211648802520668,0.035396159220288104,0.02747592223637113,0.023788351197479345
57.83406894663449,38.29547827118193,3.1856768682742453,0.03168576963215741,0.03252340767385381,0.006211103654242531,0.035396269692836324,0.027476592326146243,0.023788896345757482
57.83848196752581,38.29908250998476,3.188602299395095,0.03168566026041281,0.03252274409194239,0.006210564382496231,0.03539637906458093,0.027477255908057663,0.023789435617503782
57.842895128604454,38.30268689809381,3.1915322444116008,0.03168555202394302,0.032522086767765856,0.006210034892807942,0.035396487301050716,0.027477913232234197,0.02378996510719207
57.84730843125885,38.30629143661735,3.194466748255576,0.03168544487191399,0.03252143559440218,0.006209511592403766,0.035396594453079744,0.02747856440559787,0.023790488407596247
57.85172187612416,38.30989612605683,3.197405855120116,0.031685338815821584,0.03252079038480282,0.006208996359352438,0.03539670050917215,0.02747920961519723,0.023791003640647575
57.856135464256774,38.313500967253475,3.200349609406989,0.0316852336943203,0.03252015149795073,0.006208475889249221,0.035396805630673434,0.02747984850204932,0.023791524110750792
57.86054919383898,38.317105958731645,3.20329805306646,0.0316851296158322,0.03251951887043081,0.006207960574214862,0.03539690970916154,0.027480481129569245,0.02379203942578515
57.864963065272995,38.3207111008048,3.2062512297056864,0.03168502657016564,0.03251889243942735,0.0062074503649691,0.035397012754828094,0.027481107560572704,0.023792549635030913
57.86937707895751,38.32431639378373,3.209209182801631,0.031684924547219995,0.03251827214268205,0.006206945211797085,0.03539711477777374,0.027481727857318006,0.023793054788202928
57.873791235287584,38.32792183797636,3.2121719556931465,0.03168482365613229,0.03251765748668989,0.006206455520248476,0.03539721566886145,0.027482342513310165,0.023793544479751537
57.87820553693044,38.33152743552269,3.215139593404097,0.03168472374760384,0.03251704848257547,0.0062059689871647936,0.0353973155773899,0.02748295151742458,0.02379403101283522
57.88261998393172,38.33513318644991,3.218112138664118,0.031684624813622,0.03251644513036345,0.006205485726840106,0.03539741451137174,0.027483554869636606,0.023794514273159907
57.88703457636124,38.338739090804694,3.221089634074958,0.0316845268476168,0.03251584741935354,0.006205005971807009,0.035397512477376936,0.027484152580646515,0.023794994028193003
57.89144931433938,38.342345148674454,3.224072122128198,0.03168442984375114,0.03251525532653321,0.00620453001066288,0.0353976094812426,0.027484744673466843,0.023795469989337133
57.89586419805042,38.34595136019814,3.2270596452100992,0.031684333793017605,0.03251466882815296,0.006204057845325996,0.03539770553197613,0.027485331171847094,0.023795942154674017
57.90027922768158,38.349557725517144,3.230052245540074,0.03168423868603071,0.03251408790139976,0.006203589436816016,0.03539780063896303,0.027485912098600296,0.023796410563183996
57.9046944034142,38.353164244768095,3.2330499651854856,0.0316841445143477,0.03251351252131923,0.0062031248213197734,0.035397894810646036,0.02748648747868082,0.02379687517868024
57.90910972543999,38.356770918096075,3.2360528460612628,0.0316840512712423,0.032512942654879085,0.0062026641780746974,0.03539798805375144,0.02748705734512097,0.023797335821925315
57.913525193992434,38.36037774567985,3.2390609299045368,0.031683958948510005,0.032512378266477515,0.006202207548803948,0.03539808037648373,0.027487621733522538,0.023797792451196065
57.91794080931783,38.363984727708555,3.242074258347821,0.03168386747910118,0.03251181931794417,0.006201754973854223,0.035398171845892556,0.027488180682055885,0.02379824502614579
57.922356571675195,38.367591864381694,3.245092872801406,0.031683776973458255,0.03251126576864638,0.0062013064898009534,0.03539826235153548,0.027488734231353673,0.02379869351019906
57.92677248133583,38.3711991559087,3.2481168148616133,0.03168368731616439,0.03251071757563806,0.006200862128468702,0.03539835200882935,0.027489282424361994,0.02379913787153131
57.93118853858256,38.374806602508365,3.2511461254271987,0.03168359855328223,0.03251017469455275,0.006200421898884846,0.035398440771711503,0.027489825305447302,0.023799578101115167
57.93560474370504,38.37841420440506,3.254180844223079,0.031683510676717375,0.0325096370790271,0.006199985823695686,0.03539852864827636,0.027490362920972955,0.023800014176304327
57.94002109700283,38.382021961831235,3.2572210121187934,0.03168342367828941,0.03250910468063917,0.006199553925633837,0.03539861564670432,0.027490895319360886,0.023800446074366176
57.94443759878574,38.385629875027675,3.2602666701675185,0.031683337549707646,0.03250857744901792,0.00619912622417907,0.03539870177528609,0.027491422550982136,0.023800873775820942
57.94885424937331,38.38923794424308,3.263317859099648,0.03168325228261393,0.03250805533187817,0.00619870273697172,0.03539878704237981,0.02749194466812188,0.023801297263028293
57.95327104909469,38.392846169734,3.2663746195684933,0.031683167868630846,0.03250753827499442,0.0061982834814562834,0.03539887145636289,0.027492461725005635,0.02380171651854373
57.95768799828872,38.39645455176487,3.269436991677808,0.03168308429941624,0.03250702622209828,0.006197868476578619,0.035398955025577494,0.027492973777901775,0.023802131523421394
57.962105097304644,38.400063090608626,3.272505015333067,0.03168300156663484,0.03250651911469116,0.006197457744806047,0.0353990377583589,0.027493480885308896,0.023802542255193966
57.966522346503055,38.403671786547434,3.2755787302420334,0.03168291965619535,0.032506016912489666,0.006197050810375318,0.035399119668798384,0.027493983087510387,0.023802949189624695
57.97093974614778,38.407280639785554,3.2786581758280615,0.031682838566616245,0.032505519550205086,0.006196648258413026,0.03539920075837749,0.027494480449794967,0.023803351741586987
57.97535729663461,38.41088965063372,3.2817433913119416,0.03168275822983807,0.032505027177356205,0.006196244820948646,0.035399281095155666,0.02749497282264385,0.023803755179051367
57.97977499721979,38.41449881848385,3.2848344150171194,0.031682678702921685,0.032504539712350344,0.006195846199643834,0.03539936062207205,0.02749546028764971,0.02380415380035618
57.98419284838357,38.41810814371465,3.2879312859485896,0.03168259997459161,0.03250405708490045,0.006195452075539551,0.03539943935040213,0.027495942915099603,0.023804547924460462
57.98861085053679,38.42171762664884,3.2910340428457543,0.031682522034254534,0.03250357923149144,0.006195062229168248,0.0353995172907392,0.02749642076850861,0.023804937770831765
57.993029004073406,38.42532726759597,3.2941427241790846,0.031682444873985194,0.03250310609414747,0.006194676532180893,0.03539959445100854,0.027496893905852582,0.02380532346781912
57.997447309345205,38.42893706683137,3.2972573682169406,0.03168236848480832,0.032502637615075325,0.006194294903459442,0.035399670840185415,0.02749736238492473,0.02380570509654057
58.00186576621901,38.43254702423822,3.3003780801566496,0.031682292871047346,0.032502173731920936,0.006193917258434489,0.03539974645394639,0.027497826268079117,0.023806082741565524
58.006284375891425,38.43615714077612,3.303504819072117,0.0316822180048531,0.03250171441067479,0.006193543453637859,0.035399821320140634,0.027498285589325266,0.023806456546362154
58.01070313815315,38.43976741626701,3.3066376233568997,0.031682143892906744,0.03250125959273131,0.006193173460187877,0.03539989543208699,0.02749874040726874,0.023806826539812136
58.015122053420924,38.443377851038996,3.309776531552525,0.03168207052128941,0.03250080922849319,0.006192807224928092,0.03539996880370433,0.027499190771506865,0.02380719277507192
58.01954112230621,38.44698844557762,3.312921584901237,0.03168199786903225,0.03250036327139699,0.006192444686829043,0.035400041455961484,0.02749963672860306,0.02380755531317097
58.02396034486836,38.45059919992291,3.3160728249911555,0.031681925939688826,0.032499921672690224,0.006192085809323296,0.03540011338530491,0.02750007832730983,0.023807914190676717
58.02837972102577,38.45421011400097,3.319230287784137,0.03168185474038737,0.03249948438207734,0.006191730561279675,0.035400184584606365,0.027500515617922716,0.023808269438720338
58.03279925129368,38.45782118821892,3.3223940096103766,0.031681784244863676,0.032499051349257235,0.006191378883169375,0.03540025508013006,0.027500948650742818,0.023808621116830637
58.037218936560336,38.461432423289,3.325564026781139,0.03168171444590756,0.032498622549432865,0.006191030710901907,0.035400324879086176,0.027501377450567188,0.023808969289098106
58.041638776620516,38.46504381903635,3.3287403748097333,0.03168164534314705,0.03249819792634495,0.006190686014394216,0.03540039398184669,0.0275018020736551,0.023809313985605797
58.04605877174659,38.46865537567334,3.3319230893066543,0.03168157692947354,0.03249777743656107,0.006190344747225469,0.035400462395520194,0.027502222563438983,0.023809655252774543
58.05047892221512,38.47226709341578,3.335112205721172,0.03168150919757634,0.032497361037702954,0.006190006862543118,0.035400530127417396,0.0275026389622971,0.023809993137456895
58.05489922826804,38.47587897245123,3.3383077593164803,0.03168144215125829,0.0324969486861284,0.00618967231363482,0.03540059717373545,0.02750305131387165,0.023810327686365193
58.05931969009016,38.479491012920626,3.3415097851593556,0.031681375785889254,0.032496540335343826,0.006189341053898664,0.03540066353910448,0.027503459664656227,0.02381065894610135
58.06374030765171,38.48310321479069,3.344718318173623,0.031681310078119085,0.03249613593239592,0.006189013041955016,0.03540072924687465,0.027503864067604133,0.023810986958044997
58.06816108077007,38.486715577905414,3.347933393409546,0.03168124501977082,0.03249573542809381,0.006188688245560382,0.035400794305222916,0.027504264571906245,0.02381131175443963
58.072582010336504,38.49032810298077,3.351155045699322,0.031681180602765036,0.0324953388090668,0.006188366601032606,0.0354008587222287,0.027504661190933255,0.023811633398967406
58.07700309684613,38.49394079041171,3.3543833094175417,0.03168111682640373,0.03249494605320985,0.00618804805928716,0.035400922498590004,0.027505053946790203,0.023811951940712853
58.08142434069045,38.49755364050871,3.357618218689929,0.03168105368750834,0.03249455713347499,0.0061877325750778756,0.035400985637485394,0.027505442866525065,0.023812267424922137
58.085845742362665,38.50116665366514,3.3608598074807112,0.03168099118589485,0.03249417202834698,0.006187420104008197,0.03540104813909889,0.027505827971653074,0.023812579895991816
58.090267301985506,38.50477982997343,3.364108109333751,0.031680929320876405,0.03249379070375191,0.0061871106164521,0.03540111000411733,0.02750620929624814,0.023812889383547912
58.09468901974394,38.508393169571974,3.3673631578140037,0.03168086805039244,0.03249341310177489,0.006186804072742122,0.035401171274601295,0.02750658689822516,0.02381319592725789
58.09911089516525,38.51200667207044,3.3706249856604664,0.031680807382204856,0.032493039172585,0.006186500474974495,0.03540123194278888,0.02750696082741505,0.023813499525025518
58.103532928891354,38.51562033798214,3.373893626103519,0.03168074731238846,0.0324926690472257,0.006186199795506754,0.03540129201260528,0.027507330952774356,0.02381380020449326
58.107955120975035,38.51923416734263,3.3771691117881915,0.031680687839394595,0.032492302717450405,0.0061859020392565495,0.03540135148559914,0.027507697282549648,0.023814097960743463
58.112377471633,38.522848160320265,3.38045147595591,0.031680628958978774,0.03249194014117179,0.006185607212676393,0.03540141036601496,0.02750805985882826,0.02381439278732362
58.11679998101525,38.52646231702981,3.3837407508091566,0.03168057067199459,0.03249158123675594,0.0061853153298387364,0.035401468652999146,0.027508418763244114,0.023814684670161276
58.12122264935678,38.53007663765422,3.387036968318892,0.03168051296406221,0.032491225939620894,0.00618502583144092,0.03540152636093152,0.02750877406037916,0.023814974168559093
58.125645476744765,38.53369112225731,3.390340160106109,0.03168045581744494,0.032490874225986455,0.0061847376717292304,0.035401583507548795,0.0275091257740136,0.023815262328270782
58.130068463075126,38.5373057707491,3.3936503573581973,0.03168039924082472,0.03249052602450331,0.006184452036299436,0.03540164008416902,0.027509473975496745,0.023815547963700577
58.13449160850482,38.54092058324992,3.3969675918143762,0.03168034323324037,0.03249018123961983,0.006184169443071305,0.035401696091753365,0.027509818760380222,0.023815830556928708
58.13891491331928,38.54453555998404,3.400291894302873,0.03168028778842358,0.03248983977572423,0.006183889862132676,0.03540175153657016,0.027510160224275826,0.023816110137867337
58.14333837778166,38.54815070115765,3.403623295734061,0.031680232901077965,0.03248950153099972,0.006183613360185594,0.03540180642391577,0.027510498469000333,0.02381638663981442
58.14776200219195,38.551766007007075,3.406961826825743,0.031680178564845785,0.03248916640597638,0.006183339838948698,0.03540186076014795,0.027510833594023676,0.023816660161051315
58.15218578684171,38.555381477761955,3.410307518219777,0.03168012476760651,0.03248883432277605,0.006183068686493931,0.035401914557387226,0.027511165677224003,0.02381693131350608
58.156609731903195,38.55899711355595,3.4136604008569584,0.03168007150104424,0.03248850521043084,0.0061827996111168265,0.0354019678239495,0.027511494789569213,0.023817200388883186
58.161033837485846,38.56261291447201,3.4170205044881463,0.03168001877104554,0.03248817900431261,0.0061825336575405745,0.0354020205539482,0.02751182099568744,0.023817466342459438
58.16545810488437,38.56622888155349,3.420387859176186,0.031679966561384776,0.032487856125924364,0.006182270726204281,0.03540207276360896,0.02751214387407569,0.023817729273795732
58.16988253251725,38.56984501351039,3.4237624928524744,0.031679914876970694,0.03248753660934184,0.006182010169913203,0.03540212444802304,0.027512463390658215,0.02381798983008681
58.17430712150657,38.57346131124655,3.4271444355304093,0.031679863708237055,0.03248722035532514,0.0061817522750619094,0.03540217561675668,0.027512779644674912,0.023818247724938103
58.17873187175579,38.577077774677534,3.4305337169506913,0.031679813057851725,0.03248690729323567,0.006181497009445661,0.03540222626714201,0.027513092706764386,0.023818502990554352
58.18315678488491,38.580694405110364,3.4339303664460363,0.03167976290219654,0.032486597411317375,0.0061812442852100385,0.035402276422797196,0.02751340258868268,0.023818755714789974
58.1875818599172,38.584311201746374,3.437334411678215,0.031679713248162766,0.03248629063735814,0.006180994107890671,0.03540232607683097,0.027513709362641914,0.023819005892109342
58.19200709704991,38.58792816473918,3.440745880800036,0.03167966409074324,0.03248598693506449,0.006180746451211597,0.035402375234250494,0.02751401306493556,0.023819253548788416
58.19643249647582,38.59154529423887,3.444164801697166,0.03167961542510611,0.03248568627055953,0.006180501292412648,0.035402423899887625,0.02751431372944052,0.023819498707587365
58.20085805835827,38.59516259037177,3.4475912018861976,0.031679567247266505,0.032485388611202426,0.00618025861087685,0.03540247207772723,0.027514611388797627,0.023819741389123163
58.20528378288351,38.59878005328284,3.4510251084722556,0.03167951955302001,0.032485093926273634,0.006180018384971647,0.03540251977197373,0.02751490607372642,0.023819981615028366
58.20970967024421,38.602397683122305,3.454466548120232,0.03167947233828211,0.032484802186294515,0.006179780592170295,0.035402566986711625,0.02751519781370554,0.023820219407829718
58.21413572063945,38.6060154800457,3.457915547024143,0.03167942559901166,0.03248451336267755,0.006179545209300502,0.03540261372598208,0.027515486637322506,0.02382045479069951
58.218561934254296,38.609633444197186,3.4613721336205128,0.03167937933099407,0.032484227426417545,0.00617931221507647,0.03540265999399966,0.02751577257358251,0.023820687784923543
58.22298831123506,38.613251575689404,3.4648363349630067,0.0316793335293577,0.032483944546286836,0.0061790815998367665,0.035402705795636036,0.027516055453713217,0.023820918400163246
58.22741485173924,38.61686987464388,3.468308150606913,0.03167928819006044,0.03248366485055004,0.006178853449430942,0.0354027511349333,0.02751633514945001,0.02382114655056907
58.231841555929776,38.62048834118626,3.471787639977334,0.03167924333772859,0.032483388193658536,0.0061786303939517714,0.035402795987265145,0.027516611806341518,0.02382136960604824
58.2362684245515,38.62410697591163,3.475274829578458,0.03167919893708965,0.0324831145316582,0.0061784098278636485,0.03540284038790409,0.027516885468341856,0.023821590172136364
58.24069545856911,38.62772577959494,3.478769745791574,0.03167915496006829,0.03248284384553268,0.00617819141145267,0.03540288436492545,0.02751715615446737,0.023821808588547343
58.24512265744758,38.63134475179789,3.4822724136788956,0.031679111382923175,0.03248257623395223,0.006177971670889272,0.03540292794207056,0.02751742376604782,0.02382202832911074
58.2495500205602,38.63496389200975,3.4857828614556734,0.03167906824669975,0.032482311646821915,0.006177754572252399,0.03540297107829399,0.027517688353178138,0.023822245427747614
58.25397754812463,38.63858320040072,3.489301113382248,0.03167902554269281,0.0324820500508457,0.006177539671243973,0.03540301378230093,0.027517949949154352,0.02382246032875604
58.25840524027369,38.642202677072646,3.4928271936162583,0.03167898326829999,0.03248179140732538,0.00617732708346861,0.03540305605669375,0.027518208592674676,0.023822672916531402
58.26283309717026,38.645822322151716,3.496361126996316,0.03167894145401129,0.03248153555485844,0.006177119829631643,0.03540309787098245,0.02751846444514161,0.02382288017036837
58.267261119638746,38.64944213629779,3.4999029383191615,0.031678900025888745,0.032481282577401904,0.006176911751964054,0.03540313929910499,0.02751871742259815,0.02382308824803596
58.27168930718274,38.65306211910554,3.503452651146037,0.03167885901088624,0.03248103245094719,0.006176705568730352,0.035403180314107496,0.027518967549052864,0.02382329443126966
58.276117659891554,38.65668227064198,3.5070102897632474,0.031678818420934896,0.03248078509450353,0.006176502684329649,0.03540322090405884,0.027519214905496525,0.023823497315670364
58.28054617816346,38.66030259122341,3.5105758783518253,0.03167877822279036,0.03248054052897248,0.006176300535409511,0.035403261102203376,0.027519459471027574,0.023823699464590502
58.28497486184648,38.663923080722356,3.5141494405408356,0.03167873843974711,0.032480298679227915,0.006176101518229289,0.035403300885246625,0.02751970132077214,0.023823898481770724
58.28940371130915,38.66754373943124,3.51773100030952,0.031678699054303705,0.03248005951672445,0.00617590444463955,0.03540334027069003,0.027519940483275607,0.023824095555360462
58.2938327266707,38.67116456744147,3.5213205814332307,0.03167866006401404,0.03247982300707036,0.006175709450369854,0.035403379260979695,0.02752017699292969,0.02382429054963016
58.298261908084385,38.674785564871975,3.524918207792238,0.03167862146671235,0.03247958910889548,0.006175516696995981,0.03540341785828138,0.027520410891104574,0.023824483303004032
58.30269125574289,38.67840673187355,3.528523903482739,0.03167858326268019,0.0324793577652418,0.006175326556579805,0.03540345606231354,0.027520642234758252,0.023824673443420208
58.307120769918825,38.68202806866152,3.5321376929601858,0.03167854545571269,0.03247912889216925,0.006175139677117962,0.035403493869281044,0.027520871107830802,0.02382486032288205
58.311550451008245,38.68564957555094,3.5357596011183157,0.031678507998446404,0.032478902563554346,0.0061749521018977585,0.03540353132654733,0.027521097436445707,0.023825047898102254
58.315980298544986,38.68927125216142,3.5393896521322805,0.031678470919665636,0.032478678746932055,0.006174766517234996,0.0354035684053281,0.027521321253068,0.023825233482765017
58.32041031268645,38.692893098615464,3.543027870726826,0.031678434235907826,0.03247845733668636,0.006174584732802302,0.03540360508908591,0.02752154266331369,0.02382541526719771
58.32484049402413,38.696515115385864,3.546674282627701,0.031678397899701505,0.03247823837174357,0.006174403104889065,0.03540364142529223,0.02752176162825648,0.023825596895110948
58.3292708423545,38.70013730230414,3.550328891510892,0.031678361930145116,0.03247801137681089,0.006174223795484136,0.03540367739484862,0.027521988623189164,0.023825776204515876
58.333701359056704,38.703759660496985,3.5539916850739086,0.03167832631746442,0.03247778648798222,0.006174046145821309,0.035403713007529314,0.027522213512017835,0.023825953854178704
58.33813204421135,38.70738219002567,3.5576626882496383,0.031678291058717556,0.03247756368991206,0.006173870047389757,0.03540374826627618,0.027522436310087994,0.023826129952610256
58.34256289791256,38.711004890962386,3.561341935268553,0.03167825614995001,0.03247734296830085,0.006173695465135673,0.035403783175043724,0.027522657031699205,0.02382630453486434
58.346993920250384,38.71462776337609,3.565029460716377,0.03167822158760403,0.03247712430912625,0.00617352238708848,0.03540381773738971,0.027522875690873805,0.023826477612911533
58.35142511131701,38.71825080733754,3.5687252888612973,0.03167818736835648,0.03247690769850414,0.006173350806572532,0.035403851956637256,0.02752309230149591,0.02382664919342748
58.355856471208185,38.7218740229204,3.5724294409666006,0.03167815348904823,0.032476693122621136,0.006173180718071235,0.0354038858359455,0.027523306877378917,0.023826819281928778
58.36028800002006,38.725497410198685,3.5761419381095845,0.03167811994653952,0.03247648056754843,0.0061730121160993925,0.03540391937845422,0.027523519432451626,0.02382698788390062
58.36471969784794,38.72912096924574,3.5798628010558966,0.03167808673766942,0.03247627001916775,0.006172844994959369,0.03540395258732432,0.0275237299808323,0.023827155005040644
58.369151564786904,38.73274470013476,3.583592050215266,0.031678053859283795,0.03247606146323073,0.006172679348904059,0.03540398546570994,0.02752393853676932,0.023827320651095954
58.37358360093235,38.73636860293921,3.58732970566874,0.031678021308251536,0.032475854885356925,0.006172515172351477,0.0354040180167422,0.027524145114643128,0.023827484827648536
58.37801580637982,38.73999267773267,3.5910757872047228,0.031677989081458746,0.032475650271044154,0.00617235245960427,0.03540405024353499,0.0275243497289559,0.023827647540395742
58.38244818122489,38.74361692458881,3.5948303143231515,0.03167795717577432,0.03247544760577736,0.006172191201907769,0.03540408214921942,0.02752455239422269,0.023827808798092244
58.38688072556235,38.747241343580654,3.5985933063221607,0.03167792558788168,0.032475246875728836,0.006172031372925643,0.03540411373711205,0.027524753124271217,0.02382796862707437
58.3913134394824,38.750865934777565,3.602364782307669,0.031677894313624166,0.032475048070762624,0.006171872871694663,0.03540414501136957,0.02752495192923743,0.02382812712830535
58.39574632305421,38.754490698231926,3.606144761181965,0.03167786346310336,0.03247485078313289,0.0061717256197854065,0.035404175861890375,0.027525149216867162,0.023828274380214606
58.40017937851366,38.75811563574436,3.6099332634570542,0.031677832870937006,0.03247465516811032,0.006171575356455551,0.03540420645405673,0.02752534483188973,0.02382842464354446
58.40461260503035,38.761740746642204,3.613730306888465,0.031677802538786215,0.032474461367298535,0.006171422494593605,0.03540423678620752,0.02752553863270152,0.023828577505406408
58.40904600184543,38.76536603031025,3.6175359091146566,0.03167777252794024,0.03247426929926095,0.006171272674872039,0.035404266797053496,0.027525730700739104,0.023828727325127974
58.41347956941426,38.76899148711268,3.6213500886067083,0.031677742807735276,0.032474078978368626,0.006171123461922272,0.03540429651725846,0.027525921021631428,0.02382887653807774
58.41791330766932,38.772617116991974,3.625172863214778,0.03167771338175679,0.0324738903963836,0.00617097542589197,0.03540432594323695,0.027526109603616455,0.023829024574108043
58.422347216667305,38.77624291999078,3.629004250713689,0.03167768424624512,0.03247370354851542,0.006170828478701949,0.03540435507874862,0.027526296451484633,0.023829171521298063
58.42678129644784,38.77986889613804,3.6328442686856253,0.031677655399715066,0.03247351842521379,0.00617068273584917,0.03540438392527867,0.027526481574786266,0.023829317264150843
58.431215547076405,38.783495045483505,3.636692934558278,0.03167762684081232,0.03247333501168692,0.0061705383224293295,0.03540441248418141,0.027526664988313132,0.023829461677570683
58.435649968646814,38.78712136809985,3.6405502656083,0.031677598569569254,0.03247315328306111,0.0061703954825073695,0.03540444075542448,0.027526846716938946,0.023829604517492643
58.44008456127045,38.790747864073936,3.6444162789519092,0.03167757058740228,0.03247297320636472,0.006170254407092422,0.035404468737591455,0.027527026793635334,0.02382974559290759
58.444519325136625,38.79437453355555,3.6482909916021384,0.03167754289268526,0.03247279474494458,0.006170115171827237,0.035404496432308474,0.027527205255055476,0.023829884828172776
58.448954260458216,38.79800137671355,3.652174420414699,0.03167751548330838,0.032472617859371444,0.006169977826595112,0.035404523841685354,0.02752738214062861,0.0238300221734049
58.4533893674644,38.80162839373,3.6560665820821363,0.031677488365925044,0.032472442476509655,0.0061698431953239805,0.03540455095906869,0.027527557523490398,0.023830156804676032
58.457824646570515,38.80525558493726,3.6599674932780566,0.03167746153871509,0.0324722685182407,0.006169711365931134,0.035404577786278646,0.027527731481759354,0.02383028863406888
58.46226009822186,38.80888295069197,3.6638771705309257,0.03167743485918395,0.032472096393169614,0.006169570095816923,0.035404604465809786,0.02752790360683044,0.02383042990418309
58.46669572018913,38.81251048919275,3.6677956280346047,0.03167740844968764,0.032471926080338664,0.006169430351099896,0.0354046308753061,0.02752807391966139,0.023830569648900117
58.471131512591796,38.81613820053274,3.6717228818493197,0.03167738230826622,0.032471757556091385,0.006169292188640693,0.035404657016727514,0.027528242443908668,0.02383070781135932
58.47556747556627,38.819766084818745,3.675658947978688,0.03167735643227004,0.0324715907958647,0.0061691556177101425,0.03540468289272369,0.02752840920413535,0.02383084438228987
58.480003609253565,38.823394142161305,3.6796038423678707,0.031677330818760396,0.03247142577505424,0.006169020625245936,0.03540470850623334,0.027528574224945812,0.023830979374754077
58.484439913794645,38.82702237267101,3.6835575808785777,0.031677305464765104,0.03247126246902543,0.0061688871980721885,0.03540473386022863,0.027528737530974623,0.023831112801927824
58.48887638931738,38.83065077644774,3.687520179952635,0.03167728036611678,0.03247110085537558,0.0061687552502826745,0.03540475895887696,0.027528899144624475,0.023831244749717338
58.49331303594008,38.834279353583796,3.6914916561378144,0.031677255516805614,0.032470940921770386,0.0061686245244006455,0.03540478380818812,0.027529059078229667,0.023831375475599367
58.49774985439411,38.83790810466848,3.695472025550073,0.031677230896286046,0.03247078268237591,0.006168494667953876,0.03540480842870769,0.027529217317624144,0.023831505332046136
58.502186844073144,38.84153702920776,3.6994613060350314,0.03167720651519218,0.032470626134924685,0.006168365515651836,0.035404832809801556,0.02752937386507537,0.023831634484348177
58.50662400494804,38.84516612717521,3.7034595246449102,0.03167718238546002,0.03247047124025798,0.006168238286309399,0.03540485693953371,0.027529528759742072,0.023831761713690613
58.511061337250595,38.84879539875495,3.70746670339805,0.0316771584988389,0.03247031798020811,0.006168112427205379,0.03540488082615484,0.027529682019791946,0.023831887572794634
58.51549884108593,38.8524248440288,3.7114827314092107,0.03167713484461149,0.032470166364990005,0.0061679871982638634,0.03540490448038225,0.027529833635010048,0.02383201280173615
58.51993651640272,38.85605446295242,3.715507719743796,0.03167711142700663,0.03247001638182867,0.006167863184568807,0.035404927897987104,0.027529983618171383,0.023832136815431205
58.52437436328005,38.85968425558671,3.7195416816806333,0.031677088250882335,0.032469867993255574,0.006167741006111768,0.0354049510741114,0.02753013200674448,0.023832258993888245
58.5288123819333,38.86331422210256,3.7235847590453357,0.03167706531225961,0.03246972116728819,0.0061676205050787275,0.035404974012734125,0.027530278832711863,0.023832379494921285
58.533250572546905,38.86694436264598,3.7276368134514364,0.03167704260701443,0.03246957587811944,0.006167501508593569,0.03540499671797931,0.027530424121880614,0.023832498491406444
58.53768893527014,38.87057467733464,3.7316978624449764,0.031677020132463984,0.03246943210129155,0.006167383968286776,0.03540501919252975,0.027530567898708502,0.023832616031713237
58.54212747024445,38.87420516627995,3.735767922388722,0.03167699788566336,0.032469289814626434,0.006167267813252095,0.035405041439330376,0.02753071018537362,0.023832732186747918
58.54656617759936,38.87783582958372,3.739847009164018,0.03167697586358603,0.03246914899847525,0.006167152967947537,0.035405063461407704,0.027530851001524803,0.023832847032052476
58.55100505745011,38.881466667336284,3.7439351383709933,0.03167695406342136,0.03246900963530336,0.006167039369165274,0.03540508526157238,0.027530990364696695,0.02383296063083474
58.555444109900364,38.88509767961868,3.7480323251502545,0.031676932482524955,0.03246887170921314,0.006166926966305865,0.03540510684246878,0.02753112829078691,0.023833073033694148
58.55988333504509,38.88872886650497,3.7521385841559454,0.0316769111184203,0.03246873520549609,0.006166815721083706,0.03540512820657343,0.027531264794503962,0.023833184278916307
58.56432273297342,38.892360228064504,3.7562539295685653,0.03167688996877821,0.032468600110277135,0.006166705605145921,0.035405149356215526,0.02753139988972292,0.023833294394854092
58.56876230377106,38.89599176436393,3.760378375133718,0.03167686903138761,0.03246846641025708,0.006166596597421685,0.035405170293606125,0.027531533589742974,0.023833403402578328
58.57320204752119,38.89962347546789,3.7645119342176576,0.03167684830410411,0.03246833409248445,0.006166488681896377,0.035405191020889626,0.0275316659075156,0.023833511318103635
58.57764196428904,38.90325536142638,3.7686546198058624,0.03167682778439368,0.03246820314337845,0.006166381846266451,0.03540521154060006,0.027531796856621604,0.02383361815373356
58.58208205415299,38.906887422300215,3.7728064446229492,0.03167680747022844,0.032468073550256826,0.006166276080160189,0.035405231854765296,0.027531926449743227,0.023833723919839823
58.58652231719229,38.91051965815092,3.776967421140691,0.03167678735967061,0.032467945300627854,0.006166171374553553,0.035405251965323126,0.0275320546993722,0.02383382862544646
58.5909627534871,38.914152069040796,3.781137561577,0.031676767450845356,0.032467818382115765,0.006166067721223641,0.03540527187414838,0.027532181617884288,0.023833932278776372
58.59540336311788,38.91778465503242,3.785316877925422,0.031676747741903044,0.032467692782391755,0.006165965112400695,0.03540529158309069,0.0275323072176083,0.023834034887599317
58.59984414616467,38.92141741618802,3.7895053819715168,0.031676728230991824,0.03246756848913074,0.006165863540543826,0.03540531109400191,0.027532431510869315,0.023834136459456187
58.60428510270512,38.92505035256795,3.7937030852782723,0.03167670891619012,0.03246744548989361,0.006165762998230594,0.035405330408803615,0.027532554510106444,0.02383423700176942
58.608726232818185,38.928683464233615,3.7979099994516137,0.03167668979574384,0.03246732377240702,0.006165663478035516,0.0354053495292499,0.027532676227593034,0.023834336521964497
58.61316753658114,38.93231675124508,3.802126135758047,0.03167667086789239,0.03246720332436448,0.00616556497250189,0.03540536845710135,0.027532796675635574,0.023834435027498123
58.61760901406997,38.93595021366143,3.806351504844347,0.03167665213085141,0.03246708413343635,0.006165467474089963,0.035405387194142324,0.0275329158665637,0.02383453252591005
58.622050665358564,38.93958385153999,3.8105861176760243,0.03167663358272982,0.032466966187212676,0.0061653709751653615,0.03540540574226392,0.027533033812787377,0.02383462902483465
58.62649249051952,38.94321766493711,3.814829984840947,0.031676615221514215,0.032466849473237414,0.006165275467959565,0.03540542410347952,0.02753315052676264,0.023834724532040448
58.63093448962532,38.94685165390904,3.819083116472803,0.03167659704545428,0.032466733977823015,0.0061651809766665525,0.035405442279539456,0.02753326602217704,0.02383481902333346
58.63537666275523,38.95048581851752,3.823345523438965,0.03167657905187504,0.03246661968716097,0.006165087496528457,0.035405460273118694,0.027533380312839084,0.023834912503471556
58.63981900998911,38.95412015882481,3.8276172136596625,0.03167656123946533,0.032466506587284005,0.006164995024223685,0.03540547808552841,0.027533493412716048,0.023835004975776328
58.64426153140794,38.957754674894076,3.831898199415969,0.03167654361041777,0.03246639465483592,0.006164903790457511,0.03540549571457596,0.027533605345164136,0.0238350962095425
58.64870422714496,38.961389366830716,3.8361884960697683,0.03167652616185218,0.032466283867950085,0.006164813746079127,0.035405513163141555,0.027533716132049968,0.023835186253920886
58.65314709732582,38.96502423473403,3.8404881134970763,0.03167650889151913,0.032466174206379594,0.00616472483946108,0.03540553043347461,0.02753382579362046,0.023835275160538932
58.65759014206748,38.968659278696364,3.844797061620583,0.0316764917972141,0.032466065651556186,0.006164637017916259,0.035405547527779635,0.027533934348443867,0.023835362982083753
58.662033361477285,38.97229449880233,3.8491153502452136,0.031676474876755845,0.03246595818650555,0.006164550231042537,0.03540556444823789,0.027534041813494503,0.023835449768957476
58.66647675565002,38.97592989512639,3.8534429890677613,0.03167645812773079,0.032465851795555556,0.006164464432156895,0.03540558119726295,0.027534148204444497,0.023835535567843118
58.670920324676366,38.97956546773979,3.857779987670729,0.03167644154799337,0.032465746464602596,0.006164379578484827,0.035405597777000364,0.027534253535397457,0.023835620421515186
58.67536406863931,38.98320121670757,3.862126355512017,0.031676425135504505,0.03246564218075687,0.006164295631287363,0.03540561418948923,0.027534357819243183,0.02383570436871265
58.67980798761525,38.986837142089485,3.8664821019029025,0.03167640888830209,0.03246553893224702,0.006164212555670449,0.03540563043669165,0.027534461067753035,0.023835787444329563
58.68425208165262,38.99047324392248,3.870847236013832,0.031676392803401676,0.03246543670686308,0.006164130320654562,0.03540564652159206,0.02753456329313697,0.02383586967934545
58.68869635082795,38.994109522266626,3.8752217668645645,0.031676376879847645,0.032465335495621084,0.006164048898326557,0.03540566244514609,0.02753466450437897,0.023835951101673455
58.69314079525843,38.99774597721528,3.879605703614165,0.03167636111368105,0.03246523529278866,0.006163968263119594,0.035405678211312686,0.02753476470721139,0.02383603173688042
58.69758541445918,39.001382608374584,3.8839990553068002,0.03167634552855153,0.03246513608523521,0.006163888416418295,0.035405693796442206,0.02753486391476484,0.023836111583581718
58.702030208938766,39.00501941615312,3.8884018310496336,0.03167633009905818,0.03246503786538102,0.006163809318435305,0.035405709225935555,0.027534962134619034,0.023836190681564708
58.706475178779,39.00865640061524,3.8928140394986235,0.03167631482273864,0.032464940626346084,0.006163730951387093,0.0354057245022551,0.02753505937365397,0.02383626904861292
58.71092032404454,39.01229356181145,3.8972356892000573,0.031676299698014776,0.032464844361697165,0.006163653300392473,0.03540573962697896,0.02753515563830289,0.02383634669960754
58.71536564479752,39.01593089979028,3.9016667885981917,0.03167628472352957,0.032464749065277465,0.006163576355973581,0.03540575460146417,0.027535250934722588,0.023836423644026432
58.71981114111172,39.019568414609694,3.906107345984889,0.03167626989780309,0.03246465473142679,0.006163500109074328,0.03540576942719065,0.027535345268573264,0.023836499890925684
58.72425681311216,39.02320610636916,3.910557369612361,0.03167625521744849,0.0324645613551412,0.006163424549735119,0.035405784107545246,0.027535438644858856,0.023836575450264894
58.728702661057554,39.02684397527559,3.9150168677896398,0.03167624066825753,0.032464468930614054,0.006163349630505945,0.03540579865673621,0.027535531069386,0.023836650369494068
58.73314868460237,39.030482021047945,3.919485848232741,0.03167622626421651,0.032464377449579696,0.0061632753637051035,0.035405813060777225,0.027535622550420358,0.02383672463629491
58.73759488381339,39.03412024373864,3.923964318871276,0.031676212004372095,0.03246428690765124,0.006163201756385822,0.03540582732062164,0.027535713092348812,0.02383679824361419
58.742041258279535,39.03775864301395,3.928452287085065,0.031676197908266646,0.03246419729667416,0.006163128839372048,0.03540584141672709,0.027535802703325896,0.023836871160627965
58.74648780827667,39.04139721909519,3.932949760824263,0.031676183966176163,0.03246410861021337,0.006163056660742891,0.03540585535881757,0.027535891389786682,0.02383694333925712
58.75093453425559,39.045035972344266,3.937456748111834,0.03167617015397256,0.032464020838387175,0.006162985201566697,0.035405869171021176,0.027535979161612878,0.023837014798433316
58.75538143619136,39.048674902739336,3.941973256463541,0.031676156486750595,0.03246393397182601,0.0061629144684445455,0.03540588283824314,0.027536066028174044,0.023837085531555467
58.75982851406866,39.05231401026647,3.9464992933041323,0.03167614295607535,0.0324638480000749,0.006162844494287334,0.03540589636891839,0.02753615199992515,0.02383715550571268
58.76427576785102,39.05595329489461,3.951034865948829,0.03167612955235938,0.03246376291034481,0.006162775336950317,0.03540590977263436,0.027536237089655247,0.023837224663049696
58.76872319755961,39.05959275663926,3.9555799816542043,0.031676116289749534,0.03246367868803146,0.006162707040574304,0.0354059230352442,0.027536321311968592,0.02383729295942571
58.77317080330589,39.063232395588855,3.960134647601296,0.03167610315986624,0.03246359531509124,0.006162639685241063,0.035405936165127494,0.02753640468490881,0.02383736031475895
58.777618585831675,39.066872212340385,3.964698871520162,0.03167609014426048,0.032463512768415415,0.006162573351414756,0.035405949180733254,0.02753648723158464,0.023837426648585257
58.78206654471076,39.07051220654843,3.9692726600628223,0.03167607726345767,0.032463431028226575,0.006162507971170468,0.03540596206153607,0.02753656897177348,0.023837492028829545
58.78651467989521,39.074152378172904,3.9738560201223843,0.03167606452454752,0.03246335007326723,0.006162443589656064,0.035405974800446216,0.027536649926732826,0.02383755641034395
58.79096299170622,39.07779272747152,3.9784489588237175,0.03167605191647793,0.0324632698790977,0.0061623802537276035,0.035405987408515804,0.027536730120902353,0.02383761974627241
58.79541148026257,39.08143325453876,3.9830514828870838,0.03167603944012659,0.03246319041804718,0.006162318044696663,0.035405999884867145,0.02753680958195287,0.02383768195530335
58.79986014572933,39.085073959506516,3.9876635990733353,0.031676027094926285,0.03246311165798349,0.0061622570614059055,0.03540601223006745,0.027536888342016563,0.023837742938594107
58.804308988269526,39.08871484250507,3.9922853140610925,0.03167601488212557,0.032463033561621835,0.006162197420770392,0.03540602444286817,0.02753696643837822,0.02383780257922962
58.80875800812691,39.09235590372984,3.996916634431008,0.031676002801029224,0.03246295607994282,0.006162139387951092,0.03540603652396451,0.027537043920057236,0.02383786061204892
58.81320720556279,39.09599714339061,4.001557566915402,0.03167599085667783,0.03246287914641005,0.00616208340934369,0.03540604846831591,0.027537120853590003,0.023837916590656323
58.81765658098279,39.09963856181392,4.006208118047147,0.03167597892755347,0.03246280310800925,0.006162018877180875,0.035406060397440264,0.0275371968919908,0.023837981122819138
58.82210613158948,39.10328015673791,4.010868291715561,0.031675967141543415,0.03246272793572863,0.00616195520874574,0.03540607218345032,0.027537272064271423,0.023838044791254273
58.8265558587584,39.10692192927483,4.015538095077441,0.03167595545971652,0.03246266407136611,0.006161892349030064,0.035406083865277216,0.027537335928633944,0.02383810765096995
58.83100576125979,39.11056387841187,4.0202175333894115,0.03167594389741796,0.03246260108752064,0.006161830707946278,0.03540609542757578,0.027537398912479416,0.023838169292053735
58.835455838917284,39.11420600400357,4.024906613118592,0.031675932458047174,0.032462538950339126,0.0061617702270810384,0.03540610686694656,0.027537461049660927,0.023838229772918974
58.839906091721204,39.117848306040706,4.029605339941603,0.03167592114862283,0.032462477638965426,0.006161710789491834,0.035406118176370904,0.027537522361034628,0.02383828921050818
58.84435652009182,39.12149078486016,4.034313719948138,0.03167590994488051,0.03246241712867709,0.006161652350406013,0.03540612938011323,0.027537582871322963,0.023838347649594
58.84880712397924,39.12513344042105,4.0390317587992834,0.03167589892853784,0.03246235717556062,0.006161600766815711,0.0354061403964559,0.027537642824439434,0.0238383992331843
58.85325790313191,39.128776272516035,4.04375946201307,0.03167588806426408,0.032462297860051115,0.006161547066180308,0.03540615126072966,0.02753770213994894,0.023838452933819705
58.85770886020603,39.13241928329259,4.048496837280925,0.03167587722561205,0.03246223926585107,0.006161492254979986,0.03540616209938169,0.027537760734148986,0.023838507745020027
58.86215999364835,39.136062471494284,4.053243888810602,0.031675866480166126,0.032462181401386014,0.0061614373997882915,0.03540617284482761,0.02753781859861404,0.02383856260021172
58.86661130312712,39.139705836851725,4.058000621750648,0.03167585584437266,0.032462124256003255,0.006161383197494104,0.03540618348062108,0.027537875743996798,0.02383861680250591
58.87106278866137,39.143349379378506,4.062767041479413,0.031675845327037655,0.03246206781060179,0.006161329844236937,0.03540619399795608,0.027537932189398262,0.023838670155763075
58.875514450386966,39.14699309918345,4.06754315338343,0.03167583491240933,0.03246201204908866,0.006161277380767369,0.03540620441258441,0.02753798795091139,0.023838722619232644
58.879966288400254,39.150636996342854,4.072328962732108,0.03167582460560886,0.032461956953869275,0.0061612257460233535,0.035406214719384876,0.027538043046130778,0.02383877425397666
58.884418302782194,39.154281070920796,4.077124474697764,0.03167581440790446,0.032461902509516694,0.006161174893726966,0.03540622491708928,0.02753809749048336,0.023838825106273047
58.888870493599654,39.1579253229699,4.081929694362193,0.03167580431781908,0.0324618487014236,0.0061611247856029824,0.03540623500717466,0.027538151298576452,0.02383887521439703
58.89332286091398,39.16156975253833,4.0867446258894455,0.03167579433226847,0.03246179551525524,0.006161075404355176,0.035406244992725266,0.02753820448474481,0.023838924595644836
58.89777540488467,39.16521435975392,4.0915692765493015,0.03167578444851571,0.0324617429382808,0.006161026756502382,0.03540625487647803,0.02753825706171925,0.02383897324349763
58.90222812553887,39.168859144637835,4.096403649962597,0.03167577467311916,0.03246169095761364,0.006160978859939423,0.035406264651874575,0.02753830904238641,0.02383902114006059
58.90668102130975,39.17250410592288,4.101247749615186,0.03167576508023057,0.03246163954891862,0.006160931803675211,0.03540627424476317,0.027538360451081434,0.0238390681963248
58.91113409595692,39.17614924664475,4.106101583324331,0.03167575549778995,0.03246158870925708,0.006160885434251376,0.03540628382720379,0.02753841129074297,0.023839114565748637
58.915587347610206,39.17979456529062,4.110965154322746,0.031675746007524375,0.032461538408598056,0.006160839835549693,0.03540629331746936,0.027538461591401997,0.02383916016445032
58.92004077647364,39.183440062025845,4.115838467286779,0.03167573661767015,0.032461488639594804,0.00616079498712753,0.03540630270732359,0.02753851136040525,0.023839205012872483
58.92449438216554,39.18708573654085,4.120721526417801,0.031675727348412286,0.0324614393839725,0.0061607508772882486,0.03540631197658145,0.027538560616027552,0.023839249122711764
58.92894816569988,39.19073158965396,4.125614336776397,0.031675718157252564,0.032461390632752385,0.006160707413224373,0.03540632116774117,0.02753860936724767,0.02383929258677564
58.933402126668476,39.194377621033915,4.13051690277837,0.03167570906193462,0.032461342368392154,0.006160664585831421,0.035406330263059116,0.0275386576316079,0.02383933541416859
58.93785626499141,39.198023830615234,4.135429228597059,0.03167570006953513,0.032461294576679234,0.006160622416982869,0.03540633925545861,0.02753870542332082,0.023839377583017143
58.942310581011355,39.20167021867355,4.1403513187651555,0.03167569116528435,0.03246124724298288,0.006160580905666256,0.03540634815970939,0.02753875275701717,0.023839419094333757
58.9467650734653,39.20531678418713,4.145283176474983,0.0316756824070939,0.03246120034460842,0.006160540108665846,0.03540635691789984,0.027538799655391633,0.023839459891334167
58.95121974417206,39.208963528625475,4.150224807391276,0.03167567372188573,0.032461153880309346,0.006160499924807869,0.035406365603108,0.027538846119690708,0.023839500075192144
58.95567459302675,39.21261045190279,4.155176215390651,0.03167566511592845,0.032461107835125624,0.006160460340057267,0.03540637420906528,0.02753889216487443,0.023839539659942746
58.960129620019515,39.21625755401025,4.1601374046765125,0.03167565659233951,0.03246106219397599,0.0061604213802432944,0.03540638273265423,0.027538937806024066,0.02383957861975672
58.96458482521208,39.21990483499688,4.165108379193927,0.03167564815202123,0.03246101694019404,0.006160383095699877,0.03540639117297251,0.02753898305980601,0.023839616904300136
58.969040208657745,39.22355229490499,4.170089142875921,0.03167563979759341,0.032460972053125536,0.006160345584719652,0.03540639952740032,0.027539027946874517,0.02383965441528036
58.97349577041801,39.227199933783524,4.175079699633126,0.03167563153290809,0.03246092750702523,0.006160308974041878,0.03540640779208565,0.027539072492974825,0.023839691025958135
58.97795151062337,39.23084775173716,4.180080052412658,0.031675623359455396,0.03246088327089597,0.0061602733845791055,0.03540641596553834,0.027539116729104085,0.023839726615420907
58.982407429449886,39.23449574890742,4.1850902061721955,0.03167561527761115,0.032460839309711886,0.006160238907325748,0.03540642404738259,0.027539160690288167,0.023839761092674265
58.98686352710254,39.23814392545924,4.1901101647745955,0.03167560728707153,0.03246079558597226,0.006160205591082019,0.03540643203792221,0.027539204414027796,0.023839794408917994
58.991319803802256,39.2417922815705,4.195139932036862,0.031675599387027575,0.032460752061348463,0.0061601734402644825,0.03540643993796616,0.02753924793865159,0.02383982655973553
58.99577625977575,39.24544081742383,4.200179511722608,0.031675591576230844,0.03246070869821949,0.006160142418819681,0.03540644774876289,0.027539291301780566,0.023839857581180332
59.000232895246455,39.24908953319931,4.205228907535171,0.03167558385301855,0.03246066546098797,0.0061601124569768614,0.035406455471975185,0.027539334539012084,0.02383988754302315
59.00468971042716,39.252738429068465,4.210288123106798,0.031675576198605226,0.03246062231710195,0.00616008345880447,0.03540646312638851,0.027539377682898103,0.023839916541195542
59.00914670551384,39.25638750518935,4.2153571620131505,0.031675568627678896,0.03246057923785295,0.006160055309512198,0.03540647069731484,0.027539420762147104,0.023839944690487815
59.01360388067865,39.26003676170081,4.220436027945449,0.031675561138234165,0.0324605361989031,0.006160027882245719,0.03540647818675957,0.027539463801096953,0.023839972117754293
59.01806123606211,39.26368619871625,4.225524724101465,0.031675553618195906,0.0324604935537654,0.0061599913574521825,0.03540648570679783,0.02753950644623465,0.02384000864254783
59.02251876966313,39.267335814619685,4.230623252008987,0.031675546176102465,0.03246045129335651,0.006159955311751432,0.03540649314889127,0.027539548706643546,0.02384004468824858
59.026976481537844,39.27098560945572,4.235731614923602,0.03167553881120455,0.03246040940900141,0.006159919731273514,0.035406500513789185,0.02753959059099864,0.0238400802687265
59.031434371740644,39.27463558326757,4.2408498160105434,0.0316755315227244,0.03246036789235829,0.0061598846026023404,0.03540650780226934,0.027539632107641765,0.023840115397397672
59.0358924403243,39.27828573609712,4.245977858458209,0.03167552439750315,0.032460326439438136,0.006159857603971877,0.035406514927490584,0.027539673560561917,0.023840142396028136
59.04035068902415,39.28193606934505,4.251115746832726,0.031675517248485885,0.032460285370135844,0.006159822377136956,0.03540652207650785,0.02753971462986421,0.023840177622863057
59.04480911600572,39.2855865815298,4.256263482578367,0.03167551021719189,0.032460244533565275,0.00615979130693501,0.03540652910780184,0.02753975546643478,0.023840208693065003
59.04926772213331,39.28923727334859,4.261421069421239,0.03167550321990742,0.03246020405477279,0.006159757146147485,0.03540653610508632,0.027539795945227263,0.023840242853852528
59.05372650670218,39.29288814423184,4.266588509721378,0.031675496307221496,0.032460163887235494,0.006159724421494227,0.03540654301777224,0.02753983611276456,0.023840275578505786
59.05818546997764,39.296539194393034,4.271765806521949,0.03167548947525484,0.032460123993218126,0.006159692886996866,0.0354065498497389,0.027539876006781927,0.023840307113003147
59.062644612038035,39.300190423894804,4.276952962944482,0.03167548276740567,0.03246008420721436,0.0061596658342054494,0.035406556557588065,0.027539915792785696,0.023840334165794563
59.067103933743155,39.303841833430845,4.282149982397074,0.03167547606534349,0.03246004476885733,0.006159632639495684,0.03540656325965025,0.02753995523114272,0.02384036736050433
59.071563433708036,39.307493421882306,4.287356866333819,0.03167546943242611,0.03246000570420682,0.006159598966292326,0.03540656989256763,0.027539994295793235,0.023840401033707687
59.0760231119053,39.31114518922605,4.292573617480913,0.03167546288141221,0.03245996696259268,0.006159566802420566,0.03540657644358153,0.027540033037407374,0.023840433197579447
59.08048297038819,39.314797137123804,4.297800240245775,0.03167545634467739,0.03245992856800628,0.006159534830986281,0.03540658298031635,0.027540071431993773,0.023840465169013732
59.08494300760661,39.31844926431989,4.303036736096062,0.03167544986362525,0.032459890530048385,0.006159502292536319,0.03540658946136849,0.027540109469951668,0.023840497707463694
59.08940322301046,39.32210157036907,4.308283107153655,0.03167544347611723,0.03245985280125874,0.006159471156194432,0.03540659584887651,0.027540147198741316,0.02384052884380558
59.093863617390284,39.32575405590954,4.313539356575089,0.03167543715186344,0.03245981536141801,0.0061594408200674605,0.0354066021731303,0.027540184638582044,0.023840559179932552
59.09832419061365,39.329406720833425,4.318805486099308,0.03167543089730812,0.03245977819751744,0.006159410956080788,0.035406608427685615,0.027540221802482612,0.023840589043919225
59.10278494299276,39.3330595653928,4.324081499602407,0.03167542470099027,0.03245974130977658,0.006159381336944575,0.03540661462400346,0.027540258690223474,0.023840618663055438
59.10724587452802,39.33671258958739,4.329367398916766,0.03167541857956957,0.03245970468719023,0.006159352168486003,0.03540662074542417,0.027540295312809826,0.02384064783151401
59.111706985153646,39.340365793363326,4.334663186388654,0.031675412536476766,0.03245966826930696,0.006159324712827541,0.03540662678851697,0.02754033173069309,0.023840675287172472
59.11616827520544,39.344019176991324,4.3399688646715555,0.031675406569893094,0.03245963200271823,0.006159298803292995,0.03540663275510064,0.027540367997281823,0.023840701196707018
59.120629745106115,39.34767274081285,4.345284436363532,0.03167540066669533,0.03245959587073394,0.006159273510016883,0.035406638658298406,0.027540404129266116,0.02384072648998313
59.125091394855616,39.35132648482733,4.350609903736891,0.031675394825052994,0.032459559870246624,0.006159248375037472,0.03540664449994074,0.02754044012975343,0.02384075162496254
59.129553224470996,39.35498040904795,4.355945269030574,0.03167538903880496,0.03245952400590707,0.0061592231778166764,0.03540665028618878,0.027540475994092983,0.023840776822183336
59.134015233850214,39.35863451339211,4.36129053433827,0.031675383310679595,0.032459488287794935,0.006159197840803425,0.03540665601431414,0.027540511712205118,0.023840802159196588
59.13847742305867,39.36228879791274,4.366645701478367,0.031675377637163826,0.03245945272829304,0.0061591723499046305,0.03540666168782991,0.027540547271707017,0.023840827650095382
59.142939792069555,39.365943262588004,4.372010773225041,0.03167537201729903,0.03245941733835622,0.006159146707908417,0.035406667307694706,0.02754058266164383,0.023840853292091596
59.147402340965854,39.36959790748517,4.377385751061738,0.031675366448375486,0.03245938213072885,0.006159120931448464,0.03540667287661825,0.0275406178692712,0.02384087906855155
59.15186506974166,39.37325273259884,4.38277063686049,0.031675360925353946,0.03245934711259041,0.006159095047207984,0.03540667839963979,0.027540652887409645,0.02384090495279203
59.15632797849828,39.3769077380102,4.388165432543538,0.03167535543825617,0.03245931229015547,0.006159069083043686,0.03540668388673757,0.02754068770984458,0.023840930916956327
59.1607910668628,39.38056292341744,4.393570139558506,0.0316753500015759,0.03245927766719253,0.006159043101119775,0.03540668932341784,0.02754072233280752,0.023840956898880238
59.16525433486288,39.3842182888432,4.398984759599937,0.031675344618531165,0.03245924324998556,0.006159017185971796,0.03540669470646257,0.027540756750014495,0.023840982814028217
59.16971778247656,39.38787383426923,4.404409294229629,0.03167533929226246,0.03245920902652594,0.006158991704758941,0.035406700032731275,0.027540790973474116,0.02384100829524107
59.174181409561974,39.3915295595803,4.409843746589164,0.03167533404762396,0.03245917492663758,0.006158968157318374,0.03540670527736978,0.027540825073362474,0.02384103184268164
59.17864521620345,39.39518546484198,4.41528811900814,0.031675328813040915,0.03245914109797632,0.006158940539985558,0.03540671051195282,0.027540858902023735,0.023841059460014455
59.183109202735025,39.39884155032844,4.4207424134454225,0.031675323642289144,0.032459107468440274,0.006158915658767548,0.03540671568270459,0.02754089253155978,0.023841084341232464
59.187573368034464,39.40249781512574,4.426206630925585,0.0316753185064132,0.03245907408007581,0.006158888784975926,0.03540672081858054,0.027540925919924242,0.023841111215024087
59.192037713563025,39.40615426042302,4.431680774335835,0.031675313405226946,0.03245904100393743,0.006158861566611953,0.03540672591976679,0.027540958996062626,0.02384113843338806
59.19650223825897,39.40981088535777,4.437164844666051,0.03167530835317989,0.032459008223186314,0.0061588344027852515,0.03540673097181385,0.02754099177681374,0.02384116559721476
59.20096694210133,39.413467689912395,4.442658843684965,0.03167530345491659,0.03245897538775133,0.00615881659319259,0.035406735870077144,0.02754102461224872,0.023841183406807423
59.20543182710618,39.41712467571476,4.448162787767999,0.03167529854337098,0.032458942699074234,0.006158793509790761,0.03540674078162276,0.02754105730092582,0.023841206490209252
59.209896892124945,39.42078184183727,4.453676686876084,0.031675293665227255,0.032458910205521,0.006158769291477406,0.03540674565976648,0.027541089794479057,0.023841230708522607
59.21436213689225,39.42443918806532,4.459200529767977,0.031675288802073376,0.032458878017339765,0.006158742362060578,0.03540675052292036,0.027541121982660288,0.023841257637939435
59.218827560791375,39.428096713900416,4.4647343165589355,0.03167528399320668,0.03245884611174765,0.006158716209226298,0.035406755331787054,0.0275411538882524,0.023841283790773715
59.223293163957266,39.43175441945097,4.4702780473364605,0.03167527926084862,0.03245881439000281,0.0061586928196858265,0.035406760064145115,0.027541185609997243,0.023841307180314186
59.227758946963036,39.4354123051794,4.4758317260272245,0.03167527456738728,0.03245878287577991,0.006158668929007592,0.03540676475760646,0.02754121712422014,0.02384133107099242
59.23222490967795,39.43907037097975,4.481395367292477,0.0316752698985005,0.03245875163943007,0.0061586433194571535,0.035406769426493234,0.02754124836056998,0.02384135668054286
59.23669105170151,39.44272861652817,4.486968989461423,0.03167526528415038,0.03245872065117489,0.006158618657270035,0.03540677404084336,0.027541279348825165,0.023841381342729978
59.241157373209425,39.44638704196605,4.492552637658189,0.03167526070217319,0.03245868995316048,0.006158593035750115,0.035406778622820545,0.027541310046839573,0.023841406964249898
59.245623873962856,39.45004564710001,4.498145959548962,0.03167525619405703,0.03245865944854737,0.006158570132962657,0.0354067831309367,0.027541340551452687,0.023841429867037356
59.25009055452429,39.45370443238387,4.50374923917251,0.031675251712973085,0.032458629193598876,0.006158545872958041,0.03540678761202065,0.027541370806401178,0.023841454127041972
59.25455741457412,39.45736339755912,4.50936249101708,0.031675247266601425,0.032458599218450124,0.006158520968609901,0.03540679205839231,0.02754140078154993,0.02384147903139011
59.259024453942395,39.46102254248799,4.514985704266242,0.031675242865840836,0.032458569516095104,0.006158496412253432,0.0354067964591529,0.02754143048390495,0.02384150358774658
59.26349167267311,39.46468186720552,4.520618852456905,0.03167523852538762,0.032458540029178085,0.00615847352762941,0.03540680079960612,0.02754145997082197,0.023841526472370603
59.26795907110131,39.46834137198182,4.526261914473986,0.03167523421626767,0.03245851079444945,0.006158449807433061,0.03540680510872607,0.027541489205550607,0.02384155019256695
59.272426649019074,39.47200105664857,4.531914977222459,0.03167522994734967,0.032458481818374574,0.00615842606631041,0.035406809377644066,0.02754151818162548,0.023841573933689603
59.276894406392785,39.47566092117812,4.53757795991671,0.031675225727144374,0.03245845307791523,0.00615840308551012,0.03540681359784936,0.027541546922084825,0.023841596914489893
59.281362343359284,39.47932096568054,4.543250883603364,0.03167522154090452,0.03245842459732262,0.006158379606356901,0.03540681778408922,0.027541575402677432,0.023841620393643112
59.28583045978223,39.48298119004525,4.5489337594021615,0.03167521739855511,0.03245839636696235,0.006158356534014343,0.035406821926438625,0.027541603633037703,0.02384164346598567
59.290298755720826,39.48664159431959,4.554626739804043,0.031675213297483074,0.03245836838442545,0.006158333672993975,0.03540682602751066,0.027541631615574602,0.023841666327006038
59.294767231192544,39.49030217851721,4.560329571593769,0.03167520924323558,0.032458340627550486,0.006158311543626317,0.035406830081758156,0.027541659372449567,0.023841688456373696
59.299235886329235,39.493962942744155,4.5660423268654915,0.031675205261539996,0.03245831298713364,0.006158292435138157,0.03540683406345374,0.02754168701286641,0.023841707564861855
59.30370472176729,39.4976238875141,4.571765035350909,0.031675201294754374,0.03245828554229657,0.00615827132165743,0.03540683803023936,0.02754171445770348,0.023841728678342583
59.308173737054005,39.50128501246114,4.5774977021552665,0.03167519738060759,0.03245825824691684,0.006158251548410071,0.03540684194438615,0.027541741753083215,0.023841748451589942
59.31264293246083,39.5049463178042,4.583240330510511,0.03167519351786574,0.03245823105699491,0.00615823303874994,0.035406845807127996,0.02754176894300514,0.023841766961250073
59.3171123082479,39.50860780375314,4.588992922556736,0.03167518970176131,0.03245820394240456,0.006158215405671859,0.03540684962323243,0.02754179605759549,0.023841784594328154
59.32158186459564,39.51226947045353,4.594755480332029,0.03167518592787072,0.03245817688597752,0.006158198292423971,0.03540685339712302,0.027541823114022534,0.023841801707576042
59.32605160160989,39.51593131799076,4.6005280051680355,0.031675182189110196,0.03245814989253942,0.006158181108815074,0.03540685713588354,0.02754185010746063,0.02384181889118494
59.3305215192691,39.519593346347335,4.606310498311549,0.031675178518493996,0.03245812285638311,0.006158166782817304,0.03540686080649974,0.027541877143616944,0.02384183321718271
59.334991618193186,39.52325555602394,4.612102961478416,0.03167517478778792,0.03245809609387401,0.006158144091835814,0.03540686453720582,0.027541903906126042,0.0238418559081642
59.339461896553544,39.52691794554343,4.617905394127859,0.03167517111506274,0.03245806953409086,0.006158123433866791,0.035406868209931,0.027541930465909192,0.02384187656613322
59.34393235476444,39.53058051523996,4.623717797521247,0.03167516745801324,0.03245804324399221,0.006158101125584035,0.035406871866980494,0.027541956756007846,0.023841898874415977
59.348402992440796,39.53424326480207,4.629540172336474,0.031675163836996534,0.032458017223059965,0.006158078984253489,0.0354068754879972,0.027541982776940088,0.023841921015746524
59.35287380958812,39.53790619423369,4.63537251932759,0.03167516026481554,0.03245799142723815,0.006158058164010563,0.0354068790601782,0.0275420085727619,0.02384194183598945
59.35734480646511,39.54156930374332,4.641214839454478,0.03167515671953092,0.03245796588323313,0.006158036768602229,0.03540688260546282,0.027542034116766922,0.023841963231397784
59.3618159829198,39.545232593207785,4.647067133215658,0.03167515320688025,0.03245794059816004,0.006158015329191635,0.03540688611811349,0.027542059401840013,0.023841984670808378
59.366287338913565,39.548896062595375,4.652929401076704,0.03167514974132474,0.03245791553029087,0.006157995144395294,0.035406889583669,0.027542084469709183,0.02384200485560472
59.37075887469068,39.55255971210296,4.658801643626459,0.03167514630571461,0.032457890692923874,0.00615797473512323,0.03540689301927913,0.02754210930707618,0.023842025264876783
59.37523059016734,39.55622354166244,4.664683861168141,0.031675142967755365,0.032457865875912706,0.006157960036319798,0.03540689635723837,0.027542134124087347,0.023842039963680214
59.37970248656816,39.55988755226272,4.670576055359686,0.03167513961884261,0.03245784122380596,0.006157941538735175,0.03540689970615113,0.027542158776194092,0.023842058461264838
59.38417456305699,39.563551743228274,4.676478227833676,0.03167513630452362,0.03245781673206083,0.006157923265600017,0.035406903020470115,0.027542183267939224,0.023842076734399996
59.38864681966306,39.56721611458239,4.682390398940924,0.03167513302834296,0.03245779238349039,0.006157905551161025,0.035406906296650775,0.027542207616509662,0.023842094448838988
59.39311925648979,39.57088066640836,4.688312533824097,0.031675129759628995,0.03245776826097252,0.00615788572858756,0.03540690956536474,0.027542231739027534,0.023842114271412453
59.39759187308184,39.57454539833802,4.694244694662631,0.03167512652442078,0.03245774435833304,0.00615786620366722,0.035406912800572954,0.027542255641667013,0.023842133796332793
59.40206466948692,39.5782103104095,4.700186780343973,0.03167512331897987,0.032457720679344715,0.006157846707126047,0.03540691600601387,0.02754227932065534,0.023842153292873966
59.406537645681205,39.58187540260318,4.706138872118548,0.03167512014261853,0.03245769722980307,0.0061578271853963695,0.03540691918237521,0.02754230277019698,0.023842172814603643
59.41101080161131,39.58554067487543,4.712100919388931,0.03167511700279019,0.032457673992417335,0.00615780824979828,0.03540692232220355,0.027542326007582718,0.023842191750201733
59.415484137353246,39.58920612728696,4.718072947157675,0.031675113893420814,0.03245765096373726,0.006157789489767945,0.03540692543157292,0.027542349036262792,0.023842210510232067
59.4199576529446,39.592871759867954,4.72405498362239,0.031675110813231155,0.03245762814912373,0.006157770745618761,0.03540692851176258,0.027542371850876324,0.02384222925438125
59.42443134840077,39.59653757263081,4.730047138524887,0.03167510776514704,0.03245760554666183,0.006157752223365981,0.0354069315598467,0.027542394453338226,0.023842247776634032
59.42890522373017,39.6002035655818,4.736049289040148,0.03167510474480334,0.03245758316503228,0.006157733577025294,0.0354069345801904,0.027542416834967776,0.02384226642297472
59.433379278867726,39.603869738667825,4.7420614381854795,0.03167510176436095,0.032457560970202026,0.006157715944357711,0.03540693756063279,0.027542439029798027,0.0238422840556423
59.437853514017235,39.60753609205311,4.7480835876701475,0.03167509881204994,0.03245753896523412,0.006157698342875009,0.035406940512943796,0.02754246103476593,0.023842301657125003
59.442327929164705,39.61120262572601,4.754115734373933,0.03167509588837336,0.03245751715007056,0.006157680854240968,0.035406943436620375,0.027542482849929495,0.023842319145759044
59.44680252431209,39.61486933968773,4.760157874348872,0.03167509299356813,0.03245749552304755,0.006157663522305644,0.035406946331425604,0.0275425044769525,0.02384233647769437
59.45127729947114,39.6185362339474,4.766210006082228,0.03167509012784614,0.03245747408095784,0.0061576463877802065,0.0354069491971476,0.027542525919042216,0.023842353612219806
59.45575225466243,39.62220330852131,4.772272107812931,0.031675087291488824,0.03245745281879919,0.006157629496752651,0.03540695203350491,0.02754254718120086,0.023842370503247362
59.460227389916966,39.625870563434134,4.778344171890051,0.031675084484696026,0.032457431730037456,0.0061576128879006625,0.03540695484029771,0.027542568269962597,0.02384238711209935
59.46470270527483,39.629537998717936,4.784426200672039,0.031675081707726704,0.03245741080639131,0.006157596604947996,0.03540695761726703,0.027542589193608746,0.023842403395052017
59.46917820078653,39.6332056144132,4.790518195858478,0.03167507896097049,0.032457390037372524,0.0061575807031463425,0.03540696036402324,0.02754260996262753,0.02384241929685367
59.473653876515854,39.63687341057114,4.796620159111814,0.03167507624483046,0.032457369410181236,0.006157565239538733,0.03540696308016328,0.027542630589818817,0.02384243476046128
59.47812973256208,39.640541387271796,4.802732092100958,0.03167507355934096,0.03245734891099861,0.006157550251373843,0.035406965765652776,0.027542651089001446,0.02384244974862617
59.48260576900536,39.644209544579695,4.808853996446891,0.0316750709068378,0.03245732851858252,0.006157535917479043,0.03540696841815594,0.027542671481417536,0.02384246408252097
59.48708198596922,39.64787788259437,4.814985873776035,0.031675068287376984,0.03245730820999787,0.006157522265860499,0.03540697103761675,0.027542691790002183,0.023842477734139514
59.4915583835885,39.65154640142457,4.821127685499817,0.03167506570066719,0.032457287961854986,0.006157509300364204,0.03540697362432654,0.027542712038145067,0.02384249069963581
59.49603496200373,39.65521510118368,4.8272794021257095,0.03167506314622487,0.032457267751302976,0.006157496999320999,0.03540697617876887,0.027542732248697077,0.023842503000679013
59.500511721352574,39.658883981982825,4.833441016219332,0.03167506062331721,0.03245724755681334,0.006157485316918232,0.03540697870167653,0.027542752443186713,0.02384251468308178
59.504988661765985,39.66255304392777,4.8396125957980285,0.031675058130962,0.03245722735896561,0.006157474187432885,0.03540698119403174,0.02754277264103444,0.023842525812567128
59.509465783363346,39.66622228711496,4.845794167432256,0.03167505566790668,0.03245720714131739,0.006157463522576186,0.035406983657087054,0.027542792858682663,0.023842536477423827
59.51394308624843,39.66989171162827,4.8519857353326445,0.03167505323196579,0.03245718689326521,0.006157453158651197,0.03540698609302795,0.027542813106734843,0.023842546841348816
59.51842057049395,39.67356131752648,4.858187300104442,0.03167505082184163,0.03245716660674691,0.006157443022663654,0.035406988503152104,0.02754283339325314,0.02384255697733636
59.52289823615523,39.6772311048544,4.864398861796314,0.031675048436615394,0.032457146275848225,0.006157433060927697,0.03540699088837834,0.027542853724151828,0.023842566939072316
59.52737608327589,39.68090107364736,4.870620420525415,0.03167504607618743,0.03245712589745037,0.006157423286762886,0.03540699324880631,0.027542874102549686,0.023842576713237126
59.53185411129948,39.684571223455926,4.876851976052759,0.03167504377684671,0.03245710544751018,0.006157414183965516,0.035406995548147024,0.02754289455248987,0.023842585816034496
59.53633232124391,39.68824155510248,4.8830935296487405,0.031675041378336155,0.032457085275303,0.006157395704381487,0.03540699794665758,0.027542914724697054,0.023842604295618526
59.54081071076503,39.69191206669289,4.889345079775253,0.03167503901246865,0.032457065350678826,0.006157378171095199,0.03540700031252508,0.027542934649321227,0.023842621828904814
59.54528928004804,39.69558275837631,4.895606627971005,0.03167503666309296,0.03245704569522523,0.00615736020851388,0.03540700266190078,0.027542954304774825,0.023842639791486132
59.54976802897906,39.699253630060255,4.901878174309046,0.03167503433739599,0.032457026305836856,0.006157342488221834,0.035407004987597746,0.027542973694163198,0.02384265751177818
59.55424695758845,39.70292468176878,4.908159718664946,0.03167503203477651,0.03245700717994254,0.006157324994659527,0.03540700729021723,0.02754299282005751,0.023842675005340486
59.55872606590278,39.70659591352287,4.914451261663607,0.03167502975575914,0.032456988311750756,0.0061573078124456185,0.03540700956923459,0.027543011688249297,0.023842692187554394
59.56320535396666,39.71026732535806,4.92075281096389,0.03167502749966605,0.0324569696963285,0.006157290915964925,0.03540701182532768,0.027543030303671556,0.023842709084035088
59.56768482178576,39.71393891727844,4.927064456218293,0.03167502526713234,0.03245695134442511,0.006157274267204464,0.0354070140578614,0.027543048655574942,0.02384272573279555
59.57216446938364,39.71761068930256,4.933385989822249,0.03167502305816344,0.03245693329473226,0.006157257879554498,0.03540701626683029,0.027543066705267794,0.023842742120445515
59.57664429678358,39.721282641448624,4.939717524218263,0.03167502087333146,0.03245691553996605,0.0061572418213191454,0.035407018451662275,0.027543084460034006,0.023842758178680867
59.58112430402436,39.724954773747434,4.946059059944712,0.03167501871238604,0.03245689807287511,0.006157226088249389,0.0354070206126077,0.027543101927124947,0.023842773911750624
59.585604491144665,39.72862708622967,4.952410597509886,0.03167501657463906,0.03245688088767601,0.006157210637297204,0.03540702275035468,0.027543119112324044,0.02384278936270281
59.5900848581745,39.732299578919054,4.958772137322036,0.031675014459052464,0.032456863981228545,0.006157195394549592,0.03540702486594127,0.027543136018771508,0.02384280460545042
59.59456540512829,39.73597225182671,4.965143679718938,0.031675012365101396,0.03245684735143001,0.006157180330709937,0.03540702695989234,0.027543152648570046,0.023842819669290076
59.59904613201435,39.739645104958825,4.971525225347389,0.0316750102935594,0.03245683099308777,0.0061571655278272255,0.035407029031434334,0.027543169006912283,0.023842834472172787
59.60352703885921,39.74331813833632,4.977916774417303,0.03167500825153963,0.03245681487701596,0.006157151629453475,0.03540703107345411,0.027543185122984093,0.023842848370546538
59.6080081258312,39.746991352094724,4.984318327243618,0.031675006226620006,0.03245679901337445,0.006157137562693753,0.03540703309837373,0.027543200986625604,0.02384286243730626
59.61248939286652,39.75066474618202,4.990729883818085,0.031675004225699244,0.03245678338941144,0.006157123949303553,0.03540703509929449,0.027543216610588617,0.02384287605069646
59.61697084003659,39.754338320655435,4.997151444136356,0.031675002260505736,0.03245676795335334,0.006157111835290149,0.035407037064488,0.027543232046646715,0.023842888164709863
59.621452467644005,39.75801207575907,5.003583008292014,0.03167500031181675,0.03245675271457338,0.006157099549455203,0.03540703901317699,0.027543247285426675,0.02384290045054481
59.625934275630414,39.761686011445434,5.0100245759702835,0.031674998372671515,0.03245673770461005,0.006157086497242503,0.03540704095232222,0.027543262295390003,0.02384291350275751
59.63041626380585,39.76536012756061,5.016476146704438,0.031674996454027105,0.03245672291925805,0.0061570736572394355,0.03540704287096663,0.027543277080742,0.023842926342760577
59.634898432191356,39.76903442412119,5.022937720132074,0.03167499454850686,0.032456708377574084,0.006157060399332094,0.03540704477648687,0.02754329162242597,0.02384293960066792
59.63938078067008,39.77270890103228,5.029409295708191,0.03167499271391505,0.03245669391043837,0.006157051811898247,0.035407046611078685,0.02754330608956168,0.023842948188101766
59.64386331024021,39.77638355910017,5.035890873919166,0.0316749908748058,0.03245667959069237,0.006157041287343262,0.03540704845018794,0.02754332040930768,0.02384295871265675
59.648346020468935,39.780058397974926,5.042382453965111,0.03167498905911664,0.03245666540220499,0.006157031295083881,0.035407050265877094,0.027543334597795066,0.02384296870491613
59.65282891145689,39.7837334177376,5.048884035406953,0.03167498726066875,0.032456651347228416,0.006157021309191664,0.035407052064324984,0.027543348652771638,0.02384297869080835
59.65731198319118,39.787408618377526,5.055395620457027,0.03167498547963293,0.032456637426331536,0.006157011361234303,0.0354070538453608,0.027543362573668517,0.02384298863876571
59.661795235665565,39.79108399988943,5.061917208984792,0.03167498371625049,0.03245662363869484,0.006157001488935103,0.03540705560874324,0.027543376361305216,0.02384299851106491
59.666278668882,39.794759562274635,5.068448800807014,0.03167498197093105,0.03245660998156863,0.006156991744582688,0.03540705735406269,0.027543390018431424,0.023843008255417325
59.67076228285394,39.79843530554375,5.074990395777457,0.031674980244642825,0.03245659644840576,0.00615698222943329,0.03540705908035091,0.027543403551594292,0.023843017770566723
59.67524607761735,39.80211122972561,5.081541993793677,0.03167497853983581,0.0324565830239163,0.006156973177452868,0.03540706078515793,0.027543416976083757,0.023843026822547145
59.67973005326033,39.80578733489119,5.088103594826923,0.03167497683429921,0.032456569763792464,0.006156962660972869,0.03540706249069453,0.02754343023620759,0.023843037339027144
59.68421420944931,39.809463620770686,5.094675197922259,0.031674975109001136,0.032456556786087554,0.006156949016158521,0.0354070642159926,0.0275434432139125,0.023843050983841492
59.688698545478815,39.81314008679361,5.101256803599175,0.03167497340962083,0.032456544061647885,0.0061569362805500225,0.035407065915372904,0.027543455938352168,0.02384306371944999
59.69318306151581,39.816816733094356,5.1078484114187725,0.03167497173483774,0.03245653156458622,0.0061569243537251475,0.035407067590155994,0.02754346843541383,0.023843075646274865
59.69766775770874,39.820493559792396,5.114450021562093,0.031674970082697484,0.03245651927445292,0.0061569130771510355,0.03540706924229625,0.02754348072554713,0.023843086922848977
59.70215263417424,39.82417056698158,5.121061634232042,0.03167496842848244,0.032456507250166466,0.006156900290892824,0.035407070896511295,0.027543492749833587,0.02384309970910719
59.70663769055693,39.82784775437426,5.127683249271361,0.03167496685770649,0.032456495274045594,0.006156893519501487,0.03540707246728725,0.02754350472595446,0.023843106480498526
59.71112292814709,39.831525123012796,5.134314597022249,0.031674965300777014,0.03245648334975232,0.006156886665936043,0.03540707402421672,0.027543516650247735,0.02384311333406397
59.71560834692154,39.835202672878374,5.140955948387793,0.031674963759927066,0.03245647147323494,0.006156879940401275,0.03540707556506667,0.027543528526765115,0.023843120059598738
59.7200939469028,39.83888040398911,5.1476073031040555,0.03167496223597238,0.03245645963723898,0.006156873428201891,0.035407077089021355,0.027543540362761076,0.023843126571798122
59.724579728132554,39.8425583163786,5.154268660926833,0.03167496072924336,0.03245644783284951,0.00615686717144967,0.035407078595750374,0.027543552167150542,0.023843132828550342
59.72906569066254,39.84623641008861,5.160940021733925,0.03167495923595032,0.03245643606279569,0.006156860850221879,0.03540708008904342,0.027543563937204363,0.023843139149778134
59.73355183447526,39.84991468510493,5.167621385124747,0.03167495775717011,0.032456424371412884,0.006156854571521812,0.03540708156782363,0.02754357562858717,0.0238431454284782
59.738038159567594,39.85359314142492,5.174312750825875,0.031674956294983014,0.032456412781997235,0.006156848514423573,0.03540708303001072,0.02754358721800282,0.02384315148557644
59.74252466597468,39.857271779076754,5.181014118503827,0.03167495485148536,0.03245640127876753,0.006156842868119405,0.03540708447350838,0.02754359872123252,0.023843157131880607
59.74701135376146,39.860950598112765,5.187725487918306,0.03167495342986393,0.03245638983702409,0.006156837867232347,0.03540708589512981,0.027543610162975962,0.023843162132767666
59.751498222990335,39.86462959858323,5.194446858842379,0.03167495203707282,0.03245637841984589,0.006156833834187192,0.03540708728792091,0.027543621580154165,0.02384316616581282
59.75598527385442,39.86830878064413,5.201178231176184,0.031674950678960034,0.032456366972862305,0.006156831233567875,0.0354070886460337,0.02754363302713775,0.023843168766432138
59.76047250666088,39.87198814454375,5.207919604931795,0.031674949254314744,0.03245635576764322,0.006156821173632206,0.03540709007067899,0.027543644232356834,0.023843178826367807
59.76495991977674,39.87566768896218,5.214670978415404,0.03167494785406699,0.032456344786136404,0.0061568116543447085,0.035407091470926744,0.02754365521386365,0.023843188345655304
59.769447513302396,39.87934741398013,5.221432351482207,0.031674946432046436,0.03245633415633614,0.0061567986925254795,0.0354070928929473,0.02754366584366391,0.023843201307474533
59.77393528647427,39.88302731897991,5.228203723236115,0.031674945028548396,0.03245632387441544,0.006156785932789566,0.03540709429644534,0.027543676125584615,0.023843214067210447
59.77842324004483,39.88670740456877,5.234985094142106,0.031674943595868865,0.03245631395939863,0.006156772704635806,0.03540709572912487,0.027543686040601423,0.023843227295364207
59.78291137318644,39.89038767007731,5.241776463276236,0.031674942180428656,0.0324563044021991,0.006156759864371558,0.03540709714456508,0.027543695597800955,0.023843240135628455
59.78739968531299,39.89406811503133,5.248577829947953,0.03167494082004074,0.032456295184081,0.006156747810731646,0.035407098504952994,0.027543704815919057,0.023843252189268367
59.79188817733308,39.89774874016422,5.255389194817331,0.03167493946996963,0.03245628628855063,0.006156736292582662,0.035407099855024105,0.027543713711449425,0.02384326370741735
59.796376849208386,39.90142954544437,5.2622105577221046,0.031674938134268915,0.032456277705912195,0.006156725134276349,0.03540710119072482,0.027543722294087858,0.023843274865723664
59.800865701002536,39.905110530922585,5.269041918595702,0.031674936812188026,0.03245626942458085,0.006156714382488555,0.03540710251280571,0.0275437305754192,0.023843285617511457
59.80535473276464,39.90879169663796,5.275883277323401,0.031674935503978874,0.032456261432243505,0.006156704052527155,0.03540710382101486,0.02754373856775655,0.023843295947472858
59.80984394457306,39.91247304265323,5.282734633604189,0.03167493420838885,0.03245625371677707,0.006156694134498847,0.03540710511660489,0.02754374628322298,0.023843305865501166
59.81433333649227,39.916154569019945,5.289595986479932,0.03167493292492751,0.03245624626600613,0.006156684624488297,0.035407106400066224,0.027543753733993925,0.023843315375511716
59.81882290857136,39.919836275777286,5.296467333493852,0.03167493165404445,0.03245623906736228,0.006156675528945596,0.03540710767094929,0.027543760932637773,0.023843324471054417
59.82331266084668,39.92351816295409,5.303348669880468,0.0316749303968934,0.03245623210826071,0.00615666684400458,0.03540710892810034,0.027543767891739346,0.023843333155995433
59.82780259334818,39.927200230574115,5.3102399842032195,0.03167492915445941,0.03245622537691867,0.006156658543963349,0.03540711017053433,0.027543774623081385,0.023843341456036664
59.83229270611755,39.930882478670526,5.317141309170715,0.03167492792671711,0.032456218863058606,0.00615665057772357,0.035407111398276625,0.027543781136941448,0.023843349422276443
59.83678299909038,39.93456490719082,5.324052630404147,0.031674926718254004,0.032456212558812814,0.006156642880477632,0.03540711260673973,0.02754378744118724,0.02384335711952238
59.84127347241497,39.93824751625454,5.3309739476664095,0.03167492552308798,0.03245620645988995,0.006156635371851078,0.035407113801905754,0.027543793540110106,0.023843364628148934
59.845764126106005,39.94193030587316,5.337905260352495,0.03167492434046526,0.0324562005636716,0.006156627985933132,0.035407114984528476,0.027543799436328453,0.02384337201406688
59.85025496016551,39.94561327604791,5.344846567674853,0.031674923169821845,0.032456194869110555,0.006156620678935576,0.03540711615517189,0.027543805130889498,0.023843379321064437
59.854745974587544,39.94929642677357,5.351797855733313,0.0316749220108532,0.032456189375788425,0.006156613434432648,0.035407117314140535,0.02754381062421163,0.023843386565567365
59.85923716936877,39.95297975804708,5.358759161674574,0.03167492086318868,0.03245618408314149,0.006156606256646116,0.035407118461805054,0.02754381591685856,0.023843393743353897
59.86372854450363,39.956663269863526,5.365730459706505,0.03167491976980602,0.03245617885211305,0.00615660293994949,0.035407119555187716,0.027543821147887004,0.023843397060050522
59.868220100811676,39.96034696288507,5.372711693482493,0.03167491867119887,0.03245617373258436,0.00615659824681062,0.035407120653794866,0.027543826267415694,0.023843401753189393
59.87271183794883,39.96403083683313,5.379702975944337,0.03167491756440677,0.032456168780413075,0.006156591992549254,0.03540712176058697,0.02754383121958698,0.02384340800745076
59.87720375559596,39.96771489144972,5.386704252140914,0.031674916468796166,0.03245616399258083,0.006156585892309538,0.03540712285619757,0.02754383600741922,0.023843414107690475
59.88169585387628,39.97139912683441,5.393715521287193,0.03167491538161532,0.0324561593656123,0.00615657996939277,0.035407123943378416,0.02754384063438775,0.023843420030607243
59.88618813268481,39.975083542901686,5.4007367834437465,0.03167491430642411,0.03245615489197917,0.00615657423722666,0.03540712501856963,0.02754384510802088,0.023843425762773353
59.89068059204456,39.97876813966984,5.407768012644835,0.03167491324330851,0.03245615056596174,0.006156568699522427,0.035407126081685225,0.027543849434038314,0.023843431300477586
59.89517323197778,39.982452917156515,5.414809264117162,0.03167491219185509,0.03245614638147171,0.00615656335501593,0.03540712713313865,0.027543853618528347,0.023843436644984083
59.899666052522356,39.98613787539222,5.421860515418274,0.03167491115259663,0.0324561423337037,0.006156558197573492,0.035407128172397107,0.027543857666296356,0.02384344180242652
59.904159053702784,39.98982301439645,5.42892175925693,0.031674910125313704,0.032456138417312375,0.0061565532167033934,0.03540712919968003,0.02754386158268768,0.02384344678329662
59.908652235541794,39.993508334187354,5.435992992654769,0.03167490910973969,0.03245613462741459,0.0061565483979182725,0.035407130215254046,0.027543865372585463,0.02384345160208174
59.91314559805967,39.99719383478103,5.443074215096976,0.03167490810557305,0.03245613095972094,0.006156543723475419,0.035407131219420684,0.027543869040279112,0.023843456276524594
59.917639141273376,40.000879516190984,5.450165426267809,0.03167490711249005,0.032456127410631364,0.0061565391734006575,0.03540713221250369,0.02754387258936869,0.023843460826599355
59.92213286519603,40.00456537842756,5.457266626722661,0.03167490613015583,0.03245612397728165,0.0061565347266951745,0.0354071331948379,0.027543876022718405,0.02384346527330484
59.926626769836545,40.00825142149773,5.4643781052920986,0.03167490515538035,0.0324561206666405,0.006156530112149346,0.035407134169613386,0.027543879333359556,0.023843469887850667
59.931120855144286,40.011937645360334,5.471499483842305,0.03167490418914376,0.03245611748227761,0.0061565254262555755,0.035407135135849976,0.02754388251772244,0.023843474573744437
59.93561512108862,40.01562404999034,5.478630788594242,0.031674903231907525,0.03245611442584956,0.006156520723015375,0.03540713609308621,0.027543885574150495,0.023843479276984637
59.940109567650985,40.01931063537251,5.485772037194535,0.03167490228699349,0.032456111488239514,0.006156516302125159,0.03540713703800025,0.02754388851176054,0.023843483697874854
59.944604194878536,40.02299740154471,5.492923241905463,0.03167490135917245,0.03245610864473053,0.006156512590045439,0.03540713796582129,0.027543891355269523,0.023843487409954574
59.94909900291327,40.0266843486215,5.500084411331965,0.03167490044816257,0.03245610587086972,0.006156509569529664,0.03540713887683117,0.02754389412913033,0.02384349043047035
59.95359399189631,40.03037147671681,5.507255553601284,0.031674899549005264,0.03245610315736214,0.006156506812988308,0.03540713977598847,0.027543896842637916,0.023843493187011705
59.958089161877666,40.034058785870904,5.514436673650004,0.031674898658203055,0.03245610050563624,0.006156504021278049,0.03540714066679068,0.02754389949436381,0.023843495978721964
59.96258451284257,40.03774627607177,5.521627774515027,0.03167489777438792,0.03245609792123072,0.006156501082319181,0.035407141550605814,0.027543902078769333,0.023843498917680832
59.96708004475144,40.04143394728726,5.528828859334178,0.03167489689727959,0.032456095410379304,0.006156497979763816,0.035407142427714144,0.02754390458962075,0.023843502020236197
59.971575757527,40.04512179945472,5.5360399285398225,0.03167489602837731,0.03245609297821639,0.006156494740603244,0.03540714329661643,0.027543907021783665,0.02384350525939677
59.976071651087125,40.0488098325075,5.543260982606617,0.03167489517036309,0.032456090625234635,0.006156491489854726,0.03540714415463064,0.02754390937476542,0.023843508510145286
59.98056772537562,40.05249804639976,5.550492021999857,0.03167489432462195,0.03245608834743591,0.006156488334394965,0.03540714500037179,0.027543911652564146,0.023843511665605048
59.985063980218314,40.05618644098939,5.557733047018555,0.031674893490814704,0.032456086136951334,0.006156485252964208,0.03540714583417903,0.02754391386304872,0.023843514747035804
59.98956041510811,40.059875015868904,5.564984057559541,0.03167489271596674,0.032456084006341535,0.006156482235181622,0.035407146609026996,0.02754391599365852,0.02384351776481839
59.994057032156036,40.06356377274466,5.572245055807279,0.03167489189181183,0.03245608195320038,0.006156479284470898,0.03540714743318191,0.027543918046799676,0.023843520715529115
59.99855383004122,40.06725271054742,5.579516040822853,0.031674891076737655,0.03245607996625077,0.006156476449507092,0.03540714824825608,0.02754392003374928,0.02384352355049292
60.00305080882944,40.07094182933066,5.586797012840898,0.03167489027125364,0.032456078044454606,0.006156473714491344,0.035407149053740095,0.027543921955545447,0.02384352628550867
60.00754796853495,40.07463112910571,5.594087972008971,0.03167488947496083,0.032456076185045146,0.006156471065809251,0.035407149850032904,0.027543923814954907,0.023843528934190762
60.01204530917039,40.07832060988268,5.601388918212555,0.03167488868747176,0.03245607438566217,0.006156468491857393,0.03540715063752198,0.027543925614337883,0.02384353150814262
60.01654283074268,40.08201027166701,5.608699851736201,0.031674887908493654,0.03245607264422862,0.0061564659827064855,0.03540715141650008,0.027543927355771436,0.023843534017293527
60.02104053325688,40.085700114462654,5.616020772610482,0.031674887137812247,0.03245607095902592,0.0061564635294664855,0.03540715218718149,0.027543929040974136,0.023843536470533527
60.0255384167217,40.089390138276535,5.623351680809552,0.031674886375098577,0.032456069328729575,0.006156461123533609,0.03540715294989516,0.027543930671270478,0.023843538876466404
60.0300364811451,40.09308034311498,5.630692576218016,0.031674885619974835,0.032456067752317574,0.006156458756341639,0.0354071537050189,0.02754393224768248,0.023843541243658374
60.03453472653382,40.096770728983316,5.638043458577488,0.031674884872007925,0.03245606622905989,0.006156456419182818,0.03540715445298581,0.027543933770940165,0.023843543580817195
60.03903315289348,40.10046129588598,5.645404327407913,0.031674884130664216,0.03245606475848073,0.006156454103316077,0.03540715519432952,0.027543935241519324,0.023843545896683936
60.043531760229186,40.10415204382697,5.652775183386558,0.03167488339536023,0.03245606334013412,0.006156451807184535,0.035407155929633505,0.02754393665986593,0.023843548192815478
60.0480305485185,40.10784297278806,5.66015602788344,0.031674882667134086,0.03245606197382811,0.006156449528205148,0.03540715665785965,0.027543938026171944,0.023843550471794865
60.05252951775415,40.11153408276327,5.667546860506321,0.03167488194610074,0.03245606065977197,0.006156447255800085,0.035407157378892995,0.027543939340228085,0.023843552744199928
60.05702866725608,40.11522537320122,5.674947678864784,0.03167488125516654,0.03245605939050389,0.00615644501020797,0.035407158069827194,0.027543940609496165,0.023843554989792043
60.061527997751554,40.118916844691135,5.682358479491368,0.0316748805673856,0.032456058173728264,0.0061564427661302545,0.03540715875760814,0.02754394182627179,0.023843557233869758
60.06602750919086,40.122608497192275,5.689779260175448,0.03167487988164569,0.032456057007227646,0.006156440533860358,0.035407159443348046,0.027543942992772408,0.023843559466139655
60.07052720157707,40.12630033070711,5.697210020791569,0.03167487919837991,0.03245605589101269,0.0061564383249661375,0.035407160126613824,0.02754394410898736,0.023843561675033875
60.07502707502404,40.12999234532829,5.704650761420738,0.03167487851756856,0.032456054827788905,0.00615643615236041,0.035407160807425175,0.02754394517221115,0.023843563847639603
60.07952712955493,40.133684541074615,5.712101483092732,0.03167487783968276,0.032456053816638464,0.006156434036632019,0.03540716148531098,0.02754394618336159,0.023843565963367994
60.084027365152885,40.13737691793232,5.719562185293081,0.03167487716572126,0.03245605285543962,0.006156431983628689,0.035407162159272476,0.027543947144560432,0.023843568016371323
60.088527781792756,40.141069475881174,5.7270328673966535,0.03167487649471906,0.03245605195631501,0.006156429628775509,0.035407162830274674,0.02754394804368504,0.023843570371224504
60.09302837919519,40.144762214692776,5.734513527366293,0.03167487582785017,0.03245605108673777,0.006156427852994403,0.03540716349714357,0.027543948913262284,0.02384357214700561
60.097529157606616,40.14845513456845,5.742004165648825,0.03167487516924972,0.03245605025903081,0.006156426053412607,0.03540716415574402,0.027543949740969242,0.023843573946587406
60.102030117037145,40.15214823551662,5.749504781905535,0.03167487452666301,0.03245604945617464,0.006156424783087575,0.035407164798330726,0.027543950543825413,0.023843575216912438
60.10653125764571,40.155841517666325,5.757015377281862,0.03167487391288387,0.032456048629599665,0.006156424954068082,0.035407165412109864,0.027543951370400388,0.02384357504593193
60.11103257966417,40.15953498120388,5.764535952463048,0.031674873314640695,0.03245604774704697,0.0061564258419117834,0.03540716601035304,0.027543952252953086,0.02384357415808823
60.115534083276515,40.16322862627821,5.7720665078791695,0.03167487273139652,0.03245604678156849,0.0061564274596091345,0.03540716659359722,0.02754395321843156,0.023843572540390878
60.12003576864481,40.16692245302029,5.779607043975927,0.03167487214363357,0.032456045761375396,0.006156428219940432,0.035407167181360166,0.027543954238624657,0.02384357178005958
60.12453763347795,40.17061645957345,5.78715755899053,0.031674871630341106,0.03245604467597646,0.006156428668948916,0.03540716769465263,0.027543955324023595,0.023843571331051097
60.129039680603675,40.174310648230474,5.7947180556531706,0.031674871097107926,0.032456043559284664,0.006156429075810266,0.03540716822788581,0.02754395644071539,0.023843570924189747
60.133541909641096,40.17800501868258,5.80228853377946,0.03167487056193913,0.03245604238848199,0.006156429943536872,0.03540716876305461,0.027543957611518066,0.02384357005646314
60.13804432055362,40.18169957089988,5.809868993262983,0.03167487002396363,0.032456041159059756,0.006156430834142891,0.035407169301030106,0.027543958840940297,0.02384356916585712
60.14254691325985,40.185394304816384,5.817459433983728,0.031674869484028034,0.03245603987221907,0.006156431608542602,0.0354071698409657,0.027543960127780986,0.02384356839145741
60.147049687513814,40.1890892202325,5.82505985553924,0.03167486895259386,0.03245603850912382,0.006156432756376132,0.035407170372399877,0.027543961490876234,0.02384356724362388
60.15155264365889,40.19278431742709,5.832670257778005,0.03167486842684236,0.03245603705558364,0.006156434414814081,0.035407170898151374,0.02754396294441641,0.02384356558518593
60.156055781635686,40.19647959635161,5.840290715530884,0.03167486790841739,0.032456035494762725,0.006156436398168437,0.035407171416576344,0.02754396450523733,0.023843563601831576
60.16055910152585,40.200175057072315,5.847921079132221,0.03167486739695008,0.03245603381505274,0.006156438658498062,0.03540717192804366,0.02754396618494731,0.02384356134150195
60.1650626033907,40.20387069963907,5.855561411924697,0.03167486689395038,0.032456032003815916,0.00615644122741079,0.035407172431043354,0.027543967996184138,0.023843558772589223
60.16956628731149,40.20756652411798,5.863211775619398,0.03167486640129913,0.03245603004591868,0.0061564441788553095,0.03540717292369461,0.02754396995408137,0.023843555821144703
60.1740701529382,40.21126253022649,5.870872079243969,0.031674865863532076,0.03245602817693882,0.006156440512441609,0.03540717346146166,0.02754397182306123,0.023843559487558404
60.17857419991022,40.21495871767254,5.878542522667123,0.03167486529795921,0.03245602639055545,0.006156436976376689,0.03540717402703453,0.027543973609444605,0.023843563023623324
60.18307842586295,40.21865508454186,5.886222781766098,0.03167486481074716,0.032456024669971495,0.006156433669946983,0.035407174514246575,0.02754397533002856,0.02384356633005303
60.1875828333423,40.222351632891055,5.893913014046704,0.031674864257394686,0.032456023003829104,0.006156430467980013,0.03540717506759905,0.02754397699617095,0.02384356953202
60.192087422582944,40.22604836292027,5.901613227912138,0.03167486371088851,0.032456021440788796,0.006156427384040888,0.035407175614105224,0.027543978559211257,0.023843572615959124
60.19659219261452,40.229745273838276,5.909323425213539,0.03167486317096646,0.03245601994389219,0.0061564244405905855,0.035407176154027276,0.027543980056107864,0.023843575559409427
60.20109714346135,40.23344236566463,5.917043609273926,0.03167486263756808,0.03245601850957841,0.006156421627691623,0.03540717668742566,0.027543981490421643,0.02384357837230839
60.205602275144784,40.23713963841649,5.924773782201582,0.031674862110392776,0.0324560171350321,0.006156418920593265,0.03540717721460096,0.027543982864967953,0.023843581079406748
60.210107587680554,40.24083709210643,5.932513943077183,0.03167486158880012,0.03245601581918156,0.006156416268207225,0.03540717773619362,0.027543984180818493,0.023843583731792788
60.21461308107311,40.244534726737946,5.940264086038268,0.03167486107345918,0.03245601455855979,0.0061564137362020155,0.035407178251534555,0.027543985441440266,0.023843586263797997
60.21911875534228,40.24823254232692,5.9480241697860885,0.031674860564261664,0.032456013349995205,0.00615641131734751,0.03540717876073207,0.027543986650004848,0.023843588682652503
60.22362461050691,40.25193053888853,5.955794226102462,0.0316748600612895,0.03245601218999988,0.006156409019304185,0.035407179263704236,0.02754398781000017,0.023843590980695828
60.22813064658843,40.25562871643999,5.963574275759551,0.03167485956439081,0.032456011075632674,0.0061564068264777505,0.035407179760602925,0.02754398892436738,0.023843593173522262
60.232636863605904,40.25932707499666,5.971364303146112,0.031674859074061146,0.03245601000264853,0.006156404775972964,0.03540718025093259,0.027543989997351526,0.02384359522402705
60.23714326158774,40.263025614581466,5.979164307545914,0.03167485865724867,0.03245600875819543,0.006156408727425539,0.035407180667745064,0.027543991241804622,0.023843591272574474
60.2416498418492,40.26672433625809,5.986974289824148,0.031674858180727794,0.0324560075419742,0.006156406993530941,0.03540718114426594,0.027543992458025857,0.02384359300646907
60.24615660315361,40.270423239026606,5.99479424851157,0.031674857725335015,0.03245600630246198,0.006156406708162594,0.03540718159965872,0.02754399369753807,0.02384359329183742
60.250663545816735,40.27412232314231,6.002624183548917,0.03167485725062974,0.03245600511389879,0.006156404326308672,0.035407182074363996,0.027543994886101264,0.02384359567369134
60.255170669383375,40.27782158823712,6.010464094116317,0.031674856783995564,0.03245600396577564,0.00615640226399377,0.03540718254099817,0.027543996034224416,0.023843597736006243
60.25967797388622,40.281521034337324,6.018313979760405,0.03167485634765105,0.0324560027823842,0.00615640234701248,0.03540718297734269,0.027543997217615857,0.023843597652987533
60.264185459726356,40.28522066176726,6.0261738402849,0.031674855930255874,0.0324560015320326,0.006156403306691795,0.03540718339473786,0.027543998467967457,0.023843596693308218
60.26869312698621,40.28892047059263,6.034043675207624,0.031674855525505696,0.03245600018895828,0.006156404819809454,0.03540718379948804,0.027543999811041775,0.02384359518019056
60.273200976346175,40.29262046136607,6.041923484317313,0.03167485507514817,0.03245599889303358,0.0061564026756130985,0.03540718424984557,0.027544001106966476,0.023843597324386914
60.27770900588831,40.29632063253224,6.049813264873076,0.031674854664029584,0.032455997559346916,0.006156402329307822,0.03540718466096415,0.027544002440653137,0.02384359767069219
60.282217217553324,40.30002098566696,6.05771301753147,0.03167485422133248,0.0324559962883022,0.006156400057365327,0.035407185103661254,0.02754400371169785,0.023843599942634686
60.28672561015675,40.303721519809116,6.0656227394735085,0.03167485378259788,0.03245599506291802,0.006156397809571508,0.03540718554239586,0.027544004937082034,0.023843602190428505
60.29123418369497,40.30742223495568,6.073542428728709,0.03167485334455766,0.032455993893468094,0.00615639529137775,0.03540718598043607,0.02754400610653196,0.023843604708622262
60.29574293809512,40.31112313104758,6.0814720840113985,0.03167485291503275,0.03245599276688116,0.006156393165609571,0.03540718640996099,0.027544007233118895,0.023843606834390442
60.30025187342544,40.3148242081399,6.089411704311317,0.031674852493483785,0.03245599167290042,0.006156391347141375,0.03540718683150995,0.027544008327099634,0.023843608652858637
60.30476098973544,40.3185254662726,6.097361297751296,0.031674852078028004,0.03245599060834797,0.006156389631703979,0.03540718724696573,0.02754400939165208,0.023843610368296034
60.30927028701855,40.32222690544022,6.105320865188152,0.03167485166887135,0.03245598957195511,0.0061563879614507724,0.035407187656122385,0.02754401042804494,0.02384361203854924
60.31377976525998,40.3259285256307,6.113290404782228,0.03167485126652031,0.03245598856275039,0.00615638632760962,0.03540718805847343,0.02754401143724966,0.023843613672390393
60.318289424463245,40.32963032684681,6.121269914963156,0.03167485087074284,0.032455987579808276,0.006156384732349099,0.03540718845425089,0.027544012420191777,0.023843615267650914
60.32279926463566,40.33333230909436,6.129259393347249,0.0316748504811914,0.03245598662206356,0.006156383179452822,0.03540718884380234,0.027544013377936494,0.02384361682054719
60.32730928578801,40.337034472381994,6.137258845513477,0.03167485009735721,0.032455985688314426,0.006156381671867613,0.035407189227636526,0.027544014311685627,0.0238436183281324
60.3318194879316,40.34073681671879,6.145268274081572,0.031674849718846876,0.03245598477734607,0.00615638021150338,0.03540718960614686,0.027544015222653984,0.023843619788496632
60.33632987107816,40.34443934211416,6.153287677586007,0.03167484934536291,0.032455983887936024,0.0061563787993439215,0.035407189979630826,0.02754401611206403,0.02384362120065609
60.34084043523953,40.34814204857766,6.161317053013558,0.031674848976667336,0.03245598301885949,0.006156377435645302,0.0354071903483264,0.027544016981140562,0.02384362256435471
60.34535118042727,40.35184493611857,6.169356394922196,0.031674848612579076,0.032455982168910213,0.006156376120125692,0.03540719071241466,0.02754401783108984,0.02384362387987432
60.349862106649226,40.35554800474321,6.1774057189797835,0.03167484825294398,0.03245598133677763,0.0061563748521931624,0.03540719107204976,0.027544018663222425,0.02384362514780685
60.3543732139133,40.35925125445789,6.185464961577914,0.03167484789756553,0.03245598052113141,0.006156373630927768,0.03540719142742821,0.027544019478868642,0.023843626369072245
60.35888450222868,40.36295468527,6.193534153522922,0.03167484754624855,0.03245597972070774,0.006156372455140557,0.035407191778745184,0.027544020279292314,0.023843627544859455
60.363395971603495,40.36665829718606,6.201613319503401,0.03167484719879193,0.03245597893425389,0.006156371323491193,0.0354071921262018,0.02754402106574616,0.02384362867650882
60.36790762203911,40.370362090207045,6.209702467607825,0.03167484685463401,0.03245597816008933,0.006156370234575437,0.03540719247035973,0.027544021839910726,0.023843629765424576
60.37241945360448,40.37406606438921,6.2178015626909895,0.031674846514850086,0.03245597739983852,0.006156369185476504,0.03540719281014365,0.027544022600161533,0.02384363081452351
60.3769314663605,40.37777021978231,6.2259106287127794,0.03167484618044886,0.03245597665487665,0.006156368173348033,0.03540719314454488,0.027544023345123403,0.02384363182665198
60.38144366031476,40.3814745563924,6.234029669979778,0.03167484585121155,0.032455975924099434,0.00615636719627214,0.035407193473782184,0.02754402407590062,0.023843632803727872
60.3859560354727,40.38517907422386,6.242158688040573,0.031674845527117246,0.03245597520653082,0.006156366252180523,0.03540719379787649,0.027544024793469235,0.02384363374781949
60.390468591864966,40.388883773301686,6.250297743154239,0.03167484520847669,0.03245597450232812,0.006156365337978517,0.03540719411651705,0.02754402549767193,0.023843634662021496
60.394981329532634,40.39258865365933,6.2584467616015,0.03167484489557193,0.03245597381207732,0.006156364449721993,0.03540719442942181,0.027544026187922732,0.02384363555027802
60.39949424841552,40.396293715247495,6.266605744690369,0.031674844586747075,0.03245597313194393,0.006156363585259068,0.03540719473824666,0.027544026868056126,0.023843636414740944
60.40400734846514,40.39999895802642,6.274774694320063,0.03167484428069056,0.0324559724588277,0.006156362742433613,0.035407195044303175,0.027544027541172356,0.0238436372575664
60.408520629687075,40.40370438200066,6.282953605207558,0.031674843977467615,0.032455971792344496,0.006156361919247122,0.03540719534752612,0.027544028207655558,0.02384363808075289
60.413034092084885,40.40740998717307,6.291142431401634,0.03167484367711204,0.032455971132155925,0.006156361112411295,0.035407195647881695,0.027544028867844128,0.023843638887588718
60.417547735660236,40.41111577354499,6.299341202669916,0.031674843397400565,0.03245597042323067,0.006156361875765862,0.03540719592759317,0.02754402957676938,0.02384363812423415
60.42206156075622,40.41482174139398,6.307549943456842,0.03167484310368568,0.032455969716773836,0.00615636116407485,0.03540719622130806,0.027544030283226217,0.023843638835925163
60.42657556705058,40.4185278904594,6.315768576741103,0.03167484282604699,0.03245596897217107,0.006156361609714861,0.03540719649894675,0.027544031027828986,0.023843638390285152
60.43108975478982,40.422234220940645,6.323997260913616,0.03167484254432518,0.0324559682100089,0.006156361448485401,0.03540719678066856,0.027544031789991152,0.023843638551514612
60.43560412382307,40.425940732715546,6.332235980882582,0.03167484225857259,0.03245596744928814,0.0061563607166287004,0.03540719706642115,0.027544032550711917,0.023843639283371312
60.44011867476726,40.42964742628514,6.3404847542722855,0.03167484195251574,0.0324559667020215,0.006156359916952132,0.035407197372477994,0.027544033297978554,0.02384364008304788
60.44463340690332,40.433354301066046,6.348743546299966,0.031674841649721175,0.03245596595825184,0.006156359144830849,0.03540719767527256,0.02754403404174821,0.023843640855169164
60.4491483202366,40.4370613570626,6.357012322401753,0.0316748413501059,0.0324559652172825,0.006156358396112262,0.03540719797488784,0.027544034782717552,0.02384364160388775
60.45366341477161,40.44076859427844,6.3652910595061645,0.03167484105362556,0.03245596447842258,0.006156357670362114,0.03540719827136818,0.02754403552157747,0.0238436423296379
60.458178690512725,40.444476012717075,6.373579741809811,0.03167484076033261,0.032455963740659066,0.006156356976046981,0.035407198564661124,0.027544036259340987,0.02384364302395303
60.462694147466166,40.44818361238356,6.381878230907631,0.03167484047028124,0.03245596300265208,0.006156356322336222,0.035407198854712496,0.027544036997347976,0.02384364367766379
60.46720978564022,40.451891393284555,6.39018661170849,0.03167484018353339,0.032455962262657845,0.0061563557194905805,0.035407199141460344,0.02754403773734221,0.023843644280509432
60.47172560504569,40.45559935542883,6.398504945944506,0.03167483990029657,0.032455961518139065,0.006156355190112102,0.03540719942469717,0.02754403848186099,0.02384364480988791
60.476241605699855,40.45930749883034,6.406833243220385,0.03167483962059514,0.0324559607665072,0.006156354736367192,0.035407199704398595,0.027544039233492856,0.02384364526363282
60.4807577876215,40.46301582350435,6.415171799199941,0.03167483934154841,0.03245596001412948,0.006156354102969518,0.035407199983445325,0.027544039985870572,0.023843645897030495
60.48527415076996,40.46672432941796,6.423520187450701,0.031674839064849025,0.032455959262655765,0.006156353425793702,0.03540720026014471,0.02754404073734429,0.02384364657420631
60.489790695123375,40.470433016553486,6.4318784716613076,0.03167483879182631,0.03245595851117672,0.006156352761383509,0.03540720053316743,0.027544041488823334,0.023843647238616504
60.49430742069555,40.47414188492212,6.440246672664675,0.03167483852207892,0.03245595775828414,0.0061563521233536644,0.03540720080291482,0.027544042241715916,0.02384364787664635
60.498824327494575,40.47785093453041,6.448624807130065,0.031674838255443205,0.0324559570031529,0.006156351510915391,0.03540720106955053,0.02754404299684715,0.023843648489084622
60.50334141552692,40.481560165383584,6.457012905724398,0.031674837991949034,0.032455956244621165,0.0061563509334816024,0.0354072013330447,0.02754404375537889,0.02384364906651841
60.50785868479889,40.48526957748675,6.465410977989276,0.031674837731498595,0.03245595548190944,0.006156350379327456,0.03540720159349514,0.027544044518090616,0.023843649620672556
60.512376135317226,40.488979170845354,6.473819027277954,0.031674837473969375,0.032455954714242674,0.006156349847868163,0.03540720185102436,0.02754404528575738,0.02384365015213185
60.51689376708761,40.492688945464,6.4822370542167995,0.03167483722066383,0.0324559539366856,0.006156349458057361,0.035407202104329905,0.027544046063314453,0.02384365054194265
60.52141158014227,40.49639890136879,6.490665054309114,0.03167483696772011,0.032455953155919315,0.006156348875790078,0.035407202357273626,0.02754404684408074,0.023843651124209934
60.52592957444034,40.50010903852666,6.499103022751229,0.03167483680400335,0.03245595210635993,0.0061563559019110065,0.03540720252099039,0.027544047893640122,0.023843644098089006
60.53044775165972,40.50381935829527,6.507550904642696,0.03167483655104886,0.03245595106527144,0.00615635487623311,0.03540720277394488,0.027544048934728615,0.023843645123766903
60.53496611005774,40.50752985926509,6.516008728944179,0.03167483642549068,0.032455949650122495,0.006156364818837239,0.035407202899503054,0.027544050349877558,0.023843635181162774
60.53948465205154,40.51124054339192,6.524476539536855,0.03167483617042327,0.03245594825943726,0.006156363184878194,0.035407203154570466,0.02754405174056279,0.02384363681512182
60.544003375133805,40.51495140864777,6.532954339153782,0.031674835919517086,0.03245594688788772,0.006156361714991107,0.03540720340547665,0.027544053112112332,0.023843638285008906
60.548522279337945,40.51866245505961,6.54144216977464,0.03167483567213697,0.03245594553201214,0.0061563603551500895,0.03540720365285677,0.02754405446798791,0.023843639644849923
60.55304136468611,40.52237368264535,6.549939843602836,0.03167483542667737,0.03245594419312858,0.006156358966918872,0.035407203898316364,0.02754405580687147,0.02384364103308114
60.557560631170574,40.52608509139871,6.558447487010832,0.03167483518309694,0.03245594287255943,0.006156357550232035,0.0354072041418968,0.027544057127440624,0.023843642449767978
60.562080078783644,40.5297966813134,6.566965088726246,0.03167483494142248,0.03245594157144677,0.006156356111192057,0.035407204383571256,0.027544058428553286,0.023843643888807955
60.56659970751852,40.5335084523839,6.57549265026744,0.03167483470175908,0.03245594029058574,0.006156354660618216,0.035407204623234656,0.027544059709414315,0.023843645339381797
60.57111951736754,40.53722040460397,6.584030183238582,0.031674834464336665,0.032455939030321956,0.006156353210337272,0.03540720486065707,0.027544060969678097,0.02384364678966274
60.57563950832068,40.54093253796542,6.592577689404039,0.031674834229363735,0.0324559377905162,0.006156351770365158,0.03540720509563,0.027544062209483855,0.023843648229634855
60.58015968037917,40.5446448524692,6.601135172660121,0.03167483399679066,0.03245593657093215,0.006156350348059565,0.03540720532820307,0.0275440634290679,0.023843649651940448
60.584680033549226,40.548357348120305,6.60970263924697,0.031674833868121255,0.0324559350614812,0.006156357857606792,0.03540720545687248,0.027544064938518853,0.02384364214239322
60.58920056979893,40.55207002651126,6.618280101240253,0.03167483371819102,0.0324559333297047,0.0061563633100120765,0.035407205606802716,0.027544066670295353,0.023843636689987936
60.59372128870985,40.55578288730406,6.626867573355554,0.03167483355222961,0.03245593142822539,0.006156367168336521,0.03540720577276413,0.02754406857177466,0.02384363283166349
60.59824218995762,40.55949593023673,6.635465075261447,0.03167483337360261,0.032455929400088346,0.00615636972741946,0.03540720595139113,0.027544070599911707,0.023843630272580553
60.602763273278526,40.56320915509623,6.644072632401474,0.03167483318525155,0.032455927279669394,0.006156371249195984,0.03540720613974219,0.02754407272033066,0.02384362875080403
60.607284538468775,40.56692256171796,6.652689803488879,0.031674832989923185,0.03245592509269446,0.00615637199876843,0.03540720633507055,0.027544074907305593,0.023843628001231583
60.611805985366296,40.57063614997092,6.661316938570694,0.031674832788886664,0.03245592286089477,0.0061563720935147795,0.03540720653610707,0.027544077139105283,0.023843627906485233
60.616327613809446,40.574349919724455,6.669954400422449,0.03167483258444531,0.03245592060273683,0.0061563716373064445,0.035407206740548425,0.02754407939726322,0.02384362836269357
60.620849423581355,40.57806387080175,6.678601746230267,0.031674832371702155,0.03245591832696143,0.0061563707206396465,0.03540720695329158,0.027544081673038623,0.023843629279360366
60.62537141485279,40.58177800334393,6.687258989768766,0.03167483216035971,0.03245591606123771,0.006156369416858702,0.035407207164634025,0.027544083938762343,0.02384363058314131
60.629893585118964,40.58549231531951,6.695926127762839,0.03167483203713073,0.032455913790633895,0.0061563678919350565,0.03540720728786301,0.02754408620936616,0.023843632108064956
60.63441593764672,40.58920680937685,6.7046031811961075,0.03167483187252007,0.032455911551776684,0.00615636609181424,0.035407207452473666,0.02754408844822337,0.023843633908185773
60.63893847231388,40.59292148541653,6.713290163443943,0.031674831666721026,0.03245590934868442,0.00615636407143183,0.03540720765827271,0.027544090651315634,0.023843635928568183
60.643461188260005,40.596636342741235,6.721987082379612,0.031674831453383956,0.03245590718042718,0.006156361905459415,0.03540720787160978,0.027544092819572874,0.023843638094540598
60.64798408524179,40.60035138115376,6.730693943920873,0.03167483124142739,0.032455905049601386,0.006156359636844647,0.035407208083566344,0.027544094950398668,0.023843640363155366
60.65250716324934,40.60406660064609,6.7394107521464885,0.03167483103092433,0.03245590295962819,0.006156357298763217,0.0354072082940694,0.027544097040371862,0.023843642701236796
60.65703042226984,40.60778200120784,6.74813750984972,0.031674830822450206,0.03245590091156453,0.006156354954095548,0.03540720850254353,0.027544099088435525,0.023843645045904464
60.66155386230046,40.611497582836606,6.756874219156716,0.03167483061608839,0.03245589890580147,0.006156352619406592,0.03540720870890535,0.02754410109419858,0.02384364738059342
60.66607748334037,40.61521334553166,6.765620881728447,0.03167483041192298,0.032455896942165996,0.006156350309804347,0.03540720891307075,0.027544103057834057,0.023843649690195666
60.670601285391484,40.61892928929445,6.774377498896628,0.031674830210453586,0.032455895018686676,0.006156348076681091,0.03540720911454015,0.027544104981313378,0.023843651923318922
60.67512526846647,40.62264541413514,6.783144071761369,0.03167483001440091,0.032455893124886726,0.006156346164953183,0.035407209310592824,0.027544106875113328,0.02384365383504683
60.67964943263178,40.62636172010744,6.791920601292816,0.031674829823431006,0.03245589125104448,0.006156344548803212,0.03540720950156273,0.027544108748955576,0.0238436554511968
60.684173777949255,40.63007820726132,6.800707068777382,0.03167482963727941,0.03245588938799676,0.006156343207940382,0.035407209687714325,0.027544110612003292,0.02384365679205963
60.6886983044773,40.633794875644,6.809503481942404,0.03167482945568534,0.03245588752715861,0.006156342121873909,0.0354072098693084,0.027544112472841442,0.023843657878126104
60.693223012270835,40.637511725299916,6.818309848101985,0.03167482927834969,0.0324558856606722,0.006156341266379588,0.035407210046644044,0.027544114339327852,0.023843658733620425
60.69774790138039,40.64122875626995,6.827126170697308,0.03167482910491137,0.03245588378159048,0.006156340611476845,0.035407210220082364,0.027544116218409576,0.023843659388523168
60.70227297185082,40.64494596859043,6.835952451444856,0.031674828934935784,0.032455881884152826,0.006156340120543342,0.03540721039005795,0.027544118115847227,0.02384365987945667
60.7067982237197,40.64866336229177,6.844788691225588,0.03167482876791733,0.03245587996398219,0.006156339750537032,0.03540721055707641,0.02754412003601786,0.02384366024946298
60.711323657015825,40.652380937397325,6.853634890478116,0.03167482860329196,0.032455878018324336,0.006156339453255243,0.035407210721701776,0.027544121981675718,0.02384366054674477
60.71584927175784,40.65609869392223,6.862491049388407,0.03167482844046088,0.0324558760461387,0.006156339177472783,0.03540721088453286,0.027544123953861355,0.02384366082252723
60.72037506795352,40.65981663187284,6.871357568690959,0.031674828278822176,0.03245587404814032,0.006156338871730407,0.03540721104617156,0.027544125951859733,0.023843661128269605
60.72490104559937,40.663534751246374,6.880233953854779,0.03167482811779976,0.032455872026762145,0.00615633848690169,0.03540721120719398,0.02754412797323791,0.023843661513098323
60.729427204681045,40.667253052031285,6.889120224097729,0.03167482795718923,0.032455869985024755,0.006156338006528102,0.0354072113678045,0.0275441300149753,0.02384366199347191
60.73395354518031,40.67097153421287,6.898016395266691,0.03167482779674835,0.03245586792667132,0.006156337410890923,0.035407211528245386,0.02754413207332873,0.02384366258910909
60.738480067074285,40.674690197772634,6.906922478454556,0.031674827636763714,0.03245586585457766,0.00615633672671792,0.03540721168823002,0.027544134145422394,0.023843663273282092
60.74300677034557,40.67840904269654,6.915838482203354,0.03167482748131012,0.03245586375929266,0.00615633631348516,0.03540721184368362,0.027544136240707395,0.023843663686514853
60.74753365505583,40.68212806903455,6.924764413422399,0.031674827330526845,0.03245586163076625,0.006156336185055546,0.03540721199446689,0.027544138369233806,0.023843663814944467
60.75206072127094,40.68584727683999,6.933700277699556,0.031674827184213994,0.032455859459358916,0.006156336325642768,0.03540721214077974,0.027544140540641138,0.023843663674357245
60.75658796905459,40.689566666164524,6.942646079574878,0.03167482704208208,0.032455857236096286,0.00615633671167963,0.03540721228291166,0.027544142763903767,0.023843663288320383
60.76111539846656,40.6932862370566,6.951601822751712,0.03167482690440043,0.032455854951017826,0.006156337368620542,0.035407212420593304,0.027544145048982227,0.02384366263137947
60.765643009573736,40.697005989570485,6.960567510266637,0.03167482677082706,0.03245585259495709,0.006156338269553564,0.03540721255416668,0.027544147405042962,0.02384366173044645
60.77017080246599,40.70072592377911,6.969543144630599,0.03167482664017962,0.03245585016010227,0.00615633938247382,0.035407212684814116,0.02754414983989778,0.023843660617526193
60.77469877712627,40.70444603966883,6.978528726272133,0.031674826515661725,0.03245584763909759,0.006156340677336947,0.03540721280933201,0.027544152360902463,0.023843659322663066
60.779226933701196,40.70816633735846,6.987524259383406,0.0316748263917212,0.03245584502579629,0.006156342115405111,0.035407212933272536,0.02754415497420376,0.0238436578845949
60.78375527179192,40.71188681652307,6.996529744429844,0.03167482627247703,0.03245584230342513,0.006156343676998938,0.035407213052516706,0.027544157696574922,0.023843656323001075
60.78828379167588,40.7156074773892,7.005545182449561,0.031674826159122704,0.03245583947691372,0.006156345323553039,0.03540721316587103,0.027544160523086336,0.023843654676446974
60.79281249349606,40.71932832007397,7.014570574253275,0.0316748260550167,0.03245583654926881,0.00615634702331639,0.035407213269977034,0.02754416345073124,0.023843652976683623
60.79734137733983,40.72304934464839,7.023605920503297,0.03167482595703752,0.032455833518670485,0.0061563487467644964,0.035407213367956214,0.02754416648132957,0.023843651253235516
60.801870443236616,40.726770551136156,7.032651221746493,0.03167482586171427,0.03245583038210653,0.006156350469043323,0.03540721346327946,0.02754416961789352,0.02384364953095669
60.80639969123801,40.730491939579096,7.041706478366699,0.031674825765562964,0.032455827138093196,0.0061563521678149186,0.03540721355943077,0.027544172861906857,0.023843647832185094
60.81092912135955,40.7342135099899,7.050771690645458,0.03167482566710966,0.03245582378590112,0.0061563538254451045,0.035407213657884073,0.027544176214098937,0.02384364617455491
60.81545873358806,40.737935262358036,7.059846858772698,0.03167482556662521,0.03245582032499439,0.006156355441760568,0.03540721375836853,0.027544179675005664,0.023843644558239445
60.81998852780012,40.74165719658363,7.0689319827759665,0.03167482546850103,0.032455816754272226,0.006156357009999232,0.0354072138564927,0.027544183245727827,0.02384364299000078
60.8245185039206,40.745379312605834,7.0780270626742166,0.031674825374415294,0.032455813072966966,0.006156358522479484,0.03540721395057844,0.027544186927033087,0.02384364147752053
60.82904866202458,40.749101610485866,7.087132098581899,0.031674825282292596,0.03245580928327446,0.006156359967732915,0.03540721404270114,0.02754419071672559,0.023843640032267098
60.83357900215215,40.75282409025655,7.096247090540446,0.03167482519103165,0.0324558053871688,0.0061563613368994935,0.035407214133962084,0.027544194612831252,0.02384363866310052
60.838109524326995,40.75654675193741,7.105372038523592,0.031674824993305595,0.032455801705954246,0.006156353275624561,0.03540721433168814,0.027544198294045807,0.02384364672437545
60.84264022649809,40.760269593868514,7.114506940901574,0.03167482479991918,0.03245579823137018,0.006156345550912781,0.03540721452507456,0.027544201768629872,0.02384365444908723
60.84717110872538,40.76399261609798,7.123651797671027,0.03167482461052479,0.032455794955395245,0.006156338150751631,0.03540721471446895,0.027544205044604808,0.023843661849248382
60.85170217105865,40.767715818665714,7.132806608691251,0.03167482442505509,0.03245579187018094,0.0061563310638190205,0.035407214899938644,0.027544208129819114,0.023843668936180992
60.85623341348457,40.77143920156035,7.141971373758302,0.031674824245157995,0.032455788967168275,0.006156324281461165,0.03540721507983574,0.027544211032831778,0.023843675718538848
60.86076483599001,40.77516276477071,7.151146092661254,0.03167482407245431,0.032455786238097695,0.006156317795299189,0.035407215252539426,0.02754421376190236,0.023843682204700824
60.86529643861054,40.778886508325186,7.160330765237051,0.03167482390705528,0.032455783675662264,0.006156311595338346,0.035407215417938454,0.02754421632433779,0.023843688404661667
60.86982822137965,40.78261043225051,7.169525391319464,0.03167482374912417,0.032455781272796524,0.006156305671930477,0.035407215575869566,0.02754421872720353,0.023843694328069535
60.87436018433016,40.786334536572866,7.178729970745991,0.031674823598782764,0.03245577902266106,0.006156300015702554,0.03540721572621097,0.027544220977338996,0.02384369998429746
60.878892327493844,40.79005882131763,7.187944503379725,0.031674823456140755,0.03245577691865742,0.006156294617561876,0.03540721586885298,0.027544223081342634,0.023843705382438136
60.8834246509024,40.793783286510106,7.197168989038124,0.03167482332126531,0.03245577495439822,0.006156289468657421,0.035407216003728426,0.027544225045601833,0.023843710531342592
60.88795715459898,40.79750793218493,7.20640342755086,0.03167482319380516,0.0324557731238761,0.006156284559918818,0.03540721613118858,0.027544226876123956,0.023843715440081195
60.89248983861435,40.80123275836671,7.215647818739063,0.03167482307377745,0.03245577142113726,0.00615627988298717,0.03540721625121629,0.027544228578862795,0.023843720117012843
60.89702270297927,40.80495776508003,7.224902162427609,0.03167482296115248,0.03245576984044224,0.006156275429724696,0.035407216363841254,0.027544230159557814,0.023843724570275317
60.901555747724615,40.808682952349606,7.234166458445188,0.031674822855844775,0.03245576837625924,0.006156271192193613,0.03540721646914896,0.02754423162374081,0.0238437288078064
60.90608897288167,40.81240832020048,7.243440706624289,0.03167482275770306,0.03245576702324077,0.006156267162648964,0.03540721656729068,0.027544232976759286,0.02384373283735105
60.9106223784823,40.81613386865821,7.252724906801344,0.03167482266650562,0.032455765776227,0.006156263333518597,0.035407216658488117,0.027544234223773056,0.023843736666481416
60.915155966425104,40.819859599262685,7.262019060576735,0.031674822513118206,0.0324557646485627,0.006156259621153119,0.03540721681187553,0.02754423535143735,0.023843740378846894
60.919689734978434,40.823585510608936,7.27132325587222,0.03167482236289737,0.03245576361852742,0.006156256090619296,0.035407216962096366,0.02754423638147263,0.023843743909380717
60.92422368417026,40.82731160271939,7.2806373830301165,0.03167482221575307,0.03245576268151523,0.006156252735110217,0.03540721710924066,0.02754423731848482,0.023843747264889796
60.92875781402759,40.83103787561571,7.289961444606703,0.031674822071597275,0.032455761833103114,0.006156249548036959,0.03540721725339646,0.02754423816689694,0.023843750451963054
60.93329212457658,40.83476432931887,7.299295442926407,0.031674821930344044,0.0324557610690141,0.006156246523017925,0.03540721739464969,0.027544238930985954,0.023843753476982088
60.93782661584941,40.83849096385475,7.308639380095212,0.03167482179167269,0.03245576038519965,0.006156243653606647,0.035407217533321045,0.027544239614800403,0.023843756346393366
60.94236128705724,40.84221777858299,7.317993257211363,0.03167482168421315,0.032455759768894865,0.006156240966625377,0.035407217640780586,0.027544240231105188,0.023843759033374635
60.946896139482696,40.84594477454429,7.327357077128394,0.03167482156418239,0.03245575923033017,0.006156238405782624,0.03540721776081135,0.02754424076966988,0.02384376159421739
60.951431172914454,40.849671951566876,7.336730841105,0.03167482143900463,0.03245575876280132,0.006156235974674684,0.035407217885989106,0.02754424123719873,0.02384376402532533
60.95596638725161,40.853399309568616,7.346114553375433,0.03167482131264571,0.032455758361223386,0.00615623367276031,0.03540721801234803,0.027544241638776668,0.023843766327239703
60.96050178242765,40.85712684849517,7.355508232690422,0.03167482118663162,0.03245575802027395,0.006156231497857018,0.03540721813836212,0.027544241979726103,0.023843768502142995
60.96503735844534,40.86085456834859,7.364911884922902,0.03167482106491071,0.03245575773643761,0.006156229445631961,0.03540721826008303,0.027544242263562446,0.02384377055436805
60.96957311534341,40.86458246916037,7.374325517927661,0.03167482094507279,0.03245575750784924,0.006156227511058501,0.035407218379920946,0.027544242492150817,0.02384377248894151
60.974109053147615,40.86831055095135,7.383749141839447,0.031674820827482686,0.032455757331919965,0.006156225689389755,0.03540721849751105,0.027544242668080088,0.023843774310610258
60.97864517187857,40.87203881373814,7.393182574614341,0.03167482071237798,0.03245575720594612,0.006156223976124281,0.035407218612615754,0.02754424279405393,0.023843776023875732
60.9831814715089,40.875767257497955,7.402625958865164,0.03167482059797144,0.03245575712449955,0.00615622236759155,0.035407218727022294,0.027544242875500502,0.023843777632408462
60.987717951874885,40.879495882098745,7.4120792943645455,0.031674820497943124,0.03245575708748277,0.006156220869326975,0.03540721882705061,0.02754424291251728,0.023843779130673037
60.992254612310454,40.883224686999526,7.421542580569849,0.03167482043387665,0.032455757083336034,0.006156219503948325,0.03540721889111709,0.02754424291666402,0.023843780496051688
60.996791454874575,40.88695367387034,7.43101581957966,0.031674820327850794,0.03245575712796167,0.006156218183249962,0.03540721899714294,0.027544242872038383,0.02384378181675005
61.001328478424654,40.890682841784226,7.440499010637055,0.03167482022389784,0.032455757208401936,0.0061562169512042325,0.0354072191010959,0.027544242791598117,0.02384378304879578
61.00586568297628,40.89441219075373,7.449992154766191,0.03167482012192535,0.032455757322290446,0.006156215804137916,0.035407219203068385,0.027544242677709607,0.023843784195862097
61.010403068540406,40.89814172078765,7.459495254302732,0.03167482002202049,0.03245575746732232,0.006156214738688014,0.03540721930297325,0.027544242532677732,0.023843785261312
61.01494063513096,40.90187143189719,7.4690083117145445,0.03167481992418297,0.03245575764132852,0.006156213751489913,0.03540721940081076,0.027544242358671533,0.0238437862485101
61.0194783827629,40.9056013240944,7.478531330256887,0.031674819828349354,0.03245575784223376,0.006156212839241268,0.03540721949664438,0.027544242157766297,0.023843787160758745
61.024016311452684,40.909331397392556,7.488064313138901,0.0316748197343662,0.032455758068051066,0.006156211998672785,0.03540721959062754,0.027544241931948987,0.023843788001327228
61.028554421219596,40.91306165180721,7.497607271333694,0.031674819641920204,0.032455758316859484,0.006156211226491438,0.03540721968307353,0.02754424168314057,0.023843788773508574
61.03309271208633,40.91679208735671,7.507160216611268,0.03167481955046558,0.03245575858680011,0.006156210519325647,0.035407219774528154,0.027544241413199944,0.023843789480674366
61.037631184079096,40.92052270406218,7.516723163490079,0.03167481945917022,0.03245575887603186,0.0061562098737106,0.035407219865823514,0.027544241123968194,0.023843790126289413
61.04216983718648,40.92425350191433,7.526296127506038,0.03167481936888844,0.03245575918260901,0.006156209287916679,0.035407219956105296,0.02754424081739104,0.023843790712083333
61.04670867140803,40.92798448091273,7.535879128878644,0.0316748192800787,0.03245575950477281,0.0061562087598556955,0.03540722004491503,0.027544240495227246,0.023843791240144317
61.05124768675128,40.931715641063384,7.545471694490409,0.031674819192325065,0.03245575984055754,0.006156208287018232,0.03540722013266867,0.027544240159442512,0.02384379171298178
61.055786883223234,40.93544698237187,7.555074211723737,0.031674819105418084,0.03245576018817459,0.006156207867061489,0.03540722021957565,0.027544239811825466,0.023843792132938524
61.06032626083366,40.939178504846076,7.564687092849082,0.03167481901934871,0.032455760545945456,0.006156207501990953,0.035407220305645026,0.027544239454054598,0.02384379249800906
61.06486581959426,40.94291020849545,7.574309718210953,0.03167481893411084,0.03245576091238411,0.006156207188142471,0.0354072203908829,0.02754423908761594,0.023843792811857542
61.06940555951684,40.946642093329544,7.583942180553683,0.031674818849736996,0.032455761286132534,0.006156206922093448,0.03540722047525674,0.02754423871386752,0.023843793077906565
61.07394548061294,40.95037415935772,7.593584542070817,0.031674818766277923,0.03245576166593955,0.0061562067009307,0.03540722055871581,0.0275442383340605,0.023843793299069313
61.07848558289367,40.95410640658898,7.603236825737625,0.03167481868378652,0.03245576205061518,0.006156206522089661,0.035407220641207215,0.027544237949384875,0.023843793477910352
61.08302586636953,40.95783883503183,7.612899042934865,0.031674818602310306,0.03245576243901904,0.0061562063832641956,0.03540722072268343,0.02754423756098101,0.023843793616735817
61.08756633105051,40.96157144469437,7.622571198932333,0.031674818521888304,0.032455762830057466,0.0061562062823528885,0.03540722080310543,0.027544237169942587,0.023843793717647124
61.09210697694606,40.965304235584256,7.6322532970986945,0.03167481844255121,0.032455763222667744,0.006156206217418275,0.035407220882442525,0.02754423677733231,0.023843793782581738
61.09664780406514,40.96903720770876,7.641945339255045,0.031674818364322344,0.032455763615820754,0.006156206186654765,0.03540722096067139,0.0275442363841793,0.023843793813345247
61.101188812416275,40.97277036107478,7.651647326317784,0.031674818287218576,0.03245576400852235,0.006156206188350576,0.03540722103777516,0.027544235991477706,0.023843793811649437
61.10573000200756,40.9765036956889,7.661359259387323,0.03167481821125162,0.03245576439981346,0.006156206220844743,0.035407221113742116,0.027544235600186595,0.02384379377915527
61.11027137284673,40.98023721155737,7.671081141551005,0.03167481813642831,0.03245576478876899,0.006156206282446237,0.03540722118856543,0.02754423521123106,0.023843793717553775
61.114812924941084,40.98397090868613,7.680812973264846,0.03167481806275024,0.032455765174503215,0.006156206371294194,0.03540722126224349,0.02754423482549684,0.02384379362870582
61.11935465829755,40.9877047870808,7.690554754824623,0.03167481799021171,0.03245576555619539,0.006156206485098577,0.035407221334782024,0.02754423444380466,0.023843793514901436
61.12389657292246,40.99143884674652,7.7003064863965704,0.03167481791885257,0.03245576593294863,0.0061562066257177875,0.035407221406141165,0.02754423406705142,0.023843793374282225
61.12843866882258,40.99517308768876,7.710068168016983,0.03167481784869014,0.03245576630385161,0.006156206793080571,0.035407221476303596,0.027544233696148446,0.023843793206919442
61.132980946004594,40.99890750991298,7.719839799979001,0.03167481777973141,0.03245576666800415,0.0061562069862692095,0.035407221545262324,0.027544233331995904,0.023843793013730803
61.13752340447495,41.00264211342439,7.729621382390462,0.031674817711984604,0.03245576702452557,0.0061562072044629365,0.03540722161300913,0.02754423297547448,0.023843792795537076
61.14206604423995,41.006376898228126,7.739412914313194,0.031674817645459596,0.03245576737254102,0.006156207446931093,0.03540722167953414,0.02754423262745903,0.02384379255306892
61.146608865305865,41.01011186432929,7.749214395014107,0.03167481758016827,0.032455767711185246,0.006156207713038278,0.03540722174482547,0.027544232288814807,0.023843792286961735
61.151151867678905,41.01384701173292,7.759025822626823,0.031674817516124165,0.032455768039616195,0.006156208002242793,0.03540722180886957,0.027544231960383858,0.02384379199775722
61.155695051365335,41.01758234044412,7.76884719363334,0.03167481745333939,0.03245576835698982,0.0061562083139688195,0.03540722187165435,0.02754423164301023,0.023843791686031193
61.160238416342494,41.021317850444504,7.778678503086418,0.03167481739285943,0.03245576866219141,0.006156208648503775,0.0354072219321343,0.027544231337808645,0.023843791351496238
61.164781962597246,41.025053541723416,7.788519753101081,0.03167481733535504,0.03245576895417829,0.006156209006100123,0.03540722198963869,0.027544231045821765,0.02384379099389989
61.16932569013572,41.02878941428585,7.798370999969444,0.03167481728075855,0.032455769232101306,0.0061562093862565295,0.03540722204423519,0.027544230767898747,0.023843790613743483
61.17386959896815,41.03252546814011,7.808232539191062,0.03167481722875837,0.03245576949508355,0.00615620978831357,0.03540722209623537,0.0275442305049165,0.023843790211686443
61.178413689119935,41.03626170330678,7.818104016157385,0.031674817178318326,0.032455769742312346,0.006156210210945673,0.03540722214667541,0.027544230257687707,0.02384378978905434
61.182957960659095,41.039998119840945,7.827985180593625,0.031674817126210675,0.032455769973006976,0.006156210650877375,0.03540722219878306,0.027544230026993077,0.023843789349122638
61.18750241361661,41.043734717767684,7.837876094382901,0.03167481707083941,0.03245577018618512,0.006156211106390461,0.035407222254154325,0.027544229813814936,0.023843788893609552
61.19204704797879,41.047471497075946,7.847776982745319,0.03167481701301955,0.03245577038092362,0.00615621157775921,0.035407222311974185,0.027544229619076432,0.023843788422240803
61.19659186369566,41.05120845772528,7.8576877845801825,0.031674816955570506,0.032455770556381436,0.006156212066811495,0.03540722236942323,0.027544229443618617,0.023843787933188518
61.20113686077816,41.054945599724654,7.867608511333421,0.031674816898716096,0.03245577071210887,0.0061562125725439995,0.03540722242627764,0.027544229287891187,0.023843787427456013
61.20568203923676,41.05868292308265,7.877539206293823,0.03167481684269935,0.03245577084770518,0.0061562130936212225,0.03540722248229439,0.027544229152294875,0.02384378690637879
61.21022739907981,41.06242042780612,7.887479850585308,0.03167481678766604,0.032455770962687924,0.006156213628235353,0.0354072225373277,0.02754422903731213,0.02384378637176466
61.21477294031352,41.06615811390013,7.897430434847616,0.03167481673363487,0.032455771056518035,0.006156214173885788,0.03540722259135887,0.02754422894348202,0.023843785826114225
61.219318662942506,41.06989598136847,7.90739096860502,0.03167481668052613,0.03245577112866954,0.006156214727090326,0.035407222644467606,0.02754422887133051,0.023843785272909687
61.223864566970136,41.073634030213896,7.917361454173214,0.03167481662820715,0.03245577117872567,0.006156215283013355,0.03540722269678659,0.027544228821274386,0.023843784716986657
61.22841065239879,41.07737226043836,7.927341890843783,0.0316748165765231,0.032455771206479855,0.006156215834956728,0.035407222748470635,0.027544228793520198,0.023843784165043284
61.232956918447215,41.08111067140386,7.937332276015226,0.0316748165240483,0.032455771185574855,0.0061562163955710125,0.03540722280094544,0.027544228814425198,0.023843783604429
61.23750336612483,41.08484926393548,7.947332614621853,0.03167481647719572,0.032455771153846735,0.006156216925946929,0.035407222847798014,0.027544228846153318,0.023843783074053083
61.242049995381514,41.088588037991684,7.957342900362683,0.03167481643080078,0.03245577110776304,0.006156217409205245,0.03540722289419296,0.02754422889223701,0.023843782590794768
61.246596806149576,41.092326993517126,7.967363127714076,0.03167481638329578,0.032455771046089155,0.0061562178316541954,0.03540722294169796,0.0275442289539109,0.023843782168345817
61.25114379808457,41.09606613023094,7.977393300115747,0.03167481633637309,0.03245577096135971,0.006156218183348688,0.035407222988620646,0.027544229038640344,0.023843781816651324
61.25569097186278,41.099805448684705,7.987433420268674,0.03167481628438529,0.03245577087600493,0.006156218419590499,0.03540722304060845,0.027544229123995123,0.023843781580409514
61.26023832698077,41.10354494846817,7.997483487355586,0.03167481623112933,0.03245577078169376,0.006156218505217227,0.035407223093864404,0.027544229218306293,0.023843781494782786
61.26478586341695,41.10728462956396,8.00754350112937,0.0316748161774007,0.03245577068244343,0.006156218481109962,0.03540722314759304,0.027544229317556623,0.02384378151889005
61.26933358112916,41.11102449193788,8.01761343290877,0.03167481612439421,0.032455770579374876,0.006156218410404472,0.035407223200599525,0.027544229420625177,0.02384378158959554
61.273881480110475,41.11476453558433,8.027693325131727,0.031674816071787626,0.03245577047336867,0.006156218304104608,0.03540722325320611,0.02754422952663138,0.023843781695895405
61.27842956035445,41.118504760498,8.037783176703886,0.03167481601921107,0.03245577036493902,0.006156218170424346,0.035407223305782665,0.027544229635061035,0.023843781829575666
61.28297782185223,41.12224516667177,8.047882986315567,0.03167481596707128,0.03245577025471996,0.006156218016564859,0.03540722335792246,0.02754422974528009,0.023843781983435154
61.287526264570985,41.1259857540788,8.057992756455379,0.031674815914944754,0.03245577014176926,0.006156217849047421,0.03540722341004898,0.027544229858230795,0.02384378215095259
61.29207488852079,41.12972652272799,8.068112492153956,0.03167481586785703,0.03245577002974265,0.006156217674083635,0.035407223457136705,0.027544229970257406,0.023843782325916378
61.29662369348335,41.133467472441815,8.078242196933447,0.03167481583106141,0.03245576991473681,0.006156217503689304,0.03540722349393233,0.027544230085263244,0.02384378249631071
61.301172679857075,41.13720860354355,8.088381873727423,0.031674815789119515,0.032455769799955625,0.006156217324810968,0.03540722353587422,0.02754423020004443,0.023843782675189044
61.30572184768012,41.140949916063846,8.098531387661115,0.0316748157382733,0.03245576968390251,0.006156217138082759,0.03540722358672044,0.02754423031609754,0.023843782861917254
61.31027119673509,41.14469140982655,8.108690847011742,0.03167481568884273,0.03245576956533597,0.006156216955739778,0.03540722363615101,0.027544230434664085,0.023843783044260235
61.314820727046474,41.14843308485155,8.11886025176672,0.03167481563992797,0.03245576944376294,0.006156216779063729,0.03540722368506577,0.027544230556237115,0.023843783220936283
61.31937043861751,41.15217494114147,8.129039601844072,0.03167481559147167,0.032455769318345096,0.006156216610068363,0.035407223733522064,0.027544230681654958,0.02384378338993165
61.323920331444484,41.155916978693284,8.13922889790767,0.03167481554369311,0.03245576918800264,0.006156216450983208,0.03540722378130062,0.027544230811997417,0.023843783549016805
61.32847040553578,41.15965919751382,8.149428139065343,0.031674815496262165,0.03245576905151332,0.006156216303511375,0.03540722382873157,0.027544230948486736,0.023843783696488638
61.333020660899365,41.16340159760951,8.159637325402912,0.031674815449094784,0.03245576890756857,0.006156216169539992,0.03540722387589895,0.02754423109243148,0.02384378383046002
61.33757109753422,41.1671441789796,8.169856456479247,0.03167481540264111,0.03245576875465461,0.006156216051587282,0.035407223922352626,0.02754423124534544,0.02384378394841273
61.34212171426354,41.170886940667444,8.18008553093186,0.031674815393473776,0.032455768562207554,0.006156216322726518,0.03540722393151996,0.0275442314377925,0.023843783677273495
61.3466725135468,41.17462988467216,8.19032455097826,0.03167481537304606,0.032455768303267796,0.006156218450977406,0.035407223951947675,0.027544231696732258,0.023843781549022607
61.351223494615894,41.17837301036813,8.200573515640674,0.03167481537993816,0.03245576787800858,0.00615622296884058,0.03540722394505558,0.027544232121991474,0.023843777031159433
61.355774658000584,41.1821163181846,8.210832425221868,0.031674815387004895,0.032455767282967896,0.006156227470700146,0.03540722393798884,0.027544232717032158,0.023843772529299867
61.36032600371583,41.18585980813409,8.221101279546637,0.031674815389290234,0.032455766529160435,0.006156231512186389,0.0354072239357035,0.02754423347083962,0.023843768487813624
61.36487753167995,41.18960348015078,8.231380078123419,0.0316748153346873,0.032455765777964385,0.006156230520478825,0.035407223990306436,0.02754423422203567,0.023843769479521187
61.36942924079856,41.1933473333486,8.241668820204675,0.03167481528232946,0.03245576502148695,0.006156229687224367,0.035407224042664276,0.027544234978513105,0.023843770312775646
61.37398113110626,41.19709136775556,8.251967505414212,0.03167481523237664,0.0324557642507744,0.006156229024599863,0.035407224092617096,0.027544235749225654,0.02384377097540015
61.37853320264181,41.20083558340308,8.262276133620045,0.031674815184911054,0.03245576345625523,0.0061562285388920765,0.03540722414008268,0.027544236543744827,0.023843771461107936
61.383085455446796,41.20457998032488,8.272594704700634,0.03167481512403447,0.032455762673714306,0.006156226831564519,0.035407224200959264,0.027544237326285748,0.023843773168435493
61.38763788925567,41.20832455830593,8.282923218251485,0.031674815071874696,0.032455761874712497,0.006156225851253125,0.03540722425311904,0.027544238125287557,0.023843774148746888
61.39219050423083,41.2120693174778,8.29326167427842,0.031674815019293034,0.032455761056152777,0.006156224796461739,0.0354072243057007,0.027544238943847277,0.023843775203538274
61.39674329995674,41.21581425750267,8.3036100722295,0.031674814989314404,0.03245576017265339,0.006156224747974483,0.03540722433567933,0.02754423982734666,0.02384377525202553
61.40129627745867,41.219559379213536,8.313968412977056,0.03167481494414626,0.03245575924176314,0.006156224292871465,0.03540722438084748,0.027544240758236915,0.023843775707128548
61.40584943624506,41.22330468221111,8.324336695910734,0.03167481489723184,0.03245575825492314,0.006156223632476858,0.035407224427761896,0.027544241745076914,0.023843776367523155
61.41040277628905,41.227050166473774,8.334714920884126,0.031674814849522615,0.03245575720531407,0.006156222877412125,0.03540722447547112,0.02754424279468598,0.023843777122587888
61.41495629744486,41.23079583188351,8.345103087640837,0.03167481491775653,0.032455755954398036,0.006156231779376367,0.0354072244072372,0.027544244045602018,0.023843768220623646
61.41951000196944,41.23454168026825,8.355501198199196,0.03167481493902169,0.032455754630618006,0.00615623661309473,0.03540722438597205,0.027544245369382048,0.023843763386905283
61.42406388905207,41.238287710971946,8.365909251719742,0.03167481497642971,0.03245575317480259,0.006156243083625702,0.035407224348564026,0.02754424682519746,0.02384375691637431
61.42861795896216,41.2420339242129,8.376327248369348,0.031674814921272276,0.032455751873381955,0.006156241259513147,0.03540722440372146,0.0275442481266181,0.023843758740486866
61.43317220991693,41.245780318547375,8.386755186355444,0.03167481486772833,0.03245575075974483,0.006156239489269591,0.03540722445726541,0.027544249240255225,0.023843760510730422
61.43772664192397,41.2495268939811,8.397193065569297,0.031674814812801766,0.03245574981432886,0.0061562375962292346,0.03540722451219197,0.027544250185671193,0.023843762403770778
61.44228125499973,41.25327365052696,8.407640885911004,0.031674814753648695,0.03245574901576931,0.006156235672802532,0.03540722457134504,0.027544250984230745,0.02384376432719748
61.446836048376035,41.2570205875609,8.418098646517016,0.031674814726311784,0.03245574830643394,0.006156234607440282,0.03540722459868195,0.027544251693566113,0.02384376539255973
61.45139102139515,41.26076770455071,8.428566346666258,0.03167481477348072,0.03245574765210835,0.006156233975542276,0.03540722455151302,0.027544252347891707,0.023843766024457737
61.45594617779457,41.26451500452664,8.439043989837002,0.03167481472907285,0.03245574703935161,0.006156233328004759,0.03540722459592088,0.02754425296064844,0.023843766671995253
61.46050151539119,41.268262485717756,8.449531573801144,0.03167481469414024,0.032455746390305185,0.00615623354783288,0.035407224630853495,0.02754425360969487,0.023843766452167132
61.46505703436537,41.272010148269985,8.460029098691706,0.03167481469747857,0.03245574554688435,0.006156237246212795,0.035407224627515166,0.027544254453115702,0.023843762753787218
61.469612735549454,41.2757579928588,8.470536565179982,0.031674814637478566,0.03245574465120249,0.0061562350528414495,0.03540722468751517,0.027544255348797564,0.023843764947158563
61.474168617599325,41.27950601839507,8.481053971953697,0.03167481457991961,0.03245574362835968,0.006156232971126802,0.03540722474507413,0.027544256371640374,0.02384376702887321
61.47872468054464,41.28325422490295,8.491581318964016,0.031674814524056794,0.03245574238837712,0.006156230971930798,0.03540722480093694,0.027544257611622935,0.023843769028069214
61.48328092441251,41.287002612404706,8.502118606228008,0.0316748145235185,0.032455740659744714,0.006156233791105366,0.035407224801475234,0.02754425934025534,0.023843766208894647
61.48783735028836,41.29075118178015,8.512665834970987,0.03167481448443621,0.03245573839851873,0.006156233227860221,0.03540722484055753,0.027544261601481324,0.023843766772139792
61.492393957475514,41.294499932466096,8.523223004525361,0.031674814431466414,0.03245573543464986,0.006156231457952056,0.03540722489352732,0.027544264565350196,0.023843768542047956
61.4969507457682,41.29824886429717,8.533790114569888,0.03167481437380126,0.03245573148583758,0.006156229314505247,0.03540722495119247,0.027544268514162473,0.023843770685494765
61.50150771516928,41.301997977277544,8.544367165349344,0.031674814314083366,0.03245572625199172,0.006156227057213436,0.03540722501091037,0.02754427374800833,0.023843772942786577
61.506064865767996,41.305747271481934,8.554954156830812,0.03167481425259944,0.03245572102948291,0.006156224740657211,0.0354072250723943,0.027544278970517144,0.023843775259342802
61.510622198693206,41.30949674783287,8.565551090836445,0.03167481419241924,0.0324557159152678,0.006156222352570316,0.035407225132574494,0.02754428408473225,0.023843777647429697
61.515179712979645,41.31324640554169,8.576157966793133,0.031674814132107876,0.032455710877297095,0.006156219926375439,0.03540722519288586,0.02754428912270296,0.023843780073624574
61.51973740860976,41.31699624459401,8.586774784341081,0.03167481407175621,0.03245570591503244,0.006156217470228591,0.03540722525323753,0.027544294084967613,0.023843782529771422
61.524295285567746,41.32074626497686,8.597401543690626,0.03167481401244543,0.03245570102457246,0.006156215080938124,0.03540722531254831,0.027544298975427595,0.02384378491906189
61.52885334385914,41.3244964666946,8.6080382452993,0.031674813964735093,0.03245569617160954,0.006156213684449213,0.03540722536025864,0.027544303828390515,0.0238437863155508
61.53341158369497,41.32824684991803,8.618684889954384,0.03167481392689758,0.03245569132617465,0.006156213127078841,0.035407225398096154,0.0275443086738254,0.02384378687292117
61.537970005256284,41.33199741479375,8.62934147924529,0.031674813874696284,0.03245568652679032,0.006156211281092096,0.03540722545029745,0.027544313473209736,0.023843788718907917
61.54252860825659,41.33574816108967,8.640008016397461,0.03167481384587667,0.03245568170419505,0.006156211456209752,0.035407225479117066,0.027544318295805004,0.02384378854379026
61.54708739313763,41.339499089163596,8.650684509834846,0.03167481384006626,0.03245567678886635,0.006156213613252921,0.035407225484927474,0.027544323211133703,0.02384378638674709
61.55164636034093,41.34325019937329,8.661370978064271,0.03167481385120535,0.0324556717245027,0.006156217211859362,0.035407225473788384,0.027544328275497354,0.02384378278814065
61.55620551019731,41.34700149198703,8.672067460708014,0.031674813873048824,0.032455666490350255,0.0061562216933162064,0.03540722545194491,0.0275443335096498,0.023843778306683806
61.56076484291883,41.35075296717696,8.682773739027585,0.03167481390047261,0.032455661146279735,0.00615622659512341,0.03540722542452113,0.027544338853720318,0.023843773404876603
61.56532435860904,41.35450462502722,8.693489963239266,0.031674813929586654,0.03245565567802883,0.006156231558045087,0.03540722539540708,0.027544344321971226,0.023843768441954925
61.56988405729501,41.35825646556002,8.704216136456248,0.031674813957447145,0.03245565007581963,0.006156236303447457,0.03540722536754659,0.027544349924180422,0.023843763696552556
61.57444393894417,41.36200848874932,8.714952265667678,0.03167481398180927,0.032455644331864875,0.00615624061290241,0.03540722534318447,0.02754435566813518,0.023843759387097603
61.57900400347951,41.36576069453308,8.725698359811044,0.03167481400065164,0.032455638437238254,0.006156244311524624,0.035407225324342095,0.0275443615627618,0.02384375568847539
61.583564250786864,41.36951308281918,8.736454323371952,0.031674814012251695,0.03245563240009297,0.006156247256294094,0.03540722531274204,0.027544367599907083,0.02384375274370592
61.588124680719474,41.37326565348906,8.747220236852971,0.031674814015174635,0.03245562627674786,0.006156249329287454,0.0354072253098191,0.02754437372325219,0.02384375067071256
61.59268529309817,41.37701840639781,8.757996099039055,0.03167481400820776,0.03245562009538194,0.006156250435163442,0.03540722531678597,0.02754437990461811,0.02384374956483657
61.597246087719846,41.38077134138105,8.76878190641991,0.03167481399035582,0.03245561388666157,0.0061562504985687855,0.035407225334637915,0.02754438611333848,0.023843749501431227
61.601807064361466,41.3845244582582,8.779577658022717,0.03167481396084598,0.03245560768309724,0.00615624946461818,0.035407225364147754,0.02754439231690281,0.023843750535381833
61.60636822278456,41.3882777568361,8.790383415515283,0.031674813919130296,0.03245560151838617,0.006156247299518372,0.03540722540586344,0.027544398481613885,0.02384375270048164
61.61092956270976,41.39203123688824,8.80119905358032,0.031674813865269824,0.0324555954259681,0.006156243992305736,0.03540722545972391,0.027544404574031955,0.023843756007694276
61.615491083485665,41.39578489788683,8.81202463237163,0.031674813819541625,0.0324555894396068,0.00615623957098374,0.03540722550545211,0.02754441056039325,0.023843760429016272
61.6200527859655,41.39953874052347,8.822860072671995,0.031674813729996976,0.032455583596549986,0.006156234008692751,0.03540722559499676,0.027544416403450067,0.02384376599130726
61.62461466922122,41.40329276404576,8.833705542944873,0.03167481363210928,0.0324555779165045,0.006156227694054044,0.03540722569288446,0.027544422083495557,0.02384377230594597
61.62917673266305,41.40704696797462,8.844560939786714,0.03167481353846169,0.032455572420324486,0.0061562205352995725,0.03540722578653205,0.027544427579675568,0.02384377946470044
61.633738976910635,41.41080135281358,8.855426586954662,0.03167481342475986,0.032455567131349616,0.006156212861669723,0.035407225900233874,0.027544432868650437,0.02384378713833029
61.63830140140243,41.41455591810628,8.866301938119411,0.031674813315753336,0.03245556202975802,0.006156205584331026,0.0354072260092404,0.02754443797024203,0.023843794415668987
61.64286400583828,41.41831066360885,8.877187126524502,0.03167481322854515,0.03245555709640213,0.006156198790450984,0.035407226096448585,0.02754444290359792,0.02384380120954903
61.647426790940536,41.42206558990607,8.888082248659016,0.031674813149292436,0.03245555226046082,0.0061561941141417414,0.0354072261757013,0.027544447739539235,0.02384380588585827
61.651989756857425,41.4258206971179,8.898987342609475,0.03167481310956971,0.03245554740822243,0.006156192876293161,0.035407226215424026,0.027544452591777624,0.023843807123706852
61.65655290435893,41.42957598586821,8.90990298262263,0.03167481311126874,0.03245554242055754,0.006156195218645383,0.035407226213724996,0.027544457579442516,0.02384380478135463
61.66111623424565,41.43333145680579,8.920828171234099,0.031674813001434876,0.032455537609453355,0.006156187713478797,0.03540722632355886,0.027544462390546698,0.023843812286521215
61.66567974435613,41.43708710817958,8.93176318646189,0.031674812895555404,0.032455532964030476,0.006156180495189123,0.03540722642943833,0.027544467035969578,0.02384381950481089
61.67024343473675,41.440842940026826,8.942708091573937,0.0316748127936039,0.03245552847404565,0.006156173553551421,0.035407226531389835,0.027544471525954406,0.023843826446448592
61.67480730543277,41.444598952383885,8.953662901691665,0.03167481269560196,0.032455524129834545,0.006156166880508067,0.035407226629391775,0.027544475870165508,0.023843833119491946
61.679371356489185,41.448355145286925,8.964627594409059,0.031674812601658664,0.03245551992227519,0.006156160472016718,0.03540722672333507,0.027544480077724864,0.023843839527983295
61.683935587950714,41.45211151877193,8.975602179978111,0.031674812512003325,0.032455515842535865,0.006156154332486584,0.03540722681299041,0.02754448415746419,0.02384384566751343
61.68849999983715,41.455868072854386,8.986586708129106,0.03167481242608744,0.03245551188057738,0.006156148471763885,0.0354072268989063,0.027544488119422672,0.023843851528236128
61.69306459218932,41.45962480756713,8.997581177651218,0.03167481243815601,0.03245550776284345,0.006156151134284395,0.03540722688683773,0.027544492237156604,0.023843848865715618
61.69762936686196,41.46338172441281,9.008586060398361,0.03167481235080538,0.03245550377288553,0.006156144915715915,0.035407226974188355,0.027544496227114523,0.023843855084284098
61.702194321895554,41.46713882180393,9.019600779833715,0.03167481226817709,0.032455499905283736,0.006156138922405394,0.03540722705681665,0.027544500094716318,0.02384386107759462
61.70675945731686,41.47089609976186,9.030625420275456,0.03167481217536139,0.03245549619819532,0.0061561318154054676,0.03540722714963235,0.02754450380180473,0.023843868184594545
61.711324772862895,41.4746535580732,9.041659995366459,0.031674812089260485,0.03245549264304953,0.006156125078726336,0.03540722723573325,0.02754450735695052,0.023843874921273676
61.7158902686042,41.478411196794795,9.052704505967007,0.03167481200820571,0.03245548923505276,0.0061561186064565745,0.035407227316788026,0.027544510764947294,0.023843881393543438
61.720455944601426,41.48216901597546,9.063758952993204,0.03167481193244087,0.03245548596651576,0.006156112500725397,0.035407227392552865,0.02754451403348429,0.023843887499274616
61.72502180095325,41.48592701569486,9.074823338604254,0.03167481186273091,0.03245548282375238,0.006156106956677815,0.035407227462262825,0.027544517176247674,0.023843893043322198
61.72958783781496,41.4896851960786,9.085897668530302,0.03167481179599929,0.032455479804643084,0.006156101876232806,0.035407227528994445,0.02754452019535697,0.023843898123767207
61.73415405531726,41.493443557232325,9.096981944274157,0.03167481172883807,0.032455476916335824,0.0061560971297677305,0.035407227596155666,0.02754452308366423,0.023843902870232282
61.738720453518596,41.497202099203065,9.108076167287788,0.031674811660009294,0.0324554741542743,0.006156092627935844,0.03540722766498444,0.027544525845725754,0.02384390737206417
61.74328703239621,41.500960821971674,9.119180339597378,0.031674811588835616,0.032455471513688716,0.006156088314399108,0.03540722773615812,0.027544528486311337,0.023843911685600905
61.747853792031606,41.5047197256047,9.13029446328583,0.031674811517846624,0.03245546899646745,0.00615608414915287,0.03540722780714711,0.027544531003532602,0.023843915850847143
61.75242073234672,41.508478810038156,9.141418622041556,0.03167481144833706,0.03245546659926046,0.006156080107574888,0.03540722787665668,0.02754453340073959,0.023843919892425125
61.75698785335666,41.51223807528405,9.152551986011952,0.031674811380155654,0.03245546432125063,0.006156076170423991,0.03540722794483808,0.027544535678749427,0.023843923829576022
61.761555155062354,41.5159975213429,9.16369530363718,0.03167481131360783,0.032455462161461335,0.0061560723272618065,0.035407228011385905,0.02754453783853872,0.023843927672738206
61.76612263740263,41.51975714816432,9.174848574230964,0.03167481124823779,0.032455460116022294,0.006156068578380351,0.03540722807675595,0.02754453988397776,0.02384393142161966
61.77069030046793,41.523516955822046,9.18601180123215,0.031674811184917384,0.03245545818604617,0.006156064930513183,0.03540722814007635,0.027544541813953882,0.02384393506948683
61.77525814424717,41.52727694430662,9.197184985948155,0.03167481112341419,0.032455456367411206,0.006156061403379237,0.035407228201579544,0.027544543632588847,0.023843938596620776
61.77982616875522,41.53103711362988,9.20836813063096,0.0316748110640388,0.03245545465562516,0.006156058025248802,0.03540722826095494,0.027544545344374893,0.02384394197475121
61.7843943740131,41.5347974638086,9.219561239526039,0.031674811007161074,0.03245545304468184,0.00615605483047571,0.03540722831783266,0.027544546955318217,0.023843945169524303
61.78896276005024,41.53855799486644,9.230764319915615,0.03167481095314373,0.032455451527122814,0.0061560518544254775,0.03540722837185001,0.02754454847287724,0.023843948145574535
61.79353132690453,41.54231870683387,9.241977394809643,0.03167481090225832,0.03245545009435524,0.0061560491252297955,0.035407228422735415,0.02754454990564481,0.023843950874770217
61.79810007462089,41.54607959974709,9.2532005049108,0.03167481085458901,0.03245544873728373,0.006156046655011509,0.03540722847040473,0.02754455126271632,0.023843953344988504
61.802669003247885,41.54984067364529,9.264433683420673,0.03167481081008089,0.03245544744683587,0.0061560444433912745,0.03540722851491285,0.02754455255316418,0.02384395555660874
61.807238112834966,41.55360192856839,9.27567643927063,0.03167481076919415,0.03245544622058494,0.0061560425343905115,0.035407228555799586,0.027544553779415115,0.0238439574656095
61.81180740344138,41.55736336456424,9.286929145337114,0.03167481073240547,0.03245544504867032,0.006156040973404893,0.03540722859258827,0.027544554951329736,0.02384395902659512
61.81637687513735,41.5611249816896,9.29819179967111,0.03167481069791089,0.03245544392334604,0.006156039605702941,0.03540722862708284,0.027544556076654014,0.02384396039429707
61.82094652796019,41.564886779974614,9.309464406682807,0.031674810659000796,0.03245544285545704,0.006156037846452536,0.03540722866599294,0.027544557144543014,0.023843962153547477
61.82551636181799,41.5686487593447,9.320746969069779,0.03167481062780181,0.03245544182227217,0.006156036759065654,0.03540722869719193,0.027544558177727885,0.02384396324093436
61.83008637684898,41.57241091991176,9.332039493327551,0.031674810572155265,0.03245544089234598,0.0061560334818231005,0.03540722875283847,0.027544559107654076,0.023843966518176912
61.834656572563226,41.57617326127868,9.343342001583569,0.03167481053423932,0.03245544001734679,0.006156031718861268,0.03540722879075442,0.02754455998265326,0.023843968281138744
61.839226949284445,41.5799357837076,9.354654555727386,0.03167481049872356,0.03245543919172883,0.006156030124017858,0.035407228826270176,0.027544560808271223,0.023843969875982154
61.84379750704379,41.583698487223636,9.365976880245837,0.031674810466926495,0.032455438406659765,0.006156028814124463,0.03540722885806724,0.02754456159334029,0.02384397118587555
61.84836824589895,41.587461371873445,9.377309157228085,0.03167481043389503,0.032455437667390785,0.006156027358840854,0.03540722889109871,0.027544562332609268,0.02384397264115916
61.85293916581318,41.59122443762713,9.388651384678193,0.031674810391139674,0.032455437003639565,0.006156025005624205,0.03540722893385406,0.02754456299636049,0.023843974994375808
61.857510266582366,41.59498768431918,9.400003914814588,0.03167481037287967,0.03245543635425985,0.006156024772610243,0.03540722895211407,0.027544563645740205,0.02384397522738977
61.862081548667106,41.59875111232272,9.411366281321905,0.03167481039527492,0.03245544628727737,0.006156028078697806,0.035407228929718815,0.027544553712722686,0.023843971921302207
61.866653011598416,41.60251472123477,9.42273854201483,0.031674810367530226,0.032455455357583596,0.0061560269592909195,0.03540722895746351,0.027544544642416458,0.023843973040709093
61.87122465451269,41.606278510357505,9.43412071314373,0.03167481034417485,0.032455463443764154,0.00615602620358658,0.03540722898081888,0.0275445365562359,0.023843973796413433
61.87579647760421,41.61004247985048,9.445512802517955,0.031674810324452296,0.032455470551072896,0.006156025746090678,0.03540722900054144,0.027544529448927157,0.023843974253909335
61.88036848105259,41.61380662986128,9.456914814727334,0.03167481040999681,0.03245547644992414,0.006156034504545334,0.035407228914996924,0.027544523550075917,0.02384396549545468
61.88494066701109,41.61757096213712,9.468326754639303,0.03167481046385334,0.032455481308704404,0.006156040472081591,0.035407228861140394,0.02754451869129565,0.023843959527918422
61.88951303499451,41.62133547628717,9.479748953400536,0.03167481044943471,0.032455485449498,0.006156040446351589,0.03540722887555903,0.027544514550502053,0.023843959553648424
61.894085583781205,41.6251001713232,9.491180574921705,0.031674810446979174,0.0324554890728293,0.006156041474342379,0.03540722887801456,0.02754451092717075,0.023843958525657634
61.89865831366215,41.62886504748205,9.50262214551223,0.031674810427196276,0.032455492297113586,0.006156040989604997,0.03540722889779746,0.027544507702886467,0.023843959010395016
61.903231224354855,41.63263010453572,9.514073661589022,0.031674810415109,0.03245549506934331,0.006156041191933352,0.035407228909884736,0.027544504930656744,0.02384395880806666
61.90780431606264,41.63639534264992,9.52553512217793,0.03167481039784864,0.03245549740139503,0.00615604095398925,0.035407228927145096,0.027544502598605025,0.023843959046010763
61.91237758874156,41.64016076179003,9.537006526355553,0.03167481038037118,0.03245549934290093,0.006156040712126554,0.03540722894462256,0.027544500657099125,0.02384395928787346
61.91695104243661,41.64392636199331,9.548487873647318,0.03167481036313513,0.03245550095911315,0.0061560405044774336,0.035407228961858606,0.027544499040886905,0.02384395949552258
61.92152467719346,41.647692143297505,9.559979163644893,0.031674810346878524,0.03245550236888317,0.00615604039382809,0.03540722897811521,0.027544497631116882,0.023843959606171923
61.92609849305786,41.65145810574012,9.571480396247544,0.0316748103315328,0.03245550358367594,0.006156040372210542,0.03540722899346094,0.027544496416324116,0.02384395962778947
61.930672490072475,41.65522424935615,9.582991571239344,0.031674810316393354,0.03245550458132662,0.006156040375063697,0.03540722900860038,0.02754449541867343,0.023843959624936316
61.935246668268405,41.65899057417129,9.594512688498533,0.03167481029041613,0.032455505392169404,0.006156039410542977,0.0354072290345776,0.02754449460783065,0.023843960589457036
61.93982102745703,41.6627570800331,9.606043747712068,0.031674810269048226,0.0324555060151423,0.006156038835508908,0.03540722905594551,0.027544493984857754,0.023843961164491105
61.94439556774528,41.666523767028664,9.617584748862335,0.031674810256022645,0.032455506444834414,0.006156038990922409,0.03540722906897109,0.02754449355516564,0.023843961009077604
61.94897028931476,41.670290635305506,9.62913569200129,0.031674810255133246,0.03245550667275249,0.006156040201595166,0.03540722906986049,0.027544493327247566,0.023843959798404847
61.95354519241914,41.67405768506967,9.640696577231529,0.031674810262226794,0.03245550669949365,0.006156042099411278,0.03540722906276694,0.0275444933005064,0.023843957900588734
61.95812027723204,41.67782491646224,9.652267405044118,0.03167481025487279,0.03245550658536406,0.006156042714050736,0.03540722907012095,0.027544493414635995,0.023843957285949277
61.96269554270714,41.681592328634885,9.663848174154143,0.03167481032519137,0.03245550661929941,0.006156047116289413,0.035407228999802365,0.02754449338070064,0.0238439528837106
61.967270990974214,41.685359923313904,9.675438886622045,0.03167481034906444,0.032455509278569605,0.006156049858051439,0.035407228975929295,0.027544490721430448,0.023843950141948574
61.971846620800534,41.68912769949471,9.68703954071158,0.03167481037439024,0.03245550839709321,0.006156052554560698,0.0354072289506035,0.02754449160290684,0.023843947445439315
61.97642243258745,41.6928956575102,9.698650136760257,0.0316748104022847,0.03245550760584831,0.006156055332901929,0.03540722892270903,0.027544492394151743,0.023843944667098084
61.98099842634349,41.696663797367066,9.710270674543958,0.031674810432314904,0.03245550667361791,0.006156058176870274,0.03540722889267883,0.027544493326382147,0.02384394182312974
61.985574602101664,41.70043211909235,9.721901153861754,0.03167481046376858,0.032455506322832506,0.006156061041429954,0.03540722886122516,0.027544493677167547,0.02384393895857006
61.99015095980057,41.70420062263503,9.733541574255023,0.031674810495992134,0.03245550512916873,0.006156063902157713,0.0354072288290016,0.027544494870831326,0.0238439360978423
61.994727499540616,41.7079693080783,9.745192636565374,0.03167481052796833,0.03245550385817464,0.006156066694367711,0.0354072287970254,0.027544496141825414,0.023843933305632302
61.99930422131811,41.71173817541934,9.75685347186489,0.0316748105593902,0.03245551319995427,0.006156069386919698,0.03540722876560354,0.027544486800045787,0.023843930613080315
62.0038811238673,41.715507223609265,9.768524089878317,0.03167481059386429,0.03245551180317585,0.006156072292822189,0.03540722873112945,0.0275444881968242,0.023843927707177824
62.00845820849682,41.71927645373201,9.78020453750441,0.03167481062705918,0.0324555103743539,0.00615607504461517,0.035407228697934556,0.02754448962564615,0.023843924955384843
62.013035475178675,41.723045865764945,9.791894807748893,0.03167481065875716,0.032455508938799615,0.0061560776355405605,0.03540722866623658,0.027544491061200438,0.023843922364459452
62.017612923880286,41.726815459681696,9.803594919446914,0.031674810688842536,0.03245550752454884,0.006156080064470208,0.0354072286361512,0.02754449247545121,0.023843919935529805
62.02219055456538,41.73058523545285,9.815304935318885,0.031674810717256696,0.03245550611390474,0.006156082334807196,0.03540722860773704,0.02754449388609531,0.023843917665192817
62.02676836720038,41.73435519305119,9.8270249388905,0.031674810743967996,0.03245550468452135,0.006156084452063025,0.03540722858102574,0.0275444953154787,0.023843915547936988
62.03134636175544,41.73812533245258,9.838754937932526,0.031674810768962836,0.03245550319208579,0.006156086422223414,0.0354072285560309,0.027544496807914265,0.0238439135777766
62.03592453820721,41.74189565363825,9.85049493804416,0.031674810792251595,0.03245550158278482,0.0061560882520966045,0.03540722853274214,0.027544498417215235,0.023843911747903408
62.04050289654006,41.7456661565958,9.862244940451715,0.031674810813848486,0.03245549981506113,0.006156089948000265,0.03540722851114525,0.027544500184938925,0.023843910051999748
62.045081436744574,41.749436841317966,9.874004939593439,0.03167481083377388,0.03245549787691571,0.00615609151577249,0.035407228491219855,0.027544502123084347,0.023843908484227523
62.04966015881394,41.75320770779959,9.885774921737072,0.031674810852064694,0.03245549578344864,0.006156092961538441,0.03540722847292904,0.027544504216551413,0.02384390703846157
62.054239062740855,41.756978756035124,9.897554891941974,0.031674810868767556,0.0324554935509172,0.006156094292419569,0.03540722845622618,0.02754450644908285,0.023843905707580444
62.0588181485175,41.76074998601853,9.909344835916668,0.031674810883927484,0.032455491217797394,0.006156095516441494,0.03540722844106625,0.02754450878220266,0.02384390448355852
62.06339741613339,41.76452139774155,9.921144746410567,0.03167481089766949,0.03245548861805542,0.006156096643160483,0.035407228427324244,0.027544511381944636,0.02384390335683953
62.067976865599526,41.768292991213684,9.932953895369387,0.031674810909385676,0.03245548593296105,0.006156097677164185,0.03540722841560806,0.027544514067039005,0.023843902322835828
62.07255649690663,41.77206476642761,9.944772995310268,0.03167481091865543,0.03245548355252348,0.00615609862927273,0.03540722840633831,0.027544516447476575,0.023843901370727283
62.07713631000197,41.775836723339935,9.956602045622883,0.03167481092574892,0.032455481542262576,0.00615609952284258,0.03540722839924482,0.027544518457737477,0.023843900477157433
62.081716304830124,41.77960886190493,9.96844104570888,0.031674810930872155,0.03245547955088646,0.006156100382930983,0.03540722839412158,0.027544520449113596,0.02384389961706903
62.08629648138239,41.78338118211553,9.980289995052315,0.03167481093404845,0.03245547737410215,0.006156101223331871,0.03540722839094529,0.027544522625897905,0.023843898776668142
62.09087683967701,41.7871536839869,9.992148893193125,0.03167481093539953,0.03245547509064911,0.00615610205187514,0.0354072283895942,0.027544524909350943,0.023843897948124873
62.095457379724756,41.79092636752803,10.004017739678485,0.03167481093520563,0.03245548064960696,0.006156102879689852,0.035407228389788103,0.027544519350393093,0.02384389712031016
62.10003810060451,41.79469923197518,10.015896532735534,0.03167481093669411,0.03245548386482211,0.0061561039665678635,0.03540722838829963,0.027544516135177943,0.02384389603343215
62.10461900264849,41.798472277602734,10.027785272380388,0.03167481093960517,0.032455485629891645,0.006156105242914947,0.03540722838538857,0.02754451437010841,0.023843894757085066
62.1092000860689,41.802245504585855,10.03968395851628,0.031674810944306686,0.03245548615358368,0.0061561066723483104,0.03540722838068705,0.027544513846416374,0.023843893327651702
62.11378135104554,41.80601891307297,10.05159259101873,0.03167481095098906,0.03245548698031914,0.0061561082288449365,0.03540722837400467,0.027544513019680916,0.023843891771155076
62.11836279757105,41.80979250305747,10.06351116948694,0.03167481095931557,0.03245548795002473,0.006156109938026774,0.03540722836567817,0.027544512049975323,0.02384389006197324
62.1229444256625,41.813566274552855,10.075439693571834,0.03167481096943786,0.03245548728284836,0.0061561118216232405,0.035407228355555875,0.027544512717151692,0.023843888178376772
62.12752623555084,41.81734022774991,10.08737816325052,0.03167481098092617,0.03245548504655926,0.006156113847475518,0.035407228344067565,0.02754451495344079,0.023843886152524495
62.13210822745212,41.82111436282719,10.099327231916503,0.03167481099040553,0.032455482569104244,0.00615611599006588,0.0354072283345882,0.02754451743089581,0.023843884009934133
62.136690401420815,41.824888679829385,10.1112861778235,0.03167481091649421,0.03245548041887519,0.006156110505179661,0.035407228408499525,0.02754451958112486,0.02384388949482035
62.14127275575383,41.828663177375475,10.123255001719658,0.031674810912730056,0.03245547842149599,0.006156110679671242,0.03540722841226368,0.027544521578504066,0.02384388932032877
62.145855291668695,41.83243785645186,10.13523370798437,0.03167481085807744,0.032455476743750766,0.006156106419120212,0.035407228466916296,0.027544523256249287,0.0238438935808798
62.15043800815977,41.83621271624284,10.147222320102507,0.03167481079535356,0.03245547543231275,0.0061561014562886845,0.03540722852964018,0.0275445245676873,0.023843898543711328
62.155020905030554,41.8399877565883,10.159220836972654,0.03167481073300421,0.0324554747598661,0.006156096520103446,0.035407228591989526,0.027544525240133955,0.023843903479896567
62.159603982211465,41.84376297743045,10.17122923697903,0.03167481067186134,0.03245547479679639,0.006156091769540066,0.035407228653132394,0.027544525203203662,0.023843908230459947
62.16418723965248,41.84753837872713,10.18324750077887,0.03167481063271427,0.032455475529516664,0.006156089257067773,0.03540722869227947,0.02754452447048339,0.02384391074293224
62.168770677716125,41.85131396077041,10.195275613655447,0.03167481058021199,0.03245547702259438,0.006156085763632066,0.03540722874478175,0.027544522977405672,0.023843914236367947
62.17335429614781,41.855089723353096,10.207313570533744,0.03167481052791887,0.03245547933237142,0.006156082030636223,0.03540722879707486,0.027544520667628636,0.02384391796936379
62.177938094658,41.858865666237975,10.21936138034421,0.03167481048276777,0.03245548250465813,0.0061560783743219785,0.03540722884222597,0.027544517495341925,0.023843921625678034
62.18252207313671,41.86264178933386,10.231419062399617,0.03167481044762527,0.03245548655182606,0.006156074915504385,0.03540722887736847,0.02754451344817399,0.023843925084495628
62.18710623153059,41.86641809259554,10.243486639926141,0.03167481042071563,0.03245549147529192,0.0061560717336606036,0.03540722890427811,0.027544508524708133,0.02384392826633941
62.19169056981177,41.87019457599851,10.25556413491438,0.03167481040056308,0.03245549726779606,0.0061560688795905885,0.035407228924430656,0.02754450273220399,0.023843931120409424
62.1962750879662,41.87397123952944,10.26765156554169,0.03167481039035219,0.03245550391564345,0.00615606637436146,0.035407228934641544,0.027544496084356607,0.023843933625638553
62.200859785985415,41.877748083179625,10.279748934355053,0.03167481038922354,0.0324555114002279,0.006156064230052556,0.035407228935770196,0.027544488599772154,0.023843935769947457
62.20544466386412,41.88152510694296,10.291856242233715,0.03167481039244785,0.032455510417374156,0.006156062454863602,0.03540722893254589,0.027544489582625897,0.02384393754513641
62.21002972289413,41.88530231188571,10.303973495897193,0.03167481037454106,0.032455509511292224,0.0061560607595999295,0.035407228950452674,0.02754449048870783,0.023843939240400083
62.21461496314888,41.88907969806736,10.31610069896867,0.03167481033339137,0.03245550868026964,0.006156059139308383,0.03540722899160237,0.027544491319730413,0.02384394086069163
62.21920038462768,41.89285726548711,10.32823785071116,0.03167481029419317,0.03245550792180418,0.006156057591853115,0.03540722903080057,0.02754449207819587,0.023843942408146898
62.223785987317854,41.89663501413443,10.340384950811314,0.03167481025783364,0.03245550723337026,0.006156056115619021,0.035407229067160095,0.02754449276662979,0.02384394388438099
62.2283717711875,41.90041294398325,10.352541999011457,0.03167481022481855,0.0324555066124293,0.006156054710009774,0.035407229100175186,0.027544493387570756,0.02384394528999024
62.23295773613762,41.90419105495263,10.36470899573168,0.03167481019520585,0.032455506054725025,0.006156053377178131,0.03540722912978789,0.027544493945275028,0.023843946622821882
62.23754388218788,41.907969347058675,10.37688594136294,0.03167481016823587,0.032455505559593534,0.006156052117878438,0.03540722915675787,0.02754449444040652,0.023843947882121574
62.242130209327016,41.91174782029234,10.389072836445225,0.031674810143775545,0.03245550512583273,0.006156050941991932,0.03540722918121819,0.027544494874167325,0.02384394905800808
62.24671671753974,41.91552647464087,10.401269681702402,0.03167481012125373,0.03245550474882991,0.006156049900362316,0.03540722920374001,0.027544495251170142,0.023843950099637697
62.25130340685021,41.91930531012375,10.413476478041822,0.031674810102260864,0.03245550442048856,0.006156049137340358,0.03540722922273287,0.027544495579511497,0.023843950862659655
62.25589027731557,41.923084326787155,10.425693235679104,0.03167481009411294,0.03245550411313025,0.0061560493000385325,0.0354072292308808,0.027544495886869802,0.02384395069996148
62.2604773291381,41.926863524795024,10.437919964301118,0.03167481007338524,0.03245550386187657,0.006156048348761427,0.035407229251608496,0.027544496138123487,0.023843951651238586
62.26506456207089,41.930642903947074,10.450156678294244,0.03167481005904904,0.03245550365040761,0.006156047959528718,0.035407229265944695,0.02754449634959244,0.023843952040471295
62.26965197623394,41.93442246434051,10.462403405149,0.03167481016981227,0.03245550308240974,0.006156058555508263,0.03540722915518146,0.02754449691759031,0.02384394144449175
62.27423957406988,41.93820220795611,10.474660152265647,0.03167481022721197,0.03245550233905131,0.0061560644664692896,0.03540722909778177,0.02754449766094874,0.023843935533530723
62.278827354577636,41.9419821339828,10.486926877190202,0.03167481026907215,0.032455501574005896,0.006156069275271826,0.035407229055921585,0.027544498425994157,0.023843930724728186
62.283415317520294,41.9457622422286,10.499203466090409,0.03167481028972924,0.0324555004485777,0.006156073164463677,0.0354072290352645,0.027544499551422352,0.023843926835536336
62.2880034627404,41.949542532566696,10.511489985424452,0.03167481028524172,0.03245549951459781,0.0061560762899461885,0.03540722903975202,0.027544500485402246,0.023843923710053824
62.29259179004946,41.95332300484385,10.523786390233758,0.03167481025478103,0.032455498504404934,0.006156078810134205,0.03540722907021271,0.02754450149559512,0.023843921189865808
62.29718029932479,41.95710365896083,10.536092510427567,0.031674810271126896,0.032455497428069635,0.0061560808626991564,0.03540722905386684,0.027544502571930418,0.023843919137300856
62.30176899047248,41.960884494841636,10.548408568148654,0.03167481028341601,0.03245549629883271,0.006156082577500457,0.035407229041577726,0.027544503701167344,0.023843917422499555
62.306357863425234,41.964665512431836,10.560734573944604,0.0316748102931958,0.03245549512615087,0.006156084081149545,0.03540722903179794,0.027544504873849185,0.023843915918850468
62.31094691814118,41.968446711697595,10.573070535761623,0.03167481030183078,0.032455493914828104,0.006156085497765938,0.035407229023162956,0.02754450608517195,0.023843914502234075
62.3155361546019,41.972228092624064,10.585416452902631,0.031674810310960366,0.03245549266519476,0.0061560869570357266,0.03540722901403337,0.02754450733480529,0.023843913042964286
62.320125572822704,41.976009655223756,10.597772303989677,0.03167481032207814,0.03245549137438014,0.006156088601247396,0.0354072290029156,0.027544508625619912,0.023843911398752617
62.32471517284986,41.97979139953427,10.610138256474674,0.0316748103370586,0.032455490039961676,0.006156090593905095,0.035407228987935135,0.027544509960038377,0.023843909406094918
62.32930495476525,41.98357332562209,10.622514075061583,0.031674810358283845,0.032455488674389854,0.006156093128964063,0.03540722896670989,0.0275445113256102,0.02384390687103595
62.333894918692,41.9873554335871,10.63489974843424,0.031674810293882416,0.032455487483687095,0.0061560879720081105,0.03540722903111132,0.027544512516312958,0.023843912027991902
62.338485062929465,41.991137722050254,10.647295372908578,0.03167481030811842,0.03245548618153632,0.00615609028100509,0.03540722901687532,0.027544513818463734,0.023843909718994923
62.34307538912249,41.99492019234526,10.659700986199578,0.03167481034394842,0.03245549055332353,0.006156094350085933,0.03540722898104531,0.027544509446676524,0.02384390564991408
62.347665896987664,41.99870284422971,10.672116874695947,0.03167481037492975,0.03245549575986739,0.006156097714557621,0.035407228950063985,0.02754450424013266,0.023843902285442392
62.35225658627256,42.002485677497134,10.684542461975605,0.0316748103192252,0.032455494230859194,0.006156093541295905,0.03540722900576854,0.02754450576914086,0.023843906458704107
62.35684745612302,42.00626869147004,10.696977817916828,0.03167481026614605,0.03245549269380199,0.006156089566209458,0.03540722905884769,0.027544507306198063,0.023843910433790555
62.36143850658277,42.01005188618391,10.709423486117705,0.031674810214617655,0.032455490278831545,0.00615608569839729,0.03540722911037608,0.02754450972116851,0.023843914301602723
62.36602973777808,42.013835261743026,10.721879243305649,0.031674810246522134,0.03245549248891311,0.006156089215364063,0.0354072290784716,0.027544507511086946,0.02384391078463595
62.37062114948219,42.01761881795127,10.734344757630662,0.03167481032951741,0.03245549363546407,0.006156092646728499,0.035407228995476325,0.02754450636453598,0.023843907353271514
62.37521274340018,42.02140255619578,10.746820194329267,0.0316748103922993,0.03245549295127381,0.0061560954226341225,0.035407228932694434,0.02754450704872624,0.02384390457736589
62.37980451957006,42.025186476511436,10.75930519702957,0.03167481045910392,0.03245549169195838,0.006156099503662131,0.03540722886588982,0.02754450830804167,0.02384390049633788
62.38439647830147,42.02897057915047,10.771800142048603,0.03167481051916404,0.03245549074519727,0.006156104340459705,0.035407228805829694,0.027544509254802785,0.023843895659540308
62.38898861969041,42.03275486418995,10.784305041968912,0.03167481054444804,0.03245549620921817,0.0061561074351496325,0.035407228780545696,0.027544503790781882,0.02384389256485038
62.39358094256547,42.036539330665846,10.796819884827872,0.031674810517715646,0.032455494021157105,0.006156106450875026,0.03540722880727809,0.027544505978842948,0.023843893549124986
62.39817344687743,42.04032397855522,10.809344670264723,0.03167481043776954,0.03245549217934868,0.006156100875577643,0.035407228887224196,0.027544507820651376,0.02384389912442237
62.402766130895664,42.04410880644941,10.821879395959606,0.031674810463615255,0.03245549021954375,0.006156104460681065,0.03540722886137848,0.027544509780456305,0.023843895539318948
62.40735899745787,42.0478938166534,10.834424502415937,0.03167481043971848,0.03245549212210469,0.0061561053310230165,0.035407228885275255,0.027544507877895363,0.023843894668976996
62.41195204500437,42.051679007891146,10.84697939610513,0.031674810390035224,0.032455490260769604,0.006156104848452193,0.03540722893495851,0.02754450973923045,0.02384389515154782
62.41654527461233,42.055464381056694,10.859544123328178,0.031674810368751305,0.03245548875890558,0.006156103272336719,0.03540722895624243,0.02754451124109447,0.023843896727663294
62.421138685348794,42.05924993538406,10.872118720045027,0.0316748103502571,0.0324554870673292,0.00615610096876458,0.03540722897473664,0.02754451293267085,0.023843899031235433
62.42573227629087,42.063035670117515,10.884703212879625,0.031674810295983624,0.032455484851720284,0.006156098280053195,0.03540722902901011,0.02754451514827977,0.023843901719946818
62.43032604827331,42.06682158594418,10.897297619213,0.03167481024748242,0.03245548255515618,0.006156095605076316,0.035407229077511315,0.027544517444843875,0.023843904394923697
62.434920001330056,42.07060768289185,10.909901949537748,0.03167481022190216,0.03245548090524808,0.006156094507445621,0.035407229103091575,0.027544519094751974,0.02384390549255439
62.43951413574226,42.07439396118701,10.92251621056299,0.03167481016258994,0.032455479448778246,0.006156090077300183,0.0354072291624038,0.027544520551221807,0.02384390992269983
62.44410845064727,42.078180420128135,10.935140405411651,0.03167481009984052,0.03245547831656903,0.006156085530772661,0.035407229225153214,0.027544521683431022,0.023843914469227352
62.44870294614152,42.08196705979513,10.947774536905637,0.03167481013066992,0.032455477593048565,0.00615608857322935,0.03540722919432382,0.027544522406951488,0.023843911426770663
62.45329762368067,42.08575388136654,10.960418608988663,0.03167481009004153,0.032455477709159686,0.006156084485478337,0.03540722923495221,0.027544522290840368,0.023843915514521676
62.45789248147156,42.08954088338513,10.973072638742504,0.03167481007103384,0.0324554781039737,0.006156080799395579,0.03540722925395989,0.027544521896026353,0.023843919200604434
62.46248751968147,42.093328065985965,10.985736634145015,0.03167481000768585,0.032455477905023955,0.006156077564354344,0.03540722931730789,0.0275445220949761,0.02384392243564567
62.467082738473124,42.097115429302335,10.998410598262916,0.031674809989472585,0.03245547713152408,0.006156074822440377,0.03540722933552115,0.027544522868475974,0.023843925177559636
62.47167813807026,42.10090297351695,11.011094543041098,0.03167480997686234,0.03245547623021516,0.006156072659152183,0.0354072293481314,0.02754452376978489,0.02384392734084783
62.476273718642794,42.10469069876787,11.023788490869391,0.03167480997987432,0.03245547478750854,0.006156071154991179,0.03540722934511942,0.02754452521249151,0.023843928845008834
62.48086948041151,42.1084786052353,11.036492471752311,0.03167480997522837,0.03245547363351853,0.006156070341773512,0.03540722934976537,0.027544526366481525,0.0238439296582265
62.4854654234487,42.112266692976775,11.049206507526232,0.03167480997507416,0.032455472991850864,0.0061560702137612305,0.03540722934991958,0.02754452700814919,0.023843929786238782
62.4900615476644,42.11605496191659,11.061930543578717,0.03167480997430511,0.03245547254907066,0.006156070666825511,0.03540722935068863,0.02754452745092939,0.0238439293331745
62.49465785323244,42.11984341219612,11.07466457032452,0.03167480997209837,0.0324554768813502,0.00615607139549864,0.035407229352895364,0.027544523118649855,0.023843928604501373
62.49925433969953,42.12363204343782,11.087407894295103,0.03167480991808047,0.032455483412340835,0.006156067777248253,0.035407229406913265,0.027544516587659218,0.02384393222275176
62.50385100588885,42.127420854682995,11.100161162747126,0.03167480992942329,0.03245548498581763,0.006156069954693658,0.03540722939557045,0.027544515014182425,0.023843930045306355
62.50844785367438,42.13120984746256,11.112924377612497,0.031674809925456515,0.03245548772133605,0.006156070764607259,0.03540722939953722,0.027544512278664002,0.023843929235392754
62.51304488263393,42.13499902143175,11.125697538637096,0.031674809893874445,0.032455491735516095,0.006156069111329016,0.03540722943111929,0.027544508264483958,0.023843930888670997
62.51764209208571,42.138788376034995,11.138480649525093,0.03167480987494253,0.03245549893728766,0.006156068599814796,0.0354072294500512,0.02754450106271239,0.023843931400185217
62.522239481868226,42.14257791113367,11.151273702253214,0.03167480986324622,0.032455498471258726,0.00615606899424849,0.035407229461747514,0.027544501528741328,0.023843931005751523
62.52683705307122,42.14636762762834,11.164076699219635,0.03167480986504512,0.032455498313962716,0.006156069312669134,0.03540722945994862,0.027544501686037337,0.02384393068733088
62.53143480564575,42.150157525478676,11.176889639720823,0.0316748098446214,0.03245549816882187,0.0061560682219797686,0.03540722948037234,0.02754450183117818,0.023843931778020244
62.536032739285446,42.15394760443624,11.189712523597656,0.031674809810539994,0.03245549793135327,0.006156065727239209,0.03540722951445374,0.02754450206864678,0.023843934272760804
62.54063085369674,42.157737864263225,11.20254535006318,0.031674809781287894,0.03245549755912919,0.006156063701398519,0.03540722954370584,0.027544502440870866,0.023843936298601494
62.54522914900028,42.16152830505778,11.2153881189255,0.031674809752178734,0.032455497106744,0.006156061817714005,0.035407229572815,0.02754450289325605,0.023843938182286008
62.54982762523842,42.16531892685444,11.22824082992139,0.03167480971809461,0.0324554965849253,0.006156059601609004,0.03540722960689913,0.02754450341507475,0.02384394039839101
62.55442628234813,42.169109729602255,11.241103482623211,0.03167480968254005,0.03245549584891133,0.006156057327142965,0.035407229642453686,0.027544504151088722,0.023843942672857048
62.55902512034311,42.172900713312835,11.253976076705635,0.0316748096508635,0.03245549498601652,0.006156055442067251,0.035407229674130236,0.027544505013983533,0.02384394455793276
62.56362413932454,42.17669187806851,11.266858619734085,0.031674809639612556,0.032455494341216584,0.006156055292706394,0.03540722968538118,0.02754450565878347,0.02384394470729362
62.56822333964726,42.18048322415655,11.279751108030071,0.0316748096534446,0.0324554941442185,0.0061560571573547745,0.035407229671549134,0.027544505855781554,0.023843942842645238
62.57282272169994,42.18427475189113,11.292653540628113,0.03167480962567204,0.03245549403968545,0.0061560549059403585,0.035407229699321696,0.027544505960314603,0.023843945094059654
62.577422284571654,42.18806646053338,11.30556591556488,0.0316748096110287,0.03245549404331871,0.0061560527977281496,0.03540722971396504,0.027544505956681342,0.023843947202271863
62.58202202828129,42.19185835009835,11.318488231972392,0.03167480962459829,0.03245549418939386,0.0061560512342247325,0.03540722970039545,0.02754450581060619,0.02384394876577528
62.58662195293138,42.195650420668905,11.331420489219905,0.0316748096779475,0.03245549462159142,0.006156049961628475,0.035407229647046234,0.027544505378408635,0.023843950038371538
62.59122205855189,42.19944267226868,11.344362686718664,0.03167480965215441,0.03245549578249851,0.0061560486114626,0.035407229672839324,0.027544504217501542,0.023843951388537413
62.59582234503979,42.20323510481249,11.35731482379264,0.03167480962046754,0.032455498691711826,0.006156047014542636,0.0354072297045262,0.027544501308288227,0.023843952985457377
62.600422812134454,42.20702771808504,11.370276899600567,0.03167480959458102,0.03245550508188111,0.006156046103697327,0.035407229730412715,0.027544494918118945,0.023843953896302686
62.60502345957451,42.21082051186656,11.38324891322975,0.031674809621282995,0.03245550537500003,0.0061560498267724875,0.03540722970371074,0.027544494625000027,0.023843950173227525
62.6096242891161,42.21461348759504,11.396230866485427,0.03167480960750335,0.03245550576834039,0.006156049786802384,0.035407229717490385,0.027544494231659666,0.02384395021319763
62.61422530010793,42.21840664474375,11.409222758451426,0.03167480957358121,0.03245550632761357,0.0061560477406293335,0.03540722975141253,0.027544493672386483,0.02384395225937068
62.618826492003464,42.22219998286873,11.422224588265065,0.0316748095543829,0.0324555069836619,0.006156046647191139,0.03540722977061084,0.027544493016338156,0.023843953352808873
62.62342786490409,42.22599350205141,11.435236355747136,0.031674809544847915,0.03245550766949212,0.006156045806196081,0.03540722978014582,0.02754449233050793,0.023843954193803932
62.62802941869483,42.22978720219737,11.448258060518253,0.03167480954896268,0.03245550833441979,0.006156045165421883,0.03540722977603106,0.027544491665580262,0.02384395483457813
62.63263115369404,42.23358108356531,11.461289702702548,0.03167480953784113,0.03245550897765115,0.006156044322612429,0.035407229787152605,0.027544491022348905,0.023843955677387584
62.63723306976707,42.23737514604578,11.474331281831946,0.03167480952423435,0.032455509609176814,0.006156043477007628,0.03540722980075939,0.02754449039082324,0.023843956522992385
62.64183516690812,42.24116938963424,11.487382798024656,0.03167480951242768,0.03245551658766915,0.006156042705711046,0.035407229812566055,0.0275444834123309,0.023843957294288967
62.64643744416237,42.24496381354082,11.500444249542275,0.03167480950273027,0.03245552074671143,0.00615604218723393,0.035407229822263464,0.027544479253288623,0.023843957812766083
62.651039900263285,42.24875841673652,11.51351563494213,0.03167480952340468,0.03245552312625233,0.006156041878536869,0.03540722980158906,0.027544476873747725,0.023843958121463144
62.65564253925848,42.25255320252724,11.526596958826119,0.031674809512834134,0.032455526612076124,0.0061560416057675135,0.0354072298121596,0.02754447338792393,0.0238439583942325
62.66024535888741,42.25634816906613,11.539688218419988,0.03167480950778678,0.03245553262147144,0.006156041484389932,0.03540722981720695,0.027544467378528614,0.02384395851561008
62.664848358661445,42.26014331594959,11.552789412897383,0.03167480950389984,0.03245553393066081,0.006156041593265514,0.0354072298210939,0.027544466069339246,0.0238439584067345
62.669451540246754,42.26393864454619,11.565900544378668,0.03167480950180912,0.03245553472915674,0.0061560417233576525,0.035407229823184616,0.02754446527084331,0.02384395827664236
62.674054903041636,42.2677341543649,11.579021612099547,0.031674809499891154,0.03245553499066095,0.006156041881975535,0.03540722982510258,0.027544465009339103,0.023843958118024478
62.678658447111836,42.27152984546018,11.592152616079357,0.03167480949710305,0.032455535211047826,0.006156042068518407,0.035407229827890685,0.027544464788952228,0.023843957931481606
62.68326217246774,42.275325717840516,11.605293556258715,0.03167480949305557,0.03245553540878077,0.0061560423015007415,0.03540722983193817,0.027544464591219286,0.02384395769849927
62.68786607912713,42.27912177152049,11.618444432593375,0.031674809487686084,0.03245553574154597,0.006156042554152502,0.03540722983730765,0.027544464258454082,0.02384395744584751
62.6924701670866,42.28291800649713,11.631605245012324,0.03167480948257706,0.0324555364634746,0.006156042891186271,0.035407229842416676,0.027544463536525454,0.02384395710881374
62.697074436325764,42.286714422753164,11.644775993413196,0.03167480948413115,0.03245553743426083,0.006156043798516718,0.035407229840862586,0.027544462565739225,0.023843956201483295
62.701678886932314,42.290511020359084,11.657956677807768,0.03167480949926332,0.03245553858532563,0.006156046626346175,0.03540722982573041,0.027544461414674426,0.023843953373653838
62.706283519309494,42.29430779964144,11.67114729852562,0.03167480952790108,0.03245553976279536,0.006156050807031341,0.035407229797092654,0.027544460237204693,0.023843949192968672
62.71088833374143,42.29810476083054,11.684347855810907,0.03167480956614299,0.03245554079638041,0.006156055823354954,0.035407229758850745,0.027544459203619642,0.02384394417664506
62.715493330426064,42.30190190408725,11.69755834984079,0.03167480961877661,0.03245554158212871,0.006156061335180173,0.035407229706217125,0.027544458417871343,0.02384393866481984
62.72009850949989,42.30569922952281,11.710778780722077,0.03167480967549402,0.03245554208278795,0.006156067078275533,0.035407229649499716,0.027544457917212106,0.02384393292172448
62.72470387063669,42.30949673687235,11.724009874921693,0.03167480974496495,0.03245554231130249,0.006156072864828568,0.03540722958002879,0.027544457688697566,0.023843927135171444
62.729309414502,42.31329442667948,11.737250833214967,0.03167480981759413,0.032455550163742186,0.006156078491464677,0.03540722950739961,0.027544449836257867,0.023843921508535336
62.733915139974286,42.31709229801518,11.750501658141104,0.03167480988881316,0.03245555377357029,0.006156083993588281,0.035407229436180576,0.027544446226429764,0.023843916006411732
62.73852104753384,42.32089035127866,11.763762354630993,0.03167480994481919,0.032455556666332486,0.006156088961162064,0.03540722938017454,0.027544443333667568,0.02384391103883795
62.743127137137165,42.32468858643627,11.777032926679812,0.03167480999224148,0.032455560133409556,0.0061560929084159,0.035407229332752255,0.027544439866590498,0.023843907091584113
62.747733408478915,42.32848700323899,11.790313377773806,0.031674810019853505,0.03245556340636968,0.006156095186009132,0.03540722930514023,0.027544436593630373,0.02384390481399088
62.752339861212505,42.3322856014062,11.803603711267845,0.03167481002335637,0.03245556623341894,0.006156094970271114,0.035407229301637366,0.02754443376658111,0.0238439050297289
62.756946494854645,42.33608438054687,11.816903930253803,0.03167481005264733,0.03245556836516744,0.006156094054590333,0.03540722927234641,0.02754443163483261,0.02384390594540968
62.76155330934489,42.339883340613554,11.830214038061754,0.03167481004568934,0.03245557040236441,0.0061560931337932764,0.0354072292793044,0.027544429597635645,0.023843906866206736
62.76616030468627,42.34368248160895,11.843534038025808,0.03167481003604744,0.03245557277700939,0.006156092383731264,0.035407229288946296,0.027544427222990664,0.02384390761626875
62.77076748087578,42.34748180352979,11.856863933275697,0.03167481001941019,0.03245557690890827,0.006156091506358423,0.03540722930558354,0.027544423091091785,0.02384390849364159
62.77537483758536,42.351281306105136,11.870203726169317,0.031674809992395025,0.03245558268841531,0.0061560898763301855,0.03540722933259871,0.027544417311584746,0.023843910123669827
62.779982374488554,42.355080989066714,11.883553427793302,0.03167480997019667,0.03245558985879482,0.006156088829888544,0.035407229354797065,0.027544410141205233,0.02384391117011147
62.784590091668704,42.35888085247964,11.896913038832196,0.03167480994821076,0.0324555981497095,0.00615608811315909,0.03540722937678298,0.027544401850290556,0.023843911886840922
62.78919798906681,42.36268089629304,11.910282559388815,0.031674809922574265,0.03245560730119723,0.006156087734564657,0.03540722940241947,0.027544392698802822,0.023843912265435356
62.793806066835344,42.36648112063175,11.923661990333672,0.031674809904040646,0.032455617103083256,0.0061560875677378404,0.03540722942095309,0.027544382896916797,0.023843912432262172
62.798414324690384,42.37028152526125,11.937051332248883,0.031674809886133304,0.03245562735318719,0.00615608759632702,0.03540722943886043,0.027544372646812865,0.023843912403672993
62.80302276262313,42.37408211017342,11.950450586272343,0.031674809905828216,0.03245563783659583,0.006156089718533916,0.03540722941916552,0.027544362163404223,0.023843910281466096
62.8076313810643,42.37788287571709,11.963859754086554,0.03167480995146327,0.03245563761477421,0.006156094086726911,0.03540722937353047,0.02754436238522584,0.0238439059132731
62.812240181772545,42.38168382334307,11.977278839621357,0.03167481000184291,0.03245563725165379,0.006156099550999945,0.035407229323150824,0.027544362748346263,0.023843900449000067
62.81684916500495,42.38548495326023,11.990707844541832,0.031674810052198354,0.032455636735101656,0.00615610534647975,0.03540722927279538,0.027544363264898397,0.023843894653520263
62.82145833085258,42.38928626554279,12.004146770370875,0.031674810111008256,0.032455636070471805,0.006156110882655413,0.03540722921398548,0.02754436392952825,0.0238438891173446
62.826067679085,42.39308776000337,12.017595618241923,0.031674810163904,0.032455635278659356,0.006156115524034347,0.03540722916108974,0.027544364721340697,0.023843884475965665
62.83067720971341,42.396889436652344,12.031054389569935,0.031674810204681936,0.03245563439511717,0.0061561190554676945,0.0354072291203118,0.02754436560488288,0.02384388094453232
62.835286922460234,42.40069129526434,12.044523085394818,0.03167481018400792,0.032455633545467544,0.006156118215092009,0.03540722914098582,0.02754436645453251,0.023843881784908004
62.8398968164374,42.404493335119014,12.058001706122333,0.031674810144226795,0.03245563271699525,0.006156117811698052,0.03540722918076694,0.0275443672830048,0.02384388218830196
62.84450689112569,42.408295555791156,12.071490252329607,0.031674810141579746,0.03245564240506643,0.006156117476759558,0.03540722918341399,0.02754435759493362,0.023843882523240455
62.84911714545487,42.41209795639011,12.084988723352831,0.031674810136823606,0.03245565189523353,0.0061561167277542975,0.03540722918817013,0.027544348104766525,0.023843883272245715
62.85372757966937,42.415900537116514,12.098497120639056,0.03167481013859669,0.03245566116618931,0.00615611648173809,0.03540722918639705,0.027544338833810744,0.023843883518261923
62.85833819416631,42.41970329829462,12.11201544863346,0.03167481021402718,0.03245567001113103,0.006156123111513617,0.035407229110966554,0.02754432998886902,0.023843876888486396
62.86294899065733,42.42350624131501,12.125543707282748,0.031674810259926856,0.03245567850809988,0.006156126893094027,0.03540722906506688,0.02754432149190017,0.023843873106905986
62.86755996847908,42.42730936563994,12.139081896916611,0.03167481026168445,0.03245568668016374,0.006156129562919631,0.03540722906330929,0.02754431331983631,0.023843870437080382
62.872171127220845,42.43111267093548,12.152630018009901,0.0316748102878609,0.03245569452961211,0.006156131759743298,0.03540722903713284,0.027544305470387942,0.023843868240256715
62.876782466625485,42.43491615699237,12.16618807112616,0.03167481029265662,0.03245570210397064,0.006156132026685378,0.03540722903233712,0.027544297896029413,0.023843867973314635
62.88139398616261,42.43871982338017,12.179756056713845,0.031674810297346534,0.03245570939557868,0.006156132409261342,0.0354072290276472,0.027544290604421373,0.02384386759073867
62.88600568594866,42.442523670196394,12.193333975649114,0.03167481033212749,0.03245571638081923,0.006156133913603978,0.035407228992866246,0.02754428361918082,0.023843866086396034
62.89061756590607,42.44632769737623,12.206921828384809,0.03167481039718367,0.03245572301016514,0.006156136766432202,0.035407228927810064,0.027544276989834915,0.02384386323356781
62.895229626465635,42.45013190527025,12.220519615933506,0.03167481044748921,0.03245572934039731,0.006156137810940383,0.035407228877504526,0.027544270659602743,0.02384386218905963
62.899841870241076,42.45393629601237,12.234127341867193,0.03167481044560555,0.03245573542555735,0.006156138972888289,0.035407228879388186,0.0275442645744427,0.023843861027111724
62.90445429482901,42.45774086764246,12.247745003893462,0.03167481044271564,0.032455741215800804,0.006156140296441993,0.0354072288822781,0.02754425878419925,0.02384385970355802
62.90906690029994,42.46154562021835,12.26137260250022,0.031674810436679746,0.03245574671147128,0.006156141755279232,0.03540722888831399,0.027544253288528775,0.02384385824472078
62.913679686719156,42.4653505537937,12.27501013811731,0.03167481044185344,0.03245575191397637,0.006156143329435544,0.035407228883140296,0.02754424808602368,0.02384385667056447
62.91829265414765,42.46915566841864,12.288657611127059,0.031674810458793834,0.03245575682563534,0.00615614500179356,0.0354072288661999,0.027544243174364713,0.023843854998206453
62.92290580264465,42.472960964141876,12.302315021865835,0.0316748104768787,0.03245576144957979,0.006156146756740734,0.035407228848115035,0.027544238550420264,0.02384385324325928
62.92751913226492,42.47676644100852,12.315982370623741,0.031674810495219474,0.03245576578964926,0.0061561485795273985,0.03540722882977426,0.027544234210350793,0.023843851420472614
62.93213264304856,42.48057209905173,12.329659657635663,0.03167481047723825,0.032455769850241456,0.006156150455934518,0.03540722884775549,0.027544230149758597,0.023843849544065494
62.93674633503971,42.48437793830793,12.343346883102885,0.03167481049493154,0.03245577363628299,0.006156152374770928,0.0354072288300622,0.02754422636371706,0.023843847625229085
62.94136020827845,42.48818395881028,12.35704404718642,0.031674810502559436,0.03245577716646941,0.006156154323946131,0.0354072288224343,0.02754422283353064,0.023843845676053882
62.945974262799496,42.49199016058752,12.370751150010035,0.03167481052252408,0.03245578045396941,0.006156156290130797,0.03540722880246966,0.027544219546030646,0.023843843709869215
62.95058849863696,42.49579654366789,12.384468191672342,0.031674810534172815,0.03245578350768985,0.00615615825899829,0.03540722879082092,0.027544216492310203,0.023843841741001723
62.955202915819726,42.499603108075334,12.398195172248315,0.03167481056002419,0.0324557863381304,0.006156160214339866,0.035407228764969545,0.027544213661869654,0.023843839785660147
62.95981751437182,42.50340985382986,12.411932091597654,0.03167481067313749,0.03245578872263588,0.006156170190005125,0.03540722865185625,0.027544211277364172,0.023843829809994888
62.96443229610526,42.50721678240256,12.42567895162985,0.03167481072738465,0.03245579081579475,0.00615617523981167,0.035407228597609086,0.027544209184205304,0.023843824760188342
62.9690472599752,42.51102389294644,12.439435758715959,0.03167481078462242,0.03245579263194204,0.006156180275538874,0.035407228540371316,0.027544207368058016,0.02384381972446114
62.9736624060119,42.514831185486685,12.453202510297848,0.031674810823452304,0.03245579423832107,0.006156183709713138,0.03540722850154143,0.027544205761678986,0.023843816290286875
62.97827773388961,42.518638659759525,12.466979206539454,0.03167481083674212,0.03245579572337487,0.0061561849196423435,0.03540722848825162,0.027544204276625184,0.02384381508035767
62.98289324313542,42.52244631538151,12.480765847473387,0.03167481084169149,0.03245579712094371,0.006156185728682914,0.035407228483302244,0.027544202879056345,0.0238438142713171
62.987508933671975,42.52625415229011,12.494562433940722,0.03167481084511098,0.032455798479683995,0.006156185962056242,0.03540722847988276,0.02754420152031606,0.02384381403794377
62.992124805377856,42.53006217038689,12.508368956640513,0.031674810844304124,0.03245579985111502,0.006156185930410132,0.03540722848068961,0.027544200148885034,0.02384381406958988
62.99674085819359,42.53387036962357,12.522185416656404,0.031674810852783064,0.03245580126639114,0.006156186889648828,0.03540722847221067,0.027544198733608916,0.023843813110351185
63.00135709233123,42.537678750172105,12.536011815687083,0.03167481086106533,0.032455802804616185,0.006156187980027802,0.03540722846392841,0.027544197195383868,0.02384381201997221
63.00597350780506,42.54148731204378,12.549848153547686,0.03167481089869817,0.03245580450743957,0.006156191681473924,0.03540722842629557,0.027544195492560486,0.02384380831852609
63.010590105168376,42.545296055687146,12.563694430337403,0.031674810930168606,0.03245580657789132,0.0061561948280612275,0.03540722839482513,0.02754419342210873,0.023843805171938785
63.01520688425615,42.549104980967456,12.577550645446614,0.03167481095904162,0.03245580933903286,0.0061561977264326245,0.035407228365952115,0.027544190660967194,0.023843802273567388
63.01982384493224,42.55291408777268,12.591416798366227,0.031674810989366975,0.0324558132828171,0.006156200441763862,0.03540722833562676,0.02754418671718295,0.02384379955823615
63.02444098701634,42.556723375953815,12.605292888737573,0.03167481101924713,0.03245581024341232,0.006156203047924587,0.03540722830574661,0.027544189756587734,0.023843796952075426
63.029058311312916,42.56053284617957,12.61917891799821,0.0316748110437311,0.03245580718082591,0.006156205373206963,0.03540722828126264,0.02754419281917414,0.02384379462679305
63.03367581776355,42.56434249840264,12.633074886114791,0.03167481106653258,0.032455804144153444,0.006156207450989826,0.035407228258461154,0.02754419585584661,0.023843792549010187
63.03829350631118,42.56815233257663,12.646980793046547,0.031674811086407795,0.032455801225523995,0.006156209311804807,0.03540722823858594,0.02754419877447606,0.023843790688195206
63.04291137689462,42.57196234865168,12.660896638737812,0.03167481110407816,0.032455798157884186,0.006156210985292038,0.035407228220915576,0.027544201842115867,0.023843789014707975
63.04752942949086,42.57577254660944,12.674822423210847,0.03167481111360987,0.03245579465331272,0.006156212490374943,0.03540722821138387,0.027544205346687334,0.02384378750962507
63.05214766411516,42.57958292646332,12.688758146567848,0.03167481112818493,0.0324557912083111,0.006156213835631925,0.035407228196808804,0.02754420879168895,0.023843786164368087
63.05676608072571,42.583393488179254,12.702703808836835,0.031674811173480255,0.032455790520637906,0.006156215043017367,0.03540722815151348,0.027544209479362147,0.023843784956982646
63.061384678965254,42.58720423146106,12.716659409533962,0.03167481117710885,0.032455800441009375,0.006156216210933242,0.035407228147884884,0.02754419955899068,0.02384378378906677
63.06600345756644,42.591015155256,12.730624946735244,0.031674811178822926,0.032455797048913215,0.006156217660754124,0.03540722814617081,0.027544202951086838,0.02384378233924589
63.07062241816982,42.594826260925856,12.744600424735935,0.03167481117376941,0.032455793632842234,0.006156219006431353,0.035407228151224324,0.02754420636715782,0.02384378099356866
63.075241560755174,42.598637548454256,12.758585846094368,0.03167481118749149,0.03245579019093087,0.0061562202666788565,0.035407228137502245,0.027544209809069187,0.023843779733321156
63.07986088530704,42.602449017828704,12.772581212785841,0.031674811169838835,0.03245578672403654,0.006156221461379119,0.0354072281551549,0.027544213275963514,0.023843778538620894
63.08448039181131,42.60626066903784,12.786586527768524,0.03167481117971066,0.0324557832057592,0.006156222612955488,0.035407228145283076,0.02754421679424085,0.023843777387044525
63.08910008026055,42.61007250207573,12.800601795297476,0.031674811192678454,0.032455779645736926,0.006156223747188855,0.03540722813231528,0.027544220354263127,0.023843776252811158
63.093719950659505,42.61388451694636,12.814627021159598,0.03167481117198073,0.032455776026761585,0.006156224896440819,0.035407228153013004,0.02754422397323847,0.023843775103559194
63.09834000302217,42.617696713661225,12.828662213008267,0.03167481118669074,0.0324557724116753,0.006156226102790416,0.03540722813830299,0.027544227588324754,0.023843773897209597
63.10296023513196,42.62150909041118,12.84270737384836,0.031674811242005996,0.03245576868712319,0.006156227501549025,0.03540722808298774,0.027544231312876866,0.023843772498450988
63.10758065116184,42.62532165060271,12.856762515618854,0.03167481127087607,0.03245576455344246,0.006156229021267265,0.03540722805411767,0.027544235446557597,0.023843770978732748
63.112201249299005,42.62913439275652,12.870827649442486,0.03167481129992228,0.032455760852074356,0.006156230436118772,0.03540722802507146,0.027544239147925698,0.02384376956388124
63.11682202974977,42.63294731703917,12.884902659688407,0.031674811303460726,0.03245576299468261,0.006156230557051577,0.03540722802153301,0.02754423700531744,0.023843769442948436
63.12144299105553,42.636760422252934,12.898987562959142,0.03167481130454791,0.032455760798135835,0.006156229954022013,0.035407228020445825,0.027544239201864218,0.023843770045978
63.12606413383819,42.64057370891271,12.91308237010182,0.03167481130364669,0.03245575714742954,0.0061562292381997785,0.03540722802134705,0.02754424285257051,0.023843770761800234
63.130685458127715,42.64438717704596,12.927187085017243,0.03167481128748517,0.0324557532673484,0.006156228399623882,0.035407228037508565,0.027544246732651656,0.02384377160037613
63.13530696380094,42.64820082655302,12.941301711980318,0.031674811275060555,0.03245574923673,0.006156226676489587,0.03540722804993318,0.02754425076327005,0.023843773323510425
63.13992865129761,42.65201465779258,12.955426255975638,0.03167481124383392,0.0324557453517908,0.006156224582242291,0.035407228081159814,0.027544254648209254,0.023843775417757722
63.14455052003846,42.655828670293076,12.969560720067774,0.0316748112442507,0.032455741525508564,0.006156225188501389,0.035407228080743036,0.02754425847449149,0.023843774811498623
63.14917257066378,42.65964286457387,12.983705107909142,0.03167481121145166,0.03245573822467818,0.006156223113260549,0.03540722811354208,0.027544261775321877,0.023843776886739464
63.153794800965656,42.663457238834326,12.99785941952393,0.03167481119910803,0.03245573583179262,0.006156220711109141,0.035407228125885704,0.027544264168207433,0.023843779288890872
63.158417212296605,42.66727179417739,13.012023658774742,0.0316748111839939,0.032455734076491494,0.00615621828237823,0.035407228140999836,0.02754426592350856,0.023843781717621783
63.163039804647,42.67108653059394,13.02619782733947,0.03167481116472526,0.0324557309197952,0.006156215922006089,0.03540722816026848,0.027544269080204853,0.023843784077993924
63.16766257836383,42.67490144837022,13.040381927171703,0.03167481114289833,0.03245572735625357,0.006156213631779359,0.03540722818209541,0.02754427264374648,0.023843786368220654
63.172285533521475,42.678716547567575,13.05457595954558,0.03167481111950543,0.03245572374714678,0.006156211506366936,0.035407228205488306,0.027544276252853273,0.023843788493633077
63.17690867013684,42.682531828199586,13.068779925414908,0.03167481110083614,0.0324557203735133,0.006156210109450548,0.035407228224157594,0.027544279626486756,0.023843789890549465
63.18153198829768,42.68634729033663,13.082993825562953,0.03167481106833875,0.03245571759495636,0.006156207800620046,0.03540722825665499,0.027544282405043696,0.023843792199379966
63.186155487685156,42.6901629337183,13.097217660075493,0.031674811047325446,0.03245571607446007,0.006156206764131103,0.03540722827766829,0.02754428392553998,0.02384379323586891
63.190779168357295,42.69397875838843,13.11145142939515,0.03167481102284597,0.03245571663683633,0.0061562057704351025,0.035407228302147764,0.027544283363163724,0.02384379422956491
63.1954030300125,42.69779476409724,13.125695133234101,0.031674810995824476,0.03245572003553365,0.006156204898766421,0.03540722832916926,0.0275442799644664,0.023843795101233592
63.20002707234479,42.70161095059001,13.139948771018577,0.03167481096644942,0.03245571682017029,0.006156204313512492,0.03540722835854432,0.027544283179829765,0.02384379568648752
63.204651296219225,42.70542731858443,13.15421234467287,0.031674810939077036,0.03245571362328553,0.006156205083169511,0.0354072283859167,0.027544286376714522,0.023843794916830502
63.20927570197115,42.70924386835331,13.168485854904569,0.031674810955681254,0.03245571043824397,0.006156206352112281,0.03540722836931248,0.027544289561756086,0.02384379364788773
63.213900289713564,42.71306059998875,13.182769302108394,0.03167481097454938,0.032455707279917534,0.0061562072724647005,0.03540722835044435,0.02754429272008252,0.023843792727535312
63.21852505874202,42.71687751291222,13.197062685516048,0.0316748109850325,0.03245570411986193,0.006156208238575281,0.03540722833996124,0.027544295880138125,0.023843791761424732
63.22315001067091,42.72069460844661,13.211366007400587,0.03167481100210395,0.0324557009990033,0.006156209664807413,0.03540722832288978,0.027544299000996753,0.0238437903351926
63.22777514456459,42.72451188582522,13.225679266647868,0.03167481097152702,0.03245569800462522,0.006156206815557959,0.03540722835346671,0.02754430199537483,0.023843793184442054
63.23240045946217,42.728329344267834,13.240002462366066,0.031674810941424825,0.032455695128959794,0.0061562040176030355,0.03540722838356891,0.02754430487104026,0.023843795982396977
63.23702595536356,42.732146983774115,13.254335594612765,0.031674810899219696,0.03245569239154322,0.006156200128054588,0.03540722842577404,0.02754430760845683,0.023843799871945424
63.241651632014054,42.73596480413701,13.268678664696223,0.03167481087973967,0.03245568971527135,0.006156198158388956,0.03540722844525407,0.0275443102847287,0.023843801841611056
63.24627748982736,42.739782805692144,13.283031716581512,0.03167481085672025,0.03245568706413676,0.0061561958139176864,0.03540722846827349,0.02754431293586329,0.023843804186082326
63.250903528693044,42.74360098834981,13.297394792312426,0.03167481087024143,0.03245568422924067,0.006156196615267624,0.035407228454752304,0.027544315770759387,0.02384380338473239
63.25552974930939,42.74741935267713,13.31176788980179,0.03167481085143786,0.03245568142247551,0.006156196265599108,0.035407228473555874,0.02754431857752454,0.023843803734400905
63.2601561514018,42.75123789845114,13.326150990836654,0.031674810881684945,0.03245567863654397,0.006156200089607725,0.03540722844330879,0.02754432136345608,0.023843799910392288
63.26478273586925,42.755056626401334,13.340544058260981,0.03167481084433127,0.03245567617445905,0.0061561960031661575,0.03540722848066247,0.027544323825541006,0.023843803996833855
63.26940950092856,42.75887553507971,13.354947064056919,0.03167481081390833,0.03245567412379419,0.006156192174549602,0.03540722851108541,0.027544325876205866,0.02384380782545041
63.274036446565084,42.76269462447303,13.36935999373221,0.0316748107987147,0.03245567189245463,0.00615618946880115,0.03540722852627903,0.027544328107545424,0.023843810531198863
63.27866357265568,42.76651389447834,13.383782840517744,0.03167481077622808,0.032455669116177865,0.006156186858467881,0.03540722854876566,0.027544330883822188,0.02384381314153213
63.28329087963648,42.77033334545358,13.398215602846172,0.03167481075047157,0.03245566643725212,0.0061561844173718405,0.035407228574522165,0.027544333562747936,0.023843815582628172
63.28791836820181,42.77415297796631,13.412658281508227,0.031674810723127445,0.0324556639250394,0.006156182064701032,0.03540722860186629,0.02754433607496065,0.02384381793529898
63.29254603848385,42.77797279212434,13.42711087754793,0.031674810683007204,0.03245566159061031,0.0061561797857150324,0.03540722864198653,0.027544338409389746,0.02384382021428498
63.297173889826105,42.78179278739054,13.441573391391557,0.03167481064392541,0.0324556594397622,0.0061561776092045745,0.035407228681068326,0.027544340560237857,0.02384382239079544
63.30180192222207,42.785612963759164,13.456045824338885,0.03167481063696015,0.03245565702658659,0.006156178069233555,0.03540722868803359,0.02754434297341346,0.023843821930766458
63.30643013613218,42.78943332160212,13.470528181496958,0.03167481067907468,0.03245565431748143,0.006156182986445685,0.03540722864591905,0.027544345682518623,0.023843817013554328
63.31105853272141,42.79325386186804,13.485020462451535,0.03167481064055988,0.03245565154745228,0.006156180402314859,0.035407228684433856,0.027544348452547773,0.023843819597685154
63.315687110366,42.79707458323932,13.499522666707097,0.031674810607933646,0.03245564965259279,0.0061561782177560614,0.03540722871706009,0.027544350347407265,0.02384382178224395
63.32031586907617,42.80089548572258,13.514034795194243,0.031674810580891555,0.032455646938617466,0.006156176449587471,0.03540722874410218,0.027544353061382587,0.023843823550412542
63.32494480912642,42.80471656954407,13.528556849240822,0.03167481053591864,0.03245564450305494,0.006156172484384416,0.035407228789075096,0.027544355496945117,0.023843827515615597
63.329573929904896,42.808537834204756,13.543088828940332,0.03167481052601129,0.032455641336152585,0.0061561715580360915,0.03540722879898245,0.027544358663847468,0.02384382844196392
63.33420323210958,42.81235928027268,13.557630735731456,0.031674810486440164,0.032455638931499775,0.006156170315346696,0.03540722883855357,0.027544361068500278,0.023843829684653317
63.338832715661596,42.81618090768211,13.572182570065413,0.031674810445345314,0.032455639894786115,0.00615616928141266,0.03540722887964842,0.02754436010521394,0.023843830718587353
63.34346238015551,42.820002716096035,13.586744331716778,0.03167481039354797,0.03245564066574874,0.006156167548399198,0.03540722893144577,0.02754435933425131,0.023843832451600815
63.34809222546684,42.823824705413934,13.601316021134616,0.0316748103514391,0.032455638459675085,0.006156166442926811,0.03540722897355464,0.02754436154032497,0.023843833557073202
63.35272225208864,42.82764687604286,13.615897639595296,0.03167481029435132,0.032455635648077075,0.0061561625862276426,0.03540722903064242,0.02754436435192298,0.02384383741377237
63.35735245941508,42.83146922749238,13.63048918699744,0.03167481028976987,0.032455632984555116,0.006156160358027532,0.035407229035223864,0.027544367015444937,0.02384383964197248
63.36198284785917,42.835291760097505,13.645090664086974,0.03167481027198604,0.032455630439288174,0.006156158416021379,0.035407229053007694,0.02754436956071188,0.023843841583978634
63.366613417488836,42.83911447391314,13.659702071443721,0.0316748102545788,0.032455632333673656,0.006156156672507865,0.035407229070414936,0.027544367666326397,0.023843843327492148
63.37124416781533,42.84293736853222,13.674323407139658,0.031674810238318585,0.03245563099553361,0.006156155130714568,0.03540722908667515,0.02754436900446644,0.023843844869285445
63.3758750992605,42.84676044430468,13.688954672928853,0.031674810221835714,0.03245563782347677,0.006156153625336384,0.03540722910315802,0.027544362176523285,0.02384384637466363
63.38050621085582,42.850583700425325,13.703595867165612,0.0316748102079914,0.03245563526374856,0.0061561523703475285,0.03540722911700234,0.027544364736251492,0.023843847629652484
63.38513750377008,42.85440713786471,13.71824699260134,0.03167481019413143,0.032455632636796294,0.00615615110498733,0.035407229130862305,0.02754436736320376,0.023843848895012683
63.389768978009414,42.858230756628004,13.732908049259619,0.031674810182249324,0.032455630752512066,0.006156149976238631,0.03540722914274441,0.027544369247487988,0.02384385002376138
63.39440063351514,42.86205455666585,13.747579036923936,0.0316748101746856,0.03245562841341337,0.006156149203018331,0.03540722915030814,0.02754437158658668,0.023843850796981682
63.3990324694717,42.865878537310664,13.7622599552437,0.031674810173755674,0.03245562663242585,0.006156148753650836,0.03540722915123806,0.027544373367574204,0.023843851246349176
63.40366448743537,42.86970269983711,13.776950801863366,0.03167481018014767,0.032455630512228884,0.006156148018058624,0.035407229144846064,0.02754436948777117,0.02384385198194139
63.4082966861435,42.873527043201186,13.791651584364121,0.03167481018400076,0.03245563205521079,0.006156147298030067,0.03540722914099298,0.02754436794478926,0.023843852701969946
63.4129290659922,42.87735156772992,13.806362299035777,0.03167481017744933,0.03245563053233064,0.0061561463883135215,0.035407229147544406,0.027544369467669416,0.02384385361168649
63.41756162716228,42.881176273577076,13.821082946293194,0.031674810170708445,0.032455632363528275,0.006156145613352829,0.03540722915428529,0.027544367636471778,0.023843854386647184
63.422194369223845,42.88500116038573,13.8358135257804,0.03167481016095641,0.032455634944748235,0.006156144532242516,0.035407229164037324,0.027544365055251818,0.023843855467757497
63.42682729083266,42.88882622705508,13.850554035896666,0.031674810156352484,0.03245563881728053,0.006156143230418944,0.03540722916864125,0.027544361182719523,0.02384385676958107
63.431460392051164,42.892651473641294,13.865304476998196,0.03167481021110141,0.032455639656271296,0.00615614254441782,0.035407229113892325,0.027544360343728758,0.023843857455582193
63.43609367641149,42.89647690302532,13.880064853343171,0.031674810263667086,0.032455649251442176,0.0061561467606282075,0.03540722906132665,0.027544350748557878,0.023843853239371805
63.44072714183292,42.9003025134904,13.89483516280365,0.031674810312522894,0.03245564807193668,0.006156150521980208,0.03540722901247084,0.02754435192806337,0.023843849478019805
63.44536078950057,42.904128306023736,13.9096154081036,0.03167481031269287,0.032455645891098506,0.006156149880890173,0.03540722901230087,0.027544354108901548,0.02384385011910984
63.449994618573015,42.90795427994464,13.924405588793974,0.03167481029496727,0.03245564597942269,0.00615614756326377,0.035407229030026466,0.027544354020577366,0.023843852436736243
63.45462862842524,42.91178043474045,13.939205704042548,0.031674810293191524,0.03245564379814281,0.00615614658204567,0.03540722903180221,0.027544356201857245,0.023843853417954343
63.45926281962963,42.91560677088117,13.954015754728545,0.031674810293049194,0.0324556439662988,0.00615614571444309,0.03540722903194454,0.027544356033701256,0.023843854285556923
63.463897191911194,42.919433288138016,13.96883574048058,0.03167481029481167,0.032455642221338565,0.006156144912818108,0.035407229030182064,0.027544357778661488,0.023843855087181905
63.46853174549965,42.92325998670197,13.983665662001972,0.03167481032605729,0.03245564109922744,0.00615614411749376,0.035407228998936446,0.027544358900772614,0.023843855882506253
63.47316648026708,42.9270868664677,13.998505519235092,0.031674810385939334,0.03245563973924315,0.006156143345951784,0.0354072289390544,0.027544360260756906,0.02384385665404823
63.47780139631151,42.93091392751536,14.013355312440432,0.03167481038073261,0.03245563831070303,0.0061561425864722005,0.03540722894426113,0.027544361689297026,0.023843857413527812
63.482436493655214,42.93474116986322,14.02821504176961,0.03167481037543235,0.032455636893109985,0.006156141835379159,0.03540722894956139,0.02754436310689007,0.023843858164620854
63.48707177229676,42.938568593510084,14.043084707006852,0.03167481037004555,0.03245564467792661,0.006156141092271097,0.03540722895494819,0.027544355322073444,0.023843858907728915
63.49170723113825,42.942396197543104,14.057964306033734,0.031674810367571915,0.03245565171149306,0.006156140613766237,0.03540722895742182,0.027544348288506992,0.023843859386233776
63.496342870322316,42.9462239820798,14.07285384104267,0.03167481036781439,0.0324556579586015,0.006156140366171632,0.03540722895717935,0.02754434204139855,0.02384385963382838
63.50097868998612,42.95005194723337,14.087753311283066,0.03167481036943243,0.032455663418884506,0.006156140316579316,0.03540722895556131,0.027544336581115547,0.023843859683420697
63.50561469026743,42.95388009311747,14.10266271716247,0.03167481038923353,0.032455668279090244,0.006156140433321598,0.035407228935760204,0.02754433172090981,0.023843859566678414
63.51025087127428,42.957708419821216,14.117582059049631,0.03167481040206238,0.03245567277919209,0.006156140691379354,0.035407228922931355,0.027544327220807963,0.02384385930862066
63.514887233080536,42.961536927405405,14.132511337261786,0.03167481041199316,0.032455678208158534,0.006156141073590041,0.03540722891300058,0.02754432179184152,0.023843858926409972
63.51952377560255,42.96536561579994,14.147450551835309,0.03167481041658199,0.032455684686234776,0.006156141599349435,0.03540722890841175,0.027544315313765277,0.023843858400650578
63.52416049874654,42.96919448492622,14.162399702574282,0.031674810414833054,0.032455692429507466,0.006156142290192151,0.03540722891016068,0.027544307570492588,0.02384385770980786
63.52879740239763,42.97302353468801,14.177358789902772,0.031674810411277676,0.03245570167311834,0.006156143172236013,0.03540722891371606,0.02754429832688171,0.023843856827764
63.533434486418706,42.97685276497046,14.192327813557181,0.03167481041138337,0.0324557001501109,0.006156144276330516,0.03540722891361037,0.027544299849889153,0.023843855723669496
63.53807175214182,42.98068217688024,14.207306776241467,0.031674810416543464,0.03245569862553227,0.006156145289755381,0.03540722890845027,0.027544301374467783,0.02384385471024463
63.542709199547915,42.984511770401895,14.22229567821491,0.031674810427778255,0.03245569708809465,0.0061561462133110575,0.03540722889721548,0.027544302911905405,0.023843853786688955
63.54734682861975,42.98834154552147,14.237294519754444,0.031674810444281054,0.03245570478860926,0.006156147045747212,0.03540722888071268,0.02754429521139079,0.0238438529542528
63.551984638237286,42.99217150130794,14.252303299876392,0.03167481046126547,0.0324557034245081,0.006156148040378749,0.03540722886372827,0.027544296575491956,0.023843851959621264
63.556622629518024,42.99600163868986,14.267322016674303,0.031674810476334414,0.032455700985087654,0.006156148925694022,0.03540722884865932,0.0275442990149124,0.02384385107430599
63.56126080256829,42.99983195775607,14.282350690764348,0.03167481048927606,0.032455703101191,0.0061561496591762965,0.035407228835717675,0.02754429689880905,0.023843850340823716
63.56589915681417,43.003662458029936,14.297389318995814,0.031674810501256034,0.032455701548461,0.006156150349427382,0.0354072288237377,0.02754429845153905,0.02384384965057263
63.57053769267996,43.00749313986455,14.312437897632359,0.031674810556924005,0.03245569927238612,0.006156154889070946,0.03540722876806973,0.027544300727613935,0.023843845110929067
63.575176411097985,43.011324004018576,14.327496418157473,0.03167481061840388,0.03245570232048023,0.006156159944115433,0.035407228706589855,0.027544297679519825,0.02384384005588458
63.57981531154729,43.01515505005655,14.34256486838834,0.03167481061796368,0.03245570047478369,0.006156159561126959,0.03540722870703006,0.027544299525216365,0.023843840438873054
63.58445439341526,43.01898627749258,14.357643246731701,0.03167481062189903,0.032455700398354714,0.006156159562822255,0.035407228703094706,0.02754429960164534,0.023843840437177757
63.5890936565756,43.02281768621998,14.3727315516743,0.031674810659513386,0.03245569831370587,0.006156162506486991,0.03540722866548035,0.02754430168629418,0.023843837493513022
63.59373310191525,43.026649276963596,14.387829782936823,0.03167481068758521,0.03245569754153094,0.0061561646074620655,0.03540722863740853,0.027544302458469117,0.023843835392537947
63.598372729092475,43.03048104944288,14.402937938497278,0.031674810700137,0.03245569863067488,0.006156165342796942,0.035407228624856735,0.027544301369325175,0.02384383465720307
63.60301253758498,43.0343130032294,14.418056015958813,0.031674810711894374,0.032455696536087986,0.006156166011264737,0.03540722861309936,0.027544303463912068,0.023843833988735276
63.60765252775783,43.03814513862703,14.433184014258018,0.03167481072263273,0.032455694475606145,0.00615616659628497,0.03540722860236101,0.02754430552439391,0.023843833403715042
63.61229269958882,43.0419774556177,14.448321931793313,0.03167481073226108,0.032455692465106545,0.006156167113796351,0.035407228592732654,0.02754430753489351,0.02384383288620366
63.61693305305731,43.04580995418451,14.4634697678658,0.03167481074129669,0.03245569052194058,0.00615616757938281,0.03540722858369705,0.02754430947805947,0.023843832420617203
63.62157358814378,43.04964263431147,14.478627518673342,0.03167481074994272,0.03245568865620996,0.006156168008863289,0.03540722857505102,0.027544311343790095,0.023843831991136724
63.62621430483121,43.05347549598457,14.493795181929848,0.03167481075844952,0.032455686836940945,0.0061561684187555615,0.03540722856654421,0.02754431316305911,0.02384383158124445
63.6308552031099,43.05730853919585,14.508972755705438,0.031674810765515704,0.032455684953846764,0.006156168825538641,0.03540722855947803,0.02754431504615329,0.023843831174461372
63.63549628298694,43.0611417639512,14.524160238550932,0.031674810763424266,0.032455683274071445,0.006156169244235975,0.03540722856156947,0.027544316725928608,0.023843830755764038
63.64013754444086,43.06497517023273,14.539357629213304,0.031674810761182115,0.032455682060045454,0.006156169700095852,0.03540722856381162,0.0275443179399546,0.02384383029990416
63.6447789874244,43.068808758000955,14.554564927693306,0.03167481077015066,0.03245568022468298,0.006156170230050731,0.03540722855484307,0.027544319775317072,0.023843829769949282
63.64942061202814,43.0726425273309,14.569782136219173,0.0316748107799511,0.032455677973775854,0.006156170848674494,0.035407228545042635,0.0275443220262242,0.02384382915132552
63.65406241832139,43.07647647827983,14.585009255930924,0.03167481076113632,0.03245567581979214,0.00615617159231021,0.03540722856385742,0.027544324180207913,0.023843828407689803
63.65870440632031,43.08031061086065,14.600246285918065,0.031674810776174456,0.0324556728127634,0.0061561725428519246,0.03540722854881928,0.02754432718723665,0.023843827457148088
63.663346576172415,43.08414492519513,14.615493235470696,0.03167481079513418,0.03245568252053266,0.006156173825180057,0.03540722852985956,0.027544317479467395,0.023843826174819956
63.667988926433466,43.087979420080615,14.63075010718865,0.03167481083185203,0.03245568030238172,0.00615617610491262,0.03540722849314171,0.027544319697618336,0.023843823895087393
63.6726314587459,43.09181409687885,14.646016913331334,0.03167481085207108,0.03245567807380656,0.006156177698908465,0.03540722847292266,0.027544321926193494,0.023843822301091548
63.67727417296038,43.09564895546862,14.661293663279281,0.031674810857256264,0.03245567586808196,0.006156177807060799,0.03540722846773747,0.027544324131918096,0.023843822192939214
63.68191706874738,43.09948399558229,14.676580359148513,0.03167481086246454,0.03245567368438551,0.006156177646626841,0.035407228462529194,0.027544326315614542,0.02384382235337317
63.686560146045366,43.10331921716984,14.69187699500244,0.03167481086102475,0.032455681290776306,0.006156177109363448,0.03540722846396899,0.027544318709223747,0.023843822890636565
63.69120340360283,43.107154619191945,14.707183570557849,0.031674810849549984,0.03245567901865237,0.006156175654425625,0.03540722847544375,0.02754432098134768,0.023843824345574388
63.69584684239657,43.11099020246506,14.722500091964779,0.031674810838432876,0.03245567721354853,0.006156174221599475,0.03540722848656086,0.027544322786451525,0.023843825778400538
63.70049046237571,43.11482596694679,14.737826561647127,0.031674810827603095,0.03245567505633862,0.006156172829542922,0.03540722849739064,0.027544324943661436,0.02384382717045709
63.70513426359132,43.11866191267943,14.753162980333922,0.031674810795240205,0.03245567332864496,0.006156169540070373,0.03540722852975353,0.02754432667135509,0.02384383045992964
63.709778245574654,43.12249803928134,14.768509350095378,0.031674810781585516,0.032455671423909926,0.006156167899507584,0.03540722854340822,0.027544328576090127,0.02384383210049243
63.71442240870965,43.126334347064684,14.783865664531094,0.031674810774944384,0.03245566945966033,0.0061561668834004615,0.03540722855004935,0.027544330540339723,0.02384383311659955
63.71906675314092,43.13017083614706,14.799231922721491,0.0316748107756164,0.03245566998010613,0.006156166442379589,0.035407228549377334,0.027544330019893926,0.023843833557620424
63.723711278698445,43.13400750638452,14.814608124035127,0.031674810782572005,0.032455673217734404,0.00615616651185405,0.03540722854242173,0.02754432678226565,0.023843833488145963
63.728355985170076,43.13784435759837,14.82999426793614,0.031674810795970065,0.032455675924351,0.006156167137023626,0.03540722852902367,0.02754432407564905,0.023843832862976387
63.733000872741385,43.14168138994055,14.845390354872164,0.031674810814631416,0.03245568033830648,0.006156168230489707,0.03540722851036232,0.027544319661693573,0.023843831769510306
63.737645941311456,43.14551860332507,14.860796384864324,0.03167481083788143,0.032455678490693474,0.0061561697459550715,0.03540722848711231,0.02754432150930658,0.02384383025404494
63.74229119172092,43.14935599844941,14.876212359726313,0.03167481086245022,0.032455676719052196,0.006156171410657212,0.035407228462543516,0.027544323280947858,0.0238438285893428
63.74693662399386,43.15319357533291,14.891638280117867,0.03167481088688684,0.03245567487187273,0.0061561731367325845,0.0354072284381069,0.027544325128127323,0.02384382686326743
63.75158223815309,43.1570313339943,14.907074146554736,0.03167481091044427,0.03245567295545915,0.006156174840772827,0.03540722841454946,0.027544327044540906,0.023843825159227186
63.75622803420231,43.16086927443676,14.922519959707715,0.031674810932978914,0.03245567071176586,0.006156176451240336,0.03540722839201482,0.027544329288234193,0.023843823548759677
63.76087401215953,43.16470739667571,14.937975715532454,0.03167481095351976,0.032455673677553976,0.0061561779022974925,0.035407228371473976,0.027544326322446078,0.02384382209770252
63.76552017136672,43.16854570016441,14.953441411337995,0.03167481098607794,0.03245567574334984,0.006156179292029093,0.0354072283389158,0.02754432425665021,0.02384382070797092
63.77016651191782,43.1723841849813,14.968917047030267,0.031674811007528836,0.03245567974501101,0.006156180687987373,0.0354072283174649,0.02754432025498904,0.02384381931201264
63.77481303358286,43.17622285093502,14.98440262574326,0.0316748110048487,0.03245568424303463,0.006156180826831226,0.035407228320145034,0.02754431575696542,0.023843819173168787
63.77945973602546,43.18006169775123,14.999898144966838,0.03167481102196945,0.03245568095435852,0.006156181905021728,0.035407228303024285,0.02754431904564153,0.023843818094978285
63.78410662038263,43.18390072637173,15.015403606006696,0.031674811045788065,0.03245567848255709,0.006156183965710674,0.03540722827920567,0.02754432151744296,0.02384381603428934
63.788753686773504,43.18773993689136,15.03091900813138,0.03167481103249581,0.03245567617134015,0.006156182673827178,0.03540722829249793,0.0275443238286599,0.023843817326172835
63.79340093444087,43.19157932869478,15.04644434997629,0.03167481101722164,0.032455673815951325,0.00615618108318864,0.0354072283077721,0.02754432618404873,0.023843818916811373
63.798048363324284,43.195418901733035,15.061979638254783,0.03167481106397929,0.032455671479343196,0.006156184869039988,0.035407228261014445,0.027544328520656858,0.023843815130960025
63.80269597460578,43.19925865696602,15.077524873712235,0.031674811113114376,0.032455668872352905,0.006156188821757766,0.03540722821187936,0.027544331127647148,0.023843811178242247
63.80734376835488,43.20309859445088,15.093080054531228,0.031674811158354854,0.03245566639372327,0.006156192447663439,0.03540722816663888,0.027544333606276783,0.023843807552336574
63.81199174448473,43.20693871411676,15.108645177456335,0.031674811190066154,0.03245566393755639,0.006156195508536022,0.03540722813492758,0.027544336062443664,0.02384380449146399
63.816639902868644,43.21077901586074,15.124220241427714,0.03167481118930687,0.032455661753070464,0.006156197878180288,0.03540722813568686,0.02754433824692959,0.023843802121819725
63.8212882433223,43.21461949953248,15.139805245570724,0.03167481121177407,0.03245566300268388,0.006156199484332679,0.03540722811321967,0.027544336997316177,0.023843800515667334
63.825936765267386,43.21846016465416,15.15540018814226,0.03167481122610266,0.03245566641935199,0.006156200380345728,0.035407228098891075,0.02754433358064806,0.023843799619654285
63.83058546828839,43.222301010883186,15.171005067790336,0.031674811233082856,0.03245567092962781,0.006156200635826725,0.03540722809191088,0.027544329070372242,0.023843799364173288
63.835234352113346,43.22614203799608,15.186619883457702,0.031674811239090994,0.03245567592935894,0.0061562008554804995,0.03540722808590274,0.027544324070641113,0.023843799144519513
63.839883416675576,43.22998324593749,15.202244632466208,0.03167481125695781,0.03245568102115798,0.006156202240554652,0.03540722806803592,0.027544318978842075,0.02384379775944536
63.844532662220516,43.233824634906554,15.217879317831265,0.03167481128401434,0.03245568595982101,0.0061562042275490406,0.0354072280409794,0.02754431404017904,0.023843795772450972
63.849182088898814,43.237666205025974,15.233523939425648,0.03167481131388594,0.03245569061158704,0.006156206459801132,0.035407228011107794,0.027544309388413013,0.02384379354019888
63.85383169679869,43.24150795636807,15.249178497065387,0.03167481135078554,0.03245569488801281,0.006156208718077413,0.0354072279742082,0.027544305111987244,0.0238437912819226
63.85848148597057,43.245349888974694,15.264842990690763,0.031674811387796264,0.03245569873767562,0.006156210845153699,0.03540722793719747,0.027544301262324433,0.023843789154846314
63.86313145643652,43.249192002864774,15.280517420163218,0.03167481142291295,0.03245570214012444,0.006156212707276433,0.035407227902080785,0.02754429785987561,0.02384378729272358
63.86778160819152,43.253034298035296,15.296201785389151,0.03167481144680834,0.032455705599166274,0.006156214191116512,0.0354072278781854,0.02754429440083378,0.0238437858088835
63.87243194114542,43.2568767744129,15.311896086066174,0.03167481146182938,0.03245571056690166,0.006156215234219081,0.03540722786316436,0.02754428943309839,0.02384378476578093
63.87708245502054,43.260719431768464,15.327600321750236,0.03167481144893908,0.03245571667503294,0.006156215869940418,0.03540722787605466,0.02754428332496711,0.023843784130059595
63.881733149590474,43.26456226991539,15.343314492069222,0.03167481145685774,0.03245571950924192,0.006156216188132314,0.03540722786813599,0.027544280490758133,0.0238437838118677
63.88638402517651,43.26840528912238,15.359038597746267,0.03167481146375478,0.03245571624950844,0.006156216223719903,0.035407227861238955,0.027544283750491616,0.02384378377628011
63.891035082445185,43.27224848994531,15.374772640308322,0.03167481146903356,0.03245571285881599,0.006156215988518558,0.03540722785596018,0.027544287141184065,0.023843784011481454
63.895686321352755,43.27609187234901,15.390516622497614,0.0316748114458803,0.032455708513366655,0.006156214090881157,0.035407227879113434,0.0275442914866334,0.023843785909118856
63.90033774164732,43.27993543613111,15.406270544745944,0.031674811412611414,0.032455704071095104,0.006156211194698585,0.03540722791238232,0.02754429592890495,0.023843788805301427
63.90498934312062,43.28377918112272,15.422034403469993,0.03167481138999151,0.032455699691878115,0.006156208930703053,0.03540722793500223,0.02754430030812194,0.02384379106929696
63.90964112590461,43.28762310743085,15.437808198223987,0.03167481136254069,0.032455695419267905,0.006156206239336583,0.03540722796245305,0.02754430458073215,0.02384379376066343
63.91429308989254,43.291467214968534,15.453591928821663,0.0316748113338014,0.032455691266905395,0.006156203432358419,0.035407227991192336,0.027544308733094658,0.023843796567641594
63.91894523504469,43.29531150370326,15.469385595820604,0.031674811305236916,0.03245568724133935,0.006156200638770794,0.03540722801975682,0.027544312758660705,0.02384379936122922
63.923597561348956,43.29915597362489,15.485189198726626,0.03167481127694699,0.032455683354027154,0.006156197867797156,0.035407228048046746,0.0275443166459729,0.023843802132202857
63.92825006879397,43.30300062472385,15.501002737196504,0.031674811249121027,0.032455679621766875,0.006156195136481926,0.03540722807587271,0.027544320378233178,0.023843804863518087
63.932902757370016,43.306845456991866,15.51682621161103,0.031674811221849675,0.03245567606174449,0.0061561924530726606,0.03540722810314406,0.027544323938255566,0.023843807546927352
63.937555627067184,43.3106904704205,15.532659621604676,0.03167481119515769,0.03245567268464944,0.0061561898199304285,0.035407228129836044,0.027544327315350614,0.023843810180069584
63.942208677874774,43.31453566500062,15.548502966997187,0.03167481116905635,0.03245566949044093,0.00615618723876233,0.03540722815593739,0.027544330509559123,0.023843812761237683
63.94686190978244,43.318381040723395,15.564356247773311,0.03167481114355991,0.032455666417875506,0.006156184710979125,0.035407228181433825,0.027544333582124547,0.023843815289020888
63.9515153227875,43.32222659758636,15.58021946379349,0.03167481111861581,0.032455663476821384,0.00615618223624554,0.03540722820637793,0.02754433652317867,0.023843817763754473
63.956168916886,43.32607233558598,15.596092617454786,0.03167481109419856,0.0324556606701884,0.006156179813340448,0.035407228230795174,0.02754433932981165,0.023843820186659564
63.96082269207338,43.329918254718216,15.611975710165279,0.031674811070315556,0.03245565799614719,0.006156177442381887,0.03540722825467818,0.027544342003852862,0.023843822557618126
63.96547664834527,43.333764354979245,15.627868742180276,0.0316748110470243,0.03245565545835555,0.0061561751282019,0.03540722827796944,0.027544344541644505,0.023843824871798112
63.970130785697975,43.337610636365696,15.643771724100507,0.03167481102438824,0.032455653062012535,0.006156172876568403,0.0354072283006055,0.02754434693798752,0.02384382712343161
63.97478510412843,43.34145709887477,15.659684660337017,0.031674811002495584,0.03245565080860763,0.006156170695443747,0.03540722832249815,0.027544349191392425,0.023843829304556266
63.9794396036351,43.34530374250488,15.67560754907159,0.03167481098131236,0.03245564869396528,0.006156168582041564,0.035407228343681374,0.027544351306034776,0.02384383141795845
63.98409428421641,43.3491505672544,15.691540385895795,0.03167481096082114,0.03245564670826012,0.006156166535019977,0.035407228364172594,0.02754435329173993,0.023843833464980035
63.988749145871594,43.35299757312239,15.70748316590922,0.03167481094100916,0.03245564483780322,0.006156164553436434,0.03540722838398458,0.027544355162196832,0.02384383544656358
63.9934041886013,43.35684476010914,15.723435884537675,0.03167481092186358,0.0324556430670393,0.006156162636314098,0.03540722840313015,0.027544356932960756,0.023843837363685914
63.99805941240794,43.36069212821633,15.739398538125066,0.031674810903369655,0.03245564138009549,0.006156160782470742,0.03540722842162408,0.027544358619904563,0.02384383921752927
64.0027148172954,43.36453967744694,15.755371122646682,0.031674810885509774,0.0324556397125948,0.006156158990455615,0.03540722843948396,0.027544360287405256,0.023843841009544398
64.00737040327508,43.36838740781019,15.771353628495916,0.0316748108682513,0.03245563800545059,0.006156157257253124,0.035407228456742434,0.02754436199454946,0.02384384274274689
64.01202617036475,43.37223531932058,15.787346103414539,0.03167481085154511,0.03245563626231207,0.006156155578461296,0.035407228473448626,0.027544363737687982,0.023843844421538717
64.01668211858077,43.376083411991516,15.803349011987102,0.0316748108353449,0.03245563450151073,0.006156153950036103,0.035407228489648834,0.02754436549848932,0.02384384604996391
64.02133824793643,43.37993168583382,15.819361212767678,0.03167481081961154,0.032455632739875506,0.006156152368653536,0.03540722850538219,0.027544367260124547,0.023843847631346476
64.02599455844229,43.38378014085608,15.83538335836381,0.031674810804312226,0.03245563098955445,0.006156150831629785,0.03540722852068151,0.027544369010445602,0.023843849168370228
64.03065105010687,43.38762877706518,15.85141544626524,0.031674810789419694,0.03245562925825085,0.006156149336777335,0.03540722853557404,0.027544370741749202,0.023843850663222678
64.03530772293726,43.39147759446685,15.86745747462734,0.0316748107749793,0.032455638289409394,0.006156147888338494,0.035407228550014436,0.02754436171059066,0.02384385211166152
64.03996457565454,43.39532659199635,15.883509438963923,0.0316748107643377,0.032455646349941636,0.006156146783899474,0.035407228560656034,0.027544353650058417,0.02384385321610054
64.0446216084502,43.39917576981156,15.899571335973388,0.031674810756982974,0.03245565433945935,0.0061561459781204406,0.03540722856801076,0.027544345660540703,0.023843854021879572
64.049278821398,43.403025127972576,15.915643165688639,0.031674810752682137,0.03245565262934896,0.006156145450964483,0.0354072285723116,0.02754434737065109,0.02384385454903553
64.05393621572088,43.40687466749608,15.931724931976468,0.03167481074833012,0.032455650999614005,0.006156144926091962,0.03540722857666362,0.027544349000386048,0.02384385507390805
64.05859379140935,43.41072438837418,15.947816633840716,0.03167481074390066,0.032455649624849314,0.006156144399437367,0.035407228581093075,0.02754435037515074,0.023843855600562645
64.06325154843259,43.41457429058123,15.963918270494798,0.03167481073936629,0.03245565124829575,0.006156143869620115,0.03540722858562745,0.027544348751704306,0.023843856130379898
64.06790948643074,43.418424373817686,15.980029840482576,0.031674810735432435,0.03245564971301984,0.00615614341088265,0.0354072285895613,0.027544350286980213,0.023843856589117363
64.07256760579799,43.42227463841138,15.99615134398751,0.03167481073149997,0.032455648199795795,0.006156142958897416,0.03540722859349377,0.02754435180020426,0.023843857041102597
64.07722590653334,43.426125084361445,16.012282780642025,0.03167481072771394,0.03245564664096301,0.006156142511797934,0.035407228597279794,0.027544353359037044,0.02384385748820208
64.08188438864352,43.429975711673436,16.028424150268457,0.031674810724797275,0.032455651684317965,0.00615614208861931,0.03540722860019646,0.027544348315682088,0.023843857911380703
64.08654305134272,43.433826519693135,16.044575451142826,0.03167481072538153,0.032455650051411655,0.0061561418638069396,0.035407228599612206,0.027544349948588398,0.023843858136193073
64.09120189547457,43.437677509121926,16.060736684921615,0.03167481072845907,0.032455652106403166,0.006156141647254039,0.03540722859653467,0.027544347893596888,0.023843858352745974
64.09586092059907,43.44152867959349,16.076907850834665,0.031674810736028514,0.03245565058392452,0.006156141532939981,0.03540722858896522,0.02754434941607553,0.023843858467060032
64.10052012716754,43.44538003148309,16.093088936265424,0.031674810745839665,0.032455649242204065,0.006156141417930194,0.03540722857915407,0.027544350757795988,0.02384385858206982
64.10517951515837,43.449231564772724,16.109279943538052,0.03167481075305445,0.032455648123426994,0.006156141303901838,0.035407228571939287,0.02754435187657306,0.023843858696098175
64.10983908454523,43.45308327944046,16.125480904772463,0.03167481075055589,0.032455646871157595,0.006156141193630824,0.03540722857443784,0.027544353128842458,0.02384385880636919
64.11449883534517,43.45693517550049,16.141691800112397,0.031674810747916615,0.03245564536022699,0.006156141080444259,0.03540722857707712,0.02754435463977306,0.023843858919555753
64.11915876758873,43.46078725297824,16.157912628661578,0.031674810746237514,0.03245564943275836,0.006156140954839601,0.03540722857875622,0.027544350567241693,0.023843859045160412
64.12381888060399,43.46463951131441,16.174143425186074,0.031674810748403504,0.03245565607396428,0.006156140962553229,0.03540722857659023,0.027544343926035775,0.023843859037446784
64.12847917411229,43.4684919502764,16.190384377870963,0.03167481075235595,0.03245565444285342,0.006156141162782194,0.03540722857263778,0.027544345557146632,0.02384385883721782
64.13313964914752,43.4723445707241,16.20663501525623,0.031674810755143334,0.03245565551650825,0.006156141325208572,0.0354072285698504,0.0275443444834918,0.02384385867479144
64.1378003053773,43.47619737238093,16.222895639689334,0.03167481075711903,0.032455653987244926,0.006156141520768453,0.035407228567874705,0.027544346012755128,0.02384385847923156
64.14246114312103,43.480050355512674,16.239166302251014,0.03167481075705547,0.03245565242969428,0.006156141677056172,0.035407228567938265,0.02754434757030577,0.02384385832294384
64.14712216237369,43.483903520115334,16.255447085628937,0.03167481075553574,0.03245565088167435,0.006156141793160798,0.035407228569457994,0.027544349118325706,0.023843858206839215
64.15178336312553,43.48775686618094,16.27173811355346,0.03167481075284306,0.03245564934690365,0.006156141869321674,0.03540722857215067,0.027544350653096406,0.02384385813067834
64.1564447453664,43.49161039370122,16.288038403800606,0.03167481074905504,0.032455647829308765,0.006156141905989301,0.0354072285759387,0.02754435217069129,0.02384385809401071
64.16110630908574,43.49546410266758,16.304348636523567,0.03167481074433748,0.032455646347127165,0.0061561419038076645,0.03540722858065626,0.02754435365287289,0.023843858096192348
64.16576805427098,43.499317993069695,16.32066879709485,0.03167481073889111,0.03245564490436209,0.0061561418639814805,0.035407228586102624,0.027544355095637962,0.023843858136018532
64.17042998090932,43.5031720648971,16.33699931969393,0.0316748107269994,0.032455643483477514,0.006156141787863986,0.035407228597994334,0.02754435651652254,0.023843858212136027
64.17509208899033,43.50702631814125,16.353339592869887,0.03167481069784517,0.03245564180936039,0.0061561416763902255,0.03540722862714857,0.02754435819063966,0.023843858323609787
64.17975437853681,43.51088075282129,16.36968971297608,0.03167481069480632,0.03245564568430592,0.00615614152327245,0.035407228630187415,0.02754435431569413,0.023843858476727563
64.18441684887418,43.514735368375746,16.386049728095603,0.03167481069271416,0.03245565754669205,0.006156141475507769,0.035407228632279575,0.027544342453308,0.023843858524492244
64.18907949906732,43.518590164025596,16.40241966436894,0.03167481069399852,0.0324556608292097,0.006156141737427644,0.03540722863099521,0.027544339170790355,0.02384385826257237
64.19374233021315,43.52244514068275,16.418799532212205,0.03167481066100453,0.03245566565353747,0.00615614206766605,0.03540722866398921,0.027544334346462584,0.023843857932333963
64.1984053421406,43.52630029820448,16.435189337364193,0.031674810626834526,0.032455664170973286,0.0061561425027358355,0.03540722869815921,0.027544335829026767,0.023843857497264177
64.20306853562771,43.53015563723815,16.45158908563987,0.03167481061169758,0.03245566278571144,0.006156142871163547,0.03540722871329616,0.027544337214288617,0.023843857128836465
64.2077319106483,43.53401115776229,16.467998779787084,0.03167481059077154,0.032455672887456766,0.006156143177884821,0.035407228734222196,0.027544327112543288,0.023843856822115192
64.21239546581073,43.53786685861843,16.484418419003195,0.031674810578405155,0.032455685015836344,0.006156143726992955,0.03540722874658858,0.02754431498416371,0.023843856273007058
64.2170592009247,43.54172273964703,16.50084800378771,0.031674810575489876,0.03245569258890574,0.0061561445597929434,0.03540722874950386,0.027544307411094315,0.02384385544020707
64.22172311659874,43.54557880135353,16.517287536012535,0.031674810589332414,0.032455693398301066,0.00615614554285452,0.03540722873566132,0.027544306601698987,0.023843854457145493
64.22638721367727,43.54943504444036,16.533736995629372,0.031674810604952974,0.032455690527324554,0.0061561464911954675,0.03540722872004076,0.0275443094726755,0.023843853508804545
64.23105149259435,43.5532914692691,16.550196670429244,0.031674810621992566,0.03245568880557259,0.006156147311783176,0.03540722870300117,0.027544311194427462,0.023843852688216836
64.23571595318421,43.5571480757023,16.566666134364414,0.03167481063557498,0.03245568715292796,0.006156148049817713,0.03540722868941876,0.027544312847072094,0.0238438519501823
64.24038059542063,43.56100486371845,16.58314543611922,0.03167481064908134,0.032455685486407704,0.006156148710640276,0.035407228675912394,0.02754431451359235,0.023843851289359737
64.24504541928842,43.56486183330529,16.599634616174317,0.03167481066249167,0.03245568379267533,0.0061561492971755685,0.035407228662502066,0.027544316207324726,0.023843850702824444
64.24971042477465,43.56871898445237,16.61613370095633,0.031674810675795584,0.03245568207189714,0.00615614981411243,0.03540722864919815,0.027544317928102913,0.023843850185887583
64.25437561186742,43.57257631715008,16.632642705852845,0.03167481068893835,0.03245568032818269,0.00615615026435979,0.03540722863605539,0.027544319671817363,0.023843849735640223
64.25904098055494,43.57643383138891,16.64916162084478,0.031674810711767976,0.03245567856860876,0.006156150649922594,0.03540722861322576,0.027544321431391294,0.02384384935007742
64.26370653082503,43.580291527158984,16.66569044256825,0.03167481071433664,0.03245568074629651,0.006156150980920691,0.03540722861065709,0.027544319253703542,0.023843849019079322
64.26837226219305,43.58414940405699,16.682229173129564,0.03167481071723033,0.032455681938450776,0.006156151368655265,0.03540722860776341,0.027544318061549278,0.023843848631344748
64.27303817478976,43.58800746219157,16.698777816983938,0.03167481071982897,0.032455682545369624,0.00615615178241815,0.035407228605164764,0.02754431745463043,0.023843848217581863
64.27770426869114,43.591865701625856,16.715336379363443,0.03167481071117961,0.032455682751017734,0.006156152203852433,0.03540722861381412,0.02754431724898232,0.02384384779614758
64.282370543947,43.59572412240132,16.73190486554161,0.03167481069614003,0.03245568265913923,0.006156152620593484,0.035407228628853704,0.027544317340860824,0.02384384737940653
64.28703700059187,43.59958272454672,16.748483280648664,0.03167481066888084,0.032455682359479765,0.006156153023826431,0.0354072286561129,0.02754431764052029,0.02384384697617358
64.29170363864768,43.60344150808041,16.765071629821755,0.031674810671174225,0.03245568193718784,0.006156153407680116,0.03540722865381951,0.027544318062812212,0.023843846592319896
64.29637045812491,43.60730047301115,16.781669916877863,0.03167481067303046,0.032455681444437,0.0061561537689210424,0.035407228651963274,0.027544318555563052,0.02384384623107897
64.30103745902701,43.611159619341976,16.798278144279813,0.031674810674459264,0.03245568093279033,0.006156154105961875,0.03540722865053447,0.02754431906720972,0.023843845894038138
64.3057046413509,43.61501894707039,16.814896313144267,0.03167481067547534,0.03245568045595987,0.0061561544187232545,0.035407228649518396,0.027544319544040186,0.02384384558127676
64.310372005087,43.61887845618854,16.83152442280327,0.031674810676103116,0.032455680073460946,0.006156154708618217,0.03540722864889062,0.027544319926539107,0.023843845291381796
64.31503955021884,43.622738146682806,16.848162472288035,0.03167481067638239,0.03245567985662989,0.0061561549786089825,0.035407228648611344,0.02754432014337016,0.02384384502139103
64.31970727672208,43.626598018533016,16.86481046144559,0.031674810676366516,0.03245567994078208,0.006156155233435517,0.03540722864862722,0.027544320059217975,0.023843844766564495
64.3243751845572,43.6304580717063,16.88146838984494,0.03167481067614397,0.03245568048137315,0.0061561554811796135,0.035407228648849765,0.027544319518626903,0.0238438445188204
64.32904327366771,43.63431830615569,16.898136256373213,0.0316748106758421,0.032455681704021855,0.006156155733633213,0.035407228649151634,0.0275443182959782,0.0238438442663668
64.33371154397263,43.638178721813695,16.9148140593184,0.031674810675643206,0.03245568394713455,0.006156156007937091,0.03540722864935053,0.027544316052865503,0.02384384399206292
64.33837999535405,43.64203931858203,16.931501797518116,0.03167481067580952,0.032455682093595783,0.006156156329216886,0.03540722864918422,0.02754431790640427,0.023843843670783127
64.34304862831428,43.64590009687883,16.94819946881417,0.03167481067519834,0.032455680267360565,0.0061561565888051395,0.0354072286497954,0.02754431973263949,0.023843843411194873
64.34771744283621,43.649761056690124,16.964907073132153,0.03167481067386646,0.03245567848085723,0.006156156790060548,0.035407228651127276,0.027544321519142823,0.023843843209939465
64.35238643890226,43.65362219800152,16.981624609563223,0.0316748106718569,0.032455676734672145,0.006156156936518817,0.035407228653136835,0.027544323265327908,0.023843843063481196
64.3570556164956,43.65748352079926,16.998352090485508,0.03167481066921046,0.03245567491495199,0.006156157031595964,0.035407228655783274,0.02754432508504806,0.02384384296840405
64.36172497561385,43.6613450250816,17.015089518270496,0.03167481066593575,0.032455671731048186,0.006156157075632107,0.03540722865905799,0.027544328268951868,0.023843842924367906
64.36639451640976,43.665206710975966,17.031836888729657,0.031674810661534325,0.0324556700411851,0.006156157035266507,0.03540722866345941,0.02754432995881495,0.023843842964733505
64.37106423868549,43.66906857831799,17.04859419806348,0.03167481065660421,0.03245566838956415,0.006156156953263187,0.03540722866838952,0.0275443316104359,0.023843843046736826
64.37573414242749,43.67293062709655,17.065361443908664,0.031674810651203644,0.03245566883230305,0.006156156832529465,0.03540722867379009,0.027544331167697,0.023843843167470548
64.38040422737578,43.676792857095265,17.082138623819578,0.03167481064596667,0.03245567243740721,0.006156156729028216,0.03540722867902707,0.02754432756259284,0.023843843270971797
64.38507449315424,43.680655268000805,17.098925735800304,0.03167481064185762,0.03245567893284457,0.006156156727983843,0.035407228683136116,0.027544321067155486,0.02384384327201617
64.38974493943809,43.68451785954221,17.115722778333186,0.031674810639686746,0.03245568733612059,0.006156156901276501,0.03540722868530699,0.027544312663879467,0.023843843098723512
64.39441556603646,43.688380631559674,17.13252975113369,0.03167481063991118,0.03245569715045393,0.006156157290054684,0.03540722868508256,0.02754430284954612,0.02384384270994533
64.39908637282706,43.692243583950415,17.14934665559269,0.031674810642825624,0.03245570890273003,0.006156157920699103,0.03540722868216811,0.027544291097270024,0.02384384207930091
64.40375735961815,43.69610671655383,17.166173495046408,0.03167481064942573,0.03245570700648337,0.006156158832497302,0.035407228675568,0.027544292993516684,0.02384384116750271
64.40842852809322,43.69997003077131,17.183010278349105,0.031674810656396435,0.03245570511861684,0.0061561596606797275,0.0354072286685973,0.027544294881383213,0.023843840339320285
64.41309987822807,43.703833526583125,17.199857010278997,0.03167481063375527,0.03245570232600259,0.006156160409547862,0.03540722869123847,0.027544297673997464,0.02384383959045215
64.4177714101138,43.70769720406558,17.216713700599207,0.03167481063346711,0.032455700404105114,0.006156161059289275,0.03540722869152663,0.02754429959589494,0.023843838940710738
64.42244312362465,43.71156106311433,17.23358036133319,0.031674810642937035,0.03245569845206159,0.006156161637095578,0.0354072286820567,0.027544301547938466,0.023843838362904435
64.42711501875067,43.7154251037214,17.250457008443867,0.03167481065303179,0.032455696737126394,0.006156162145432374,0.03540722867196194,0.02754430326287366,0.02384383785456764
64.43178709545433,43.7192893258557,17.267343657625975,0.03167481066392375,0.03245569531897352,0.006156162593359049,0.03540722866106999,0.027544304681026532,0.023843837406640964
64.43645935370003,43.723153729487606,17.284240325578704,0.03167481067528194,0.032455693470097136,0.006156162990708147,0.0354072286497118,0.027544306529902918,0.023843837009291866
64.44113179355338,43.72701831467151,17.301146552123104,0.031674810685757226,0.03245569156900585,0.006156163327626828,0.03540722863923651,0.027544308430994202,0.023843836672373185
64.44580441503294,43.73088308142266,17.3180627124854,0.031674810693883004,0.03245569001939669,0.006156163604364086,0.03540722863111073,0.027544309980603365,0.023843836395635927
64.45047721801593,43.73474802963992,17.33498880558982,0.031674810700017875,0.032455688400346405,0.006156163834574339,0.03540722862497586,0.027544311599653648,0.023843836165425673
64.45515020238619,43.73861315922827,17.351924831672566,0.03167481070509853,0.032455686576342846,0.0061561640220720235,0.035407228619895204,0.027544313423657207,0.02384383597792799
64.45982336818564,43.74247847022257,17.368870791515683,0.03167481070980954,0.032455684682748565,0.0061561641632426264,0.035407228615184194,0.02754431531725149,0.023843835836757386
64.46449671556309,43.74634396274496,17.385826686680712,0.03167481071275319,0.03245568276657673,0.006156164253968907,0.03540722861224055,0.02754431723342332,0.023843835746031106
64.46917024438437,43.750209636685746,17.402792516726347,0.031674810716045,0.03245568084277073,0.006156164300108902,0.03540722860894874,0.027544319157229324,0.02384383569989111
64.47384395473878,43.75407549211832,17.419768280174367,0.031674810719797664,0.032455690541227045,0.006156164300933985,0.03540722860519607,0.02754430945877301,0.023843835699066028
64.47851784533408,43.757941527964846,17.436753972554826,0.031674810726779856,0.03245569999643866,0.006156164553224264,0.03540722859821388,0.027544300003561395,0.02384383544677575
64.48319191624613,43.76180774428768,17.453749594165277,0.031674810737986336,0.03245570943099113,0.006156165039462355,0.0354072285870074,0.027544290569008922,0.023843834960537658
64.48786616736488,43.76567414099675,17.47075514512152,0.031674810757350846,0.032455718946036716,0.0061561657539468614,0.03540722856764289,0.027544281053963338,0.02384383424605315
64.49254059836446,43.769540717826224,17.487770625012754,0.031674810798677844,0.03245572856111961,0.006156166703083568,0.03540722852631589,0.02754427143888044,0.023843833296916445
64.4972152091609,43.773407474707355,17.50479603373824,0.03167481086652202,0.03245573823854936,0.006156167884263486,0.03540722845847172,0.027544261761450695,0.023843832115736527
64.50188999980662,43.77727441168232,17.521831371466746,0.03167481095832059,0.0324557478972638,0.006156169288159034,0.03540722836667315,0.027544252102736255,0.02384383071184098
64.50656497039759,43.78114152882887,17.538876638556243,0.03167481106967579,0.032455757426873344,0.006156170902158829,0.035407228255317946,0.02754424257312671,0.023843829097841183
64.5112401237729,43.78500882845883,17.555931838626,0.03167481108234654,0.032455766717137235,0.006156172596876702,0.03540722824264719,0.027544233282862818,0.02384382740312331
64.5159154576829,43.788876308741386,17.57299696986035,0.031674811096987054,0.03245577562512336,0.006156174456085635,0.03540722822800668,0.02754422437487669,0.023843825543914378
64.52059097221057,43.79274396974493,17.590072033260903,0.031674811113402646,0.032455783428314344,0.0061561764622934945,0.03540722821159109,0.02754421657168571,0.02384382353770652
64.52526666752212,43.796611811607235,17.60715703028706,0.03167481113115911,0.03245579043436503,0.006156178580360411,0.03540722819383463,0.027544209565635025,0.023843821419639602
64.52994254373905,43.800479834429005,17.624251962588755,0.03167481115003801,0.0324557971197984,0.006156180784632044,0.03540722817495573,0.02754420288020165,0.02384381921536797
64.53461860092025,43.80434803825888,17.641356832062744,0.03167481117004545,0.03245580392244385,0.0061561830628007255,0.03540722815494829,0.027544196077556204,0.023843816937199287
64.53929483906947,43.80821642309963,17.658471641048592,0.03167481119089699,0.032455811057657546,0.006156185414288744,0.035407228134096747,0.027544188942342507,0.02384381458571127
64.54397125661801,43.81208498766868,17.675596390596386,0.031674811247076995,0.032455818772163414,0.006156187899236457,0.03540722807791674,0.02754418122783664,0.023843812100763556
64.5486478559533,43.81595373391596,17.69273108148133,0.03167481128394661,0.032455815624835904,0.006156190442812355,0.03540722804104712,0.02754418437516415,0.023843809557187658
64.55332463806162,43.81982266266674,17.709875715888284,0.03167481129711597,0.03245581244954582,0.006156192772387416,0.03540722802787777,0.027544187550454236,0.023843807227612597
64.558001602361,43.82369177344728,17.727030294627983,0.03167481131286631,0.03245580924988134,0.00615619491870191,0.03540722801212742,0.027544190750118713,0.023843805081298103
64.56267874865321,43.827561066097076,17.74419481915153,0.03167481133998146,0.03245580603677822,0.006156196897968376,0.03540722798501228,0.02754419396322183,0.023843803102031637
64.56735607727833,43.83143054089187,17.76136929300915,0.03167481135433958,0.03245580282214583,0.006156198699130193,0.035407227970654154,0.027544197177854224,0.02384380130086982
64.57203358790818,43.83530019756468,17.778553719099886,0.03167481136993916,0.03245579964021905,0.006156200342457251,0.03540722795505458,0.027544200359781,0.023843799657542762
64.57671128045111,43.83917003604101,17.795748102317596,0.031674811390467184,0.03245579660968345,0.00615620183869707,0.03540722793452655,0.0275442033903166,0.023843798161302943
64.58138915511756,43.843040056491674,17.812952447288666,0.03167481140215739,0.03245579391276854,0.006156203186974858,0.03540722792283635,0.027544206087231515,0.023843796813025155
64.5860672116953,43.84691025874314,17.8301667578821,0.03167481143713763,0.032455789065240825,0.006156204408138202,0.03540722788785611,0.027544210934759228,0.02384379559186181
64.59074545038789,43.85078064296628,17.84739103750759,0.031674811457981955,0.032455787287413385,0.006156205454703932,0.03540722786701178,0.02754421271258667,0.02384379454529608
64.59542387027771,43.85465120840556,17.86462528615152,0.0316748114837489,0.032455784877490734,0.006156206431214485,0.03540722784124484,0.02754421512250932,0.023843793568785528
64.60010247230872,43.858521955833424,17.881869504786543,0.03167481149587875,0.03245578128199439,0.006156207293676205,0.035407227829114984,0.027544218718005664,0.023843792706323808
64.60478125600528,43.862392884864484,17.899123701864298,0.03167481151620233,0.032455777503807015,0.006156208039700434,0.03540722780879141,0.027544222496193038,0.02384379196029958
64.60946022146395,43.86626399557724,17.916387826524936,0.03167481153807855,0.03245577378434383,0.0061562086648575265,0.035407227786915185,0.02754422621565622,0.023843791335142486
64.61413936857771,43.870135287883855,17.933661815549755,0.03167481156096347,0.03245577024680146,0.0061562091780781175,0.03540722776403027,0.02754422975319859,0.023843790821921895
64.61881869730615,43.87400676175045,17.950945625849208,0.031674811580910955,0.03245576684067386,0.006156209587929534,0.03540722774408278,0.027544233159326192,0.02384379041207048
64.62349820782583,43.877878417322535,17.968239359667134,0.03167481160212621,0.032455768132717666,0.006156209898236363,0.03540722772286753,0.027544231867282387,0.02384379010176365
64.62817789981499,43.88175025432885,17.985543018007576,0.031674811623987886,0.03245576608027623,0.006156210224231892,0.03540722770100585,0.027544233919723826,0.02384378977576812
64.6328577738676,43.88562227325998,18.002856604089487,0.03167481163289093,0.032455762116761044,0.006156210470602455,0.035407227692102805,0.02754423788323901,0.023843789529397558
64.63753782993668,43.88949447408068,18.020180075586303,0.031674811630026,0.03245575928291633,0.006156210599546907,0.035407227694967736,0.027544240717083723,0.023843789400453105
64.64221806734841,43.89336685623978,18.03751348771053,0.031674811638391476,0.03245575641413462,0.006156210666602095,0.03540722768660226,0.027544243585865436,0.023843789333397918
64.64689848582796,43.89723941951004,18.054856839652924,0.03167481164667002,0.03245575804014589,0.006156210677485452,0.035407227678323716,0.027544241959854165,0.02384378932251456
64.65157908635408,43.901112164685784,18.072210132155096,0.03167481166533331,0.03245575460106653,0.0061562107015115525,0.03540722765966042,0.02754424539893352,0.02384378929848846
64.6562598685724,43.904985091486175,18.089573365045744,0.03167481164197078,0.03245575633014541,0.00615621064073104,0.03540722768302296,0.02754424366985464,0.023843789359268973
64.6609408318448,43.90885819937964,18.106946536719047,0.031674811628002564,0.032455755672604,0.00615621062883847,0.03540722769699117,0.02754424432739605,0.023843789371161543
64.66562197630702,43.91273148848035,18.124329647305153,0.0316748116045808,0.032455755197001446,0.006156210606321898,0.03540722772041294,0.027544244802998608,0.023843789393678115
64.67030330224918,43.91660495902821,18.141722697101585,0.031674811598525476,0.03245575796890143,0.006156210574369131,0.03540722772646826,0.02754424203109862,0.023843789425630882
64.67498480917672,43.92047861061094,18.159125684777003,0.03167481159994029,0.03245575448536059,0.006156210614517203,0.03540722772505345,0.027544245514639465,0.02384378938548281
64.6796664976067,43.92435244366189,18.176538611360332,0.03167481158786012,0.03245575107480103,0.0061562105718531435,0.03540722773713362,0.027544248925199022,0.02384378942814687
64.68434836782448,43.9282264584161,18.193961477091797,0.031674811572345585,0.03245574907942794,0.006156210445533543,0.03540722775264815,0.02754425092057211,0.02384378955446647
64.68903041957904,43.93210065466563,18.211394281251,0.031674811544600834,0.03245574611890101,0.0061562102766297075,0.0354072277803929,0.027544253881099046,0.023843789723370305
64.69371265295675,43.93597503248283,18.22883702386342,0.031674811506669454,0.03245574308912552,0.006156210043131619,0.03540722781832428,0.02754425691087453,0.023843789956868394
64.69839506794325,43.93984959185612,18.24628970485472,0.03167481146107093,0.032455739763387725,0.0061562097463275095,0.03540722786392281,0.027544260236612328,0.023843790253672503
64.70307766455619,43.94372433280051,18.263752324128088,0.031674811418037574,0.032455737342929,0.006156209381683493,0.03540722790695616,0.02754426265707105,0.02384379061831652
64.70776044266857,43.94759925521047,18.281224881393214,0.03167481138372863,0.03245573485878506,0.006156208975045478,0.03540722794126511,0.027544265141214996,0.023843791024954535
64.7124434022752,43.95147435908187,18.298707376513626,0.03167481135574862,0.03245573182756367,0.0061562085267352,0.035407227969245114,0.02754426817243638,0.023843791473264812
64.7171265434301,43.95534964445997,18.316199809401855,0.031674811341633524,0.03245572864777979,0.0061562080249030135,0.03540722798336021,0.027544271352220262,0.023843791975097
64.72180986613566,43.95922511134701,18.333702180115644,0.031674811332032926,0.032455724991403534,0.0061562074682810775,0.03540722799296081,0.02754427500859652,0.023843792531718935
64.72649337042847,43.96310075977375,18.351214488665693,0.03167481132180472,0.03245572136358771,0.006156206847475303,0.03540722800318902,0.027544278636412345,0.02384379315252471
64.73117705625369,43.96697658969512,18.368736734723992,0.03167481130622862,0.03245571782661377,0.006156206166841469,0.03540722801876511,0.02754428217338628,0.023843793833158544
64.73586092373463,43.970852601213124,18.38626891870965,0.0316748112935592,0.03245571440047729,0.006156205429148201,0.035407228031434534,0.027544285599522766,0.023843794570851812
64.74054497179789,43.9747287934375,18.403811038419594,0.03167481122521887,0.03245571102494271,0.006156204648767961,0.03540722809977487,0.02754428897505734,0.02384379535123205
64.74522920232934,43.978605167933296,18.42136309762796,0.031674811211846565,0.03245570785398516,0.006156203815371714,0.03540722811314717,0.027544292146014893,0.0238437961846283
64.74991361369268,43.9824817233523,18.438925093563014,0.03167481122228405,0.03245570484528576,0.006156202968547138,0.03540722810270969,0.027544295154714293,0.023843797031452875
64.7545982068155,43.986358460447555,18.45649702693211,0.0316748112026512,0.03245570203470255,0.006156202069506379,0.03540722812234254,0.027544297965297504,0.023843797930493633
64.75928298118649,43.990235378807476,18.47407889694602,0.03167481120771287,0.032455699207676825,0.0061562011567994485,0.035407228117280864,0.02754430079232323,0.023843798843200564
64.7639679374073,43.99411247892004,18.49167070400049,0.031674811198062536,0.03245569632328166,0.006156200200873749,0.0354072281269312,0.027544303676718396,0.023843799799126264
64.76865307510299,43.99798976047924,18.509272447420148,0.031674811184636165,0.03245569339859716,0.006156199215535792,0.03540722814035757,0.02754430660140289,0.02384380078446422
64.77333839419312,44.001867223420014,18.52688412703088,0.03167481117313331,0.03245569045614782,0.006156198205016693,0.035407228151860426,0.02754430954385223,0.02384380179498332
64.77802389476808,44.00574486781552,18.544505742849573,0.031674811156093996,0.03245568750990396,0.006156197164976965,0.03540722816889974,0.02754431249009609,0.023843802835023048
64.78270957580966,44.009622692834675,18.562137598571983,0.03167481116466664,0.03245568455753006,0.006156196135252728,0.0354072281603271,0.02754431544246999,0.023843803864747284
64.7873954387413,44.01350069964069,18.57977931664993,0.0316748111639133,0.032455691716800295,0.006156195065428471,0.03540722816108044,0.02754430828319976,0.02384380493457154
64.79208148226215,44.01737888714871,18.597430906126704,0.031674811147063664,0.03245569728140185,0.006156194207027815,0.03540722817793007,0.0275443027185982,0.023843805792972197
64.7967677062581,44.02125725527068,18.6150923783405,0.03167481113641518,0.032455701584882146,0.006156193527715473,0.035407228188578554,0.027544298415117907,0.02384380647228454
64.80145411078713,44.02513580405568,18.632763744076453,0.03167481112985382,0.03245570486611299,0.006156192991146725,0.03540722819513992,0.027544295133887065,0.023843807008853288
64.80614069601813,44.029014533641266,18.650445012757515,0.03167481111377335,0.03245570730088043,0.006156192559866033,0.03540722821122039,0.02754429269911962,0.02384380744013398
64.81082746194252,44.03289344402464,18.668136192202024,0.03167481110698389,0.032455709041320224,0.006156192218763984,0.035407228218009845,0.02754429095867983,0.02384380778123603
64.81551440910624,44.036772535654734,18.685837290053676,0.03167481110640302,0.03245571021490562,0.006156191934129807,0.035407228218590714,0.027544289785094433,0.023843808065870206
64.82020153743511,44.04065180846949,18.703548312455705,0.0316748111001956,0.03245571096454064,0.0061561916888208945,0.03540722822479814,0.027544289035459413,0.023843808311179118
64.82488884689973,44.04453126244636,18.72126926593733,0.031674811110504186,0.03245571134702502,0.00615619147506781,0.03540722821448955,0.027544288652975035,0.023843808524932203
64.82957633754356,44.04841089762161,18.739000148497972,0.03167481110660897,0.03245571141078857,0.006156191282639029,0.03540722821838477,0.027544288589211485,0.023843808717360984
64.83426400940218,44.05229071402486,18.756740958697826,0.03167481110503095,0.03245571119849827,0.006156191102814061,0.03540722821996278,0.02754428880150178,0.02384380889718595
64.83895186250109,44.05617071167755,18.774491698921523,0.03167481110419568,0.03245571079178711,0.006156190928575923,0.03540722822079806,0.027544289208212946,0.02384380907142409
64.84363989686818,44.06005089060283,18.792252380802132,0.03167481110549947,0.032455710254322256,0.006156190754747506,0.03540722821949427,0.027544289745677797,0.023843809245252506
64.84832811255802,44.06393125084537,18.810023003205455,0.03167481110658721,0.03245570961191724,0.006156190576288037,0.03540722821840653,0.027544290388082815,0.023843809423711976
64.8530165095566,44.06781179239405,18.82780355846937,0.03167481110838005,0.032455708888365964,0.006156190391848081,0.035407228216613684,0.02754429111163409,0.023843809608151932
64.8577050878652,44.071692515250064,18.84559404798479,0.03167481111091364,0.03245570810985865,0.006156190199948994,0.0354072282140801,0.027544291890141404,0.02384380980005102
64.86239384755727,44.0755734194733,18.86339447701664,0.03167481111041254,0.03245570731315772,0.006156189996440742,0.0354072282145812,0.02754429268684233,0.02384381000355927
64.86708278856914,44.0794545050119,18.881204844866872,0.031674811109409506,0.032455706518125516,0.0061561897839354784,0.03540722821558423,0.027544293481874538,0.023843810216064534
64.87177191088641,44.08333577185415,18.89902514796764,0.0316748111080673,0.03245570601236203,0.0061561895633195154,0.035407228216926434,0.027544293987638024,0.023843810436680497
64.87646121447222,44.08721721996934,18.916855386510683,0.031674811106571055,0.03245570582471685,0.006156189342141821,0.03540722821842268,0.0275442941752832,0.02384381065785819
64.88115069939501,44.09109884941279,18.934695564402784,0.03167481110340925,0.032455705916791144,0.006156189124439167,0.035407228221584486,0.02754429408320891,0.023843810875560846
64.88584036547726,44.09498066003833,18.952545681769475,0.03167481109819137,0.032455706256383554,0.006156188920840494,0.03540722822680237,0.0275442937436165,0.02384381107915952
64.8905302128688,44.098862651968645,18.97040573557339,0.031674811091541966,0.03245570682742699,0.006156188732151575,0.03540722823345177,0.027544293172573064,0.023843811267848437
64.89522024066456,44.10274482446046,18.98827572378818,0.03167481108536879,0.032455707583000204,0.006156188588162102,0.035407228239624944,0.02754429241699985,0.02384381141183791
64.89991044973813,44.106627178230994,19.006155647758025,0.03167481108145137,0.03245570854699226,0.006156188468708336,0.035407228243542366,0.027544291453007796,0.023843811531291677
64.90460083998903,44.110509713197224,19.02404550572832,0.03167481107904907,0.032455709716944336,0.006156188379462864,0.035407228245944666,0.027544290283055717,0.02384381162053715
64.90929141136465,44.114392429315664,19.04194529784366,0.03167481108044595,0.032455711069939,0.00615618832507675,0.035407228244547784,0.027544288930061056,0.023843811674923263
64.91398216451148,44.11827532711554,19.0598550268872,0.031674811074381526,0.03245571259866692,0.006156188287288741,0.03540722825061221,0.027544287401333134,0.02384381171271127
64.91867309872195,44.122158406016965,19.077774693089815,0.03167481107022746,0.03245571426241278,0.006156188290630117,0.035407228254766276,0.02754428573758727,0.023843811709369896
64.92336421398693,44.12604166601196,19.095704297137214,0.03167481106746323,0.03245571603617542,0.006156188336249709,0.03540722825753051,0.027544283963824634,0.023843811663750304
64.92805551032062,44.12992510711186,19.113643838895484,0.03167481106543002,0.032455717895991776,0.006156188424107013,0.03540722825956372,0.027544282104008277,0.023843811575893
64.93274698773709,44.13380872932785,19.13159331759943,0.03167481106354336,0.032455719818621664,0.00615618855369382,0.035407228261450374,0.02754428018137839,0.023843811446306193
64.93743864625714,44.13769253267676,19.149552731803176,0.03167481106100728,0.0324557217815678,0.006156188723758942,0.03540722826398646,0.02754427821843225,0.02384381127624107
64.94213048586522,44.14157651714582,19.16752208774177,0.031674811058859054,0.03245572376223327,0.006156188934224448,0.03540722826613468,0.027544276237766785,0.023843811065775565
64.9468225065493,44.14546068272519,19.185501386859627,0.03167481105802056,0.03245572573586081,0.006156189184443106,0.03540722826697318,0.027544274264139246,0.023843810815556907
64.95151470832235,44.14934502942544,19.203490625377587,0.031674811058303276,0.03245572767090399,0.0061561894722296645,0.03540722826669046,0.027544272329096064,0.023843810527770348
64.9562070912022,44.15322955726117,19.221489800719453,0.031674811059448305,0.03245572951912057,0.006156189794736942,0.03540722826554543,0.027544270480879485,0.02384381020526307
64.96089965521304,44.15711426625228,19.23949891047137,0.031674811061134234,0.03245573149175918,0.006156190147914839,0.0354072282638595,0.027544268508240877,0.023843809852085174
64.96559240035303,44.16099915639697,19.257517955195016,0.03167481106315162,0.03245573368862131,0.006156190538555345,0.035407228261842116,0.02754426631137874,0.023843809461444668
64.97028532660734,44.16488422768261,19.275546935168503,0.031674811065373454,0.032455736105575894,0.006156190970110963,0.03540722825962028,0.02754426389442416,0.02384380902988905
64.97497843396745,44.168769480101744,19.29358585040611,0.03167481106746739,0.03245573873744945,0.006156191445519356,0.035407228257526346,0.027544261262550607,0.023843808554480657
64.97967172240695,44.1726549136321,19.311634700507835,0.03167481106866099,0.03245574157726466,0.006156191967802337,0.035407228256332746,0.02754425842273539,0.023843808032197676
64.98436519196076,44.17654052830203,19.329693485065714,0.031674811069499376,0.032455744620005555,0.006156192538429618,0.03540722825549436,0.027544255379994498,0.023843807461570395
64.98905884172609,44.18042632337057,19.347762202285683,0.031674811076401244,0.03245574783356181,0.006156193186460102,0.03540722824859249,0.027544252166438243,0.02384380681353991
64.99375267250926,44.184312299498785,19.365840853457453,0.03167481108270276,0.03245575123355221,0.006156193889826557,0.03540722824229098,0.027544248766447843,0.023843806110173456
64.9984466842983,44.18819845667662,19.38392943855361,0.03167481108924747,0.03245575481270124,0.006156194650795643,0.03540722823574627,0.02754424518729881,0.02384380534920437
65.00314087712671,44.19208479493106,19.402027957664856,0.03167481109622933,0.03245575856387056,0.006156195469495841,0.03540722822876441,0.02754424143612949,0.02384380453050417
65.00783525073142,44.19597131404606,19.420136410497157,0.031674811106225276,0.03245576247250037,0.006156196355172845,0.03540722821876846,0.027544237527499682,0.023843803644827168
65.01252980540038,44.19985801425855,19.43825479765423,0.03167481112479348,0.03245576654350851,0.006156197302586312,0.03540722820020026,0.02754423345649154,0.0238438026974137
65.01722454209411,44.20374489635391,19.456383120519767,0.03167481109774978,0.0324557707874209,0.0061561982789271955,0.03540722822724396,0.027544229212579152,0.023843801721072817
65.02191945959233,44.207631959332815,19.47452137752295,0.03167481110375353,0.03245577517096654,0.0061561993255875025,0.035407228221240206,0.027544224829033515,0.02384380067441251
65.02661455811393,44.21151920337341,19.492669569025235,0.031674811114849655,0.03245577968883401,0.006156200433953277,0.03540722821014408,0.027544220311166046,0.023843799566046736
65.03130983762202,44.21540662844528,19.510827695058186,0.03167481114395204,0.03245578433395235,0.006156201605655456,0.035407228181041694,0.0275442156660477,0.023843798394344556
65.0360052981551,44.21929423457927,19.528995755717574,0.03167481116824866,0.03245578909939151,0.006156202838654118,0.035407228156745074,0.027544210900608546,0.023843797161345895
65.04070093969676,44.22318202176166,19.547173751145433,0.031674811183430684,0.03245579397889237,0.006156204133390249,0.03540722814156305,0.027544206021107687,0.023843795866609764
65.04539676224206,44.22706998998808,19.565361681322038,0.031674811187540175,0.032455798966762095,0.006156205489735153,0.03540722813745356,0.02754420103323796,0.02384379451026486
65.05009276574667,44.23095813922208,19.583559546253696,0.031674811176964746,0.032455804057559434,0.006156206909098613,0.03540722814802899,0.02754419594244062,0.0238437930909014
65.05478895014943,44.2348464694142,19.601767345967023,0.03167481115938714,0.03245580924899455,0.006156208394989128,0.0354072281656066,0.027544190751005504,0.023843791605010885
65.05948531545442,44.23873498056716,19.619985080718898,0.03167481114914272,0.032455805049297404,0.006156209945975419,0.03540722817585101,0.02754419495070265,0.023843790054024594
65.0641818629754,44.2426236737729,19.638212753168876,0.03167481113629772,0.03245580083618499,0.006156211323490535,0.035407228188696016,0.027544199163815064,0.023843788676509478
65.06887859238812,44.24651254876663,19.656450362937857,0.03167481113013232,0.03245579660866865,0.006156212545193551,0.03540722819486142,0.0275442033913314,0.02384378745480646
65.07357550364111,44.2504016055056,19.674697909933236,0.031674811123582,0.0324557923665279,0.006156213616760629,0.03540722820141173,0.02754420763347215,0.023843786383239383
65.07827259660645,44.25429084388462,19.69295539394633,0.031674811112768486,0.03245578810840277,0.006156214546593701,0.03540722821222525,0.02754421189159728,0.023843785453406312
65.08296987167174,44.25818026422327,19.71122281563146,0.031674811104480505,0.03245578385478398,0.006156215331670267,0.03540722822051323,0.02754421614521607,0.023843784668329746
65.08766732879455,44.26206986648698,19.729500174916932,0.03167481109927389,0.03245577960827345,0.006156215978509322,0.035407228225719845,0.027544220391726604,0.02384378402149069
65.09236496793633,44.26595965064426,19.747787471729257,0.03167481109412135,0.032455775371361406,0.006156216493302655,0.03540722823087239,0.027544224628638647,0.023843783506697358
65.09706278905946,44.2698496166644,19.766084705991375,0.03167481108870329,0.03245577114636666,0.006156216882017861,0.035407228236290444,0.02754422885363339,0.023843783117982152
65.10176079212718,44.27373976451736,19.784391877624554,0.0316748110827072,0.03245576693549712,0.006156217150433102,0.03540722824228654,0.027544233064502932,0.02384378284956691
65.10645897710394,44.27763009417412,19.802708986550165,0.03167481107588305,0.03245576274089157,0.006156217304150884,0.03540722824911069,0.027544237259108484,0.02384378269584913
65.11115734395571,44.28152060560686,19.821036032701148,0.03167481106806025,0.03245575856465077,0.00615621734859622,0.03540722825693349,0.02754424143534928,0.023843782651403793
65.11585589265007,44.285411298789114,19.839373016013084,0.03167481105914138,0.0324557544088358,0.006156217289021132,0.03540722826585235,0.02754424559116425,0.02384378271097888
65.12055462315624,44.28930217369573,19.857719936426193,0.031674811049087315,0.032455750275468875,0.006156217130502385,0.03540722827590642,0.027544249724531178,0.023843782869497628
65.12525353544498,44.29319323030286,19.876076793885268,0.031674811037901096,0.032455746166524135,0.006156216877941656,0.03540722828709264,0.027544253833475918,0.023843783122058357
65.12995262948843,44.29708446858774,19.894443588335367,0.031674811025615035,0.0324557420839211,0.006156216536068751,0.0354072282993787,0.02754425791607895,0.023843783463931262
65.1346519052602,44.30097588852881,19.912820319690486,0.031674811012279425,0.03245573802952384,0.006156216109448671,0.03540722831271431,0.027544261970476214,0.02384378389055134
65.13935136273506,44.30486749010545,19.931206987839953,0.03167481099795627,0.03245573400513685,0.0061562156024823345,0.035407228327037465,0.027544265994863204,0.02384378439751768
65.14405100188897,44.30875927329805,19.949603592708666,0.031674810982712354,0.032455730012502515,0.00615621501941252,0.03540722834228138,0.02754426998749754,0.023843784980587493
65.14875082269901,44.31265123808785,19.96801014187937,0.031674810966617284,0.03245572605335645,0.006156214364329046,0.03540722835837645,0.027544273946643605,0.023843785635670967
65.15345082514327,44.316543384456935,19.98642664261939,0.03167481094974034,0.03245572212933129,0.00615621364117671,0.0354072283752534,0.027544277870668765,0.023843786358823303
65.15815100920074,44.320435712388125,20.00485309087325,0.03167481093214891,0.032455718241992615,0.006156212853756338,0.035407228392844825,0.02754428175800744,0.023843787146243675
65.16285137485136,44.32432822186499,20.023289483670496,0.03167481091390806,0.03245571439284778,0.006156212005733269,0.03540722841108568,0.027544285607152275,0.023843787994266744
65.16755192207584,44.32822091287178,20.04173581871481,0.03167481089507934,0.032455710583355446,0.006156211100640227,0.035407228429914395,0.027544289416644607,0.023843788899359786
65.17225265085575,44.33211378539336,20.060192093943684,0.031674810875724546,0.032455706814922936,0.006156210141883389,0.03540722844926919,0.027544293185077118,0.023843789858116624
65.17695356117335,44.336006839415205,20.078658308317475,0.03167481085590024,0.0324557030889126,0.006156209132744214,0.0354072284690935,0.02754429691108745,0.0238437908672558
65.1816546530116,44.339900074923364,20.097134460297188,0.031674810835658096,0.03245569940664589,0.006156208076386276,0.03540722848933564,0.027544300593354165,0.023843791923613737
65.1863559263541,44.343793491904364,20.115620549003847,0.03167481081504586,0.0324556957694031,0.006156206975858482,0.035407228509947875,0.02754430423059695,0.02384379302414153
65.19105738118509,44.34768709034529,20.134116573349857,0.031674810794106945,0.032455692178430084,0.006156205834100446,0.03540722853088679,0.02754430782156997,0.023843794165899566
65.1957590174894,44.351580870233654,20.152622533267426,0.0316748107728802,0.03245568863494025,0.0061562046539453685,0.035407228552113534,0.027544311365059804,0.023843795346054644
65.20046083525239,44.355474831557466,20.171138427781038,0.031674810751399995,0.03245568514012048,0.006156203438121531,0.03540722857359374,0.02754431485987957,0.02384379656187848
65.20516283445993,44.359368974305085,20.189664256720604,0.03167481072969619,0.03245568169513474,0.006156202189260142,0.035407228595297546,0.027544318304865312,0.02384379781073987
65.20986501509842,44.36326329846534,20.208200019638348,0.031674810707794376,0.03245567830112439,0.006156200909894771,0.03540722861719936,0.027544321698875662,0.02384379909010524
65.2145673771547,44.36715780402739,20.22674571641226,0.03167481068571543,0.03245567495922003,0.006156199602466536,0.03540722863927831,0.027544325040780027,0.023843800397533477
65.21926992061606,44.37105249098077,20.245301346686407,0.031674810663461395,0.03245567167053148,0.0061561982693263545,0.03540722866153234,0.02754432832946857,0.02384380173067366
65.22397264547021,44.37494735931534,20.263866910658,0.03167481064103217,0.03245566843614334,0.006156196912735827,0.03540722868396157,0.027544331563856717,0.023843803087264186
65.22867555170524,44.3788424090213,20.282442408164144,0.031674810618449234,0.03245566525712673,0.006156195534872511,0.0354072287065445,0.027544334742873322,0.023843804465127502
65.23337863714656,44.38273763832366,20.301027836507572,0.031674810670097975,0.03245566211169504,0.006156194222840944,0.03540722865489576,0.027544337888305015,0.02384380577715907
65.23808190415069,44.386633049145814,20.31962319858445,0.03167481071554917,0.032455659026489836,0.00615619288592148,0.03540722860944456,0.027544340973510217,0.023843807114078533
65.24278535268729,44.39052864146282,20.33822849436034,0.03167481075524198,0.032455656002168765,0.006156191526725065,0.03540722856975176,0.02754434399783129,0.023843808473274948
65.2474889827286,44.39442441525189,20.356843723867357,0.03167481078957124,0.032455653039408006,0.006156190147710433,0.0354072285354225,0.027544346960592048,0.02384380985228958
65.2521927942491,44.39832037049204,20.37546888719017,0.03167481081886403,0.03245565013887636,0.006156188751192615,0.035407228506129707,0.027544349861123696,0.023843811248807398
65.25689678722512,44.402216507163814,20.3941039843641,0.031674810843450696,0.03245564730120226,0.006156187339404047,0.03540722848154304,0.02754435269879779,0.023843812660595966
65.26160096163484,44.40611282524928,20.41274901538433,0.03167481086363272,0.03245564452693278,0.00615618591447243,0.03540722846136102,0.027544355473067272,0.023843814085527583
65.26630531745815,44.41000932473186,20.4314039801857,0.03167481087972579,0.03245564181639132,0.00615618448196617,0.035407228445267946,0.02754435818360873,0.023843815518033842
65.27100985467716,44.413906005596814,20.45006887857629,0.03167481089202867,0.0324556391695866,0.00615618304800105,0.035407228432965066,0.02754436083041345,0.023843816951998963
65.27571457327636,44.417802867831334,20.468743710615165,0.031674810900767014,0.03245563658621359,0.006156181614252652,0.03540722842422672,0.027544363413786466,0.02384381838574736
65.2804194732415,44.421699911423644,20.487428476310818,0.03167481090614582,0.03245563406551605,0.006156180182294517,0.035407228418847914,0.027544365934484005,0.023843819817705496
65.2851245545596,44.42559713636304,20.506123178104914,0.031674810908350004,0.03245563160610776,0.006156178753599452,0.03540722841664373,0.027544368393892293,0.02384382124640056
65.28982981721887,44.42949454263972,20.524827811920634,0.031674810907547146,0.03245562920574063,0.006156177329528251,0.03540722841744659,0.02754437079425942,0.023843822670471762
65.29453526120878,44.433392130244975,20.54354237862506,0.03167481090388924,0.032455626861006615,0.006156175911310104,0.0354072284211045,0.02754437313899344,0.02384382408868991
65.29924088651994,44.43728989917102,20.56226688255432,0.03167481089751495,0.03245562456697637,0.006156174500028991,0.03540722842747879,0.027544375433023682,0.023843825499971022
65.3039466931288,44.4411878493985,20.58100132022048,0.03167481088912777,0.0324556223166339,0.006156173097221183,0.03540722843586597,0.02754437768336615,0.02384382690277883
65.30865268102895,44.44508598092213,20.59974568954328,0.031674810878836945,0.032455620100696525,0.006156171703576213,0.03540722844615679,0.027544379899303528,0.0238438282964238
65.31335885021701,44.448984293739045,20.618499996784,0.03167481086669749,0.03245561790708118,0.006156170319471972,0.03540722845829625,0.027544382092918873,0.02384382968052804
65.31806520069148,44.452882787847955,20.637264238587335,0.031674810852761026,0.03245561572070038,0.006156168944979348,0.03540722847223271,0.027544384279299672,0.023843831055020664
65.32277173245296,44.45678146324937,20.656038415037827,0.03167481083707363,0.032455613523811655,0.006156167579799719,0.035407228487920106,0.0275443864761884,0.023843832420200294
65.32747844550425,44.46068031994558,20.674822526203883,0.03167481081969287,0.03245561129740698,0.006156166223230092,0.03540722850530087,0.02754438870259307,0.02384383377676992
65.33218533984811,44.46457935793889,20.693616571698705,0.03167481080074569,0.03245560902404976,0.006156164874238486,0.03540722852424805,0.027544390975950295,0.023843835125761527
65.33689241549226,44.46847857723574,20.712420551752988,0.0316748107802749,0.032455606690834415,0.006156163531318176,0.03540722854471884,0.027544393309165638,0.023843836468681837
65.34159967244638,44.472377977844175,20.73123446760266,0.031674810758300254,0.032455604273541216,0.006156162192698114,0.03540722856669348,0.027544395726458837,0.0238438378073019
65.34630711072299,44.47627755977459,20.75005831849316,0.03167481073479589,0.03245560167713979,0.00615616085607483,0.03540722859019785,0.027544398322860264,0.023843839143925183
65.35101473032793,44.48017732303215,20.76889210488321,0.031674810710305035,0.0324555987427127,0.00615615951766859,0.0354072286146887,0.027544401257287354,0.023843840482331423
65.35572253130415,44.48407726765269,20.78773582631061,0.031674810684600874,0.032455595646427526,0.006156158169353734,0.03540722864039286,0.027544404353572527,0.02384384183064628
65.36043051369293,44.48797739367021,20.80658948350582,0.031674810656648955,0.03245559262524034,0.0061561568066491185,0.03540722866834478,0.027544407374759716,0.023843843193350894
65.36513867748516,44.49187770107711,20.825453076271707,0.03167481062628802,0.032455589782459104,0.006156155431705092,0.03540722869870572,0.02754441021754095,0.02384384456829492
65.36984702137849,44.49577818880952,20.84432660299246,0.031674810635239914,0.03245558699395368,0.006156154098594317,0.03540722868975382,0.027544413006046375,0.023843845901405696
65.37455554785817,44.499678858896715,20.86321006682641,0.03167481060191163,0.032455584217581546,0.006156152712545514,0.03540722872308211,0.027544415782418508,0.0238438472874545
65.37926425568125,44.50357971032368,20.88210346170186,0.031674810566617195,0.03245558227990908,0.0061561513215881575,0.03540722875837654,0.027544417720090975,0.023843848678411855
65.38397314473382,44.50748074299581,20.901006793744912,0.03167481053160481,0.03245558038826396,0.00615614994698363,0.03540722879338892,0.027544419611736093,0.023843850053016383
65.38868221482952,44.51138195676087,20.919920062713494,0.031674810503315276,0.03245557854044018,0.006156148596334232,0.03540722882167846,0.027544421459559876,0.02384385140366578
65.39339146503781,44.51528335085855,20.938843267506087,0.031674810510036344,0.03245557672401256,0.006156147305185447,0.03540722881495739,0.027544423275987495,0.023843852694814566
65.39810089778096,44.519184927266764,20.957776410103737,0.031674810472501425,0.0324555749666422,0.006156145979994976,0.03540722885249231,0.027544425033357856,0.023843854020005037
65.40281051173514,44.5230866849045,20.97671948949831,0.03167481043487047,0.03245557246740155,0.006156144672514775,0.035407228890123266,0.027544427532598503,0.023843855327485237
65.40752030699136,44.526988623847686,20.995672502007345,0.03167481039679726,0.0324555700813311,0.0061561433641611485,0.03540722892819648,0.027544429918668956,0.023843856635838864
65.41223028353545,44.53089074408449,21.014635454392966,0.03167481035850728,0.032455569480067226,0.006156142057975558,0.03540722896648646,0.027544430519932828,0.023843857942024455
65.41694044115302,44.53479304543597,21.033608355309767,0.03167481032048408,0.032455572055840265,0.006156140795837026,0.035407229004509655,0.02754442794415979,0.023843859204162987
65.42165077947128,44.538695527590754,21.0525912036043,0.031674810283483346,0.03245557374060892,0.0061561396503321195,0.03540722904151039,0.02754442625939113,0.023843860349667893
65.42636129862098,44.54259819065745,21.071583989380528,0.03167481024723645,0.032455580329705136,0.006156138595489795,0.035407229077757285,0.027544419670294917,0.023843861404510218
65.43107199803445,44.54650103416178,21.09058670982776,0.03167481021276014,0.0324555789432967,0.006156137742060051,0.035407229112233596,0.02754442105670335,0.02384386225793996
65.43578287872666,44.55040405894978,21.109599366924698,0.03167481017787427,0.032455577680957304,0.006156136893973457,0.03540722914711947,0.02754442231904275,0.023843863106026555
65.44049394066849,44.55430726499742,21.128621957899938,0.0316748101429743,0.03245557653083897,0.006156136054409719,0.03540722918201944,0.027544423469161083,0.023843863945590293
65.44520518384851,44.55821065229512,21.147654483329305,0.0316748101081325,0.03245557547660943,0.0061561352256195925,0.035407229216861236,0.02754442452339062,0.02384386477438042
65.44991660826017,44.56211422083727,21.166696950155348,0.03167481007340128,0.03245557449977721,0.0061561344092989495,0.035407229251592454,0.027544425500222847,0.023843865590701063
65.45462821390667,44.566017970626454,21.185749352013044,0.03167481003890199,0.032455573581982144,0.006156133606457073,0.035407229286091746,0.02754442641801791,0.02384386639354294
65.45934000034993,44.56992190130383,21.204811694775525,0.03167481001320699,0.03245557269721849,0.0061561328327295675,0.03540722931178675,0.02754442730278156,0.023843867167270445
65.46405196823676,44.57382601339785,21.22388397242832,0.03167480997699662,0.03245557183819903,0.006156132063967229,0.035407229347997116,0.027544428161801027,0.023843867936032784
65.46876411735644,44.57773030673695,21.24296618462383,0.03167480994109356,0.03245557098906421,0.006156131309589016,0.035407229383900174,0.027544429010935845,0.023843868690410996
65.4734764477245,44.58163478133389,21.262058331198542,0.031674809905636536,0.03245557013718836,0.006156130568828189,0.0354072294193572,0.027544429862811692,0.023843869431171824
65.4781889593399,44.58553943718778,21.28116041220594,0.03167480987054816,0.032455569272017704,0.006156129841059406,0.03540722945444558,0.02754443072798235,0.023843870158940607
65.48290165220446,44.5894442743001,21.300272427632034,0.031674809835817,0.03245556838590824,0.006156129125421239,0.03540722948917674,0.027544431614091813,0.023843870874578774
65.48761452632209,44.593349292674105,21.319394377316,0.03167480980158627,0.03245556747406286,0.006156128420934381,0.03540722952340747,0.02754443252593719,0.02384387157906563
65.49232758169632,44.59725449231277,21.338526261028854,0.03167480976824444,0.03245556653477266,0.006156127726658571,0.0354072295567493,0.02754443346522739,0.023843872273341442
65.49704081832597,44.60115987321517,21.357668077441772,0.031674809735751264,0.03245556556822965,0.006156127041641375,0.03540722958924247,0.027544434431770404,0.023843872958358638
65.50175423619949,44.6050654353718,21.37681982533472,0.03167480970401321,0.03245556457518517,0.006156126365253735,0.03540722962098053,0.027544435424814884,0.023843873634746278
65.50646783531938,44.60897117878476,21.395981505130887,0.03167480967316094,0.032455563557956424,0.006156125696621828,0.035407229651832794,0.02754443644204363,0.023843874303378185
65.51118161568832,44.61287710345629,21.41515311723466,0.03167480964327157,0.03245556251896148,0.006156125034934443,0.03540722968172216,0.027544437481038575,0.02384387496506557
65.51589557730982,44.616783209389325,21.434334662603625,0.03167480961436403,0.03245556145931744,0.006156124379417628,0.035407229710629706,0.027544438540682614,0.023843875620582385
65.52060972018722,44.62068949658661,21.453526157422225,0.031674809586445474,0.03245556037406233,0.006156123729350531,0.03540722973854826,0.027544439625937722,0.023843876270649482
65.52532404432434,44.62459596505131,21.472727588909144,0.031674809559509465,0.032455559255386734,0.006156123083916928,0.03540722976548427,0.02754444074461332,0.023843876916083084
65.5300385497258,44.628502614787294,21.491938955145564,0.031674809533543014,0.032455558093338,0.006156122442152662,0.03540722979145072,0.027544441906662054,0.02384387755784735
65.5347532363972,44.6324094457992,21.511160255389736,0.03167480950852791,0.03245555687678947,0.006156121802903751,0.035407229816465824,0.027544443123210582,0.023843878197096262
65.5394681043451,44.63631645809252,21.53039149045499,0.03167480948444418,0.03245555559418695,0.006156121164814496,0.03540722984054956,0.027544444405813107,0.023843878835185517
65.54418315357678,44.64022365167331,21.549632662125028,0.03167480946127976,0.03245555423563251,0.006156120526336781,0.035407229863713974,0.027544445764367542,0.023843879473663232
65.54889838410011,44.644131026548195,21.568883768282923,0.03167480943903139,0.03245555279711915,0.006156119885770334,0.035407229885962344,0.027544447202880906,0.02384388011422968
65.55361379590828,44.648038582711706,21.58814480847423,0.03167480941780776,0.03245555128871119,0.006156119241845892,0.03540722990718598,0.02754444871128886,0.02384388075815412
65.55832938901351,44.65194632017399,21.60741578275398,0.03167480939743467,0.032455549789607796,0.006156118592944487,0.03540722992755907,0.027544450210392257,0.023843881407055526
65.56304516342811,44.65585423894511,21.626696690844796,0.03167480937760514,0.0324555487020175,0.0061561179390401885,0.035407229947388597,0.027544451297982553,0.023843882060959824
65.56776111911098,44.65976233899062,21.645987532700264,0.031674809358262224,0.03245554832501635,0.006156117289622634,0.03540722996673151,0.027544451674983705,0.02384388271037738
65.57247725597969,44.663670620241625,21.665288308255615,0.031674809339532095,0.03245555304351494,0.00615611666088315,0.03540722998546164,0.027544446956485114,0.023843883339116863
65.57719357341658,44.66757908218246,21.684599016155662,0.031674809322738307,0.03245555281151841,0.0061561161698919925,0.03540723000225543,0.027544447188481647,0.02384388383010802
65.58191007205234,44.671487725339006,21.703919658045344,0.03167480930652916,0.03245555261421762,0.006156115696174164,0.035407230018464575,0.027544447385782433,0.02384388430382585
65.58662675189908,44.6753965497211,21.723250234068562,0.03167480929076494,0.03245555171805864,0.006156115239380339,0.0354072300342288,0.027544448281941414,0.023843884760619674
65.59134361308072,44.67930555543157,21.74259074463419,0.03167480927472682,0.03245555159049496,0.0061561147813955774,0.035407230050266914,0.027544448409505096,0.023843885218604435
65.59606065555312,44.683214742432774,21.761941189877362,0.03167480925756305,0.032455551398187565,0.006156114338253284,0.035407230067430684,0.027544448601812488,0.02384388566174673
65.60077787931435,44.687124110723204,21.781301570728356,0.0316748092391374,0.0324555510552928,0.006156113907974756,0.035407230085856334,0.027544448944707256,0.023843886092025257
65.60549528439304,44.691033660326525,21.800671887885823,0.031674809219123634,0.032455549985985876,0.006156113486090957,0.0354072301058701,0.027544450014014177,0.023843886513909056
65.61021287088246,44.69494339132049,21.820052145305194,0.03167480919699195,0.032455548692895964,0.00615611305504464,0.03540723012800179,0.02754445130710409,0.023843886944955373
65.61493063872754,44.69885330366063,21.83944234951837,0.03167480917533155,0.03245554853713689,0.006156112613265263,0.03540723014966218,0.027544451462863162,0.02384388738673475
65.6196485877806,44.702763397223556,21.8588424924434,0.03167480915319015,0.03245554838489567,0.006156112187261267,0.03540723017180358,0.02754445161510438,0.023843887812738745
65.62436671757838,44.70667367163118,21.878252580118307,0.031674809147876515,0.032455548175610804,0.006156111795082596,0.03540723017711722,0.02754445182438925,0.023843888204917417
65.62908502815358,44.7105841269004,21.897672599237413,0.03167480909604303,0.0324555478746556,0.006156111412639331,0.035407230228950703,0.027544452125344454,0.02384388858736068
65.63380352041682,44.71449476379091,21.917102553155043,0.03167480906775644,0.032455547553021435,0.006156111037131436,0.0354072302572373,0.027544452446978618,0.023843888962868577
65.63852219410516,44.71840558208399,21.936542444298983,0.031674809046113694,0.03245555697862362,0.006156110668607405,0.03540723027888004,0.02754444302137643,0.023843889331392608
65.64324104792863,44.72231658070365,21.955992269647812,0.031674809031836115,0.032455566272534264,0.0061561105327310114,0.03540723029315762,0.02754443372746579,0.023843889467269
65.647960081761,44.72622775954633,21.975452026465597,0.03167480902701392,0.03245556593549942,0.006156110622208999,0.03540723029797982,0.027544434064500634,0.023843889377791014
65.65267929687232,44.73013911967043,21.994921719848616,0.0316748090274675,0.0324555657814361,0.006156110704360465,0.03540723029752624,0.02754443421856395,0.023843889295639548
65.65739869333413,44.73405066113394,22.014401347402167,0.031674809029581974,0.03245556473504513,0.0061561107798933715,0.03540723029541176,0.027544435264954925,0.02384388922010664
65.66211827133708,44.73796238409426,22.033890912292254,0.03167480902862713,0.03245556283107298,0.006156110824628684,0.03540723029636661,0.02754443716892707,0.02384388917537133
65.66683803100042,44.74187428865049,22.053390416700257,0.031674809021970673,0.03245556233887381,0.006156110818411796,0.03540723030302306,0.027544437661126242,0.023843889181588217
65.67155797211667,44.74578637462999,22.072899859175287,0.031674809010578564,0.03245556219943474,0.00615611079678148,0.03540723031441517,0.027544437800565313,0.023843889203218532
65.67627809459971,44.749698641961714,22.09241923507736,0.03167480899634867,0.032455561851902126,0.00615611077003473,0.03540723032864507,0.027544438148097927,0.023843889229965283
65.68099839843619,44.75361109063525,22.111948544656485,0.031674808980756475,0.0324555648185188,0.00615611073507874,0.03540723034423726,0.027544435181481253,0.023843889264921272
65.6857188831855,44.75752372028359,22.131487787119912,0.031674808966862866,0.032455565907929695,0.00615611076976498,0.03540723035813087,0.027544434092070358,0.023843889230235032
65.69043954910497,44.76143653112088,22.151036963302612,0.03167480895309427,0.03245556623462548,0.0061561108273479465,0.03540723037189947,0.027544433765374576,0.023843889172652066
65.69516039626953,44.76534952321016,22.170596073662278,0.031674808940764576,0.032455566264123936,0.006156110890501318,0.03540723038422916,0.027544433735876117,0.023843889109498695
65.69988142467085,44.76926269654537,22.190165118481893,0.0316748089318209,0.03245556619251444,0.0061561109541704295,0.03540723039317284,0.027544433807485613,0.023843889045829583
65.7046026343171,44.77317605113322,22.209744098024625,0.0316748089256107,0.03245556611804684,0.006156111016048051,0.03540723039938304,0.027544433881953212,0.023843888983951962
65.70932402532078,44.77708958706556,22.229333012671944,0.03167480891754143,0.03245556612084832,0.006156111071610126,0.035407230407452306,0.02754443387915173,0.023843888928389886
65.7140455964788,44.7810033033585,22.248931861076926,0.031674808941446364,0.03245556623550777,0.006156111167160742,0.03540723038354737,0.027544433764492282,0.02384388883283927
65.71876734947404,44.78491720138351,22.268540645404098,0.03167480892260405,0.03245556698075153,0.006156111233706532,0.03540723040238969,0.027544433019248526,0.02384388876629348
65.72348928438177,44.7888312812093,22.28815936648672,0.03167480891043406,0.03245556812573175,0.006156111298335376,0.035407230414559676,0.027544431874268305,0.023843888701664637
65.72821140046557,44.79274554222896,22.30778802328817,0.03167480889971025,0.03245557108343344,0.0061561113862272435,0.03540723042528349,0.02754442891656661,0.02384388861377277
65.73293369673527,44.79665998362394,22.327426614156927,0.03167480890395086,0.032455576913262174,0.0061561115555672855,0.03540723042104288,0.02754442308673788,0.023843888444432727
65.73765617438929,44.800574606377666,22.34707514118062,0.031674808917986186,0.03245558488491712,0.006156111833435202,0.03540723040700755,0.027544415115082932,0.02384388816656481
65.74237883242483,44.804489409660846,22.366733602716113,0.031674808933932985,0.032455594269466315,0.0061561122808615615,0.03540723039106075,0.02754440573053374,0.02384388771913845
65.74710167016607,44.808404392917446,22.386401998180954,0.031674808965735324,0.03245560453402224,0.006156112942179118,0.03540723035925841,0.02754439546597781,0.023843887057820895
65.75182468860618,44.812319556958,22.406080328900128,0.031674808986598635,0.03245561531736063,0.006156113790856031,0.0354072303383951,0.027544384682639422,0.02384388620914398
65.75654788716164,44.81623490130402,22.42576859404311,0.03167480901182024,0.03245562633728749,0.006156114850343446,0.0354072303131735,0.027544373662712562,0.023843885149656567
65.7612712659196,44.82015042602579,22.445466790464152,0.03167480903781017,0.03245562560865667,0.0061561161138245085,0.035407230287183566,0.027544374391343385,0.023843883886175504
65.76599482634137,44.82406613234309,22.465174927932573,0.03167480906292025,0.03245562486827647,0.006156117306507121,0.035407230262073486,0.027544375131723586,0.023843882693492892
65.77071856841282,44.82798202024443,22.484893007121624,0.03167480908689335,0.03245563574255672,0.006156118431094988,0.035407230238100385,0.027544364257443332,0.023843881568905025
65.77544249060242,44.83189808845235,22.504621028171506,0.03167480911217707,0.03245564627114933,0.006156119756661707,0.035407230212816665,0.027544353728850723,0.023843880243338306
65.78016659298638,44.835814337030946,22.524358991920398,0.03167480914645021,0.03245565636699399,0.006156121269757245,0.035407230178543525,0.027544343633006063,0.023843878730242768
65.78489087563324,44.83973076603624,22.544106891179375,0.03167480918537169,0.03245566594652527,0.00615612295190901,0.03540723013962205,0.027544334053474784,0.023843877048091003
65.78961533866676,44.84364737557039,22.56386472148835,0.031674809228015965,0.032455674939422974,0.006156124783405444,0.03540723009697777,0.02754432506057708,0.02384387521659457
65.7943399822135,44.84756416573808,22.58363248963594,0.03167480927408789,0.03245568328528492,0.006156126744017568,0.03540723005090585,0.027544316714715134,0.023843873255982445
65.79906480642114,44.85148113666139,22.60341019534158,0.031674809322597086,0.03245569093401768,0.006156128812257258,0.03540723000239665,0.027544309065982375,0.023843871187742754
65.80378981144015,44.855398288464784,22.623197838269817,0.03167480937231093,0.032455697845667875,0.0061561309662529345,0.035407229952682806,0.02754430215433218,0.023843869033747078
65.80851499741104,44.85931562126463,22.642995419741588,0.03167480942212636,0.032455701813116855,0.0061561331844348505,0.035407229902867376,0.027544298186883198,0.023843866815565162
65.81324036472206,44.86323313538461,22.662802948952805,0.03167480947074963,0.03245570116233021,0.006156135396811459,0.035407229854244104,0.027544298837669845,0.023843864603188554
65.81796591393058,44.867150831290274,22.682620426975742,0.03167480951698537,0.03245570079061144,0.006156137499301398,0.03540722980800837,0.027544299209388612,0.023843862500698615
65.82269164498146,44.87106870893606,22.702447830396594,0.03167480956077107,0.03245570081854526,0.006156139502729967,0.03540722976422267,0.02754429918145479,0.023843860497270046
65.8274175578027,44.874986768262254,22.722285168860157,0.03167480960222019,0.03245570462788544,0.006156141420348316,0.03540722972277355,0.027544295372114613,0.023843858579651697
65.83214365191066,44.87890500886541,22.74213243365999,0.03167480964240188,0.032455710906593827,0.006156143341231754,0.035407229682591856,0.027544289093406227,0.02384385665876826
65.83686992700021,44.88282343049079,22.761989617331587,0.03167480968204611,0.032455719074849565,0.006156145321011525,0.035407229642947624,0.02754428092515049,0.023843854678988488
65.84159638284925,44.88674203295263,22.781856724531142,0.03167480972171305,0.032455728836004616,0.006156147399816632,0.03540722960328069,0.027544271163995437,0.02384385260018338
65.846323019273,44.8906608160964,22.80173374872626,0.03167480976218051,0.03245572675410974,0.006156149609662008,0.035407229562813225,0.027544273245890316,0.023843850390338005
65.85104983772747,44.89457978113785,22.821620693141423,0.03167480980096632,0.0324557246638944,0.006156151678828832,0.03540722952402742,0.02754427533610565,0.02384384832117118
65.855776838181,44.89849892805124,22.84151755782234,0.0316748098382143,0.032455722570686296,0.006156153613270453,0.035407229486779435,0.027544277429313757,0.02384384638672956
65.86050402060303,44.902418256811686,22.861424343058225,0.031674809874031706,0.032455720480468075,0.006156155418783088,0.03540722945096203,0.027544279519531978,0.023843844581216925
65.86523138496388,44.90633776739503,22.881341048797964,0.03167480990851629,0.03245571840334033,0.006156157101037452,0.03540722941647745,0.027544281596659725,0.02384384289896256
65.8699589312343,44.91025745977743,22.90126767593771,0.03167480994175542,0.03245571635501887,0.006156158665672762,0.035407229383238314,0.027544283644981182,0.02384384133432725
65.8746866593847,44.91417733393473,22.921204226276686,0.03167480997382616,0.03245571436362216,0.006156160118427088,0.03540722935116758,0.027544285636377897,0.023843839881572924
65.87941456938378,44.91809738984131,22.941150701136568,0.03167481000479988,0.0324557124821111,0.00615616146540493,0.035407229320193856,0.027544287517888955,0.023843838534595083
65.88414266119568,44.922017627467696,22.961107102051876,0.03167481003474132,0.032455710626628664,0.006156162713612537,0.03540722929025242,0.02754428937337139,0.023843837286387476
65.8888709347965,44.92593804679437,22.981073430743077,0.03167481006365663,0.0324557074626895,0.006156163867848993,0.0354072292613371,0.027544292537310555,0.02384383613215102
65.89359939032623,44.92985864793868,23.001049689354524,0.031674810091115224,0.0324557050886396,0.0061561649026316,0.03540722923387851,0.027544294911360456,0.023843835097368413
65.8983280276636,44.93377943079986,23.021035879228513,0.03167481011739104,0.03245570282727994,0.006156165840924675,0.0354072292076027,0.02754429717272011,0.023843834159075337
65.90305684677497,44.93770039535026,23.04103200175605,0.03167481014240742,0.032455700571436596,0.006156166689290532,0.03540722918258632,0.027544299428563457,0.02384383331070948
65.90778584764179,44.941621541574726,23.06103805812359,0.031674810166069656,0.03245569847692609,0.006156167451640972,0.03540722915892408,0.027544301523073966,0.02384383254835904
65.9125150302261,44.94554286944191,23.081054050551145,0.03167481018827717,0.03245569633860357,0.006156168135272526,0.03540722913671657,0.027544303661396485,0.023843831864727487
65.91724439452003,44.949464378945535,23.101079978803362,0.03167481020885732,0.0324556941912833,0.006156168742422717,0.03540722911613642,0.02754430580871675,0.023843831257577296
65.92197394050439,44.95338607007001,23.121115843397014,0.031674810228026706,0.03245569204348575,0.006156169276340544,0.03540722909696703,0.027544307956514302,0.02384383072365947
65.92670366818103,44.95730794281687,23.141161644634902,0.03167481024489177,0.032455689898586715,0.0061561697393577655,0.035407229080101965,0.02754431010141334,0.023843830260642247
65.93143357754334,44.96122999718065,23.16121738837375,0.03167481025878627,0.032455687758472074,0.006156170134102648,0.03540722906620747,0.02754431224152798,0.023843829865897365
65.93616366857114,44.96515223314488,23.181283071437466,0.031674810269649134,0.03245568562445428,0.00615617046367864,0.0354072290553446,0.027544314375545775,0.023843829536321373
65.94089394125365,44.96907465070082,23.201358687319694,0.03167481027762492,0.03245568349809386,0.006156170730908593,0.035407229047368816,0.027544316501906196,0.02384382926909142
65.94562439555186,44.97299724981682,23.221444236488836,0.03167481028467467,0.03245568138111943,0.006156170939923371,0.035407229040319066,0.027544318618880625,0.023843829060076642
65.95035503143939,44.976920030471256,23.24153971988685,0.03167481029093422,0.03245567927452375,0.006156171093808588,0.03540722903405952,0.0275443207254763,0.023843828906191425
65.95508584890493,44.98084299265489,23.261645138331808,0.03167481029628555,0.03245567717962827,0.006156171195068269,0.03540722902870819,0.02754432282037178,0.023843828804931744
65.95981684793713,44.98476613635849,23.281760491888402,0.031674810300651224,0.032455675097809,0.006156171246147042,0.03540722902434251,0.027544324902191053,0.02384382875385297
65.96454802852321,44.98868946157155,23.301885781917356,0.03167481030408448,0.0324556730305276,0.006156171249503975,0.03540722902090926,0.027544326969472455,0.023843828750496038
65.96927939065091,44.99261296828412,23.322020852120435,0.0316748103067126,0.03245567097941682,0.006156171207539758,0.03540722901828114,0.027544329020583236,0.023843828792460255
65.97401093426274,44.9965366564493,23.342165949290084,0.03167481031096653,0.03245566894625096,0.006156171124622883,0.03540722901402721,0.027544331053749094,0.02384382887537713
65.97874265938427,45.00046052608802,23.36232106350066,0.031674810315468316,0.03245566693334434,0.00615617100148385,0.03540722900952542,0.027544333066655713,0.023843828998516163
65.98347456600843,45.00438457719433,23.382486122041964,0.03167481031955133,0.03245566494280833,0.006156170839949945,0.03540722900544241,0.027544335057191727,0.023843829160050067
65.98820665413328,45.00830880976662,23.402661111093664,0.031674810322507574,0.03245566297755875,0.006156170641647522,0.03540722900248616,0.0275443370224413,0.02384382935835249
65.99293892377558,45.01223322381849,23.42284602864774,0.03167481032327957,0.032455661041974504,0.006156170407541892,0.03540722900171417,0.02754433895802555,0.02384382959245812
65.99767137489418,45.01615781931639,23.44304088407412,0.031674810323474245,0.032455659142193394,0.006156170141075085,0.03540722900151949,0.02754434085780666,0.023843829858924928
66.00240400747,45.02008259624468,23.46324567770783,0.031674810323573055,0.03245565728809274,0.006156169844703269,0.03540722900142068,0.02754434271190731,0.023843830155296744
66.00713682149032,45.02400755459291,23.48346042274507,0.031674810323310154,0.03245565548968571,0.006156169520652177,0.03540722900168358,0.027544344510314345,0.023843830479347836
66.01186981694295,45.027932694350994,23.503685126552142,0.03167481032253594,0.03245565348521989,0.006156169171175341,0.035407229002457796,0.02754434651478016,0.023843830828824672
66.01660299384886,45.03185801553657,23.52391979573787,0.03167481032126024,0.03245565302532888,0.006156168792425774,0.0354072290037335,0.027544346974671174,0.02384383120757424
66.02133635201227,45.03578351798615,23.544164448043066,0.03167481031994368,0.03245565401974654,0.006156168419135438,0.035407229005050056,0.027544345980253515,0.023843831580864575
66.02606989124938,45.03970920154627,23.564419074943626,0.03167481031947417,0.032455653687548214,0.006156168083142365,0.03540722900551957,0.02754434631245184,0.023843831916857648
66.03080361170856,45.04363506634128,23.584683661458712,0.03167481032140712,0.032455652106569366,0.006156167754322296,0.035407229003586616,0.027544347893430687,0.023843832245677717
66.03553751354265,45.047561112498876,23.60495819319562,0.03167481032357944,0.03245565015838864,0.006156167404587652,0.0354072290014143,0.027544349841611415,0.02384383259541236
66.04027159679812,45.05148734005785,23.625242658125813,0.03167481034970099,0.03245564815268803,0.006156167026008998,0.03540722897529275,0.02754435184731202,0.023843832973991015
66.04500586147489,45.05541374901824,23.645536968135016,0.03167481035433778,0.032455645125817334,0.0061561666179201155,0.03540722897065596,0.02754435487418272,0.023843833382079897
66.04974030769617,45.059340339483036,23.665841150568593,0.03167481035910136,0.032455642348501124,0.006156166157666974,0.03540722896589238,0.02754435765149893,0.02384383384233304
66.0544749354247,45.06326711142121,23.68615524267256,0.03167481036394776,0.03245563986196731,0.006156165652174084,0.03540722896104598,0.027544360138032742,0.02384383434782593
66.05920974461773,45.067194064797256,23.706479260420238,0.0316748103687588,0.032455637745946286,0.006156165108590593,0.03540722895623494,0.027544362254053767,0.02384383489140942
66.06394473522221,45.07112119956693,23.72681321045521,0.0316748103734833,0.03245563591600947,0.00615616453535596,0.03540722895151044,0.02754436408399058,0.023843835464644053
66.06867990719873,45.07504851569743,23.74715709573924,0.03167481037850434,0.03245563432957621,0.006156163938357356,0.0354072289464894,0.027544365670423843,0.023843836061642656
66.07341526051425,45.078976013161224,23.767511196794892,0.031674810385408314,0.032455633069913115,0.006156163321876816,0.03540722893958542,0.02754436693008694,0.023843836678123197
66.0781507951264,45.082903691922944,23.787875123534167,0.031674810374375584,0.03245563169120247,0.006156162691389605,0.03540722895061815,0.027544368308797584,0.023843837308610408
66.08288651104823,45.08683155199354,23.808248965421573,0.03167481040221137,0.0324556300449903,0.0061561694158708755,0.03540722892278236,0.02754436995500975,0.023843830584129137
66.08762240995324,45.0907595947365,23.828632785603133,0.03167481046252557,0.03245562824312265,0.006156173699095345,0.035407228862468165,0.027544371756877406,0.023843826300904668
66.0923584913182,45.09468781972616,23.849026588911,0.031674810491789995,0.03245562637501087,0.006156175258547607,0.03540722883320374,0.027544373624989182,0.023843824741452406
66.09709475454474,45.098616226475436,23.86943037442998,0.03167481049980331,0.03245563614807162,0.006156175128435554,0.03540722882519043,0.027544363851928433,0.02384382487156446
66.10183119783544,45.10254481349034,23.889844127367567,0.031674810497404116,0.03245564323217509,0.006156175496381734,0.03540722882758962,0.027544356767824962,0.02384382450361828
66.10656782162937,45.10647358113543,23.91026782100552,0.031674810506088114,0.0324556481284477,0.006156175391743991,0.03540722881890562,0.027544351871552353,0.02384382460825602
66.11130462608847,45.110402529548246,23.930701416251566,0.0316748105146436,0.03245565046073162,0.0061561753207339115,0.03540722881035013,0.02754434953926843,0.0238438246792661
66.11604161153352,45.11433165899666,23.9511448617446,0.03167481052316268,0.03245564850669258,0.0061561752887809365,0.03540722880183106,0.027544351493307473,0.023843824711219076
66.12077877849711,45.118260969925544,23.97159811625151,0.03167481053053772,0.03245564622670494,0.0061561751945247295,0.035407228794456014,0.027544353773295116,0.023843824805475283
66.12551612700545,45.122190462357075,23.992061180186507,0.031674810536708176,0.03245565227619357,0.006156175030664013,0.03540722878828556,0.027544347723806484,0.023843824969336
66.13025365602546,45.12612013542832,24.012534094637665,0.03167481054374505,0.03245565414433871,0.006156174978285439,0.03540722878124869,0.027544345855661345,0.023843825021714574
66.13499136609234,45.13004998958597,24.033016991429392,0.031674810550362364,0.032455652128899226,0.006156174920676098,0.03540722877463137,0.027544347871100827,0.023843825079323915
66.139729257679,45.133980025225256,24.053509828956592,0.03167481055581817,0.03245564995772632,0.006156174800804076,0.03540722876917557,0.027544350042273735,0.023843825199195937
66.14446733079049,45.137910242350685,24.074012607812012,0.03167481056028282,0.03245564780809884,0.006156174623514393,0.03540722876471092,0.02754435219190121,0.02384382537648562
66.14920558541104,45.1418406409494,24.094525325361083,0.031674810563862565,0.03245564610430668,0.0061561743924889376,0.03540722876113117,0.027544353895693374,0.023843825607511075
66.15394402147385,45.14577122096579,24.115047985064688,0.03167481056673349,0.03245564517803112,0.006156174120280591,0.035407228758260245,0.02754435482196893,0.02384382587971942
66.15868263887423,45.14970198231259,24.135580587023615,0.031674810569150114,0.03245564587576161,0.006156173825977537,0.03540722875584362,0.027544354124238446,0.023843826174022476
66.16342143740812,45.15363292481942,24.156123130082808,0.031674810571573675,0.03245564377357968,0.006156173546157308,0.03540722875342006,0.027544356226420375,0.023843826453842705
66.16816041742041,45.157564048774404,24.176675614915194,0.03167481057336835,0.03245564172865045,0.00615617321927131,0.035407228751625386,0.0275443582713496,0.023843826780728702
66.17289957889258,45.16149535416231,24.19723804136275,0.0316748105746395,0.03245563973888116,0.006156172848504976,0.035407228750354236,0.027544360261118894,0.023843827151495037
66.17763892179438,45.16542684095836,24.217810408196797,0.03167481057586363,0.03245563777763094,0.00615617243505473,0.035407228749130104,0.027544362222369112,0.023843827564945283
66.18237844610391,45.16935850914455,24.23839271479485,0.031674810577310086,0.032455635831199925,0.006156171977329192,0.03540722874768365,0.02754436416880013,0.02384382802267082
66.18711815180784,45.17329035871002,24.258984960848302,0.03167481057900684,0.03245563390091455,0.006156171472871987,0.035407228745986896,0.027544366099085504,0.023843828527128026
66.19185803889206,45.17722238964322,24.27958714609223,0.0316748105809907,0.03245563202937235,0.006156170919894975,0.03540722874400304,0.027544367970627703,0.023843829080105038
66.19659810733705,45.181154601928085,24.300199270648577,0.031674810583325996,0.032455630197734286,0.00615617031981186,0.03540722874166774,0.027544369802265767,0.023843829680188153
66.2013383571263,45.185086995551046,24.32082133443993,0.031674810586070745,0.03245562850271699,0.0061561696747978595,0.03540722873892299,0.02754437149728306,0.023843830325202153
66.20607878823252,45.18901957048954,24.341453337247216,0.03167481058930016,0.032455627045551716,0.006156168989919816,0.035407228735693574,0.027544372954448337,0.023843831010080196
66.21081940061815,45.192952326712344,24.362095278836748,0.03167481059197019,0.03245562567149701,0.006156168278167493,0.035407228733023544,0.02754437432850304,0.02384383172183252
66.21556019426879,45.19688526420752,24.38274715903106,0.03167481059095284,0.03245562707596078,0.006156167548222416,0.035407228734040896,0.027544372924039273,0.023843832451777597
66.22030116884405,45.20081838269061,24.40340897681599,0.03167481058733518,0.03245562553759129,0.006156166861343869,0.03540722873765856,0.02754437446240876,0.023843833138656144
66.22504232471879,45.20475168247461,24.424080733049998,0.031674810580804236,0.03245562399520652,0.0061561661521140065,0.0354072287441895,0.027544376004793536,0.023843833847886006
66.22978366189662,45.208685163562514,24.444762427643127,0.031674810571671985,0.03245562253729867,0.0061561654215373865,0.03540722875332175,0.027544377462701386,0.023843834578462626
66.23452518037328,45.21261882595066,24.46545406049702,0.03167481055991789,0.03245562807768909,0.006156164672375251,0.03540722876507585,0.027544371922310962,0.02384383532762476
66.23926687930188,45.21655266893111,24.486155629308254,0.0316748105469305,0.03245562669396285,0.006156164056730952,0.03540722877806324,0.027544373306037206,0.02384383594326906
66.24400875956637,45.22048669324188,24.506867136293277,0.03167481053157273,0.032455624909259406,0.006156163419349915,0.03540722879342101,0.027544375090740647,0.023843836580650098
66.24875082122853,45.22442089893446,24.527588581562657,0.031674810514218665,0.03245562288110776,0.006156162745435678,0.03540722881077507,0.027544377118892294,0.023843837254564335
66.25349306432817,45.22835528604199,24.548319965189744,0.03167481049460685,0.03245562060233059,0.006156161990528132,0.03540722883038688,0.02754437939766946,0.02384383800947188
66.25823548884988,45.23228985455249,24.56906128718636,0.0316748104741949,0.0324556181937074,0.006156161158852799,0.03540722885079883,0.02754438180629265,0.023843838841147214
66.26297809478905,45.236224604462635,24.589812547775747,0.03167481045375531,0.03245561584959572,0.0061561602573220395,0.03540722887123843,0.027544384150404333,0.023843839742677973
66.26772088214528,45.24015953577205,24.610573747226237,0.03167481043328563,0.03245561370701816,0.0061561592958559105,0.03540722889170811,0.027544386292981893,0.023843840704144102
66.27246385091405,45.2440946484767,24.631344885401735,0.03167481041709114,0.03245561151674203,0.006156158287796684,0.0354072289079026,0.02754438848325802,0.02384384171220333
66.27720700113727,45.24802994261094,24.652125962803026,0.03167481040850895,0.03245560931356173,0.006156157247410386,0.03540722891648479,0.027544390686438325,0.023843842752589627
66.28195033279171,45.25196541815517,24.67291697947623,0.03167481039280173,0.032455607814361576,0.006156156227998581,0.035407228932192,0.027544392185638478,0.02384384377200143
66.2866938457794,45.25590107502836,24.693717936718937,0.031674810376737916,0.032455606351739275,0.006156155257720876,0.03540722894825582,0.02754439364826078,0.023843844742279137
66.29143753998665,45.259836913137775,24.714528835057962,0.031674810368134576,0.032455604921243886,0.006156154491928405,0.03540722895685916,0.027544395078756168,0.023843845508071608
66.29618141550647,45.26377293255857,24.7353496747291,0.03167481036078923,0.03245560351745247,0.006156153883355803,0.03540722896420451,0.027544396482547584,0.02384384611664421
66.30092547236491,45.26770913331191,24.75618045593123,0.03167481035486974,0.0324556021379,0.006156153396227423,0.035407228970123994,0.027544397862100056,0.02384384660377259
66.3056697105856,45.27164551541701,24.77702117885148,0.031674810349916316,0.03245560078064669,0.006156152999712838,0.03540722897507742,0.027544399219353366,0.023843847000287174
66.31041413018448,45.27558207888681,24.797871843673402,0.03167481034517905,0.03245559944427934,0.006156152668364584,0.03540722897981469,0.027544400555720716,0.02384384733163543
66.3151587311287,45.27951882369446,24.81873245137341,0.031674810343307325,0.032455598126155505,0.006156152454005533,0.03540722898168641,0.02754440187384455,0.02384384754599448
66.31990351345705,45.28345574987157,24.839603016432264,0.03167481034405767,0.0324555968236066,0.006156152370703681,0.03540722898093607,0.02754440317639345,0.02384384762929633
66.32464847723035,45.28739285746772,24.860483535081965,0.031674810346077664,0.0324555955340432,0.006156152414133843,0.03540722897891607,0.02754440446595685,0.02384384758586617
66.32939362248058,45.29133014650891,24.88137400419364,0.03167481034930886,0.03245559425432787,0.006156152598817154,0.03540722897568488,0.027544405745672185,0.02384384740118286
66.33413894923959,45.295267617020926,24.902274422167228,0.03167481035281683,0.032455592980373815,0.00615615293793912,0.03540722897217691,0.027544407019626238,0.023843847062060892
66.33888445712925,45.29920526869508,24.923184787239702,0.03167481037408654,0.03245559170556089,0.006156153482025091,0.0354072289509072,0.02754440829443916,0.023843846517974922
66.3436301470107,45.30314310223447,24.944105099513333,0.031674810382123775,0.032455590430731596,0.006156154258138466,0.03540722894286996,0.027544409569268458,0.023843845741861547
66.34837601850755,45.30708111733156,24.965035357745183,0.03167481039403647,0.03245558914454616,0.006156155381650694,0.03540722893095727,0.027544410855453894,0.02384384461834932
66.35312207169841,45.31101931405038,24.98597556460281,0.03167481041167114,0.032455587836107136,0.006156157004841879,0.0354072289133226,0.027544412163892917,0.023843842995158133
66.35786830669838,45.31495769248477,25.006925721089317,0.031674810437840206,0.032455586489539834,0.006156159364245482,0.03540722888715353,0.02754441351046022,0.02384384063575453
66.36261472367939,45.31889625277492,25.027885828635164,0.03167481047829884,0.032455585077506954,0.006156163003248914,0.035407228846694894,0.0275444149224931,0.0238438369967511
66.36736132293835,45.32283499516295,25.048855894711334,0.03167481045119691,0.03245558372367585,0.006156160854906438,0.035407228873796825,0.027544416276324202,0.023843839145093575
66.37210810317757,45.32677391859157,25.069835922693677,0.03167481042504211,0.03245558242570479,0.0061561588111555265,0.035407228899951626,0.027544417574295266,0.023843841188844486
66.37685506330635,45.33071302215923,25.090825915848374,0.03167481037737718,0.032455581131233646,0.006156156922047427,0.035407228947616554,0.027544418868766407,0.023843843077952585
66.38160220500569,45.334652307255325,25.111825883702892,0.03167481034867364,0.0324555799130295,0.006156155220256157,0.03540722897632009,0.027544420086970556,0.023843844779743856
66.38634952805455,45.338591773697914,25.13283583304282,0.03167481034263114,0.03245557875770955,0.006156153824495164,0.03540722898236259,0.027544421242290507,0.02384384617550485
66.39109703240769,45.34253142144463,25.15385577267105,0.031674810325263314,0.03245557764980905,0.006156152175324774,0.03540722899973042,0.027544422350191,0.02384384782467524
66.39584471776914,45.34647125025387,25.174885711541755,0.0316748103199857,0.03245557656645259,0.0061561515204547265,0.035407229005008034,0.02754442343354746,0.023843848479545286
66.40059258452891,45.350411260443735,25.1959256517421,0.03167481029778907,0.03245557553139594,0.006156149825022536,0.03540722902720467,0.027544424468604112,0.023843850174977477
66.40534063198149,45.35435145143488,25.216975574272414,0.03167481026220076,0.03245557453486081,0.0061561477860235525,0.03540722906279298,0.027544425465139244,0.02384385221397646
66.41008886034456,45.3582918234084,25.238035482641372,0.03167481022470836,0.03245557359308865,0.006156145679742729,0.035407229100285376,0.027544426406911404,0.023843854320257284
66.41483726964536,45.3622323763869,25.25910538072603,0.03167481018724955,0.032455572707142166,0.006156143616833094,0.03540722913774419,0.027544427292857887,0.02384385638316692
66.41958585991588,45.366173110396474,25.280184333282936,0.03167481014987411,0.032455571875931344,0.006156141635423933,0.035407229175119626,0.02754442812406871,0.02384385836457608
66.42433463118961,45.37011402546482,25.301273228315328,0.03167481011477391,0.032455571099489766,0.006156139743439974,0.035407229210219826,0.027544428900510287,0.02384386025656004
66.42908358325377,45.374055121417236,25.3223720655727,0.03167481008571604,0.03245557037136626,0.006156137935212032,0.03540722923927769,0.027544429628633793,0.02384386206478798
66.43383271676691,45.37799639879445,25.343480845858238,0.03167481005616718,0.03245556970672603,0.0061561361749989316,0.03540722926882656,0.027544430293274025,0.02384386382500108
66.43858203126824,45.381937857216876,25.36459956829259,0.03167481002509415,0.03245556908905206,0.006156134461067601,0.03540722929989959,0.027544430910947992,0.02384386553893241
66.44333152654515,45.385879496509794,25.38572823252859,0.03167480999466943,0.03245556851206216,0.006156132791084214,0.03540722933032431,0.027544431487937893,0.0238438672089158
66.44808120202597,45.38982131620229,25.40686683754345,0.03167480996334088,0.032455567954497666,0.006156131231029385,0.03540722936165286,0.027544432045502387,0.023843868768970627
66.45283105936919,45.3937633176595,25.42801538619754,0.031674809936884096,0.03245556746350786,0.006156129957698327,0.03540722938810964,0.02754443253649219,0.023843870042301686
66.45758109772055,45.39770550017758,25.44917387698293,0.03167480993461186,0.03245556696602009,0.006156130727329116,0.03540722939038188,0.027544433033979965,0.023843869272670896
66.46233131754389,45.401647864134404,25.47034231044771,0.03167480991832916,0.032455566490519505,0.00615613014310968,0.035407229406664575,0.027544433509480548,0.023843869856890333
66.46708171854263,45.40559040928828,25.49152068623519,0.031674809902261125,0.032455566041033,0.0061561293628004665,0.03540722942273261,0.02754443395896705,0.023843870637199546
66.4718323006899,45.40953313561732,25.512709004339616,0.03167480988863036,0.03245556562170049,0.0061561283963834715,0.035407229436363374,0.027544434378299565,0.02384387160361654
66.47658306395036,45.413476043092686,25.533907264884146,0.03167480995738098,0.03245556509844183,0.006156133783978099,0.03540722936761276,0.027544434901558223,0.023843866216021914
66.48133400976442,45.41741913288824,25.55511546967425,0.031674809973815665,0.032455564544241644,0.006156135718151316,0.03540722935117807,0.02754443545575841,0.023843864281848696
66.48608513737216,45.42136240438495,25.576333618129496,0.03167480999224492,0.0324555639913327,0.006156136127756014,0.03540722933274881,0.02754443600866735,0.023843863872244
66.4908364464386,45.425305857309965,25.59756171016708,0.031674809995465736,0.03245556345813977,0.006156135704436204,0.035407229329528,0.027544436541860284,0.02384386429556381
66.49558793677951,45.42924949151314,25.618799745899796,0.03167480998694233,0.03245556295598545,0.006156134765729432,0.035407229338051405,0.027544437044014602,0.02384386523427058
66.50033960827912,45.43319330690007,25.640047725499414,0.03167480998559219,0.03245556249241749,0.006156133470434921,0.03540722933940155,0.027544437507582564,0.02384386652956509
66.50509146085548,45.437137303403915,25.661305649350073,0.031674810065623504,0.03245556191471005,0.0061561394283402016,0.03540722925937023,0.02754443808529,0.02384386057165981
66.50984349614473,45.44108148235799,25.682573519877124,0.03167481005779543,0.03245556138293787,0.006156137777565775,0.035407229267198304,0.027544438617062184,0.023843862222434238
66.51459571244649,45.44502584237682,25.703851335830585,0.03167481005019279,0.03245556089578172,0.0061561361861980565,0.035407229274800944,0.027544439104218332,0.023843863813801956
66.51934810977559,45.448970383472364,25.725139097836426,0.0316748100517234,0.032455560434255404,0.00615613549753409,0.035407229273270335,0.02754443956574465,0.023843864502465922
66.52410068833505,45.452915105809936,25.746436806595938,0.03167481006068623,0.03245555998190164,0.006156135590275377,0.035407229264307505,0.027544440018098415,0.023843864409724636
66.52885344830388,45.456860009535376,25.767744462528015,0.03167481004968026,0.032455559574825765,0.006156133963992019,0.03540722927531348,0.027544440425174288,0.023843866036007993
66.53360638929857,45.460805094336095,25.78906206510855,0.031674810037093326,0.03245555921121879,0.0061561324262261186,0.03540722928790041,0.027544440788781266,0.023843867573773894
66.53835951131077,45.46475036020507,25.81038961391128,0.031674810024404865,0.032455558890416625,0.0061561309116536095,0.03540722930058887,0.02754444110958343,0.023843869088346403
66.54311281431158,45.46869580711862,25.831727107881978,0.03167481000975281,0.03245555861168242,0.0061561294486150095,0.03540722931524093,0.02754444138831763,0.023843870551385003
66.54786629831196,45.47264143508565,25.85307454517833,0.03167480999757527,0.03245555837372538,0.006156128087694279,0.035407229327418466,0.027544441626274674,0.023843871912305734
66.55261996332911,45.47658724412008,25.874431923004398,0.031674809985880514,0.03245555817679174,0.006156126747012339,0.03540722933911322,0.02754444182320831,0.023843873252987674
66.55737380935764,45.4805332342174,25.89579923760475,0.03167480997487376,0.03245555802108907,0.006156125440302786,0.03540722935011997,0.027544441978910983,0.023843874559697227
66.56212783639371,45.484479405374294,25.917176483412508,0.031674809965272,0.032455557905968824,0.006156124224904344,0.03540722935972174,0.02754444209403123,0.02384387577509567
66.56688204445486,45.488425757604986,25.938563653833143,0.03167480995880628,0.032455557827844206,0.006156123265669278,0.035407229366187454,0.027544442172155847,0.023843876734330735
66.57163643359559,45.49237229095377,25.959960752157162,0.031674809956662886,0.03245555778138737,0.006156122671131581,0.03540722936833085,0.027544442218612686,0.023843877328868432
66.57639100389493,45.49631900548498,25.98136778576517,0.031674809967568385,0.03245555775539727,0.006156123208072614,0.03540722935742535,0.027544442244602785,0.0238438767919274
66.58114575560455,45.50026590140361,26.00278475552049,0.03167481000139316,0.032455557714460403,0.00615612575935575,0.035407229323600575,0.02754444228553965,0.023843874240644262
66.58590068917752,45.50421297907885,26.024211662724078,0.031674809996442344,0.032455557729345885,0.006156124917599148,0.03540722932855139,0.027544442270654168,0.023843875082400864
66.59065580385001,45.508160237888205,26.04564850733642,0.031674809990790476,0.03245555778096393,0.006156124026558803,0.03540722933420326,0.027544442219036125,0.02384387597344121
66.59541109960728,45.51210767781958,26.067095289868117,0.031674809983648466,0.032455557828145576,0.006156123044106836,0.03540722934134527,0.027544442171854477,0.023843876955893177
66.6001665764302,45.51605529885735,26.088552010360452,0.03167480998796879,0.0324555578208775,0.006156123086134502,0.03540722933702495,0.027544442179122552,0.02384387691386551
66.60492223455503,45.52000310119424,26.11001866842418,0.03167481000177319,0.03245555774660769,0.006156124610392798,0.035407229323220546,0.027544442253392365,0.023843875389607215
66.60967807431769,45.52395108510409,26.131495263650105,0.03167481000892186,0.03245555706642128,0.006156125094703986,0.035407229316071875,0.027544442933578772,0.023843874905296027
66.61443409555002,45.52789925045148,26.152981795557015,0.03167481001481348,0.03245555679956602,0.006156125023289626,0.035407229310180255,0.027544443200434032,0.023843874976710387
66.61919029807014,45.53184759708709,26.174478263554143,0.03167481002583705,0.03245555714247761,0.006156125202586932,0.035407229299156684,0.027544442857522444,0.02384387479741308
66.62394668185502,45.53579612499061,26.19598466798964,0.03167481004485945,0.03245555737303962,0.006156126177604214,0.03540722928013429,0.02754444262696043,0.0238438738223958
66.6287032470926,45.539744834315414,26.217501011062247,0.03167481008032674,0.03245555749047646,0.006156128752053375,0.03540722924466699,0.027544442509523592,0.023843871247946638
66.63345999415284,45.543693725363305,26.23902729029473,0.031674810142896914,0.03245555706670361,0.00615613329523431,0.03540722918209682,0.027544442933296442,0.023843866704765702
66.63821692354279,45.54764279854888,26.26056350447555,0.03167481014152229,0.032455557004377134,0.006156132099751216,0.035407229183471445,0.02754444299562292,0.023843867900248797
66.6429740339379,45.55159205279185,26.2821096518546,0.03167481013207646,0.032455557363542276,0.00615613008059248,0.03540722919291728,0.027544442636457778,0.023843869919407533
66.64773132510625,45.55554148790212,26.303665732242195,0.03167481011663775,0.03245555803322475,0.006156127430709826,0.035407229208355984,0.0275444419667753,0.023843872569290187
66.65248879685383,45.55949110372079,26.325231745457888,0.03167481011796042,0.03245555853064325,0.006156126091909554,0.03540722920703332,0.027544441469356806,0.02384387390809046
66.65724644948916,45.56344090049969,26.34680769166408,0.031674810126581854,0.03245555874803435,0.006156125210697222,0.03540722919841188,0.0275444412519657,0.02384387478930279
66.6620042831503,45.567390878352064,26.368393570308427,0.03167481014025042,0.03245555895413199,0.006156124599780849,0.035407229184743316,0.027544441045868062,0.023843875400219164
66.66676229790158,45.57134103733037,26.389989381755246,0.03167481016550988,0.03245555914652687,0.006156124851384705,0.035407229159483855,0.027544440853473184,0.023843875148615308
66.67152049394153,45.57529137759641,26.411595126412724,0.03167481020820245,0.03245555926654814,0.006156126501639755,0.03540722911679128,0.027544440733451914,0.023843873498360257
66.6762788715969,45.57924189941663,26.433210804814912,0.031674810299005374,0.03245555919597615,0.006156132266358499,0.03540722902598836,0.027544440804023906,0.023843867733641513
66.68103743182175,45.58319260356903,26.45483641817153,0.03167481030699937,0.03245555912967929,0.006156130711651137,0.03540722901799437,0.027544440870320763,0.023843869288348876
66.68579617299403,45.587143488731755,26.47647196475971,0.03167481031587671,0.032455559064909045,0.006156129252613968,0.035407229009117025,0.027544440935091008,0.023843870747386045
66.690555095133,45.59109455492051,26.498117444642823,0.03167481032547537,0.03245556015038076,0.006156127873324105,0.03540722899951837,0.027544439849619295,0.023843872126675908
66.69531419812405,45.59504580203881,26.51977285750145,0.03167481033507813,0.03245556107283998,0.006156126553947462,0.03540722898991561,0.027544438927160075,0.02384387344605255
66.70007348200943,45.598997230121554,26.541438203661325,0.03167481040500575,0.03245556242060499,0.006156130628437541,0.03540722891998799,0.027544437579395065,0.023843869371562472
66.70483294795177,45.60294884011505,26.563113486756183,0.03167481041600617,0.032455566213560494,0.006156129666491025,0.035407228908987565,0.02754443378643956,0.023843870333508987
66.70959259453377,45.606900630857815,26.584798703548472,0.03167481042586695,0.03245557121809922,0.006156128780264357,0.035407228899126786,0.02754442878190083,0.023843871219735656
66.71435242163162,45.61085260224574,26.606493855281293,0.03167481043469328,0.03245557729076626,0.006156128012565959,0.03540722889030046,0.027544422709233796,0.023843871987434054
66.71911242914746,45.61480475419626,26.628198941827087,0.03167481044321546,0.032455584690517514,0.006156127455047698,0.035407228881778274,0.02754441530948254,0.023843872544952315
66.72387261697023,45.618757086615325,26.649913961604877,0.031674810453150404,0.03245559411148097,0.006156127277558272,0.03540722887184333,0.027544405888519086,0.02384387272244174
66.72863298493795,45.62270959936556,26.671638912406014,0.031674810454833724,0.03245559397521214,0.006156126637590027,0.03540722887016001,0.027544406024787915,0.023843873362409986
66.73339353416875,45.626662293383575,26.693373802364455,0.03167481045033005,0.03245559392156294,0.006156125907826118,0.03540722887466369,0.02754440607843711,0.023843874092173895
66.73815426457182,45.63061516859511,26.715118625456494,0.03167481044750986,0.03245559390863617,0.006156125516749045,0.035407228877483876,0.027544406091363882,0.023843874483250968
66.74291517620676,45.63456822504864,26.736873384048415,0.031674810450726565,0.03245559381208313,0.00615612579969603,0.03540722887426717,0.027544406187916926,0.023843874200303983
66.7476762692265,45.638521462868994,26.758638076935483,0.03167481052054005,0.03245559377575147,0.006156132032987337,0.03540722880445368,0.027544406224248585,0.023843867967012676
66.75243754494774,45.64247488312908,26.780412705292704,0.03167481050831822,0.032455593780333414,0.006156131153342549,0.03540722881667552,0.02754440621966664,0.023843868846657464
66.75719900177003,45.64642848452448,26.802197272784614,0.031674810496960915,0.032455593087923396,0.00615613041916209,0.03540722882803282,0.027544406912076658,0.023843869580837923
66.76196063980781,45.65038226715028,26.82399177479524,0.03167481048569093,0.032455592803454836,0.0061561297480151045,0.03540722883930281,0.027544407196545218,0.02384387025198491
66.76672245902223,45.65433623097373,26.845796210895458,0.03167481047834764,0.03245559280711913,0.0061561294598724906,0.0354072288466461,0.027544407192880926,0.023843870540127522
66.77148445946207,45.65829037603385,26.867610580993073,0.03167481046966347,0.03245559842357876,0.00615612908720526,0.035407228855330264,0.027544401576421296,0.023843870912794753
66.77624664041817,45.66224470173775,26.889434883210207,0.03167481046097537,0.03245559895453515,0.006156128751539237,0.03540722886401837,0.027544401045464906,0.023843871248460775
66.78100900248945,45.66619920858703,26.911269119392344,0.031674810455372016,0.032455598930115015,0.006156128572675883,0.03540722886962172,0.02754440106988504,0.02384387142732413
66.78577154577435,45.67015389666339,26.933113290023815,0.031674810457191616,0.03245559885711602,0.0061561288897999805,0.03540722886780212,0.027544401142884034,0.023843871110200032
66.79053427040026,45.67410876607083,26.95496739582338,0.03167481046779935,0.03245559875110193,0.006156129811459542,0.035407228857194384,0.02754440124889812,0.02384387018854047
66.79529717652187,45.678063816935556,26.97683143773019,0.031674810479961735,0.03245559862714775,0.006156130775384336,0.035407228845032,0.0275444013728523,0.023843869224615677
66.8000602641711,45.68201904928367,26.998705414209706,0.03167481048752696,0.03245559849723256,0.006156131296733897,0.035407228837466775,0.02754440150276749,0.023843868703266116
66.80482353327233,45.68597446305357,27.020589325172732,0.03167481048408849,0.03245559838151063,0.006156130927804093,0.03540722884090525,0.027544401618489422,0.02384386907219592
66.80958698363887,45.68993005809308,27.042483170706596,0.0316748104774921,0.0324555982836508,0.006156130446386396,0.03540722884750164,0.027544401716349254,0.023843869553613617
66.81435061515027,45.693885834303046,27.06438694765279,0.03167481046826903,0.032455598143510456,0.00615613002682603,0.035407228856724704,0.027544401856489598,0.023843869973173983
66.81911442792321,45.69784179178009,27.086300659452863,0.031674810460262826,0.03245560234041611,0.006156129631625949,0.03540722886473091,0.02754439765958394,0.023843870368374064
66.823878421318,45.701797929990306,27.108224305501682,0.03167481045328052,0.03245560230522737,0.006156129290244006,0.035407228871713214,0.027544397694772682,0.023843870709756007
66.82864259589797,45.70575424940403,27.13015788724329,0.03167481044358339,0.03245560231971634,0.006156128940656327,0.035407228881410346,0.027544397680283716,0.023843871059343685
66.83340695167554,45.709710750031505,27.152101404274344,0.031674810431699396,0.03245560248463747,0.006156128593912555,0.03540722889329434,0.027544397515362584,0.023843871406087458
66.83817148864247,45.7136674318657,27.174054856205377,0.03167481042277376,0.032455602701147446,0.006156128259847404,0.03540722890221998,0.027544397298852608,0.02384387174015261
66.8429362068015,45.717624294908774,27.196018242762754,0.03167481041351494,0.032455602965801966,0.00615612794412574,0.035407228911478794,0.027544397034198087,0.023843872055874273
66.84770110615293,45.72158133916087,27.217991563744455,0.031674810403930054,0.03245560301274386,0.006156127649221674,0.03540722892106368,0.027544396987256192,0.02384387235077834
66.85246618672811,45.72553856464815,27.23997481906122,0.031674810394017316,0.032455602922446314,0.006156127371238065,0.03540722893097642,0.02754439707755374,0.023843872628761947
66.85723144854876,45.729495971388744,27.261968008635716,0.031674810384181684,0.03245560946707832,0.006156127107441657,0.03540722894081205,0.027544390532921736,0.023843872892558356
66.86199689080178,45.73345355870227,27.283971130108238,0.03167481037625908,0.03245561445105516,0.006156126991559915,0.03540722894873466,0.027544385548944894,0.023843873008440097
66.86676251371216,45.73741132677631,27.305984181184893,0.031674810369828665,0.032455618444670375,0.006156126985527102,0.03540722895516507,0.027544381555329678,0.02384387301447291
66.87152831742594,45.74136927573251,27.32800718454447,0.031674810364592965,0.03245562204700264,0.006156127063947997,0.03540722896040077,0.027544377952997412,0.023843872936052016
66.8762943020094,45.7453274056259,27.35004013498986,0.03167481036038805,0.032455625920820186,0.006156127214181954,0.035407228964605686,0.027544374079179867,0.02384387278581806
66.88106046742688,45.749285716426435,27.372083028079338,0.03167481037969405,0.03245563133045554,0.006156127437299826,0.035407228945299685,0.027544368669544517,0.023843872562700187
66.8858268135013,45.753244207985595,27.394135859637174,0.031674810396614406,0.03245563564839743,0.006156127759318897,0.03540722892837933,0.027544364351602624,0.023843872240681116
66.89059334039453,45.75720288043834,27.4161986289387,0.03167481041149045,0.03245563923379996,0.00615612815167544,0.035407228913503286,0.027544360766200093,0.023843871848324573
66.89536004821593,45.761161733875824,27.43827133605619,0.03167481042460296,0.032455642503275206,0.006156128593805939,0.035407228900390775,0.027544357496724847,0.023843871406194074
66.90012693701784,45.765120768341575,27.460353981211107,0.031674810436230605,0.03245564715542576,0.006156129073979395,0.03540722888876313,0.027544352844574294,0.023843870926020617
66.90489400664019,45.769079983701445,27.48244656412725,0.03167481044695508,0.032455648437477724,0.006156129614772139,0.035407228878038655,0.02754435156252233,0.023843870385227874
66.90966125751223,45.773039380314366,27.504549084298553,0.031674810456232494,0.032455654045922655,0.006156130142046086,0.03540722886876124,0.0275443459540774,0.023843869857953927
66.9144286890994,45.77699895773303,27.526661539396247,0.031674810465238956,0.032455661176536865,0.006156130739532396,0.03540722885975478,0.027544338823463188,0.023843869260467616
66.91919630123046,45.7809587158138,27.548783931942285,0.03167481047456816,0.0324556690691441,0.006156131442563967,0.035407228850425576,0.027544330930855954,0.023843868557436046
66.92396409383541,45.7849186544976,27.57091624793551,0.031674810484571714,0.03245567741613464,0.006156132267385234,0.03540722884042202,0.02754432258386541,0.02384386773261478
66.92873206688563,45.788878773759876,27.59305849482887,0.031674810495484707,0.032455686066862055,0.006156133221919206,0.03540722882950903,0.027544313933137998,0.023843866778080806
66.9335002203728,45.79283907359303,27.615210674391893,0.031674810507481665,0.0324556949456693,0.006156134310252269,0.03540722881751207,0.027544305054330753,0.023843865689747744
66.9382685542988,45.79679955399796,27.6373727861362,0.0316748105206478,0.032455704030338595,0.006156135529804055,0.035407228804345936,0.02754429596966146,0.023843864470195958
66.94303706866768,45.800760214977444,27.659544828766712,0.03167481060980826,0.03245571320494767,0.006156143429997138,0.03540722871518548,0.027544286795052386,0.023843856570002875
66.94780576496396,45.80472105774133,27.681726802411305,0.03167481068321382,0.03245572254516915,0.006156149948922669,0.03540722864177992,0.0275442774548309,0.023843850051077344
66.95257464285862,45.808682082020994,27.703918705571947,0.031674810740580484,0.032455732155203754,0.006156155101443003,0.03540722858441325,0.0275442678447963,0.02384384489855701
66.95734370201286,45.81264328753953,27.726120537350127,0.03167481079358431,0.03245573029669402,0.006156159924623726,0.03540722853140943,0.027544269703306035,0.023843840075376287
66.96211294376553,45.81660467541903,27.748332301262447,0.03167481084127066,0.03245572837707228,0.006156164318475592,0.035407228483723074,0.027544271622927774,0.02384383568152442
66.96688236802964,45.82056624558878,27.77055399691908,0.03167481088358909,0.03245572640730959,0.006156168262562836,0.03540722844140465,0.02754427359269046,0.023843831737437177
66.97165197470328,45.824527997965696,27.792785623977124,0.03167481091837654,0.03245572440198735,0.006156171586858064,0.0354072284066172,0.027544275598012702,0.02384382841314195
66.97642176364889,45.82848993243773,27.815027182127565,0.031674810953380816,0.03245572236337807,0.006156174977347606,0.03540722837161292,0.027544277636621983,0.023843825022652407
66.9811917348859,45.832452049020795,27.83727867130361,0.03167481098982683,0.03245572029394955,0.006156178531709959,0.03540722833516691,0.0275442797060505,0.023843821468290054
66.98596188845528,45.836414347748395,27.859540091518074,0.03167481102477382,0.03245571820054316,0.006156181979429277,0.03540722830021992,0.027544281799456893,0.023843818020570735
66.99073222433668,45.840376828604015,27.881811442763045,0.03167481105654907,0.03245571609425635,0.006156185163998497,0.03540722826844467,0.027544283905743705,0.023843814836001516
66.99550274247332,45.84433949154139,27.90409272502918,0.031674811086868204,0.03245571398704833,0.006156188229296554,0.03540722823812553,0.027544286012951724,0.02384381177070346
67.00027344283914,45.848302336539305,27.92638393837382,0.03167481111558618,0.032455711886038796,0.006156191157995004,0.03540722820940756,0.027544288113961257,0.02384380884200501
67.0050443254034,45.8522653635727,27.948685082877148,0.031674811142545445,0.03245570972154643,0.006156193933505236,0.03540722818244829,0.02754429027845362,0.023843806066494777
67.00981539014015,45.85622857262057,27.970996159483605,0.03167481116757026,0.03245570735533948,0.0061561965387482015,0.035407228157423476,0.027544292644660573,0.02384380346125181
67.01458663703671,45.860191963673174,27.99331716891146,0.031674811210431586,0.03245570493267985,0.006156198955120276,0.03540722811456215,0.0275442950673202,0.023843801044879737
67.01935806605835,45.86415553670233,28.0156481115395,0.031674811289315596,0.03245570252914748,0.006156201168443232,0.03540722803567814,0.027544297470852575,0.02384379883155678
67.02412967715783,45.8681192916695,28.037988987234264,0.03167481136971689,0.03245570017644456,0.006156203167651378,0.03540722795527684,0.027544299823555496,0.023843796832348635
67.0289014702816,45.87208322853089,28.06033979569661,0.03167481143261486,0.032455697836503705,0.0061562049440190975,0.03540722789237888,0.027544302163496348,0.023843795055980915
67.03367344537622,45.87604734724292,28.082700536712462,0.0316748114717626,0.03245569508371332,0.006156206490010557,0.03540722785323114,0.027544304916286733,0.023843793509989455
67.0384456024404,45.88001164780566,28.105071211220597,0.03167481148954787,0.03245569099444451,0.006156207791546596,0.035407227835445865,0.027544309005555545,0.023843792208453417
67.04321794158426,45.883976130312476,28.127451819354864,0.03167481149742357,0.03245568835671758,0.006156208818337484,0.035407227827570165,0.02754431164328247,0.02384379118166253
67.0479904625679,45.8879407945639,28.14984236029766,0.03167481150126111,0.032455685729050665,0.006156209599150239,0.03540722782373262,0.027544314270949388,0.023843790400849774
67.05276316533524,45.891905640514224,28.172242833781443,0.031674811501565925,0.0324556819275692,0.006156210134781126,0.03540722782342781,0.02754431807243085,0.023843789865218887
67.05753604997636,45.89587066824001,28.194653239997844,0.03167481149835227,0.03245567915708142,0.006156210404309373,0.03540722782664146,0.027544320842918635,0.02384378959569064
67.06230911630612,45.89983587758759,28.217073578407955,0.03167481149263418,0.0324556756595244,0.006156210434284708,0.035407227832359556,0.027544324340475657,0.023843789565715305
67.06708236436094,45.90380126858859,28.239503849144114,0.03167481148459678,0.0324556731109501,0.006156210217072994,0.03540722784039696,0.027544326889049953,0.02384378978292702
67.07185579396915,45.90776684110054,28.261944051718604,0.03167481147461548,0.03245567374756464,0.0061562097808395555,0.03540722785037825,0.027544326252435414,0.023843790219160457
67.07662940468973,45.91173259475532,28.284394184775955,0.03167481146230344,0.03245567149683026,0.006156209198295341,0.035407227862690294,0.02754432850316979,0.02384379080170467
67.0814031968464,45.91569852982462,28.30685424953957,0.031674811447335194,0.0324556692565276,0.006156208421476128,0.03540722787765854,0.027544330743472456,0.023843791578523885
67.0861771703955,45.91966464627282,28.32932424622154,0.03167481142989581,0.032455667036111746,0.006156207462953388,0.035407227895097926,0.027544332963888307,0.023843792537046625
67.09095132529497,45.92363094406557,28.351804175127718,0.031674811410191184,0.03245566483889495,0.006156206336274825,0.03540722791480255,0.027544335161105105,0.023843793663725188
67.09572566150199,45.92759742316791,28.374294036850987,0.03167481138854672,0.03245566266941874,0.006156205054932348,0.03540722793644702,0.027544337330581314,0.023843794945067665
67.10050017897801,45.931564083548366,28.39679383220344,0.03167481136529121,0.03245566053262028,0.006156203624395291,0.035407227959702525,0.027544339467379775,0.02384379637560472
67.10527487769662,45.93553092518529,28.419304954784735,0.031674811340153375,0.032455658433625634,0.006156202061108486,0.03540722798484036,0.02754434156637442,0.023843797938891527
67.11004975762793,45.93949794805424,28.44182580092765,0.03167481131299338,0.032455656378779896,0.006156200377053951,0.03540722801200036,0.027544343621220158,0.02384379962294606
67.11482481870587,45.943465152100856,28.464356430824225,0.0316748112836589,0.03245565436951592,0.006156198577719242,0.03540722804133484,0.027544345630484135,0.02384380142228077
67.11960006089575,45.94743253729684,28.48689690880926,0.0316748112530012,0.032455652408874325,0.006156196659077087,0.035407228071992536,0.02754434759112573,0.023843803340922926
67.12437548419675,45.951400103641824,28.509447264178224,0.03167481122273469,0.032455652978084615,0.00615619460569633,0.03540722810225905,0.02754434702191544,0.023843805394303683
67.12915108827036,45.95536785085307,28.5320075136747,0.03167481119336352,0.03245565114715343,0.006156192433099776,0.03540722813163022,0.027544348852846623,0.023843807566900237
67.13392687335279,45.959335779129304,28.554577674806243,0.031674811164471295,0.032455649381609886,0.006156190152208474,0.03540722816052244,0.027544350618390168,0.02384380984779154
67.13870283941033,45.963303888442816,28.57715776130967,0.03167481113654913,0.032455647662766596,0.006156187807530918,0.035407228188444606,0.027544352337233458,0.023843812192469095
67.14347898642407,45.96727217877809,28.59974778244085,0.031674811105659395,0.03245564599240247,0.006156185459256065,0.03540722821933434,0.027544354007597582,0.023843814540743948
67.14825531438953,45.97124065013133,28.62234775299858,0.031674811071054465,0.032455644371681025,0.006156183263934599,0.03540722825393927,0.02754435562831903,0.023843816736065414
67.15303182333778,45.975209302527745,28.644957706927666,0.03167481103246517,0.032455642806017315,0.006156181011964759,0.03540722829252857,0.027544357193982738,0.023843818988035254
67.15780851325243,45.979178135953816,28.667577657667433,0.03167481099217073,0.03245564129929707,0.006156178763056568,0.035407228332823004,0.027544358700702987,0.023843821236943445
67.16258538412993,45.98314715040648,28.69020612708015,0.03167481095157726,0.03245563985452299,0.006156176552657225,0.03540722837341648,0.027544360145477065,0.023843823447342788
67.16736243597431,45.98711634588891,28.71284454867439,0.03167481091155244,0.03245563847418853,0.006156174404860437,0.035407228413441294,0.027544361525811523,0.023843825595139576
67.17213966879461,45.99108572240825,28.73549292185901,0.031674810872239,0.032455637161295625,0.00615617230238201,0.035407228452754735,0.027544362838704428,0.023843827697618003
67.17691708259512,45.99505527996785,28.758151246233545,0.03167481089757429,0.032455635810186734,0.0061561758325382465,0.035407228427419446,0.02754436418981332,0.023843824167461766
67.18169467864539,45.99902501960297,28.780819522840176,0.03167481091447061,0.03245563443794641,0.006156178571200724,0.03540722841052313,0.02754436556205364,0.02384382142879929
67.18647245677332,46.00299494117333,28.803497751282883,0.031674810923231045,0.0324556330623168,0.006156180544418334,0.03540722840176269,0.02754436693768325,0.02384381945558168
67.19125041681015,46.00696504454136,28.826185931202218,0.03167481092418073,0.03245563170134286,0.006156181783320509,0.03540722840081301,0.027544368298657196,0.023843818216679503
67.19602855859142,46.01093532957295,28.84888406204285,0.03167481091769919,0.03245563037253746,0.006156182325546912,0.035407228407294544,0.027544369627462595,0.0238438176744531
67.20080688195873,46.01490579613885,28.871592143227083,0.03167481090816293,0.03245562908536931,0.006156182560799202,0.035407228416830805,0.027544370914630745,0.02384381743920081
67.20558538684061,46.01887644418068,28.89431017425024,0.031674810898208616,0.03245562784267192,0.006156182730926267,0.03540722842678512,0.027544372157328134,0.023843817269073746
67.21036407321951,46.02284727368401,28.9170381545996,0.03167481088769791,0.03245562664173274,0.006156182836318455,0.035407228437295823,0.027544373358267316,0.023843817163681558
67.2151429410765,46.026818284633315,28.93977608356837,0.031674810876545334,0.03245562546519165,0.0061561828773640664,0.0354072284484484,0.027544374534808402,0.023843817122635946
67.21992199039457,46.030789477014665,28.962523960196982,0.03167481086464019,0.03245562427882992,0.0061561828533592405,0.035407228460353546,0.027544375721170133,0.023843817146640772
67.22470122115833,46.03476085081551,28.98528178475526,0.03167481084997503,0.03245562302464017,0.0061561827614338635,0.035407228475018704,0.027544376975359885,0.02384381723856615
67.22948063336058,46.03873240603019,29.008049557723925,0.031674810847207135,0.03245562161658305,0.006156182594419933,0.0354072284777866,0.027544378383417,0.02384381740558008
67.23426022698999,46.04270414264986,29.030827278464336,0.03167481084335916,0.032455619973532246,0.006156182337306797,0.03540722848163458,0.027544380026467807,0.023843817662693216
67.23904000205489,46.04667606068195,29.053614946419668,0.03167481083804524,0.032455618247566376,0.0061561819542977,0.035407228486948494,0.027544381752433678,0.023843818045702313
67.2438199585375,46.050648160112196,29.076413683270054,0.031674810830081945,0.032455616444949764,0.00615618134361668,0.03540722849491179,0.02754438355505029,0.023843818656383332
67.24860009639646,46.05462044090706,29.09922116200173,0.03167481082340845,0.03245561453007062,0.00615618085238466,0.035407228501585286,0.027544385469929433,0.023843819147615353
67.25338041567252,46.05859290310009,29.12203859147117,0.03167481081891793,0.032455612464145245,0.006156180560100137,0.035407228506075805,0.02754438753585481,0.023843819439899876
67.25816091642915,46.06256554674346,29.144865970154804,0.0316748108161467,0.03245561022247645,0.006156180427382897,0.03540722850884703,0.027544389777523604,0.023843819572617116
67.26294159872393,46.06653837188459,29.167703297126042,0.031674810814475984,0.032455607826595845,0.0061561804019120495,0.03540722851051775,0.02754439217340421,0.023843819598087963
67.2677224626001,46.070511378559175,29.190550571736342,0.03167481081334533,0.032455605397875564,0.006156180437020563,0.0354072285116484,0.02754439460212449,0.02384381956297945
67.27250350807552,46.07448456678183,29.213407793429653,0.03167481081243112,0.032455603152453105,0.0061561805072097575,0.035407228512562616,0.027544396847546948,0.023843819492790255
67.27728473513547,46.07845793654011,29.2362749616626,0.031674810811409604,0.032455601753626995,0.006156180588523345,0.03540722851358413,0.02754439824637306,0.023843819411476667
67.28206614367818,46.082431487748714,29.2591520757167,0.03167481081033069,0.032455600367993,0.0061561806635423225,0.03540722851466305,0.027544399632007055,0.02384381933645769
67.28684773370061,46.08640522040514,29.282039135218195,0.03167481080881146,0.03245559900372258,0.006156180697938385,0.035407228516182276,0.027544400996277474,0.023843819302061628
67.29162950519111,46.09037913449981,29.30493613982015,0.03167481080647039,0.032455597679748316,0.006156180657947201,0.03540722851852335,0.027544402320251737,0.023843819342052812
67.29641145812808,46.094353230015024,29.32784308919119,0.03167481080293516,0.03245559644898549,0.006156180510833206,0.035407228522058576,0.027544403551014562,0.023843819489166806
67.30119359247601,46.09832750692158,29.350759982997147,0.03167481079785428,0.032455595503560364,0.006156180225887958,0.035407228527139456,0.02754440449643969,0.023843819774112054
67.30597590816878,46.102301965164756,29.373686820847155,0.03167481079305262,0.03245559564202599,0.006156179964248602,0.035407228531941115,0.02754440435797406,0.02384382003575141
67.31075840507772,46.10627660463671,29.396623602120542,0.0316748107894137,0.03245560034991324,0.006156179805674358,0.03540722853558004,0.027544399650086815,0.023843820194325654
67.31554108266141,46.11025142488354,29.419570324973346,0.031674810787812535,0.03245559930691588,0.00615617983148363,0.0354072285371812,0.02754440069308417,0.023843820168516383
67.32032394167135,46.11422642653366,29.442526991654788,0.03167481078725587,0.03245560148561383,0.006156179922233593,0.03540722853773787,0.027544398514386226,0.02384382007776642
67.32510698172419,46.118201609265725,29.46549360090828,0.03167481078083084,0.03245561333110247,0.006156180135129724,0.035407228544162894,0.02754438666889758,0.02384381986487029
67.32989020165296,46.12217697210185,29.48847014900181,0.031674810784710516,0.03245562419012449,0.0061561806486870665,0.03540722854028322,0.027544375809875565,0.023843819351312946
67.3346736016461,46.12615251519838,29.511456636110577,0.03167481077283418,0.0324556341916008,0.006156181430039001,0.03540722855215955,0.02754436580839925,0.02384381856996101
67.33945718186888,46.13012823869241,29.534453062373625,0.031674810769542316,0.032455643337405415,0.006156182450118765,0.03540722855545142,0.027544356662594638,0.023843817549881248
67.34424094247989,46.13410414271555,29.557459427937772,0.03167481077460094,0.032455651639960725,0.006156183681062022,0.0354072285503928,0.027544348360039328,0.02384381631893799
67.34902488363004,46.138080227393175,29.580475732951935,0.03167481078657486,0.03245565912063919,0.006156185096342137,0.03540722853841888,0.027544340879360862,0.023843814903657876
67.3538090054617,46.142056492843594,29.603501977562793,0.03167481080138507,0.03245566580865977,0.006156186670875474,0.03540722852360867,0.02754433419134028,0.02384381332912454
67.35859330810811,46.146032939177616,29.62653816191042,0.031674810816658405,0.03245567174033043,0.006156188381092567,0.03540722850833533,0.027544328259669626,0.023843811618907446
67.36337779169281,46.15000956649803,29.649584286125183,0.03167481083306528,0.03245567695850249,0.0061561902049973374,0.035407228491928455,0.027544323041497565,0.023843809795002675
67.36816245632915,46.1539863748992,29.672640350324535,0.03167481085002283,0.03245568151217548,0.006156192122209296,0.03540722847497091,0.02754431848782457,0.023843807877790717
67.37294730211994,46.15796336446679,29.695706354610422,0.03167481086719737,0.03245568545615363,0.006156194113997107,0.03540722845779637,0.027544314543846427,0.023843805886002906
67.37773232915708,46.16194053527738,29.7187822990666,0.03167481088398777,0.03245568914886232,0.0061561961633025825,0.03540722844100597,0.027544310851137732,0.02384380383669743
67.38251753748438,46.165917887367385,29.741868183647615,0.03167481089953994,0.032455692615490306,0.006156198260431921,0.035407228425453796,0.027544307384509747,0.023843801739568092
67.38730292714038,46.169895420768874,29.764964008300453,0.03167481091364349,0.03245569586795438,0.00615620039639149,0.035407228411350244,0.02754430413204567,0.023843799603608523
67.3920884981602,46.173873135511016,29.788069772971184,0.03167481092619606,0.032455698919040044,0.006156202562579094,0.035407228398797674,0.02754430108096001,0.02384379743742092
67.39687425057541,46.17785103162015,29.81118547760314,0.03167481093689317,0.03245570178063517,0.0061562047507630335,0.035407228388100564,0.027544298219364882,0.02384379524923698
67.40166018441427,46.18182910911982,29.834311122137358,0.031674810945031495,0.03245570445505214,0.006156206953015421,0.03540722837996224,0.027544295544947917,0.023843793046984592
67.40644629970305,46.18580736803195,29.857448248799006,0.03167481094892205,0.032455706947746576,0.006156209161494411,0.03540722837607169,0.027544293052253477,0.023843790838505602
67.41123259646554,46.189785808376456,29.88059521544852,0.031674810945431786,0.032455709257732446,0.006156211368459806,0.03540722837956195,0.027544290742267608,0.023843788631540207
67.41601907472216,46.193764430170454,29.903752026495084,0.03167481097233016,0.032455711362456674,0.006156213566156095,0.03540722835266358,0.02754428863754338,0.023843786433843918
67.42080573449496,46.19774323343246,29.92691868624085,0.031674810998808256,0.032455713250238494,0.006156215746324405,0.03540722832618548,0.02754428674976156,0.023843784253675608
67.42559257580702,46.2017222181819,29.95009519887017,0.031674811024776095,0.0324557155407339,0.006156217900372032,0.03540722830021764,0.027544284459266155,0.02384378209962798
67.43037959860328,46.2057013843728,29.97328156821269,0.03167481105039066,0.032455718371617315,0.006156220031322199,0.035407228274603075,0.02754428162838274,0.023843779968677814
67.43516680281249,46.20968073194557,29.996477803650965,0.031674811075945164,0.03245571494093791,0.006156222144170227,0.03540722824904857,0.027544285059062146,0.023843777855829786
67.43995418920487,46.21366026154545,30.01968391199611,0.03167481104310382,0.0324557114418117,0.006156224114447051,0.03540722828188991,0.027544288558188357,0.023843775885552962
67.44474175775731,46.217639973153794,30.04289989647679,0.03167481104797659,0.032455707807061585,0.006156225939148698,0.035407228277017144,0.02754429219293847,0.023843774060851315
67.44952950845438,46.22161986675837,30.0661257602394,0.031674811057344376,0.03245570389260477,0.00615622761359038,0.03540722826764936,0.027544296107395283,0.023843772386409633
67.45431744129701,46.22559994236073,30.089361506375226,0.031674811064192177,0.032455700570688695,0.006156229127844123,0.03540722826080156,0.02754429942931136,0.02384377087215589
67.45910555617235,46.229580199867236,30.112607137543073,0.0316748110777616,0.0324556972441678,0.006156230488808229,0.035407228247232136,0.02754430275583225,0.023843769511191784
67.4638938530471,46.233560639250726,30.135862656519226,0.03167481108555048,0.03245569381777619,0.006156231692270364,0.035407228239443256,0.027544306182223866,0.02384376830772965
67.46868233189868,46.237541260493074,30.159128066008485,0.03167481108643788,0.03245569032463247,0.006156232731499137,0.035407228238555855,0.027544309675367584,0.023843767268500876
67.47347099269878,46.24152206357138,30.18240336621038,0.031674811090962596,0.03245569484877875,0.0061562335997176545,0.03540722823403114,0.027544305151221304,0.023843766400282358
67.47825983441759,46.24550304762384,30.205688559088273,0.03167481109730336,0.032455695102767745,0.006156234441551001,0.03540722822769038,0.027544304897232308,0.023843765558449012
67.4830488575773,46.24948421308806,30.228983648594497,0.03167481111100695,0.032455691651598506,0.006156235163684125,0.035407228213986786,0.027544308348401547,0.023843764836315888
67.48783806260968,46.25346556032624,30.25228863835442,0.031674811122277546,0.0324556881779795,0.0061562356860372786,0.03540722820271619,0.02754431182202055,0.023843764313962734
67.49262744947302,46.25744708930448,30.27560353052753,0.03167481113107867,0.03245568468168508,0.00615623599987556,0.035407228193915063,0.02754431531831497,0.023843764000124452
67.4974170181238,46.26142879998731,30.29892832717754,0.031674811137315295,0.03245568116400882,0.006156236095710005,0.03540722818767844,0.027544318835991233,0.023843763904290008
67.50220676851612,46.26541069233738,30.322263030273163,0.03167481114100612,0.03245567763078039,0.006156235963368874,0.035407228183987616,0.027544322369219665,0.02384376403663114
67.50699670060106,46.26939276631485,30.345607642336056,0.03167481114211934,0.03245567984372455,0.006156235592159803,0.035407228182874395,0.027544320156275504,0.02384376440784021
67.51178681361438,46.27337502128064,30.36896216345733,0.03167481114175258,0.032455679054677056,0.0061562350788665066,0.03540722818324116,0.027544320945322998,0.023843764921133506
67.51657710789559,46.27735745751991,30.39232659635044,0.031674811139151104,0.032455677077609935,0.0061562343516872245,0.03540722818584263,0.02754432292239012,0.02384376564831279
67.52136758354362,46.28134007511659,30.415700942973608,0.031674811133961533,0.03245567366385821,0.006156233375088596,0.0354072281910322,0.027544326336141844,0.023843766624911417
67.5261582406802,46.285322874173865,30.439085205297758,0.03167481112576942,0.032455672064219065,0.006156232109974895,0.035407228199224317,0.027544327935780988,0.023843767890025118
67.53094907901625,46.289305854451015,30.46247939064731,0.03167481111482623,0.032455668628638856,0.006156230579699912,0.03540722821016751,0.027544331371361197,0.0238437694203001
67.53574009871932,46.2932890160897,30.48588350180769,0.031674811100613987,0.032455665194493055,0.006156228739025035,0.03540722822437975,0.027544334805506998,0.023843771260974977
67.54053129971891,46.29727235903242,30.509297538755774,0.03167481108301157,0.032455661823377,0.006156226580143025,0.03540722824198217,0.02754433817662305,0.023843773419856988
67.54532268193596,46.30125588321451,30.532721501589286,0.03167481106197173,0.03245565857656485,0.006156224098886963,0.035407228263022006,0.027544341423435204,0.02384377590111305
67.55011424528226,46.30523958856367,30.55615539048562,0.03167481103751002,0.03245565623733243,0.0061562212956562945,0.035407228287483716,0.027544343762667622,0.02384377870434372
67.55490598957279,46.30922347492652,30.579599205407824,0.031674811009856585,0.032455656757065965,0.006156218190082358,0.03540722831513715,0.02754434324293409,0.023843781809917655
67.55969791438575,46.31320754195116,30.603052945657048,0.03167481097965569,0.03245566080788509,0.0061562148436676845,0.03540722834533805,0.027544339192114964,0.02384378515633233
67.56449001922968,46.31719178922705,30.626516610336203,0.03167481094771191,0.03245565783560056,0.006156211335929765,0.03540722837728183,0.027544342164399493,0.023843788664070248
67.56928230493754,46.321176217452845,30.649990202493065,0.03167481091383412,0.0324556550168878,0.0061562076426071935,0.03540722841115962,0.027544344983112257,0.02384379235739282
67.57407477144884,46.32516082657875,30.67347372253514,0.03167481087942131,0.03245565187086663,0.006156203889695296,0.035407228445572425,0.027544348129133422,0.023843796110304717
67.57886741879082,46.32914561662793,30.696967171087167,0.03167481084450874,0.03245565177865667,0.006156200085780952,0.035407228480485,0.027544348221343384,0.02384379991421906
67.5836602465742,46.33313058727444,30.720470547527277,0.03167481080989221,0.03245565927135957,0.006156196302041103,0.03540722851510153,0.027544340728640482,0.02384380369795891
67.58845325386436,46.33711573773515,30.743983849569656,0.03167481077728734,0.03245565676305917,0.00615619269094235,0.03540722854770639,0.027544343236940882,0.023843807309057663
67.59324644193808,46.34110106907892,30.767507081471507,0.03167481075171619,0.03245565418183416,0.00615618969664198,0.03540722857327755,0.027544345818165894,0.023843810303358033
67.5980398109433,46.34508658142661,30.791040243920243,0.03167481073561956,0.03245565297183772,0.006156187535180407,0.03540722858937417,0.02754434702816233,0.023843812464819605
67.60283336089763,46.34907227478885,30.814583337111536,0.03167481072761952,0.03245565087902369,0.006156186088691493,0.03540722859737422,0.027544349120976364,0.02384381391130852
67.6076270920714,46.353058149388566,30.83813636203326,0.03167481072482825,0.03245564862802092,0.006156185106814753,0.035407228600165486,0.027544351371979137,0.02384381489318526
67.61242100458911,46.35704420532778,30.861699319327663,0.03167481072407269,0.032455646404870586,0.006156184314367319,0.03540722860092105,0.027544353595129467,0.023843815685632694
67.6172150984905,46.36103044263882,30.88527220948782,0.03167481072214057,0.03245564421655217,0.006156183432700545,0.03540722860285317,0.027544355783447882,0.023843816567299468
67.62200937375175,46.365016861302166,30.908855032900487,0.03167481071599987,0.03245564206900681,0.00615618219855877,0.03540722860899387,0.027544357930993246,0.023843817801441243
67.62680383028773,46.36900346124824,30.932447789868576,0.03167481070316125,0.03245563997229567,0.006156180389547697,0.03540722862183249,0.027544360027704384,0.023843819610452316
67.63159846796206,46.37299024236568,30.956050480622217,0.03167481068209127,0.032455637939045046,0.006156177866684737,0.035407228642902466,0.027544362060955008,0.023843822133315276
67.63639328660666,46.37697720451716,30.97966310533849,0.03167481065294092,0.03245563598160367,0.00615617464399288,0.035407228672052815,0.027544364018396383,0.023843825356007133
67.64118828605494,46.380964347566604,31.00328566417887,0.031674810618298965,0.03245563410820235,0.0061561709432778194,0.03540722870669477,0.027544365891797706,0.023843829056722193
67.6459834661891,46.38495167141766,31.026918157340127,0.03167481057756094,0.03245563232843435,0.006156166692733354,0.035407228747432795,0.027544367671565706,0.02384383330726666
67.65077882687403,46.38893917595985,31.05056058498107,0.03167481053686283,0.03245563064256357,0.006156162395850616,0.03540722878813091,0.027544369357436482,0.023843837604149397
67.65557436808761,46.39292686117487,31.074212947372118,0.031674810496003125,0.03245562905169447,0.006156158008172777,0.03540722882899061,0.027544370948305585,0.023843841991827236
67.6603700897976,46.39691472703613,31.097875244755258,0.03167481045537385,0.03245562755788167,0.006156153479404021,0.03540722886961989,0.02754437244211838,0.023843846520595992
67.66516599196014,46.400902773507624,31.121547477342403,0.03167481040770875,0.03245562616420161,0.006156148755277535,0.03540722891728498,0.02754437383579844,0.023843851244722478
67.66996207451886,46.40489100054307,31.145229645314842,0.03167481038092279,0.03245562483305475,0.006156146038331214,0.035407228944070945,0.0275443751669453,0.0238438539616688
67.67475833791659,46.40887940850352,31.168921749425188,0.03167481036104258,0.032455623562158975,0.0061561434236319795,0.035407228963951154,0.027544376437841078,0.023843856576368033
67.67955478216876,46.412867997401456,31.192623789909852,0.03167481034203362,0.032455622349299384,0.006156140908603211,0.035407228982960115,0.02754437765070067,0.023843859091396802
67.68435140729059,46.416856767249094,31.21633576750257,0.03167481032724656,0.0324556211922894,0.0061561384933813,0.035407228997747175,0.027544378807710657,0.023843861506618713
67.68914821329756,46.42084571805891,31.24005768059029,0.031674810318011504,0.032455620089113124,0.0061561361703399015,0.03540722900698223,0.02754437991088693,0.02384386382966011
67.69394520020364,46.42483484984217,31.263789530064223,0.03167481031485764,0.03245561903769145,0.0061561339446533775,0.0354072290101361,0.0275443809623086,0.023843866055346635
67.69874236802431,46.42882416261135,31.287531316378747,0.031674810316195845,0.03245561803449415,0.0061561318973984355,0.03540722900879789,0.027544381965505904,0.023843868102601577
67.70353971679371,46.43281365639416,31.31128303975018,0.0316748103411566,0.03245561702621108,0.006156132745302627,0.035407228983837136,0.027544382973788972,0.023843867254697386
67.70833724716319,46.43680333172203,31.335044701045128,0.03167481034520658,0.03245561602649771,0.006156132840062084,0.03540722897978715,0.02754438397350234,0.02384386715993793
67.7131349589624,46.44079318845597,31.358816300195606,0.03167481032176128,0.03245561503496297,0.006156132950625025,0.035407229003232454,0.027544384965037083,0.023843867049374988
67.71793285219398,46.4447832265981,31.382597837288024,0.031674810324571756,0.03245561405428515,0.006156132910865662,0.03540722900042198,0.0275443859457149,0.02384386708913435
67.722730926823,46.44877344611987,31.40638930733278,0.03167481033322178,0.0324556130867098,0.006156132744983098,0.035407228991771955,0.027544386913290253,0.023843867255016915
67.7275291828191,46.452763846996504,31.43019070181873,0.0316748103202622,0.032455612134113854,0.006156132472508055,0.03540722900473153,0.0275443878658862,0.023843867527491958
67.732327620156,46.45675442920652,31.454002021227872,0.03167481032029207,0.032455611198058676,0.006156132111123772,0.03540722900470167,0.027544388801941377,0.02384386788887624
67.73712623881178,46.46074519273196,31.477823266043238,0.031674810319515245,0.03245561027987465,0.006156131675333604,0.03540722900547849,0.027544389720125406,0.02384386832466641
67.74192503876753,46.46473613755737,31.501654436743955,0.03167481031327385,0.03245560938068781,0.006156131176948389,0.03540722901171989,0.027544390619312242,0.023843868823051624
67.74672402000692,46.46872726366935,31.52549553381224,0.031674810296482,0.032455608501443856,0.0061561306264600185,0.03540722902851173,0.027544391498556198,0.023843869373539994
67.7515231825158,46.47271857105631,31.549346557574808,0.031674810245898466,0.03245560764292643,0.006156130033316706,0.03540722907909527,0.02754439235707362,0.023843869966683306
67.75632252628202,46.47671005970829,31.57320750831022,0.03167481025053903,0.03245560680581011,0.006156129406086085,0.035407229074454705,0.027544393194189942,0.023843870593913928
67.76112205129532,46.48070172961686,31.597078385542417,0.03167481025458657,0.032455605990623304,0.0061561287525738265,0.035407229070407165,0.02754439400937675,0.023843871247426186
67.76592175754712,46.48469358077496,31.62095919213825,0.031674810258420505,0.03245560519776319,0.006156128079920525,0.03540722906657323,0.02754439480223686,0.023843871920079487
67.77072164503036,46.488685613176756,31.644849928524863,0.03167481026230373,0.032455604427521656,0.00615612739467708,0.035407229062690004,0.027544395572478397,0.023843872605322933
67.77552171373944,46.492677826817626,31.66875059492603,0.031674810266215325,0.03245560368009959,0.006156126702657291,0.03540722905877841,0.027544396319900466,0.02384387329734272
67.78032196367003,46.49667022169396,31.692661192061834,0.03167481027003677,0.03245560295703015,0.006156126008803227,0.03540722905495697,0.027544397042969904,0.023843873991196786
67.78512239481873,46.50066279780294,31.716581720238864,0.03167481027388752,0.032455602260855476,0.006156125318423439,0.035407229051106215,0.027544397739144577,0.023843874681576574
67.78992300718298,46.504655555142385,31.740512179847663,0.031674810277740884,0.0324556015913639,0.006156124636514576,0.03540722904725285,0.02754439840863615,0.023843875363485437
67.7947238007614,46.50864849371111,31.764452571263327,0.031674810281646926,0.03245560094826638,0.0061561239677588725,0.03540722904334681,0.02754439905173367,0.02384387603224114
67.79952477555372,46.512641613508805,31.788402894844594,0.031674810285661215,0.032455600331201095,0.006156123316570977,0.03540722903933252,0.027544399668798958,0.023843876683429036
67.80432593156063,46.51663491453597,31.81236315094069,0.03167481028983915,0.03245559973973905,0.00615612268714158,0.035407229035154586,0.027544400260261004,0.023843877312858433
67.8091272687839,46.52062839679397,31.83633333988977,0.0316748102942348,0.03245559917338714,0.006156122083483956,0.035407229030758935,0.027544400826612914,0.023843877916516057
67.81392878722619,46.524622060284926,31.86031346201718,0.03167481029889718,0.03245559863159164,0.006156121509478231,0.035407229026096554,0.02754440136840841,0.023843878490521782
67.81873048689116,46.52861590501173,31.884303520910997,0.03167481030387187,0.032455598113739825,0.006156120968915359,0.03540722902112187,0.027544401886260228,0.023843879031084654
67.82353236778336,46.532609930978055,31.90830351361791,0.031674810309207324,0.03245559761916156,0.0061561204655423,0.03540722901578641,0.027544402380838495,0.023843879534457713
67.8283344299083,46.53660413818831,31.932313440425574,0.03167481031495173,0.03245559714712992,0.006156120003108043,0.03540722901004201,0.02754440285287013,0.02384387999689197
67.83313667327238,46.54059852664767,31.956333301610307,0.0316748103211541,0.03245559669686071,0.00615611958540857,0.035407229003839635,0.027544403303139342,0.023843880414591442
67.83793909788298,46.5445930963621,31.980363097436644,0.031674810271110854,0.03245559626751093,0.006156119216334625,0.03540722905388288,0.02754440373248912,0.023843880783665387
67.84274170374846,46.548587847338354,32.004402828158064,0.0316748102300215,0.03245559585684443,0.006156118973788767,0.03540722909497224,0.02754440414315562,0.023843881026211246
67.847544490895,46.55258277959773,32.0284524940369,0.03167481024273172,0.032455595448564356,0.006156119638514659,0.035407229082262015,0.027544404551435697,0.023843880361485353
67.85234745952633,46.55657789330648,32.05251209552932,0.031674810247729834,0.032455595081666566,0.006156118147241686,0.0354072290772639,0.027544404918333487,0.023843881852758327
67.8571506091526,46.560573188064794,32.07658163228348,0.03167481025089153,0.032455594746124694,0.0061561172122439195,0.03540722907410221,0.02754440525387536,0.023843882787756093
67.86195393989497,46.564568663971414,32.100661104635286,0.03167481032264835,0.032455594332204296,0.00615612237731597,0.035407229002345386,0.027544405667795757,0.023843877622684043
67.86675745313495,46.568564322153875,32.12475051437481,0.031674810392508246,0.032455593843616626,0.0061561273579854164,0.03540722893248549,0.027544406156383427,0.023843872642014596
67.87156114884068,46.57256016258641,32.148849861661496,0.031674810444227264,0.0324555933069437,0.006156130881934514,0.03540722888076647,0.027544406693056356,0.0238438691180655
67.87636502669096,46.57655618500706,32.17295914630873,0.03167481039742431,0.03245559282376387,0.006156128769276174,0.03540722892756942,0.027544407176236185,0.02384387123072384
67.88116908541174,46.58055238837602,32.19707836697855,0.03167481039580544,0.03245559239121493,0.006156126816267787,0.035407228929188295,0.027544407608785126,0.023843873183732225
67.88597332503257,46.58454877271726,32.22120752384395,0.031674810391299324,0.032455592006901124,0.006156124999718841,0.03540722893369441,0.02754440799309893,0.02384387500028117
67.89077774557805,46.58854533805075,32.24534661706796,0.03167481038354841,0.03245559166878759,0.006156123300464167,0.03540722894144532,0.027544408331212467,0.023843876699535846
67.89558234706875,46.59254208439312,32.26949564679968,0.03167481038627451,0.03245559137512072,0.006156121703590645,0.035407228938719226,0.027544408624879335,0.023843878296409368
67.90038712952209,46.59653901175848,32.2936546131795,0.03167481039871872,0.032455591124366134,0.006156120197669306,0.035407228926275014,0.02754440887563392,0.023843879802330707
67.90519209295314,46.60053612015898,32.317823515871304,0.03167481039395792,0.032455590915159094,0.006156118773903568,0.03540722893103582,0.02754440908484096,0.023843881226096444
67.90999723737517,46.60453340960535,32.342002356720556,0.031674810389726804,0.03245559074626869,0.006156117425429243,0.03540722893526693,0.02754440925373136,0.02384388257457077
67.91480256279998,46.60853088010711,32.366191133688595,0.03167481038531439,0.03245559061657083,0.006156116146792019,0.03540722893967935,0.027544409383429225,0.023843883853207994
67.91960806923841,46.612528531672986,32.39038984712525,0.031674810381606855,0.03245559052502828,0.00615611493357502,0.03540722894338688,0.027544409474971776,0.023843885066424993
67.92441375670035,46.61652636431095,32.41459849726201,0.03167481036777142,0.032455590470674645,0.0061561137821313575,0.035407228957222314,0.02754440952932541,0.023843886217868655
67.92921962519502,46.620524378028406,32.43881708434103,0.03167481033815006,0.032455590452601546,0.006156112689393464,0.035407228986843675,0.027544409547398507,0.02384388731060655
67.93402567473103,46.62452257283229,32.46304560859529,0.03167481030632724,0.03245559046994656,0.006156111652734053,0.0354072290186665,0.027544409530053493,0.02384388834726596
67.93883190531642,46.62852094872906,32.48728407015017,0.03167481028831959,0.0324555905218768,0.0061561106698681325,0.03540722903667415,0.027544409478123255,0.02384388933013188
67.94363831695892,46.63251950572493,32.51153246909867,0.03167481028931479,0.03245559060759673,0.006156109738775027,0.035407229035678944,0.027544409392403324,0.023843890261224986
67.94844490966594,46.63651824382585,32.535790805533345,0.03167481029118613,0.03245559072633092,0.0061561088576426864,0.03540722903380761,0.027544409273669135,0.023843891142357326
67.95325168344453,46.64051716303747,32.560059079720254,0.03167481029588293,0.03245559087731298,0.00615610802482703,0.03540722902911081,0.027544409122687075,0.023843891975172983
67.95805863830155,46.64451626336531,32.58433729171581,0.03167481029955865,0.03245559106118512,0.006156107238818695,0.03540722902543508,0.027544408938814935,0.023843892761181318
67.96286577424335,46.64851554481446,32.60862544149906,0.03167481030231423,0.032455591276887685,0.006156106498242539,0.03540722902267951,0.027544408723112368,0.023843893501757474
